0 0.43593750649597496 0.21979167812969536 0.23437500349245965 0.15468750230502337
0 0.2578125038417056 0.5625000293366611 0.1531250022817403 0.14687500218860805
0 0.8804687631200068 0.6291666994802654 0.14531250216532499 0.1968750029336661
1 0.3929687558556907 0.7250000378116965 0.19531250291038305 0.18750000279396772
0 0.43593750649597496 0.21979167812969536 0.23437500349245965 0.15468750230502337
0 0.2578125038417056 0.5625000293366611 0.1531250022817403 0.14687500218860805
0 0.8804687631200068 0.6291666994802654 0.14531250216532499 0.1968750029336661
1 0.3929687558556907 0.7250000378116965 0.19531250291038305 0.18750000279396772
0 0.43593750649597496 0.21979167812969536 0.23437500349245965 0.15468750230502337
0 0.2578125038417056 0.5625000293366611 0.1531250022817403 0.14687500218860805
0 0.8804687631200068 0.6291666994802654 0.14531250216532499 0.1968750029336661
1 0.3929687558556907 0.7250000378116965 0.19531250291038305 0.18750000279396772
0 0.43593750649597496 0.21979167812969536 0.23437500349245965 0.15468750230502337
0 0.2578125038417056 0.5625000293366611 0.1531250022817403 0.14687500218860805
0 0.8804687631200068 0.6291666994802654 0.14531250216532499 0.1968750029336661
1 0.3929687558556907 0.7250000378116965 0.19531250291038305 0.18750000279396772
0 0.43593750649597496 0.21979167812969536 0.23437500349245965 0.15468750230502337
0 0.2578125038417056 0.5625000293366611 0.1531250022817403 0.14687500218860805
0 0.8804687631200068 0.6291666994802654 0.14531250216532499 0.1968750029336661
1 0.3929687558556907 0.7250000378116965 0.19531250291038305 0.18750000279396772
0 0.43593750649597496 0.21979167812969536 0.23437500349245965 0.15468750230502337
0 0.2578125038417056 0.5625000293366611 0.1531250022817403 0.14687500218860805
0 0.8804687631200068 0.6291666994802654 0.14531250216532499 0.1968750029336661
1 0.3929687558556907 0.7250000378116965 0.19531250291038305 0.18750000279396772
0 0.43593750649597496 0.21979167812969536 0.23437500349245965 0.15468750230502337
0 0.2578125038417056 0.5625000293366611 0.1531250022817403 0.14687500218860805
0 0.8804687631200068 0.6291666994802654 0.14531250216532499 0.1968750029336661
1 0.3929687558556907 0.7250000378116965 0.19531250291038305 0.18750000279396772
0 0.43593750649597496 0.21979167812969536 0.23437500349245965 0.15468750230502337
0 0.2578125038417056 0.5625000293366611 0.1531250022817403 0.14687500218860805
0 0.8804687631200068 0.6291666994802654 0.14531250216532499 0.1968750029336661
1 0.3929687558556907 0.7250000378116965 0.19531250291038305 0.18750000279396772
0 0.43593750649597496 0.21979167812969536 0.23437500349245965 0.15468750230502337
0 0.2578125038417056 0.5625000293366611 0.1531250022817403 0.14687500218860805
0 0.8804687631200068 0.6291666994802654 0.14531250216532499 0.1968750029336661
1 0.3929687558556907 0.7250000378116965 0.19531250291038305 0.18750000279396772
0 0.43593750649597496 0.21979167812969536 0.23437500349245965 0.15468750230502337
0 0.2578125038417056 0.5625000293366611 0.1531250022817403 0.14687500218860805
0 0.8804687631200068 0.6291666994802654 0.14531250216532499 0.1968750029336661
1 0.3929687558556907 0.7250000378116965 0.19531250291038305 0.18750000279396772
0 0.43593750649597496 0.21979167812969536 0.23437500349245965 0.15468750230502337
0 0.2578125038417056 0.5625000293366611 0.1531250022817403 0.14687500218860805
0 0.8804687631200068 0.6291666994802654 0.14531250216532499 0.1968750029336661
1 0.3929687558556907 0.7250000378116965 0.19531250291038305 0.18750000279396772
0 0.43593750649597496 0.21979167812969536 0.23437500349245965 0.15468750230502337
0 0.2578125038417056 0.5625000293366611 0.1531250022817403 0.14687500218860805
0 0.8804687631200068 0.6291666994802654 0.14531250216532499 0.1968750029336661
1 0.3929687558556907 0.7250000378116965 0.19531250291038305 0.18750000279396772
0 0.43593750649597496 0.21979167812969536 0.23437500349245965 0.15468750230502337
0 0.2578125038417056 0.5625000293366611 0.1531250022817403 0.14687500218860805
0 0.8804687631200068 0.6291666994802654 0.14531250216532499 0.1968750029336661
1 0.3929687558556907 0.7250000378116965 0.19531250291038305 0.18750000279396772
0 0.43593750649597496 0.21979167812969536 0.23437500349245965 0.15468750230502337
0 0.2578125038417056 0.5625000293366611 0.1531250022817403 0.14687500218860805
0 0.8804687631200068 0.6291666994802654 0.14531250216532499 0.1968750029336661
1 0.3929687558556907 0.7250000378116965 0.19531250291038305 0.18750000279396772
0 0.43593750649597496 0.21979167812969536 0.23437500349245965 0.15468750230502337
0 0.2578125038417056 0.5625000293366611 0.1531250022817403 0.14687500218860805
0 0.8804687631200068 0.6291666994802654 0.14531250216532499 0.1968750029336661
1 0.3929687558556907 0.7250000378116965 0.19531250291038305 0.18750000279396772
0 0.4359374940395355 0.21979168057441711 0.234375 0.15468750894069672
0 0.2578125 0.5625 0.15312500298023224 0.14687500894069672
0 0.8804687857627869 0.6291667222976685 0.14531250298023224 0.19687500596046448
1 0.3929687440395355 0.7250000238418579 0.1953125 0.1875
0 0.4359374940395355 0.21979168057441711 0.234375 0.15468750894069672
0 0.2578125 0.5625 0.15312500298023224 0.14687500894069672
0 0.8804687857627869 0.6291667222976685 0.14531250298023224 0.19687500596046448
1 0.3929687440395355 0.7250000238418579 0.1953125 0.1875
0 0.4359374940395355 0.21979168057441711 0.234375 0.15468750894069672
0 0.2578125 0.5625 0.15312500298023224 0.14687500894069672
0 0.8804687857627869 0.6291667222976685 0.14531250298023224 0.19687500596046448
1 0.3929687440395355 0.7250000238418579 0.1953125 0.1875
0 0.4359374940395355 0.21979168057441711 0.234375 0.15468750894069672
0 0.2578125 0.5625 0.15312500298023224 0.14687500894069672
0 0.8804687857627869 0.6291667222976685 0.14531250298023224 0.19687500596046448
1 0.3929687440395355 0.7250000238418579 0.1953125 0.1875
0 0.4359374940395355 0.21979168057441711 0.234375 0.15468750894069672
0 0.2578125 0.5625 0.15312500298023224 0.14687500894069672
0 0.8804687857627869 0.6291667222976685 0.14531250298023224 0.19687500596046448
1 0.3929687440395355 0.7250000238418579 0.1953125 0.1875
0 0.4359374940395355 0.21979168057441711 0.234375 0.15468750894069672
0 0.2578125 0.5625 0.15312500298023224 0.14687500894069672
0 0.8804687857627869 0.6291667222976685 0.14531250298023224 0.19687500596046448
1 0.3929687440395355 0.7250000238418579 0.1953125 0.1875
0 0.4359374940395355 0.21979168057441711 0.234375 0.15468750894069672
0 0.2578125 0.5625 0.15312500298023224 0.14687500894069672
0 0.8804687857627869 0.6291667222976685 0.14531250298023224 0.19687500596046448
1 0.3929687440395355 0.7250000238418579 0.1953125 0.1875
