0 0.24687500367872417 0.4197916885605082 0.14687500218860805 0.16406250244472176
0 0.8414062625379302 0.2770833477843553 0.17031250253785402 0.16562500246800482
0 0.6554687597672455 0.33750001760199666 0.17031250253785402 0.16562500246800482
0 0.741406261047814 0.7489583723945543 0.1671875024912879 0.18281250272411853
0 0.46718750696163625 0.7625000397674739 0.1531250022817403 0.16562500246800482
0 0.3234375048195943 0.7708333735354245 0.1531250022817403 0.16562500246800482
0 0.5820312586729415 0.19270834338385612 0.16093750239815563 0.1671875024912879
0 0.13281250197906047 0.24270834599155933 0.1750000026077032 0.16406250244472176
0 0.6031250089872628 0.6260416993172839 0.1968750029336661 0.16406250244472176
0 0.8796875131083652 0.8770833790767938 0.1531250022817403 0.16562500246800482
1 0.3718750055413693 0.12291667307727039 0.2062500030733645 0.18125000270083547
0 0.24687500367872417 0.4197916885605082 0.14687500218860805 0.16406250244472176
0 0.8414062625379302 0.2770833477843553 0.17031250253785402 0.16562500246800482
0 0.6554687597672455 0.33750001760199666 0.17031250253785402 0.16562500246800482
0 0.741406261047814 0.7489583723945543 0.1671875024912879 0.18281250272411853
0 0.46718750696163625 0.7625000397674739 0.1531250022817403 0.16562500246800482
0 0.3234375048195943 0.7708333735354245 0.1531250022817403 0.16562500246800482
0 0.5820312586729415 0.19270834338385612 0.16093750239815563 0.1671875024912879
0 0.13281250197906047 0.24270834599155933 0.1750000026077032 0.16406250244472176
0 0.6031250089872628 0.6260416993172839 0.1968750029336661 0.16406250244472176
0 0.8796875131083652 0.8770833790767938 0.1531250022817403 0.16562500246800482
1 0.3718750055413693 0.12291667307727039 0.2062500030733645 0.18125000270083547
0 0.24687500367872417 0.4197916885605082 0.14687500218860805 0.16406250244472176
0 0.8414062625379302 0.2770833477843553 0.17031250253785402 0.16562500246800482
0 0.6554687597672455 0.33750001760199666 0.17031250253785402 0.16562500246800482
0 0.741406261047814 0.7489583723945543 0.1671875024912879 0.18281250272411853
0 0.46718750696163625 0.7625000397674739 0.1531250022817403 0.16562500246800482
0 0.3234375048195943 0.7708333735354245 0.1531250022817403 0.16562500246800482
0 0.5820312586729415 0.19270834338385612 0.16093750239815563 0.1671875024912879
0 0.13281250197906047 0.24270834599155933 0.1750000026077032 0.16406250244472176
0 0.6031250089872628 0.6260416993172839 0.1968750029336661 0.16406250244472176
0 0.8796875131083652 0.8770833790767938 0.1531250022817403 0.16562500246800482
1 0.3718750055413693 0.12291667307727039 0.2062500030733645 0.18125000270083547
0 0.24687500367872417 0.4197916885605082 0.14687500218860805 0.16406250244472176
0 0.8414062625379302 0.2770833477843553 0.17031250253785402 0.16562500246800482
0 0.6554687597672455 0.33750001760199666 0.17031250253785402 0.16562500246800482
0 0.741406261047814 0.7489583723945543 0.1671875024912879 0.18281250272411853
0 0.46718750696163625 0.7625000397674739 0.1531250022817403 0.16562500246800482
0 0.3234375048195943 0.7708333735354245 0.1531250022817403 0.16562500246800482
0 0.5820312586729415 0.19270834338385612 0.16093750239815563 0.1671875024912879
0 0.13281250197906047 0.24270834599155933 0.1750000026077032 0.16406250244472176
0 0.6031250089872628 0.6260416993172839 0.1968750029336661 0.16406250244472176
0 0.8796875131083652 0.8770833790767938 0.1531250022817403 0.16562500246800482
1 0.3718750055413693 0.12291667307727039 0.2062500030733645 0.18125000270083547
0 0.24687500367872417 0.4197916885605082 0.14687500218860805 0.16406250244472176
0 0.8414062625379302 0.2770833477843553 0.17031250253785402 0.16562500246800482
0 0.6554687597672455 0.33750001760199666 0.17031250253785402 0.16562500246800482
0 0.741406261047814 0.7489583723945543 0.1671875024912879 0.18281250272411853
0 0.46718750696163625 0.7625000397674739 0.1531250022817403 0.16562500246800482
0 0.3234375048195943 0.7708333735354245 0.1531250022817403 0.16562500246800482
0 0.5820312586729415 0.19270834338385612 0.16093750239815563 0.1671875024912879
0 0.13281250197906047 0.24270834599155933 0.1750000026077032 0.16406250244472176
0 0.6031250089872628 0.6260416993172839 0.1968750029336661 0.16406250244472176
0 0.8796875131083652 0.8770833790767938 0.1531250022817403 0.16562500246800482
1 0.3718750055413693 0.12291667307727039 0.2062500030733645 0.18125000270083547
0 0.24687500367872417 0.4197916885605082 0.14687500218860805 0.16406250244472176
0 0.8414062625379302 0.2770833477843553 0.17031250253785402 0.16562500246800482
0 0.6554687597672455 0.33750001760199666 0.17031250253785402 0.16562500246800482
0 0.741406261047814 0.7489583723945543 0.1671875024912879 0.18281250272411853
0 0.46718750696163625 0.7625000397674739 0.1531250022817403 0.16562500246800482
0 0.3234375048195943 0.7708333735354245 0.1531250022817403 0.16562500246800482
0 0.5820312586729415 0.19270834338385612 0.16093750239815563 0.1671875024912879
0 0.13281250197906047 0.24270834599155933 0.1750000026077032 0.16406250244472176
0 0.6031250089872628 0.6260416993172839 0.1968750029336661 0.16406250244472176
0 0.8796875131083652 0.8770833790767938 0.1531250022817403 0.16562500246800482
1 0.3718750055413693 0.12291667307727039 0.2062500030733645 0.18125000270083547
0 0.24687500367872417 0.4197916885605082 0.14687500218860805 0.16406250244472176
0 0.8414062625379302 0.2770833477843553 0.17031250253785402 0.16562500246800482
0 0.6554687597672455 0.33750001760199666 0.17031250253785402 0.16562500246800482
0 0.741406261047814 0.7489583723945543 0.1671875024912879 0.18281250272411853
0 0.46718750696163625 0.7625000397674739 0.1531250022817403 0.16562500246800482
0 0.3234375048195943 0.7708333735354245 0.1531250022817403 0.16562500246800482
0 0.5820312586729415 0.19270834338385612 0.16093750239815563 0.1671875024912879
0 0.13281250197906047 0.24270834599155933 0.1750000026077032 0.16406250244472176
0 0.6031250089872628 0.6260416993172839 0.1968750029336661 0.16406250244472176
0 0.8796875131083652 0.8770833790767938 0.1531250022817403 0.16562500246800482
1 0.3718750055413693 0.12291667307727039 0.2062500030733645 0.18125000270083547
0 0.24687500367872417 0.4197916885605082 0.14687500218860805 0.16406250244472176
0 0.8414062625379302 0.2770833477843553 0.17031250253785402 0.16562500246800482
0 0.6554687597672455 0.33750001760199666 0.17031250253785402 0.16562500246800482
0 0.741406261047814 0.7489583723945543 0.1671875024912879 0.18281250272411853
0 0.46718750696163625 0.7625000397674739 0.1531250022817403 0.16562500246800482
0 0.3234375048195943 0.7708333735354245 0.1531250022817403 0.16562500246800482
0 0.5820312586729415 0.19270834338385612 0.16093750239815563 0.1671875024912879
0 0.13281250197906047 0.24270834599155933 0.1750000026077032 0.16406250244472176
0 0.6031250089872628 0.6260416993172839 0.1968750029336661 0.16406250244472176
0 0.8796875131083652 0.8770833790767938 0.1531250022817403 0.16562500246800482
1 0.3718750055413693 0.12291667307727039 0.2062500030733645 0.18125000270083547
0 0.24687500367872417 0.4197916885605082 0.14687500218860805 0.16406250244472176
0 0.8414062625379302 0.2770833477843553 0.17031250253785402 0.16562500246800482
0 0.6554687597672455 0.33750001760199666 0.17031250253785402 0.16562500246800482
0 0.741406261047814 0.7489583723945543 0.1671875024912879 0.18281250272411853
0 0.46718750696163625 0.7625000397674739 0.1531250022817403 0.16562500246800482
0 0.3234375048195943 0.7708333735354245 0.1531250022817403 0.16562500246800482
0 0.5820312586729415 0.19270834338385612 0.16093750239815563 0.1671875024912879
0 0.13281250197906047 0.24270834599155933 0.1750000026077032 0.16406250244472176
0 0.6031250089872628 0.6260416993172839 0.1968750029336661 0.16406250244472176
0 0.8796875131083652 0.8770833790767938 0.1531250022817403 0.16562500246800482
1 0.3718750055413693 0.12291667307727039 0.2062500030733645 0.18125000270083547
0 0.24687500367872417 0.4197916885605082 0.14687500218860805 0.16406250244472176
0 0.8414062625379302 0.2770833477843553 0.17031250253785402 0.16562500246800482
0 0.6554687597672455 0.33750001760199666 0.17031250253785402 0.16562500246800482
0 0.741406261047814 0.7489583723945543 0.1671875024912879 0.18281250272411853
0 0.46718750696163625 0.7625000397674739 0.1531250022817403 0.16562500246800482
0 0.3234375048195943 0.7708333735354245 0.1531250022817403 0.16562500246800482
0 0.5820312586729415 0.19270834338385612 0.16093750239815563 0.1671875024912879
0 0.13281250197906047 0.24270834599155933 0.1750000026077032 0.16406250244472176
0 0.6031250089872628 0.6260416993172839 0.1968750029336661 0.16406250244472176
0 0.8796875131083652 0.8770833790767938 0.1531250022817403 0.16562500246800482
1 0.3718750055413693 0.12291667307727039 0.2062500030733645 0.18125000270083547
0 0.24687500367872417 0.4197916885605082 0.14687500218860805 0.16406250244472176
0 0.8414062625379302 0.2770833477843553 0.17031250253785402 0.16562500246800482
0 0.6554687597672455 0.33750001760199666 0.17031250253785402 0.16562500246800482
0 0.741406261047814 0.7489583723945543 0.1671875024912879 0.18281250272411853
0 0.46718750696163625 0.7625000397674739 0.1531250022817403 0.16562500246800482
0 0.3234375048195943 0.7708333735354245 0.1531250022817403 0.16562500246800482
0 0.5820312586729415 0.19270834338385612 0.16093750239815563 0.1671875024912879
0 0.13281250197906047 0.24270834599155933 0.1750000026077032 0.16406250244472176
0 0.6031250089872628 0.6260416993172839 0.1968750029336661 0.16406250244472176
0 0.8796875131083652 0.8770833790767938 0.1531250022817403 0.16562500246800482
1 0.3718750055413693 0.12291667307727039 0.2062500030733645 0.18125000270083547
0 0.24687500367872417 0.4197916885605082 0.14687500218860805 0.16406250244472176
0 0.8414062625379302 0.2770833477843553 0.17031250253785402 0.16562500246800482
0 0.6554687597672455 0.33750001760199666 0.17031250253785402 0.16562500246800482
0 0.741406261047814 0.7489583723945543 0.1671875024912879 0.18281250272411853
0 0.46718750696163625 0.7625000397674739 0.1531250022817403 0.16562500246800482
0 0.3234375048195943 0.7708333735354245 0.1531250022817403 0.16562500246800482
0 0.5820312586729415 0.19270834338385612 0.16093750239815563 0.1671875024912879
0 0.13281250197906047 0.24270834599155933 0.1750000026077032 0.16406250244472176
0 0.6031250089872628 0.6260416993172839 0.1968750029336661 0.16406250244472176
0 0.8796875131083652 0.8770833790767938 0.1531250022817403 0.16562500246800482
1 0.3718750055413693 0.12291667307727039 0.2062500030733645 0.18125000270083547
0 0.24687500367872417 0.4197916885605082 0.14687500218860805 0.16406250244472176
0 0.8414062625379302 0.2770833477843553 0.17031250253785402 0.16562500246800482
0 0.6554687597672455 0.33750001760199666 0.17031250253785402 0.16562500246800482
0 0.741406261047814 0.7489583723945543 0.1671875024912879 0.18281250272411853
0 0.46718750696163625 0.7625000397674739 0.1531250022817403 0.16562500246800482
0 0.3234375048195943 0.7708333735354245 0.1531250022817403 0.16562500246800482
0 0.5820312586729415 0.19270834338385612 0.16093750239815563 0.1671875024912879
0 0.13281250197906047 0.24270834599155933 0.1750000026077032 0.16406250244472176
0 0.6031250089872628 0.6260416993172839 0.1968750029336661 0.16406250244472176
0 0.8796875131083652 0.8770833790767938 0.1531250022817403 0.16562500246800482
1 0.3718750055413693 0.12291667307727039 0.2062500030733645 0.18125000270083547
0 0.24687500367872417 0.4197916885605082 0.14687500218860805 0.16406250244472176
0 0.8414062625379302 0.2770833477843553 0.17031250253785402 0.16562500246800482
0 0.6554687597672455 0.33750001760199666 0.17031250253785402 0.16562500246800482
0 0.741406261047814 0.7489583723945543 0.1671875024912879 0.18281250272411853
0 0.46718750696163625 0.7625000397674739 0.1531250022817403 0.16562500246800482
0 0.3234375048195943 0.7708333735354245 0.1531250022817403 0.16562500246800482
0 0.5820312586729415 0.19270834338385612 0.16093750239815563 0.1671875024912879
0 0.13281250197906047 0.24270834599155933 0.1750000026077032 0.16406250244472176
0 0.6031250089872628 0.6260416993172839 0.1968750029336661 0.16406250244472176
0 0.8796875131083652 0.8770833790767938 0.1531250022817403 0.16562500246800482
1 0.3718750055413693 0.12291667307727039 0.2062500030733645 0.18125000270083547
0 0.24687500367872417 0.4197916885605082 0.14687500218860805 0.16406250244472176
0 0.8414062625379302 0.2770833477843553 0.17031250253785402 0.16562500246800482
0 0.6554687597672455 0.33750001760199666 0.17031250253785402 0.16562500246800482
0 0.741406261047814 0.7489583723945543 0.1671875024912879 0.18281250272411853
0 0.46718750696163625 0.7625000397674739 0.1531250022817403 0.16562500246800482
0 0.3234375048195943 0.7708333735354245 0.1531250022817403 0.16562500246800482
0 0.5820312586729415 0.19270834338385612 0.16093750239815563 0.1671875024912879
0 0.13281250197906047 0.24270834599155933 0.1750000026077032 0.16406250244472176
0 0.6031250089872628 0.6260416993172839 0.1968750029336661 0.16406250244472176
0 0.8796875131083652 0.8770833790767938 0.1531250022817403 0.16562500246800482
1 0.3718750055413693 0.12291667307727039 0.2062500030733645 0.18125000270083547
0 0.24687500298023224 0.41979169845581055 0.14687500894069672 0.1640625
0 0.8414062857627869 0.2770833373069763 0.17031250894069672 0.16562500596046448
0 0.655468761920929 0.3375000059604645 0.17031250894069672 0.16562500596046448
0 0.741406261920929 0.7489583492279053 0.16718749701976776 0.18281249701976776
0 0.4671874940395355 0.7625000476837158 0.15312500298023224 0.16562500596046448
0 0.32343751192092896 0.7708333730697632 0.15312500298023224 0.16562500596046448
0 0.58203125 0.1927083432674408 0.16093750298023224 0.16718749701976776
0 0.1328125 0.24270834028720856 0.17499999701976776 0.1640625
0 0.6031250357627869 0.6260417103767395 0.19687500596046448 0.1640625
0 0.879687488079071 0.8770833611488342 0.15312500298023224 0.16562500596046448
1 0.37187501788139343 0.12291667610406876 0.20624999701976776 0.18125000596046448
0 0.24687500298023224 0.41979169845581055 0.14687500894069672 0.1640625
0 0.8414062857627869 0.2770833373069763 0.17031250894069672 0.16562500596046448
0 0.655468761920929 0.3375000059604645 0.17031250894069672 0.16562500596046448
0 0.741406261920929 0.7489583492279053 0.16718749701976776 0.18281249701976776
0 0.4671874940395355 0.7625000476837158 0.15312500298023224 0.16562500596046448
0 0.32343751192092896 0.7708333730697632 0.15312500298023224 0.16562500596046448
0 0.58203125 0.1927083432674408 0.16093750298023224 0.16718749701976776
0 0.1328125 0.24270834028720856 0.17499999701976776 0.1640625
0 0.6031250357627869 0.6260417103767395 0.19687500596046448 0.1640625
0 0.879687488079071 0.8770833611488342 0.15312500298023224 0.16562500596046448
1 0.37187501788139343 0.12291667610406876 0.20624999701976776 0.18125000596046448
0 0.24687500298023224 0.41979169845581055 0.14687500894069672 0.1640625
0 0.8414062857627869 0.2770833373069763 0.17031250894069672 0.16562500596046448
0 0.655468761920929 0.3375000059604645 0.17031250894069672 0.16562500596046448
0 0.741406261920929 0.7489583492279053 0.16718749701976776 0.18281249701976776
0 0.4671874940395355 0.7625000476837158 0.15312500298023224 0.16562500596046448
0 0.32343751192092896 0.7708333730697632 0.15312500298023224 0.16562500596046448
0 0.58203125 0.1927083432674408 0.16093750298023224 0.16718749701976776
0 0.1328125 0.24270834028720856 0.17499999701976776 0.1640625
0 0.6031250357627869 0.6260417103767395 0.19687500596046448 0.1640625
0 0.879687488079071 0.8770833611488342 0.15312500298023224 0.16562500596046448
1 0.37187501788139343 0.12291667610406876 0.20624999701976776 0.18125000596046448
0 0.24687500298023224 0.41979169845581055 0.14687500894069672 0.1640625
0 0.8414062857627869 0.2770833373069763 0.17031250894069672 0.16562500596046448
0 0.655468761920929 0.3375000059604645 0.17031250894069672 0.16562500596046448
0 0.741406261920929 0.7489583492279053 0.16718749701976776 0.18281249701976776
0 0.4671874940395355 0.7625000476837158 0.15312500298023224 0.16562500596046448
0 0.32343751192092896 0.7708333730697632 0.15312500298023224 0.16562500596046448
0 0.58203125 0.1927083432674408 0.16093750298023224 0.16718749701976776
0 0.1328125 0.24270834028720856 0.17499999701976776 0.1640625
0 0.6031250357627869 0.6260417103767395 0.19687500596046448 0.1640625
0 0.879687488079071 0.8770833611488342 0.15312500298023224 0.16562500596046448
1 0.37187501788139343 0.12291667610406876 0.20624999701976776 0.18125000596046448
0 0.24687500298023224 0.41979169845581055 0.14687500894069672 0.1640625
0 0.8414062857627869 0.2770833373069763 0.17031250894069672 0.16562500596046448
0 0.655468761920929 0.3375000059604645 0.17031250894069672 0.16562500596046448
0 0.741406261920929 0.7489583492279053 0.16718749701976776 0.18281249701976776
0 0.4671874940395355 0.7625000476837158 0.15312500298023224 0.16562500596046448
0 0.32343751192092896 0.7708333730697632 0.15312500298023224 0.16562500596046448
0 0.58203125 0.1927083432674408 0.16093750298023224 0.16718749701976776
0 0.1328125 0.24270834028720856 0.17499999701976776 0.1640625
0 0.6031250357627869 0.6260417103767395 0.19687500596046448 0.1640625
0 0.879687488079071 0.8770833611488342 0.15312500298023224 0.16562500596046448
1 0.37187501788139343 0.12291667610406876 0.20624999701976776 0.18125000596046448
0 0.24687500298023224 0.41979169845581055 0.14687500894069672 0.1640625
0 0.8414062857627869 0.2770833373069763 0.17031250894069672 0.16562500596046448
0 0.655468761920929 0.3375000059604645 0.17031250894069672 0.16562500596046448
0 0.741406261920929 0.7489583492279053 0.16718749701976776 0.18281249701976776
0 0.4671874940395355 0.7625000476837158 0.15312500298023224 0.16562500596046448
0 0.32343751192092896 0.7708333730697632 0.15312500298023224 0.16562500596046448
0 0.58203125 0.1927083432674408 0.16093750298023224 0.16718749701976776
0 0.1328125 0.24270834028720856 0.17499999701976776 0.1640625
0 0.6031250357627869 0.6260417103767395 0.19687500596046448 0.1640625
0 0.879687488079071 0.8770833611488342 0.15312500298023224 0.16562500596046448
1 0.37187501788139343 0.12291667610406876 0.20624999701976776 0.18125000596046448
0 0.24687500298023224 0.41979169845581055 0.14687500894069672 0.1640625
0 0.8414062857627869 0.2770833373069763 0.17031250894069672 0.16562500596046448
0 0.655468761920929 0.3375000059604645 0.17031250894069672 0.16562500596046448
0 0.741406261920929 0.7489583492279053 0.16718749701976776 0.18281249701976776
0 0.4671874940395355 0.7625000476837158 0.15312500298023224 0.16562500596046448
0 0.32343751192092896 0.7708333730697632 0.15312500298023224 0.16562500596046448
0 0.58203125 0.1927083432674408 0.16093750298023224 0.16718749701976776
0 0.1328125 0.24270834028720856 0.17499999701976776 0.1640625
0 0.6031250357627869 0.6260417103767395 0.19687500596046448 0.1640625
0 0.879687488079071 0.8770833611488342 0.15312500298023224 0.16562500596046448
1 0.37187501788139343 0.12291667610406876 0.20624999701976776 0.18125000596046448
