0 0.09531250142026693 0.19687501026783139 0.15625000232830644 0.16093750239815563
0 0.08437500125728548 0.47812502493616194 0.16562500246800482 0.19843750295694917
0 0.22031250328291208 0.7833333741873503 0.15000000223517418 0.1531250022817403
0 0.2593750038649887 0.4812500250991434 0.18125000270083547 0.17187500256113708
0 0.43593750649597496 0.20000001043081284 0.18125000270083547 0.17187500256113708
0 0.6156250091735274 0.892708379891701 0.14375000214204192 0.16093750239815563
0 0.3453125051455572 0.892708379891701 0.15625000232830644 0.16093750239815563
0 0.606250009033829 0.4135416882345453 0.1843750027474016 0.16093750239815563
0 0.7789062616066076 0.15833334159106016 0.12343750183936208 0.14687500218860805
0 0.8765625130617991 0.4156250216765329 0.16562500246800482 0.16093750239815563
0 0.9250000137835741 0.18125000945292413 0.14375000214204192 0.14375000214204192
0 0.617968759208452 0.6437500335741788 0.18281250272411853 0.1843750027474016
0 0.4875000072643161 0.3822916866047308 0.15625000232830644 0.15156250225845724
1 0.497656257415656 0.5562500290106982 0.0703125010477379 0.07500000111758709
1 0.8546875127358362 0.7552083727205172 0.29062500433064997 0.29531250440049917
0 0.09531250142026693 0.19687501026783139 0.15625000232830644 0.16093750239815563
0 0.08437500125728548 0.47812502493616194 0.16562500246800482 0.19843750295694917
0 0.22031250328291208 0.7833333741873503 0.15000000223517418 0.1531250022817403
0 0.2593750038649887 0.4812500250991434 0.18125000270083547 0.17187500256113708
0 0.43593750649597496 0.20000001043081284 0.18125000270083547 0.17187500256113708
0 0.6156250091735274 0.892708379891701 0.14375000214204192 0.16093750239815563
0 0.3453125051455572 0.892708379891701 0.15625000232830644 0.16093750239815563
0 0.606250009033829 0.4135416882345453 0.1843750027474016 0.16093750239815563
0 0.7789062616066076 0.15833334159106016 0.12343750183936208 0.14687500218860805
0 0.8765625130617991 0.4156250216765329 0.16562500246800482 0.16093750239815563
0 0.9250000137835741 0.18125000945292413 0.14375000214204192 0.14375000214204192
0 0.617968759208452 0.6437500335741788 0.18281250272411853 0.1843750027474016
0 0.4875000072643161 0.3822916866047308 0.15625000232830644 0.15156250225845724
1 0.497656257415656 0.5562500290106982 0.0703125010477379 0.07500000111758709
1 0.8546875127358362 0.7552083727205172 0.29062500433064997 0.29531250440049917
0 0.09531250142026693 0.19687501026783139 0.15625000232830644 0.16093750239815563
0 0.08437500125728548 0.47812502493616194 0.16562500246800482 0.19843750295694917
0 0.22031250328291208 0.7833333741873503 0.15000000223517418 0.1531250022817403
0 0.2593750038649887 0.4812500250991434 0.18125000270083547 0.17187500256113708
0 0.43593750649597496 0.20000001043081284 0.18125000270083547 0.17187500256113708
0 0.6156250091735274 0.892708379891701 0.14375000214204192 0.16093750239815563
0 0.3453125051455572 0.892708379891701 0.15625000232830644 0.16093750239815563
0 0.606250009033829 0.4135416882345453 0.1843750027474016 0.16093750239815563
0 0.7789062616066076 0.15833334159106016 0.12343750183936208 0.14687500218860805
0 0.8765625130617991 0.4156250216765329 0.16562500246800482 0.16093750239815563
0 0.9250000137835741 0.18125000945292413 0.14375000214204192 0.14375000214204192
0 0.617968759208452 0.6437500335741788 0.18281250272411853 0.1843750027474016
0 0.4875000072643161 0.3822916866047308 0.15625000232830644 0.15156250225845724
1 0.497656257415656 0.5562500290106982 0.0703125010477379 0.07500000111758709
1 0.8546875127358362 0.7552083727205172 0.29062500433064997 0.29531250440049917
0 0.09531250142026693 0.19687501026783139 0.15625000232830644 0.16093750239815563
0 0.08437500125728548 0.47812502493616194 0.16562500246800482 0.19843750295694917
0 0.22031250328291208 0.7833333741873503 0.15000000223517418 0.1531250022817403
0 0.2593750038649887 0.4812500250991434 0.18125000270083547 0.17187500256113708
0 0.43593750649597496 0.20000001043081284 0.18125000270083547 0.17187500256113708
0 0.6156250091735274 0.892708379891701 0.14375000214204192 0.16093750239815563
0 0.3453125051455572 0.892708379891701 0.15625000232830644 0.16093750239815563
0 0.606250009033829 0.4135416882345453 0.1843750027474016 0.16093750239815563
0 0.7789062616066076 0.15833334159106016 0.12343750183936208 0.14687500218860805
0 0.8765625130617991 0.4156250216765329 0.16562500246800482 0.16093750239815563
0 0.9250000137835741 0.18125000945292413 0.14375000214204192 0.14375000214204192
0 0.617968759208452 0.6437500335741788 0.18281250272411853 0.1843750027474016
0 0.4875000072643161 0.3822916866047308 0.15625000232830644 0.15156250225845724
1 0.497656257415656 0.5562500290106982 0.0703125010477379 0.07500000111758709
1 0.8546875127358362 0.7552083727205172 0.29062500433064997 0.29531250440049917
0 0.09531250142026693 0.19687501026783139 0.15625000232830644 0.16093750239815563
0 0.08437500125728548 0.47812502493616194 0.16562500246800482 0.19843750295694917
0 0.22031250328291208 0.7833333741873503 0.15000000223517418 0.1531250022817403
0 0.2593750038649887 0.4812500250991434 0.18125000270083547 0.17187500256113708
0 0.43593750649597496 0.20000001043081284 0.18125000270083547 0.17187500256113708
0 0.6156250091735274 0.892708379891701 0.14375000214204192 0.16093750239815563
0 0.3453125051455572 0.892708379891701 0.15625000232830644 0.16093750239815563
0 0.606250009033829 0.4135416882345453 0.1843750027474016 0.16093750239815563
0 0.7789062616066076 0.15833334159106016 0.12343750183936208 0.14687500218860805
0 0.8765625130617991 0.4156250216765329 0.16562500246800482 0.16093750239815563
0 0.9250000137835741 0.18125000945292413 0.14375000214204192 0.14375000214204192
0 0.617968759208452 0.6437500335741788 0.18281250272411853 0.1843750027474016
0 0.4875000072643161 0.3822916866047308 0.15625000232830644 0.15156250225845724
1 0.497656257415656 0.5562500290106982 0.0703125010477379 0.07500000111758709
1 0.8546875127358362 0.7552083727205172 0.29062500433064997 0.29531250440049917
0 0.09531250142026693 0.19687501026783139 0.15625000232830644 0.16093750239815563
0 0.08437500125728548 0.47812502493616194 0.16562500246800482 0.19843750295694917
0 0.22031250328291208 0.7833333741873503 0.15000000223517418 0.1531250022817403
0 0.2593750038649887 0.4812500250991434 0.18125000270083547 0.17187500256113708
0 0.43593750649597496 0.20000001043081284 0.18125000270083547 0.17187500256113708
0 0.6156250091735274 0.892708379891701 0.14375000214204192 0.16093750239815563
0 0.3453125051455572 0.892708379891701 0.15625000232830644 0.16093750239815563
0 0.606250009033829 0.4135416882345453 0.1843750027474016 0.16093750239815563
0 0.7789062616066076 0.15833334159106016 0.12343750183936208 0.14687500218860805
0 0.8765625130617991 0.4156250216765329 0.16562500246800482 0.16093750239815563
0 0.9250000137835741 0.18125000945292413 0.14375000214204192 0.14375000214204192
0 0.617968759208452 0.6437500335741788 0.18281250272411853 0.1843750027474016
0 0.4875000072643161 0.3822916866047308 0.15625000232830644 0.15156250225845724
1 0.497656257415656 0.5562500290106982 0.0703125010477379 0.07500000111758709
1 0.8546875127358362 0.7552083727205172 0.29062500433064997 0.29531250440049917
0 0.09531250142026693 0.19687501026783139 0.15625000232830644 0.16093750239815563
0 0.08437500125728548 0.47812502493616194 0.16562500246800482 0.19843750295694917
0 0.22031250328291208 0.7833333741873503 0.15000000223517418 0.1531250022817403
0 0.2593750038649887 0.4812500250991434 0.18125000270083547 0.17187500256113708
0 0.43593750649597496 0.20000001043081284 0.18125000270083547 0.17187500256113708
0 0.6156250091735274 0.892708379891701 0.14375000214204192 0.16093750239815563
0 0.3453125051455572 0.892708379891701 0.15625000232830644 0.16093750239815563
0 0.606250009033829 0.4135416882345453 0.1843750027474016 0.16093750239815563
0 0.7789062616066076 0.15833334159106016 0.12343750183936208 0.14687500218860805
0 0.8765625130617991 0.4156250216765329 0.16562500246800482 0.16093750239815563
0 0.9250000137835741 0.18125000945292413 0.14375000214204192 0.14375000214204192
0 0.617968759208452 0.6437500335741788 0.18281250272411853 0.1843750027474016
0 0.4875000072643161 0.3822916866047308 0.15625000232830644 0.15156250225845724
1 0.497656257415656 0.5562500290106982 0.0703125010477379 0.07500000111758709
1 0.8546875127358362 0.7552083727205172 0.29062500433064997 0.29531250440049917
0 0.09531250142026693 0.19687501026783139 0.15625000232830644 0.16093750239815563
0 0.08437500125728548 0.47812502493616194 0.16562500246800482 0.19843750295694917
0 0.22031250328291208 0.7833333741873503 0.15000000223517418 0.1531250022817403
0 0.2593750038649887 0.4812500250991434 0.18125000270083547 0.17187500256113708
0 0.43593750649597496 0.20000001043081284 0.18125000270083547 0.17187500256113708
0 0.6156250091735274 0.892708379891701 0.14375000214204192 0.16093750239815563
0 0.3453125051455572 0.892708379891701 0.15625000232830644 0.16093750239815563
0 0.606250009033829 0.4135416882345453 0.1843750027474016 0.16093750239815563
0 0.7789062616066076 0.15833334159106016 0.12343750183936208 0.14687500218860805
0 0.8765625130617991 0.4156250216765329 0.16562500246800482 0.16093750239815563
0 0.9250000137835741 0.18125000945292413 0.14375000214204192 0.14375000214204192
0 0.617968759208452 0.6437500335741788 0.18281250272411853 0.1843750027474016
0 0.4875000072643161 0.3822916866047308 0.15625000232830644 0.15156250225845724
1 0.497656257415656 0.5562500290106982 0.0703125010477379 0.07500000111758709
1 0.8546875127358362 0.7552083727205172 0.29062500433064997 0.29531250440049917
0 0.09531250142026693 0.19687501026783139 0.15625000232830644 0.16093750239815563
0 0.08437500125728548 0.47812502493616194 0.16562500246800482 0.19843750295694917
0 0.22031250328291208 0.7833333741873503 0.15000000223517418 0.1531250022817403
0 0.2593750038649887 0.4812500250991434 0.18125000270083547 0.17187500256113708
0 0.43593750649597496 0.20000001043081284 0.18125000270083547 0.17187500256113708
0 0.6156250091735274 0.892708379891701 0.14375000214204192 0.16093750239815563
0 0.3453125051455572 0.892708379891701 0.15625000232830644 0.16093750239815563
0 0.606250009033829 0.4135416882345453 0.1843750027474016 0.16093750239815563
0 0.7789062616066076 0.15833334159106016 0.12343750183936208 0.14687500218860805
0 0.8765625130617991 0.4156250216765329 0.16562500246800482 0.16093750239815563
0 0.9250000137835741 0.18125000945292413 0.14375000214204192 0.14375000214204192
0 0.617968759208452 0.6437500335741788 0.18281250272411853 0.1843750027474016
0 0.4875000072643161 0.3822916866047308 0.15625000232830644 0.15156250225845724
1 0.497656257415656 0.5562500290106982 0.0703125010477379 0.07500000111758709
1 0.8546875127358362 0.7552083727205172 0.29062500433064997 0.29531250440049917
0 0.09531250142026693 0.19687501026783139 0.15625000232830644 0.16093750239815563
0 0.08437500125728548 0.47812502493616194 0.16562500246800482 0.19843750295694917
0 0.22031250328291208 0.7833333741873503 0.15000000223517418 0.1531250022817403
0 0.2593750038649887 0.4812500250991434 0.18125000270083547 0.17187500256113708
0 0.43593750649597496 0.20000001043081284 0.18125000270083547 0.17187500256113708
0 0.6156250091735274 0.892708379891701 0.14375000214204192 0.16093750239815563
0 0.3453125051455572 0.892708379891701 0.15625000232830644 0.16093750239815563
0 0.606250009033829 0.4135416882345453 0.1843750027474016 0.16093750239815563
0 0.7789062616066076 0.15833334159106016 0.12343750183936208 0.14687500218860805
0 0.8765625130617991 0.4156250216765329 0.16562500246800482 0.16093750239815563
0 0.9250000137835741 0.18125000945292413 0.14375000214204192 0.14375000214204192
0 0.617968759208452 0.6437500335741788 0.18281250272411853 0.1843750027474016
0 0.4875000072643161 0.3822916866047308 0.15625000232830644 0.15156250225845724
1 0.497656257415656 0.5562500290106982 0.0703125010477379 0.07500000111758709
1 0.8546875127358362 0.7552083727205172 0.29062500433064997 0.29531250440049917
0 0.09531250142026693 0.19687501026783139 0.15625000232830644 0.16093750239815563
0 0.08437500125728548 0.47812502493616194 0.16562500246800482 0.19843750295694917
0 0.22031250328291208 0.7833333741873503 0.15000000223517418 0.1531250022817403
0 0.2593750038649887 0.4812500250991434 0.18125000270083547 0.17187500256113708
0 0.43593750649597496 0.20000001043081284 0.18125000270083547 0.17187500256113708
0 0.6156250091735274 0.892708379891701 0.14375000214204192 0.16093750239815563
0 0.3453125051455572 0.892708379891701 0.15625000232830644 0.16093750239815563
0 0.606250009033829 0.4135416882345453 0.1843750027474016 0.16093750239815563
0 0.7789062616066076 0.15833334159106016 0.12343750183936208 0.14687500218860805
0 0.8765625130617991 0.4156250216765329 0.16562500246800482 0.16093750239815563
0 0.9250000137835741 0.18125000945292413 0.14375000214204192 0.14375000214204192
0 0.617968759208452 0.6437500335741788 0.18281250272411853 0.1843750027474016
0 0.4875000072643161 0.3822916866047308 0.15625000232830644 0.15156250225845724
1 0.497656257415656 0.5562500290106982 0.0703125010477379 0.07500000111758709
1 0.8546875127358362 0.7552083727205172 0.29062500433064997 0.29531250440049917
0 0.09531250142026693 0.19687501026783139 0.15625000232830644 0.16093750239815563
0 0.08437500125728548 0.47812502493616194 0.16562500246800482 0.19843750295694917
0 0.22031250328291208 0.7833333741873503 0.15000000223517418 0.1531250022817403
0 0.2593750038649887 0.4812500250991434 0.18125000270083547 0.17187500256113708
0 0.43593750649597496 0.20000001043081284 0.18125000270083547 0.17187500256113708
0 0.6156250091735274 0.892708379891701 0.14375000214204192 0.16093750239815563
0 0.3453125051455572 0.892708379891701 0.15625000232830644 0.16093750239815563
0 0.606250009033829 0.4135416882345453 0.1843750027474016 0.16093750239815563
0 0.7789062616066076 0.15833334159106016 0.12343750183936208 0.14687500218860805
0 0.8765625130617991 0.4156250216765329 0.16562500246800482 0.16093750239815563
0 0.9250000137835741 0.18125000945292413 0.14375000214204192 0.14375000214204192
0 0.617968759208452 0.6437500335741788 0.18281250272411853 0.1843750027474016
0 0.4875000072643161 0.3822916866047308 0.15625000232830644 0.15156250225845724
1 0.497656257415656 0.5562500290106982 0.0703125010477379 0.07500000111758709
1 0.8546875127358362 0.7552083727205172 0.29062500433064997 0.29531250440049917
0 0.09531250142026693 0.19687501026783139 0.15625000232830644 0.16093750239815563
0 0.08437500125728548 0.47812502493616194 0.16562500246800482 0.19843750295694917
0 0.22031250328291208 0.7833333741873503 0.15000000223517418 0.1531250022817403
0 0.2593750038649887 0.4812500250991434 0.18125000270083547 0.17187500256113708
0 0.43593750649597496 0.20000001043081284 0.18125000270083547 0.17187500256113708
0 0.6156250091735274 0.892708379891701 0.14375000214204192 0.16093750239815563
0 0.3453125051455572 0.892708379891701 0.15625000232830644 0.16093750239815563
0 0.606250009033829 0.4135416882345453 0.1843750027474016 0.16093750239815563
0 0.7789062616066076 0.15833334159106016 0.12343750183936208 0.14687500218860805
0 0.8765625130617991 0.4156250216765329 0.16562500246800482 0.16093750239815563
0 0.9250000137835741 0.18125000945292413 0.14375000214204192 0.14375000214204192
0 0.617968759208452 0.6437500335741788 0.18281250272411853 0.1843750027474016
0 0.4875000072643161 0.3822916866047308 0.15625000232830644 0.15156250225845724
1 0.497656257415656 0.5562500290106982 0.0703125010477379 0.07500000111758709
1 0.8546875127358362 0.7552083727205172 0.29062500433064997 0.29531250440049917
0 0.09531250142026693 0.19687501026783139 0.15625000232830644 0.16093750239815563
0 0.08437500125728548 0.47812502493616194 0.16562500246800482 0.19843750295694917
0 0.22031250328291208 0.7833333741873503 0.15000000223517418 0.1531250022817403
0 0.2593750038649887 0.4812500250991434 0.18125000270083547 0.17187500256113708
0 0.43593750649597496 0.20000001043081284 0.18125000270083547 0.17187500256113708
0 0.6156250091735274 0.892708379891701 0.14375000214204192 0.16093750239815563
0 0.3453125051455572 0.892708379891701 0.15625000232830644 0.16093750239815563
0 0.606250009033829 0.4135416882345453 0.1843750027474016 0.16093750239815563
0 0.7789062616066076 0.15833334159106016 0.12343750183936208 0.14687500218860805
0 0.8765625130617991 0.4156250216765329 0.16562500246800482 0.16093750239815563
0 0.9250000137835741 0.18125000945292413 0.14375000214204192 0.14375000214204192
0 0.617968759208452 0.6437500335741788 0.18281250272411853 0.1843750027474016
0 0.4875000072643161 0.3822916866047308 0.15625000232830644 0.15156250225845724
2 0.497656257415656 0.5562500290106982 0.0703125010477379 0.07500000111758709
1 0.8546875127358362 0.7552083727205172 0.29062500433064997 0.29531250440049917
0 0.09531250142026693 0.19687501026783139 0.15625000232830644 0.16093750239815563
0 0.08437500125728548 0.47812502493616194 0.16562500246800482 0.19843750295694917
0 0.22031250328291208 0.7833333741873503 0.15000000223517418 0.1531250022817403
0 0.2593750038649887 0.4812500250991434 0.18125000270083547 0.17187500256113708
0 0.43593750649597496 0.20000001043081284 0.18125000270083547 0.17187500256113708
0 0.6156250091735274 0.892708379891701 0.14375000214204192 0.16093750239815563
0 0.3453125051455572 0.892708379891701 0.15625000232830644 0.16093750239815563
0 0.606250009033829 0.4135416882345453 0.1843750027474016 0.16093750239815563
0 0.7789062616066076 0.15833334159106016 0.12343750183936208 0.14687500218860805
0 0.8765625130617991 0.4156250216765329 0.16562500246800482 0.16093750239815563
0 0.9250000137835741 0.18125000945292413 0.14375000214204192 0.14375000214204192
0 0.617968759208452 0.6437500335741788 0.18281250272411853 0.1843750027474016
0 0.4875000072643161 0.3822916866047308 0.15625000232830644 0.15156250225845724
2 0.497656257415656 0.5562500290106982 0.0703125010477379 0.07500000111758709
1 0.8546875127358362 0.7552083727205172 0.29062500433064997 0.29531250440049917
0 0.09531249850988388 0.19687500596046448 0.15625 0.16093750298023224
0 0.08437500149011612 0.47812503576278687 0.16562500596046448 0.19843749701976776
0 0.22031250596046448 0.7833333611488342 0.15000000596046448 0.15312500298023224
0 0.2593750059604645 0.48125001788139343 0.18125000596046448 0.171875
0 0.4359374940395355 0.20000001788139343 0.18125000596046448 0.171875
0 0.6156250238418579 0.8927083611488342 0.14374999701976776 0.16093750298023224
0 0.3453125059604645 0.8927083611488342 0.15625 0.16093750298023224
0 0.606249988079071 0.41354167461395264 0.18437500298023224 0.16093750298023224
0 0.7789062857627869 0.15833334624767303 0.12343750149011612 0.14687500894069672
0 0.8765625357627869 0.41562503576278687 0.16562500596046448 0.16093750298023224
0 0.925000011920929 0.18125000596046448 0.14374999701976776 0.14374999701976776
0 0.617968738079071 0.643750011920929 0.18281249701976776 0.18437500298023224
0 0.48750001192092896 0.38229167461395264 0.15625 0.15156249701976776
2 0.4976562559604645 0.5562500357627869 0.0703125 0.07500000298023224
1 0.854687511920929 0.7552083730697632 0.2906250059604645 0.2953124940395355
0 0.09531249850988388 0.19687500596046448 0.15625 0.16093750298023224
0 0.08437500149011612 0.47812503576278687 0.16562500596046448 0.19843749701976776
0 0.22031250596046448 0.7833333611488342 0.15000000596046448 0.15312500298023224
0 0.2593750059604645 0.48125001788139343 0.18125000596046448 0.171875
0 0.4359374940395355 0.20000001788139343 0.18125000596046448 0.171875
0 0.6156250238418579 0.8927083611488342 0.14374999701976776 0.16093750298023224
0 0.3453125059604645 0.8927083611488342 0.15625 0.16093750298023224
0 0.606249988079071 0.41354167461395264 0.18437500298023224 0.16093750298023224
0 0.7789062857627869 0.15833334624767303 0.12343750149011612 0.14687500894069672
0 0.8765625357627869 0.41562503576278687 0.16562500596046448 0.16093750298023224
0 0.925000011920929 0.18125000596046448 0.14374999701976776 0.14374999701976776
0 0.617968738079071 0.643750011920929 0.18281249701976776 0.18437500298023224
0 0.48750001192092896 0.38229167461395264 0.15625 0.15156249701976776
2 0.4976562559604645 0.5562500357627869 0.0703125 0.07500000298023224
1 0.854687511920929 0.7552083730697632 0.2906250059604645 0.2953124940395355
0 0.09531249850988388 0.19687500596046448 0.15625 0.16093750298023224
0 0.08437500149011612 0.47812503576278687 0.16562500596046448 0.19843749701976776
0 0.22031250596046448 0.7833333611488342 0.15000000596046448 0.15312500298023224
0 0.2593750059604645 0.48125001788139343 0.18125000596046448 0.171875
0 0.4359374940395355 0.20000001788139343 0.18125000596046448 0.171875
0 0.6156250238418579 0.8927083611488342 0.14374999701976776 0.16093750298023224
0 0.3453125059604645 0.8927083611488342 0.15625 0.16093750298023224
0 0.606249988079071 0.41354167461395264 0.18437500298023224 0.16093750298023224
0 0.7789062857627869 0.15833334624767303 0.12343750149011612 0.14687500894069672
0 0.8765625357627869 0.41562503576278687 0.16562500596046448 0.16093750298023224
0 0.925000011920929 0.18125000596046448 0.14374999701976776 0.14374999701976776
0 0.617968738079071 0.643750011920929 0.18281249701976776 0.18437500298023224
0 0.48750001192092896 0.38229167461395264 0.15625 0.15156249701976776
2 0.4976562559604645 0.5562500357627869 0.0703125 0.07500000298023224
1 0.854687511920929 0.7552083730697632 0.2906250059604645 0.2953124940395355
0 0.09531249850988388 0.19687500596046448 0.15625 0.16093750298023224
0 0.08437500149011612 0.47812503576278687 0.16562500596046448 0.19843749701976776
0 0.22031250596046448 0.7833333611488342 0.15000000596046448 0.15312500298023224
0 0.2593750059604645 0.48125001788139343 0.18125000596046448 0.171875
0 0.4359374940395355 0.20000001788139343 0.18125000596046448 0.171875
0 0.6156250238418579 0.8927083611488342 0.14374999701976776 0.16093750298023224
0 0.3453125059604645 0.8927083611488342 0.15625 0.16093750298023224
0 0.606249988079071 0.41354167461395264 0.18437500298023224 0.16093750298023224
0 0.7789062857627869 0.15833334624767303 0.12343750149011612 0.14687500894069672
0 0.8765625357627869 0.41562503576278687 0.16562500596046448 0.16093750298023224
0 0.925000011920929 0.18125000596046448 0.14374999701976776 0.14374999701976776
0 0.617968738079071 0.643750011920929 0.18281249701976776 0.18437500298023224
0 0.48750001192092896 0.38229167461395264 0.15625 0.15156249701976776
2 0.4976562559604645 0.5562500357627869 0.0703125 0.07500000298023224
1 0.854687511920929 0.7552083730697632 0.2906250059604645 0.2953124940395355
0 0.09531249850988388 0.19687500596046448 0.15625 0.16093750298023224
0 0.08437500149011612 0.47812503576278687 0.16562500596046448 0.19843749701976776
0 0.22031250596046448 0.7833333611488342 0.15000000596046448 0.15312500298023224
0 0.2593750059604645 0.48125001788139343 0.18125000596046448 0.171875
0 0.4359374940395355 0.20000001788139343 0.18125000596046448 0.171875
0 0.6156250238418579 0.8927083611488342 0.14374999701976776 0.16093750298023224
0 0.3453125059604645 0.8927083611488342 0.15625 0.16093750298023224
0 0.606249988079071 0.41354167461395264 0.18437500298023224 0.16093750298023224
0 0.7789062857627869 0.15833334624767303 0.12343750149011612 0.14687500894069672
0 0.8765625357627869 0.41562503576278687 0.16562500596046448 0.16093750298023224
0 0.925000011920929 0.18125000596046448 0.14374999701976776 0.14374999701976776
0 0.617968738079071 0.643750011920929 0.18281249701976776 0.18437500298023224
0 0.48750001192092896 0.38229167461395264 0.15625 0.15156249701976776
2 0.4976562559604645 0.5562500357627869 0.0703125 0.07500000298023224
1 0.854687511920929 0.7552083730697632 0.2906250059604645 0.2953124940395355
0 0.09531249850988388 0.19687500596046448 0.15625 0.16093750298023224
0 0.08437500149011612 0.47812503576278687 0.16562500596046448 0.19843749701976776
0 0.22031250596046448 0.7833333611488342 0.15000000596046448 0.15312500298023224
0 0.2593750059604645 0.48125001788139343 0.18125000596046448 0.171875
0 0.4359374940395355 0.20000001788139343 0.18125000596046448 0.171875
0 0.6156250238418579 0.8927083611488342 0.14374999701976776 0.16093750298023224
0 0.3453125059604645 0.8927083611488342 0.15625 0.16093750298023224
0 0.606249988079071 0.41354167461395264 0.18437500298023224 0.16093750298023224
0 0.7789062857627869 0.15833334624767303 0.12343750149011612 0.14687500894069672
0 0.8765625357627869 0.41562503576278687 0.16562500596046448 0.16093750298023224
0 0.925000011920929 0.18125000596046448 0.14374999701976776 0.14374999701976776
0 0.617968738079071 0.643750011920929 0.18281249701976776 0.18437500298023224
0 0.48750001192092896 0.38229167461395264 0.15625 0.15156249701976776
2 0.4976562559604645 0.5562500357627869 0.0703125 0.07500000298023224
1 0.854687511920929 0.7552083730697632 0.2906250059604645 0.2953124940395355
0 0.09531249850988388 0.19687500596046448 0.15625 0.16093750298023224
0 0.08437500149011612 0.47812503576278687 0.16562500596046448 0.19843749701976776
0 0.22031250596046448 0.7833333611488342 0.15000000596046448 0.15312500298023224
0 0.2593750059604645 0.48125001788139343 0.18125000596046448 0.171875
0 0.4359374940395355 0.20000001788139343 0.18125000596046448 0.171875
0 0.6156250238418579 0.8927083611488342 0.14374999701976776 0.16093750298023224
0 0.3453125059604645 0.8927083611488342 0.15625 0.16093750298023224
0 0.606249988079071 0.41354167461395264 0.18437500298023224 0.16093750298023224
0 0.7789062857627869 0.15833334624767303 0.12343750149011612 0.14687500894069672
0 0.8765625357627869 0.41562503576278687 0.16562500596046448 0.16093750298023224
0 0.925000011920929 0.18125000596046448 0.14374999701976776 0.14374999701976776
0 0.617968738079071 0.643750011920929 0.18281249701976776 0.18437500298023224
0 0.48750001192092896 0.38229167461395264 0.15625 0.15156249701976776
2 0.4976562559604645 0.5562500357627869 0.0703125 0.07500000298023224
1 0.854687511920929 0.7552083730697632 0.2906250059604645 0.2953124940395355
