0 0.0703125010477379 0.6645833679940552 0.13750000204890966 0.1843750027474016
0 0.19843750295694917 0.34791668481193483 0.17187500256113708 0.19375000288709998
0 0.6007812589523382 0.5552083622897044 0.13906250207219273 0.16093750239815563
0 0.41093750612344593 0.6010416980134323 0.17812500265426934 0.12968750193249434
0 0.5437500081025064 0.7531250392785296 0.19062500284053385 0.1578125023515895
0 0.3562500053085387 0.830208376632072 0.19062500284053385 0.1578125023515895
0 0.6234375092899427 0.11354167258832604 0.15000000223517418 0.15156250225845724
0 0.7312500108964741 0.26770834729541093 0.20000000298023224 0.13281250197906047
0 0.7906250117812306 0.8895833797287196 0.1750000026077032 0.16562500246800482
0 0.7789062616066076 0.6468750337371603 0.19843750295694917 0.16093750239815563
0 0.1289062519208528 0.892708379891701 0.18593750277068466 0.16093750239815563
0 0.3250000048428774 0.12187500635627657 0.15000000223517418 0.15156250225845724
0 0.8703125129686669 0.4072916879085824 0.15000000223517418 0.15156250225845724
0 0.8164062621654011 0.08125000423751771 0.15156250225845724 0.11875000176951289
1 0.4539062567637302 0.3218750167870894 0.3234375048195943 0.3453125051455572
0 0.0703125010477379 0.6645833679940552 0.13750000204890966 0.1843750027474016
0 0.19843750295694917 0.34791668481193483 0.17187500256113708 0.19375000288709998
0 0.6007812589523382 0.5552083622897044 0.13906250207219273 0.16093750239815563
0 0.41093750612344593 0.6010416980134323 0.17812500265426934 0.12968750193249434
0 0.5437500081025064 0.7531250392785296 0.19062500284053385 0.1578125023515895
0 0.3562500053085387 0.830208376632072 0.19062500284053385 0.1578125023515895
0 0.6234375092899427 0.11354167258832604 0.15000000223517418 0.15156250225845724
0 0.7312500108964741 0.26770834729541093 0.20000000298023224 0.13281250197906047
0 0.7906250117812306 0.8895833797287196 0.1750000026077032 0.16562500246800482
0 0.7789062616066076 0.6468750337371603 0.19843750295694917 0.16093750239815563
0 0.1289062519208528 0.892708379891701 0.18593750277068466 0.16093750239815563
0 0.3250000048428774 0.12187500635627657 0.15000000223517418 0.15156250225845724
0 0.8703125129686669 0.4072916879085824 0.15000000223517418 0.15156250225845724
0 0.8164062621654011 0.08125000423751771 0.15156250225845724 0.11875000176951289
1 0.4539062567637302 0.3218750167870894 0.3234375048195943 0.3453125051455572
0 0.0703125010477379 0.6645833679940552 0.13750000204890966 0.1843750027474016
0 0.19843750295694917 0.34791668481193483 0.17187500256113708 0.19375000288709998
0 0.6007812589523382 0.5552083622897044 0.13906250207219273 0.16093750239815563
0 0.41093750612344593 0.6010416980134323 0.17812500265426934 0.12968750193249434
0 0.5437500081025064 0.7531250392785296 0.19062500284053385 0.1578125023515895
0 0.3562500053085387 0.830208376632072 0.19062500284053385 0.1578125023515895
0 0.6234375092899427 0.11354167258832604 0.15000000223517418 0.15156250225845724
0 0.7312500108964741 0.26770834729541093 0.20000000298023224 0.13281250197906047
0 0.7906250117812306 0.8895833797287196 0.1750000026077032 0.16562500246800482
0 0.7789062616066076 0.6468750337371603 0.19843750295694917 0.16093750239815563
0 0.1289062519208528 0.892708379891701 0.18593750277068466 0.16093750239815563
0 0.3250000048428774 0.12187500635627657 0.15000000223517418 0.15156250225845724
0 0.8703125129686669 0.4072916879085824 0.15000000223517418 0.15156250225845724
0 0.8164062621654011 0.08125000423751771 0.15156250225845724 0.11875000176951289
1 0.4539062567637302 0.3218750167870894 0.3234375048195943 0.3453125051455572
0 0.0703125010477379 0.6645833679940552 0.13750000204890966 0.1843750027474016
0 0.19843750295694917 0.34791668481193483 0.17187500256113708 0.19375000288709998
0 0.6007812589523382 0.5552083622897044 0.13906250207219273 0.16093750239815563
0 0.41093750612344593 0.6010416980134323 0.17812500265426934 0.12968750193249434
0 0.5437500081025064 0.7531250392785296 0.19062500284053385 0.1578125023515895
0 0.3562500053085387 0.830208376632072 0.19062500284053385 0.1578125023515895
0 0.6234375092899427 0.11354167258832604 0.15000000223517418 0.15156250225845724
0 0.7312500108964741 0.26770834729541093 0.20000000298023224 0.13281250197906047
0 0.7906250117812306 0.8895833797287196 0.1750000026077032 0.16562500246800482
0 0.7789062616066076 0.6468750337371603 0.19843750295694917 0.16093750239815563
0 0.1289062519208528 0.892708379891701 0.18593750277068466 0.16093750239815563
0 0.3250000048428774 0.12187500635627657 0.15000000223517418 0.15156250225845724
0 0.8703125129686669 0.4072916879085824 0.15000000223517418 0.15156250225845724
0 0.8164062621654011 0.08125000423751771 0.15156250225845724 0.11875000176951289
1 0.4539062567637302 0.3218750167870894 0.3234375048195943 0.3453125051455572
0 0.0703125010477379 0.6645833679940552 0.13750000204890966 0.1843750027474016
0 0.19843750295694917 0.34791668481193483 0.17187500256113708 0.19375000288709998
0 0.6007812589523382 0.5552083622897044 0.13906250207219273 0.16093750239815563
0 0.41093750612344593 0.6010416980134323 0.17812500265426934 0.12968750193249434
0 0.5437500081025064 0.7531250392785296 0.19062500284053385 0.1578125023515895
0 0.3562500053085387 0.830208376632072 0.19062500284053385 0.1578125023515895
0 0.6234375092899427 0.11354167258832604 0.15000000223517418 0.15156250225845724
0 0.7312500108964741 0.26770834729541093 0.20000000298023224 0.13281250197906047
0 0.7906250117812306 0.8895833797287196 0.1750000026077032 0.16562500246800482
0 0.7789062616066076 0.6468750337371603 0.19843750295694917 0.16093750239815563
0 0.1289062519208528 0.892708379891701 0.18593750277068466 0.16093750239815563
0 0.3250000048428774 0.12187500635627657 0.15000000223517418 0.15156250225845724
0 0.8703125129686669 0.4072916879085824 0.15000000223517418 0.15156250225845724
0 0.8164062621654011 0.08125000423751771 0.15156250225845724 0.11875000176951289
1 0.4539062567637302 0.3218750167870894 0.3234375048195943 0.3453125051455572
0 0.0703125010477379 0.6645833679940552 0.13750000204890966 0.1843750027474016
0 0.19843750295694917 0.34791668481193483 0.17187500256113708 0.19375000288709998
0 0.6007812589523382 0.5552083622897044 0.13906250207219273 0.16093750239815563
0 0.41093750612344593 0.6010416980134323 0.17812500265426934 0.12968750193249434
0 0.5437500081025064 0.7531250392785296 0.19062500284053385 0.1578125023515895
0 0.3562500053085387 0.830208376632072 0.19062500284053385 0.1578125023515895
0 0.6234375092899427 0.11354167258832604 0.15000000223517418 0.15156250225845724
0 0.7312500108964741 0.26770834729541093 0.20000000298023224 0.13281250197906047
0 0.7906250117812306 0.8895833797287196 0.1750000026077032 0.16562500246800482
0 0.7789062616066076 0.6468750337371603 0.19843750295694917 0.16093750239815563
0 0.1289062519208528 0.892708379891701 0.18593750277068466 0.16093750239815563
0 0.3250000048428774 0.12187500635627657 0.15000000223517418 0.15156250225845724
0 0.8703125129686669 0.4072916879085824 0.15000000223517418 0.15156250225845724
0 0.8164062621654011 0.08125000423751771 0.15156250225845724 0.11875000176951289
1 0.4539062567637302 0.3218750167870894 0.3234375048195943 0.3453125051455572
0 0.0703125010477379 0.6645833679940552 0.13750000204890966 0.1843750027474016
0 0.19843750295694917 0.34791668481193483 0.17187500256113708 0.19375000288709998
0 0.6007812589523382 0.5552083622897044 0.13906250207219273 0.16093750239815563
0 0.41093750612344593 0.6010416980134323 0.17812500265426934 0.12968750193249434
0 0.5437500081025064 0.7531250392785296 0.19062500284053385 0.1578125023515895
0 0.3562500053085387 0.830208376632072 0.19062500284053385 0.1578125023515895
0 0.6234375092899427 0.11354167258832604 0.15000000223517418 0.15156250225845724
0 0.7312500108964741 0.26770834729541093 0.20000000298023224 0.13281250197906047
0 0.7906250117812306 0.8895833797287196 0.1750000026077032 0.16562500246800482
0 0.7789062616066076 0.6468750337371603 0.19843750295694917 0.16093750239815563
0 0.1289062519208528 0.892708379891701 0.18593750277068466 0.16093750239815563
0 0.3250000048428774 0.12187500635627657 0.15000000223517418 0.15156250225845724
0 0.8703125129686669 0.4072916879085824 0.15000000223517418 0.15156250225845724
0 0.8164062621654011 0.08125000423751771 0.15156250225845724 0.11875000176951289
1 0.4539062567637302 0.3218750167870894 0.3234375048195943 0.3453125051455572
0 0.0703125010477379 0.6645833679940552 0.13750000204890966 0.1843750027474016
0 0.19843750295694917 0.34791668481193483 0.17187500256113708 0.19375000288709998
0 0.6007812589523382 0.5552083622897044 0.13906250207219273 0.16093750239815563
0 0.41093750612344593 0.6010416980134323 0.17812500265426934 0.12968750193249434
0 0.5437500081025064 0.7531250392785296 0.19062500284053385 0.1578125023515895
0 0.3562500053085387 0.830208376632072 0.19062500284053385 0.1578125023515895
0 0.6234375092899427 0.11354167258832604 0.15000000223517418 0.15156250225845724
0 0.7312500108964741 0.26770834729541093 0.20000000298023224 0.13281250197906047
0 0.7906250117812306 0.8895833797287196 0.1750000026077032 0.16562500246800482
0 0.7789062616066076 0.6468750337371603 0.19843750295694917 0.16093750239815563
0 0.1289062519208528 0.892708379891701 0.18593750277068466 0.16093750239815563
0 0.3250000048428774 0.12187500635627657 0.15000000223517418 0.15156250225845724
0 0.8703125129686669 0.4072916879085824 0.15000000223517418 0.15156250225845724
0 0.8164062621654011 0.08125000423751771 0.15156250225845724 0.11875000176951289
1 0.4539062567637302 0.3218750167870894 0.3234375048195943 0.3453125051455572
0 0.0703125010477379 0.6645833679940552 0.13750000204890966 0.1843750027474016
0 0.19843750295694917 0.34791668481193483 0.17187500256113708 0.19375000288709998
0 0.6007812589523382 0.5552083622897044 0.13906250207219273 0.16093750239815563
0 0.41093750612344593 0.6010416980134323 0.17812500265426934 0.12968750193249434
0 0.5437500081025064 0.7531250392785296 0.19062500284053385 0.1578125023515895
0 0.3562500053085387 0.830208376632072 0.19062500284053385 0.1578125023515895
0 0.6234375092899427 0.11354167258832604 0.15000000223517418 0.15156250225845724
0 0.7312500108964741 0.26770834729541093 0.20000000298023224 0.13281250197906047
0 0.7906250117812306 0.8895833797287196 0.1750000026077032 0.16562500246800482
0 0.7789062616066076 0.6468750337371603 0.19843750295694917 0.16093750239815563
0 0.1289062519208528 0.892708379891701 0.18593750277068466 0.16093750239815563
0 0.3250000048428774 0.12187500635627657 0.15000000223517418 0.15156250225845724
0 0.8703125129686669 0.4072916879085824 0.15000000223517418 0.15156250225845724
0 0.8164062621654011 0.08125000423751771 0.15156250225845724 0.11875000176951289
1 0.4539062567637302 0.3218750167870894 0.3234375048195943 0.3453125051455572
0 0.0703125010477379 0.6645833679940552 0.13750000204890966 0.1843750027474016
0 0.19843750295694917 0.34791668481193483 0.17187500256113708 0.19375000288709998
0 0.6007812589523382 0.5552083622897044 0.13906250207219273 0.16093750239815563
0 0.41093750612344593 0.6010416980134323 0.17812500265426934 0.12968750193249434
0 0.5437500081025064 0.7531250392785296 0.19062500284053385 0.1578125023515895
0 0.3562500053085387 0.830208376632072 0.19062500284053385 0.1578125023515895
0 0.6234375092899427 0.11354167258832604 0.15000000223517418 0.15156250225845724
0 0.7312500108964741 0.26770834729541093 0.20000000298023224 0.13281250197906047
0 0.7906250117812306 0.8895833797287196 0.1750000026077032 0.16562500246800482
0 0.7789062616066076 0.6468750337371603 0.19843750295694917 0.16093750239815563
0 0.1289062519208528 0.892708379891701 0.18593750277068466 0.16093750239815563
0 0.3250000048428774 0.12187500635627657 0.15000000223517418 0.15156250225845724
0 0.8703125129686669 0.4072916879085824 0.15000000223517418 0.15156250225845724
0 0.8164062621654011 0.08125000423751771 0.15156250225845724 0.11875000176951289
1 0.4539062567637302 0.3218750167870894 0.3234375048195943 0.3453125051455572
0 0.0703125010477379 0.6645833679940552 0.13750000204890966 0.1843750027474016
0 0.19843750295694917 0.34791668481193483 0.17187500256113708 0.19375000288709998
0 0.6007812589523382 0.5552083622897044 0.13906250207219273 0.16093750239815563
0 0.41093750612344593 0.6010416980134323 0.17812500265426934 0.12968750193249434
0 0.5437500081025064 0.7531250392785296 0.19062500284053385 0.1578125023515895
0 0.3562500053085387 0.830208376632072 0.19062500284053385 0.1578125023515895
0 0.6234375092899427 0.11354167258832604 0.15000000223517418 0.15156250225845724
0 0.7312500108964741 0.26770834729541093 0.20000000298023224 0.13281250197906047
0 0.7906250117812306 0.8895833797287196 0.1750000026077032 0.16562500246800482
0 0.7789062616066076 0.6468750337371603 0.19843750295694917 0.16093750239815563
0 0.1289062519208528 0.892708379891701 0.18593750277068466 0.16093750239815563
0 0.3250000048428774 0.12187500635627657 0.15000000223517418 0.15156250225845724
0 0.8703125129686669 0.4072916879085824 0.15000000223517418 0.15156250225845724
0 0.8164062621654011 0.08125000423751771 0.15156250225845724 0.11875000176951289
1 0.4539062567637302 0.3218750167870894 0.3234375048195943 0.3453125051455572
0 0.0703125010477379 0.6645833679940552 0.13750000204890966 0.1843750027474016
0 0.19843750295694917 0.34791668481193483 0.17187500256113708 0.19375000288709998
0 0.6007812589523382 0.5552083622897044 0.13906250207219273 0.16093750239815563
0 0.41093750612344593 0.6010416980134323 0.17812500265426934 0.12968750193249434
0 0.5437500081025064 0.7531250392785296 0.19062500284053385 0.1578125023515895
0 0.3562500053085387 0.830208376632072 0.19062500284053385 0.1578125023515895
0 0.6234375092899427 0.11354167258832604 0.15000000223517418 0.15156250225845724
0 0.7312500108964741 0.26770834729541093 0.20000000298023224 0.13281250197906047
0 0.7906250117812306 0.8895833797287196 0.1750000026077032 0.16562500246800482
0 0.7789062616066076 0.6468750337371603 0.19843750295694917 0.16093750239815563
0 0.1289062519208528 0.892708379891701 0.18593750277068466 0.16093750239815563
0 0.3250000048428774 0.12187500635627657 0.15000000223517418 0.15156250225845724
0 0.8703125129686669 0.4072916879085824 0.15000000223517418 0.15156250225845724
0 0.8164062621654011 0.08125000423751771 0.15156250225845724 0.11875000176951289
1 0.4539062567637302 0.3218750167870894 0.3234375048195943 0.3453125051455572
0 0.0703125010477379 0.6645833679940552 0.13750000204890966 0.1843750027474016
0 0.19843750295694917 0.34791668481193483 0.17187500256113708 0.19375000288709998
0 0.6007812589523382 0.5552083622897044 0.13906250207219273 0.16093750239815563
0 0.41093750612344593 0.6010416980134323 0.17812500265426934 0.12968750193249434
0 0.5437500081025064 0.7531250392785296 0.19062500284053385 0.1578125023515895
0 0.3562500053085387 0.830208376632072 0.19062500284053385 0.1578125023515895
0 0.6234375092899427 0.11354167258832604 0.15000000223517418 0.15156250225845724
0 0.7312500108964741 0.26770834729541093 0.20000000298023224 0.13281250197906047
0 0.7906250117812306 0.8895833797287196 0.1750000026077032 0.16562500246800482
0 0.7789062616066076 0.6468750337371603 0.19843750295694917 0.16093750239815563
0 0.1289062519208528 0.892708379891701 0.18593750277068466 0.16093750239815563
0 0.3250000048428774 0.12187500635627657 0.15000000223517418 0.15156250225845724
0 0.8703125129686669 0.4072916879085824 0.15000000223517418 0.15156250225845724
0 0.8164062621654011 0.08125000423751771 0.15156250225845724 0.11875000176951289
1 0.4539062567637302 0.3218750167870894 0.3234375048195943 0.3453125051455572
0 0.0703125010477379 0.6645833679940552 0.13750000204890966 0.1843750027474016
0 0.19843750295694917 0.34791668481193483 0.17187500256113708 0.19375000288709998
0 0.6007812589523382 0.5552083622897044 0.13906250207219273 0.16093750239815563
0 0.41093750612344593 0.6010416980134323 0.17812500265426934 0.12968750193249434
0 0.5437500081025064 0.7531250392785296 0.19062500284053385 0.1578125023515895
0 0.3562500053085387 0.830208376632072 0.19062500284053385 0.1578125023515895
0 0.6234375092899427 0.11354167258832604 0.15000000223517418 0.15156250225845724
0 0.7312500108964741 0.26770834729541093 0.20000000298023224 0.13281250197906047
0 0.7906250117812306 0.8895833797287196 0.1750000026077032 0.16562500246800482
0 0.7789062616066076 0.6468750337371603 0.19843750295694917 0.16093750239815563
0 0.1289062519208528 0.892708379891701 0.18593750277068466 0.16093750239815563
0 0.3250000048428774 0.12187500635627657 0.15000000223517418 0.15156250225845724
0 0.8703125129686669 0.4072916879085824 0.15000000223517418 0.15156250225845724
0 0.8164062621654011 0.08125000423751771 0.15156250225845724 0.11875000176951289
1 0.4539062567637302 0.3218750167870894 0.3234375048195943 0.3453125051455572
0 0.0703125010477379 0.6645833679940552 0.13750000204890966 0.1843750027474016
0 0.19843750295694917 0.34791668481193483 0.17187500256113708 0.19375000288709998
0 0.6007812589523382 0.5552083622897044 0.13906250207219273 0.16093750239815563
0 0.41093750612344593 0.6010416980134323 0.17812500265426934 0.12968750193249434
0 0.5437500081025064 0.7531250392785296 0.19062500284053385 0.1578125023515895
0 0.3562500053085387 0.830208376632072 0.19062500284053385 0.1578125023515895
0 0.6234375092899427 0.11354167258832604 0.15000000223517418 0.15156250225845724
0 0.7312500108964741 0.26770834729541093 0.20000000298023224 0.13281250197906047
0 0.7906250117812306 0.8895833797287196 0.1750000026077032 0.16562500246800482
0 0.7789062616066076 0.6468750337371603 0.19843750295694917 0.16093750239815563
0 0.1289062519208528 0.892708379891701 0.18593750277068466 0.16093750239815563
0 0.3250000048428774 0.12187500635627657 0.15000000223517418 0.15156250225845724
0 0.8703125129686669 0.4072916879085824 0.15000000223517418 0.15156250225845724
0 0.8164062621654011 0.08125000423751771 0.15156250225845724 0.11875000176951289
1 0.4539062567637302 0.3218750167870894 0.3234375048195943 0.3453125051455572
0 0.0703125 0.6645833849906921 0.13750000298023224 0.18437500298023224
0 0.19843749701976776 0.34791669249534607 0.171875 0.19375000894069672
0 0.600781261920929 0.5552083849906921 0.13906250894069672 0.16093750298023224
0 0.41093751788139343 0.6010416746139526 0.17812500894069672 0.12968750298023224
0 0.543749988079071 0.753125011920929 0.19062499701976776 0.15781250596046448
0 0.35625001788139343 0.8302083611488342 0.19062499701976776 0.15781250596046448
0 0.6234375238418579 0.11354167014360428 0.15000000596046448 0.15156249701976776
0 0.731249988079071 0.26770836114883423 0.20000000298023224 0.1328125
0 0.7906250357627869 0.88958340883255 0.17499999701976776 0.16562500596046448
0 0.7789062857627869 0.6468750238418579 0.19843749701976776 0.16093750298023224
0 0.12890625 0.8927083611488342 0.18593750894069672 0.16093750298023224
0 0.32500001788139343 0.12187500298023224 0.15000000596046448 0.15156249701976776
0 0.870312511920929 0.4072916805744171 0.15000000596046448 0.15156249701976776
0 0.81640625 0.08125000447034836 0.15156249701976776 0.11874999850988388
1 0.45390626788139343 0.3218750059604645 0.32343751192092896 0.3453125059604645
0 0.0703125 0.6645833849906921 0.13750000298023224 0.18437500298023224
0 0.19843749701976776 0.34791669249534607 0.171875 0.19375000894069672
0 0.600781261920929 0.5552083849906921 0.13906250894069672 0.16093750298023224
0 0.41093751788139343 0.6010416746139526 0.17812500894069672 0.12968750298023224
0 0.543749988079071 0.753125011920929 0.19062499701976776 0.15781250596046448
0 0.35625001788139343 0.8302083611488342 0.19062499701976776 0.15781250596046448
0 0.6234375238418579 0.11354167014360428 0.15000000596046448 0.15156249701976776
0 0.731249988079071 0.26770836114883423 0.20000000298023224 0.1328125
0 0.7906250357627869 0.88958340883255 0.17499999701976776 0.16562500596046448
0 0.7789062857627869 0.6468750238418579 0.19843749701976776 0.16093750298023224
0 0.12890625 0.8927083611488342 0.18593750894069672 0.16093750298023224
0 0.32500001788139343 0.12187500298023224 0.15000000596046448 0.15156249701976776
0 0.870312511920929 0.4072916805744171 0.15000000596046448 0.15156249701976776
0 0.81640625 0.08125000447034836 0.15156249701976776 0.11874999850988388
1 0.45390626788139343 0.3218750059604645 0.32343751192092896 0.3453125059604645
0 0.0703125 0.6645833849906921 0.13750000298023224 0.18437500298023224
0 0.19843749701976776 0.34791669249534607 0.171875 0.19375000894069672
0 0.600781261920929 0.5552083849906921 0.13906250894069672 0.16093750298023224
0 0.41093751788139343 0.6010416746139526 0.17812500894069672 0.12968750298023224
0 0.543749988079071 0.753125011920929 0.19062499701976776 0.15781250596046448
0 0.35625001788139343 0.8302083611488342 0.19062499701976776 0.15781250596046448
0 0.6234375238418579 0.11354167014360428 0.15000000596046448 0.15156249701976776
0 0.731249988079071 0.26770836114883423 0.20000000298023224 0.1328125
0 0.7906250357627869 0.88958340883255 0.17499999701976776 0.16562500596046448
0 0.7789062857627869 0.6468750238418579 0.19843749701976776 0.16093750298023224
0 0.12890625 0.8927083611488342 0.18593750894069672 0.16093750298023224
0 0.32500001788139343 0.12187500298023224 0.15000000596046448 0.15156249701976776
0 0.870312511920929 0.4072916805744171 0.15000000596046448 0.15156249701976776
0 0.81640625 0.08125000447034836 0.15156249701976776 0.11874999850988388
1 0.45390626788139343 0.3218750059604645 0.32343751192092896 0.3453125059604645
0 0.0703125 0.6645833849906921 0.13750000298023224 0.18437500298023224
0 0.19843749701976776 0.34791669249534607 0.171875 0.19375000894069672
0 0.600781261920929 0.5552083849906921 0.13906250894069672 0.16093750298023224
0 0.41093751788139343 0.6010416746139526 0.17812500894069672 0.12968750298023224
0 0.543749988079071 0.753125011920929 0.19062499701976776 0.15781250596046448
0 0.35625001788139343 0.8302083611488342 0.19062499701976776 0.15781250596046448
0 0.6234375238418579 0.11354167014360428 0.15000000596046448 0.15156249701976776
0 0.731249988079071 0.26770836114883423 0.20000000298023224 0.1328125
0 0.7906250357627869 0.88958340883255 0.17499999701976776 0.16562500596046448
0 0.7789062857627869 0.6468750238418579 0.19843749701976776 0.16093750298023224
0 0.12890625 0.8927083611488342 0.18593750894069672 0.16093750298023224
0 0.32500001788139343 0.12187500298023224 0.15000000596046448 0.15156249701976776
0 0.870312511920929 0.4072916805744171 0.15000000596046448 0.15156249701976776
0 0.81640625 0.08125000447034836 0.15156249701976776 0.11874999850988388
1 0.45390626788139343 0.3218750059604645 0.32343751192092896 0.3453125059604645
0 0.0703125 0.6645833849906921 0.13750000298023224 0.18437500298023224
0 0.19843749701976776 0.34791669249534607 0.171875 0.19375000894069672
0 0.600781261920929 0.5552083849906921 0.13906250894069672 0.16093750298023224
0 0.41093751788139343 0.6010416746139526 0.17812500894069672 0.12968750298023224
0 0.543749988079071 0.753125011920929 0.19062499701976776 0.15781250596046448
0 0.35625001788139343 0.8302083611488342 0.19062499701976776 0.15781250596046448
0 0.6234375238418579 0.11354167014360428 0.15000000596046448 0.15156249701976776
0 0.731249988079071 0.26770836114883423 0.20000000298023224 0.1328125
0 0.7906250357627869 0.88958340883255 0.17499999701976776 0.16562500596046448
0 0.7789062857627869 0.6468750238418579 0.19843749701976776 0.16093750298023224
0 0.12890625 0.8927083611488342 0.18593750894069672 0.16093750298023224
0 0.32500001788139343 0.12187500298023224 0.15000000596046448 0.15156249701976776
0 0.870312511920929 0.4072916805744171 0.15000000596046448 0.15156249701976776
0 0.81640625 0.08125000447034836 0.15156249701976776 0.11874999850988388
1 0.45390626788139343 0.3218750059604645 0.32343751192092896 0.3453125059604645
0 0.0703125 0.6645833849906921 0.13750000298023224 0.18437500298023224
0 0.19843749701976776 0.34791669249534607 0.171875 0.19375000894069672
0 0.600781261920929 0.5552083849906921 0.13906250894069672 0.16093750298023224
0 0.41093751788139343 0.6010416746139526 0.17812500894069672 0.12968750298023224
0 0.543749988079071 0.753125011920929 0.19062499701976776 0.15781250596046448
0 0.35625001788139343 0.8302083611488342 0.19062499701976776 0.15781250596046448
0 0.6234375238418579 0.11354167014360428 0.15000000596046448 0.15156249701976776
0 0.731249988079071 0.26770836114883423 0.20000000298023224 0.1328125
0 0.7906250357627869 0.88958340883255 0.17499999701976776 0.16562500596046448
0 0.7789062857627869 0.6468750238418579 0.19843749701976776 0.16093750298023224
0 0.12890625 0.8927083611488342 0.18593750894069672 0.16093750298023224
0 0.32500001788139343 0.12187500298023224 0.15000000596046448 0.15156249701976776
0 0.870312511920929 0.4072916805744171 0.15000000596046448 0.15156249701976776
0 0.81640625 0.08125000447034836 0.15156249701976776 0.11874999850988388
1 0.45390626788139343 0.3218750059604645 0.32343751192092896 0.3453125059604645
0 0.0703125 0.6645833849906921 0.13750000298023224 0.18437500298023224
0 0.19843749701976776 0.34791669249534607 0.171875 0.19375000894069672
0 0.600781261920929 0.5552083849906921 0.13906250894069672 0.16093750298023224
0 0.41093751788139343 0.6010416746139526 0.17812500894069672 0.12968750298023224
0 0.543749988079071 0.753125011920929 0.19062499701976776 0.15781250596046448
0 0.35625001788139343 0.8302083611488342 0.19062499701976776 0.15781250596046448
0 0.6234375238418579 0.11354167014360428 0.15000000596046448 0.15156249701976776
0 0.731249988079071 0.26770836114883423 0.20000000298023224 0.1328125
0 0.7906250357627869 0.88958340883255 0.17499999701976776 0.16562500596046448
0 0.7789062857627869 0.6468750238418579 0.19843749701976776 0.16093750298023224
0 0.12890625 0.8927083611488342 0.18593750894069672 0.16093750298023224
0 0.32500001788139343 0.12187500298023224 0.15000000596046448 0.15156249701976776
0 0.870312511920929 0.4072916805744171 0.15000000596046448 0.15156249701976776
0 0.81640625 0.08125000447034836 0.15156249701976776 0.11874999850988388
1 0.45390626788139343 0.3218750059604645 0.32343751192092896 0.3453125059604645
