1 0.5335937579511665 0.1666666753590107 0.19843750295694917 0.21562500321306288
1 0.631250009406358 0.10000000521540642 0.037500000558793545 0.037500000558793545
1 0.5335937579511665 0.1666666753590107 0.19843750295694917 0.21562500321306288
1 0.631250009406358 0.10000000521540642 0.037500000558793545 0.037500000558793545
1 0.5335937579511665 0.1666666753590107 0.19843750295694917 0.21562500321306288
1 0.631250009406358 0.10000000521540642 0.037500000558793545 0.037500000558793545
1 0.5335937579511665 0.1666666753590107 0.19843750295694917 0.21562500321306288
1 0.631250009406358 0.10000000521540642 0.037500000558793545 0.037500000558793545
1 0.5335937579511665 0.1666666753590107 0.19843750295694917 0.21562500321306288
1 0.631250009406358 0.10000000521540642 0.037500000558793545 0.037500000558793545
1 0.5335937579511665 0.1666666753590107 0.19843750295694917 0.21562500321306288
1 0.631250009406358 0.10000000521540642 0.037500000558793545 0.037500000558793545
1 0.5335937579511665 0.1666666753590107 0.19843750295694917 0.21562500321306288
1 0.631250009406358 0.10000000521540642 0.037500000558793545 0.037500000558793545
1 0.5335937579511665 0.1666666753590107 0.19843750295694917 0.21562500321306288
1 0.631250009406358 0.10000000521540642 0.037500000558793545 0.037500000558793545
1 0.5335937579511665 0.1666666753590107 0.19843750295694917 0.21562500321306288
1 0.631250009406358 0.10000000521540642 0.037500000558793545 0.037500000558793545
1 0.5335937579511665 0.1666666753590107 0.19843750295694917 0.21562500321306288
1 0.631250009406358 0.10000000521540642 0.037500000558793545 0.037500000558793545
1 0.5335937579511665 0.1666666753590107 0.19843750295694917 0.21562500321306288
1 0.631250009406358 0.10000000521540642 0.037500000558793545 0.037500000558793545
1 0.5335937579511665 0.1666666753590107 0.19843750295694917 0.21562500321306288
1 0.631250009406358 0.10000000521540642 0.037500000558793545 0.037500000558793545
1 0.5335937579511665 0.1666666753590107 0.19843750295694917 0.21562500321306288
1 0.631250009406358 0.10000000521540642 0.037500000558793545 0.037500000558793545
1 0.5335937579511665 0.1666666753590107 0.19843750295694917 0.21562500321306288
2 0.631250009406358 0.10000000521540642 0.037500000558793545 0.037500000558793545
1 0.5335937579511665 0.1666666753590107 0.19843750295694917 0.21562500321306288
2 0.631250009406358 0.10000000521540642 0.037500000558793545 0.037500000558793545
1 0.5335937738418579 0.1666666716337204 0.19843749701976776 0.21562500298023224
2 0.6312500238418579 0.10000000894069672 0.03750000149011612 0.03750000149011612
1 0.5335937738418579 0.1666666716337204 0.19843749701976776 0.21562500298023224
2 0.6312500238418579 0.10000000894069672 0.03750000149011612 0.03750000149011612
1 0.5335937738418579 0.1666666716337204 0.19843749701976776 0.21562500298023224
2 0.6312500238418579 0.10000000894069672 0.03750000149011612 0.03750000149011612
1 0.5335937738418579 0.1666666716337204 0.19843749701976776 0.21562500298023224
2 0.6312500238418579 0.10000000894069672 0.03750000149011612 0.03750000149011612
1 0.5335937738418579 0.1666666716337204 0.19843749701976776 0.21562500298023224
2 0.6312500238418579 0.10000000894069672 0.03750000149011612 0.03750000149011612
1 0.5335937738418579 0.1666666716337204 0.19843749701976776 0.21562500298023224
2 0.6312500238418579 0.10000000894069672 0.03750000149011612 0.03750000149011612
1 0.5335937738418579 0.1666666716337204 0.19843749701976776 0.21562500298023224
2 0.6312500238418579 0.10000000894069672 0.03750000149011612 0.03750000149011612
