0 0.3015625044936314 0.8145833758171648 0.1531250022817403 0.1406250020954758
0 0.06484375096624717 0.2416666792705655 0.1265625018859282 0.13750000204890966
0 0.24218750360887498 0.06875000358559191 0.15000000223517418 0.10000000149011612
0 0.39921875594882295 0.09062500472646207 0.17343750258442014 0.13281250197906047
0 0.19765625294530764 0.25000001303851604 0.17343750258442014 0.13437500200234354
0 0.1265625018859282 0.6333333663642406 0.14375000214204192 0.1625000024214387
0 0.1726562525727786 0.7093750369967893 0.11093750165309757 0.14218750211875886
0 0.12343750183936208 0.8406250438420102 0.15625000232830644 0.1671875024912879
0 0.40468750603031367 0.33645835088100284 0.15625000232830644 0.1671875024912879
0 0.8109375120839104 0.36666668578982353 0.1312500019557774 0.1312500019557774
1 0.5296875078929588 0.6375000332482159 0.30937500461004674 0.2718750040512532
0 0.3015625044936314 0.8145833758171648 0.1531250022817403 0.1406250020954758
0 0.06484375096624717 0.2416666792705655 0.1265625018859282 0.13750000204890966
0 0.24218750360887498 0.06875000358559191 0.15000000223517418 0.10000000149011612
0 0.39921875594882295 0.09062500472646207 0.17343750258442014 0.13281250197906047
0 0.19765625294530764 0.25000001303851604 0.17343750258442014 0.13437500200234354
0 0.1265625018859282 0.6333333663642406 0.14375000214204192 0.1625000024214387
0 0.1726562525727786 0.7093750369967893 0.11093750165309757 0.14218750211875886
0 0.12343750183936208 0.8406250438420102 0.15625000232830644 0.1671875024912879
0 0.40468750603031367 0.33645835088100284 0.15625000232830644 0.1671875024912879
0 0.8109375120839104 0.36666668578982353 0.1312500019557774 0.1312500019557774
1 0.5296875078929588 0.6375000332482159 0.30937500461004674 0.2718750040512532
0 0.3015625044936314 0.8145833758171648 0.1531250022817403 0.1406250020954758
0 0.06484375096624717 0.2416666792705655 0.1265625018859282 0.13750000204890966
0 0.24218750360887498 0.06875000358559191 0.15000000223517418 0.10000000149011612
0 0.39921875594882295 0.09062500472646207 0.17343750258442014 0.13281250197906047
0 0.19765625294530764 0.25000001303851604 0.17343750258442014 0.13437500200234354
0 0.1265625018859282 0.6333333663642406 0.14375000214204192 0.1625000024214387
0 0.1726562525727786 0.7093750369967893 0.11093750165309757 0.14218750211875886
0 0.12343750183936208 0.8406250438420102 0.15625000232830644 0.1671875024912879
0 0.40468750603031367 0.33645835088100284 0.15625000232830644 0.1671875024912879
0 0.8109375120839104 0.36666668578982353 0.1312500019557774 0.1312500019557774
1 0.5296875078929588 0.6375000332482159 0.30937500461004674 0.2718750040512532
0 0.3015625044936314 0.8145833758171648 0.1531250022817403 0.1406250020954758
0 0.06484375096624717 0.2416666792705655 0.1265625018859282 0.13750000204890966
0 0.24218750360887498 0.06875000358559191 0.15000000223517418 0.10000000149011612
0 0.39921875594882295 0.09062500472646207 0.17343750258442014 0.13281250197906047
0 0.19765625294530764 0.25000001303851604 0.17343750258442014 0.13437500200234354
0 0.1265625018859282 0.6333333663642406 0.14375000214204192 0.1625000024214387
0 0.1726562525727786 0.7093750369967893 0.11093750165309757 0.14218750211875886
0 0.12343750183936208 0.8406250438420102 0.15625000232830644 0.1671875024912879
0 0.40468750603031367 0.33645835088100284 0.15625000232830644 0.1671875024912879
0 0.8109375120839104 0.36666668578982353 0.1312500019557774 0.1312500019557774
1 0.5296875078929588 0.6375000332482159 0.30937500461004674 0.2718750040512532
0 0.3015625044936314 0.8145833758171648 0.1531250022817403 0.1406250020954758
0 0.06484375096624717 0.2416666792705655 0.1265625018859282 0.13750000204890966
0 0.24218750360887498 0.06875000358559191 0.15000000223517418 0.10000000149011612
0 0.39921875594882295 0.09062500472646207 0.17343750258442014 0.13281250197906047
0 0.19765625294530764 0.25000001303851604 0.17343750258442014 0.13437500200234354
0 0.1265625018859282 0.6333333663642406 0.14375000214204192 0.1625000024214387
0 0.1726562525727786 0.7093750369967893 0.11093750165309757 0.14218750211875886
0 0.12343750183936208 0.8406250438420102 0.15625000232830644 0.1671875024912879
0 0.40468750603031367 0.33645835088100284 0.15625000232830644 0.1671875024912879
0 0.8109375120839104 0.36666668578982353 0.1312500019557774 0.1312500019557774
1 0.5296875078929588 0.6375000332482159 0.30937500461004674 0.2718750040512532
0 0.3015625044936314 0.8145833758171648 0.1531250022817403 0.1406250020954758
0 0.06484375096624717 0.2416666792705655 0.1265625018859282 0.13750000204890966
0 0.24218750360887498 0.06875000358559191 0.15000000223517418 0.10000000149011612
0 0.39921875594882295 0.09062500472646207 0.17343750258442014 0.13281250197906047
0 0.19765625294530764 0.25000001303851604 0.17343750258442014 0.13437500200234354
0 0.1265625018859282 0.6333333663642406 0.14375000214204192 0.1625000024214387
0 0.1726562525727786 0.7093750369967893 0.11093750165309757 0.14218750211875886
0 0.12343750183936208 0.8406250438420102 0.15625000232830644 0.1671875024912879
0 0.40468750603031367 0.33645835088100284 0.15625000232830644 0.1671875024912879
0 0.8109375120839104 0.36666668578982353 0.1312500019557774 0.1312500019557774
1 0.5296875078929588 0.6375000332482159 0.30937500461004674 0.2718750040512532
0 0.3015625044936314 0.8145833758171648 0.1531250022817403 0.1406250020954758
0 0.06484375096624717 0.2416666792705655 0.1265625018859282 0.13750000204890966
0 0.24218750360887498 0.06875000358559191 0.15000000223517418 0.10000000149011612
0 0.39921875594882295 0.09062500472646207 0.17343750258442014 0.13281250197906047
0 0.19765625294530764 0.25000001303851604 0.17343750258442014 0.13437500200234354
0 0.1265625018859282 0.6333333663642406 0.14375000214204192 0.1625000024214387
0 0.1726562525727786 0.7093750369967893 0.11093750165309757 0.14218750211875886
0 0.12343750183936208 0.8406250438420102 0.15625000232830644 0.1671875024912879
0 0.40468750603031367 0.33645835088100284 0.15625000232830644 0.1671875024912879
0 0.8109375120839104 0.36666668578982353 0.1312500019557774 0.1312500019557774
1 0.5296875078929588 0.6375000332482159 0.30937500461004674 0.2718750040512532
0 0.3015625044936314 0.8145833758171648 0.1531250022817403 0.1406250020954758
0 0.06484375096624717 0.2416666792705655 0.1265625018859282 0.13750000204890966
0 0.24218750360887498 0.06875000358559191 0.15000000223517418 0.10000000149011612
0 0.39921875594882295 0.09062500472646207 0.17343750258442014 0.13281250197906047
0 0.19765625294530764 0.25000001303851604 0.17343750258442014 0.13437500200234354
0 0.1265625018859282 0.6333333663642406 0.14375000214204192 0.1625000024214387
0 0.1726562525727786 0.7093750369967893 0.11093750165309757 0.14218750211875886
0 0.12343750183936208 0.8406250438420102 0.15625000232830644 0.1671875024912879
0 0.40468750603031367 0.33645835088100284 0.15625000232830644 0.1671875024912879
0 0.8109375120839104 0.36666668578982353 0.1312500019557774 0.1312500019557774
1 0.5296875078929588 0.6375000332482159 0.30937500461004674 0.2718750040512532
0 0.3015625044936314 0.8145833758171648 0.1531250022817403 0.1406250020954758
0 0.06484375096624717 0.2416666792705655 0.1265625018859282 0.13750000204890966
0 0.24218750360887498 0.06875000358559191 0.15000000223517418 0.10000000149011612
0 0.39921875594882295 0.09062500472646207 0.17343750258442014 0.13281250197906047
0 0.19765625294530764 0.25000001303851604 0.17343750258442014 0.13437500200234354
0 0.1265625018859282 0.6333333663642406 0.14375000214204192 0.1625000024214387
0 0.1726562525727786 0.7093750369967893 0.11093750165309757 0.14218750211875886
0 0.12343750183936208 0.8406250438420102 0.15625000232830644 0.1671875024912879
0 0.40468750603031367 0.33645835088100284 0.15625000232830644 0.1671875024912879
0 0.8109375120839104 0.36666668578982353 0.1312500019557774 0.1312500019557774
1 0.5296875078929588 0.6375000332482159 0.30937500461004674 0.2718750040512532
0 0.3015625044936314 0.8145833758171648 0.1531250022817403 0.1406250020954758
0 0.06484375096624717 0.2416666792705655 0.1265625018859282 0.13750000204890966
0 0.24218750360887498 0.06875000358559191 0.15000000223517418 0.10000000149011612
0 0.39921875594882295 0.09062500472646207 0.17343750258442014 0.13281250197906047
0 0.19765625294530764 0.25000001303851604 0.17343750258442014 0.13437500200234354
0 0.1265625018859282 0.6333333663642406 0.14375000214204192 0.1625000024214387
0 0.1726562525727786 0.7093750369967893 0.11093750165309757 0.14218750211875886
0 0.12343750183936208 0.8406250438420102 0.15625000232830644 0.1671875024912879
0 0.40468750603031367 0.33645835088100284 0.15625000232830644 0.1671875024912879
0 0.8109375120839104 0.36666668578982353 0.1312500019557774 0.1312500019557774
1 0.5296875078929588 0.6375000332482159 0.30937500461004674 0.2718750040512532
0 0.3015625044936314 0.8145833758171648 0.1531250022817403 0.1406250020954758
0 0.06484375096624717 0.2416666792705655 0.1265625018859282 0.13750000204890966
0 0.24218750360887498 0.06875000358559191 0.15000000223517418 0.10000000149011612
0 0.39921875594882295 0.09062500472646207 0.17343750258442014 0.13281250197906047
0 0.19765625294530764 0.25000001303851604 0.17343750258442014 0.13437500200234354
0 0.1265625018859282 0.6333333663642406 0.14375000214204192 0.1625000024214387
0 0.1726562525727786 0.7093750369967893 0.11093750165309757 0.14218750211875886
0 0.12343750183936208 0.8406250438420102 0.15625000232830644 0.1671875024912879
0 0.40468750603031367 0.33645835088100284 0.15625000232830644 0.1671875024912879
0 0.8109375120839104 0.36666668578982353 0.1312500019557774 0.1312500019557774
1 0.5296875078929588 0.6375000332482159 0.30937500461004674 0.2718750040512532
0 0.3015625044936314 0.8145833758171648 0.1531250022817403 0.1406250020954758
0 0.06484375096624717 0.2416666792705655 0.1265625018859282 0.13750000204890966
0 0.24218750360887498 0.06875000358559191 0.15000000223517418 0.10000000149011612
0 0.39921875594882295 0.09062500472646207 0.17343750258442014 0.13281250197906047
0 0.19765625294530764 0.25000001303851604 0.17343750258442014 0.13437500200234354
0 0.1265625018859282 0.6333333663642406 0.14375000214204192 0.1625000024214387
0 0.1726562525727786 0.7093750369967893 0.11093750165309757 0.14218750211875886
0 0.12343750183936208 0.8406250438420102 0.15625000232830644 0.1671875024912879
0 0.40468750603031367 0.33645835088100284 0.15625000232830644 0.1671875024912879
0 0.8109375120839104 0.36666668578982353 0.1312500019557774 0.1312500019557774
1 0.5296875078929588 0.6375000332482159 0.30937500461004674 0.2718750040512532
0 0.3015625044936314 0.8145833758171648 0.1531250022817403 0.1406250020954758
0 0.06484375096624717 0.2416666792705655 0.1265625018859282 0.13750000204890966
0 0.24218750360887498 0.06875000358559191 0.15000000223517418 0.10000000149011612
0 0.39921875594882295 0.09062500472646207 0.17343750258442014 0.13281250197906047
0 0.19765625294530764 0.25000001303851604 0.17343750258442014 0.13437500200234354
0 0.1265625018859282 0.6333333663642406 0.14375000214204192 0.1625000024214387
0 0.1726562525727786 0.7093750369967893 0.11093750165309757 0.14218750211875886
0 0.12343750183936208 0.8406250438420102 0.15625000232830644 0.1671875024912879
0 0.40468750603031367 0.33645835088100284 0.15625000232830644 0.1671875024912879
0 0.8109375120839104 0.36666668578982353 0.1312500019557774 0.1312500019557774
1 0.5296875078929588 0.6375000332482159 0.30937500461004674 0.2718750040512532
0 0.3015625044936314 0.8145833758171648 0.1531250022817403 0.1406250020954758
0 0.06484375096624717 0.2416666792705655 0.1265625018859282 0.13750000204890966
0 0.24218750360887498 0.06875000358559191 0.15000000223517418 0.10000000149011612
0 0.39921875594882295 0.09062500472646207 0.17343750258442014 0.13281250197906047
0 0.19765625294530764 0.25000001303851604 0.17343750258442014 0.13437500200234354
0 0.1265625018859282 0.6333333663642406 0.14375000214204192 0.1625000024214387
0 0.1726562525727786 0.7093750369967893 0.11093750165309757 0.14218750211875886
0 0.12343750183936208 0.8406250438420102 0.15625000232830644 0.1671875024912879
0 0.40468750603031367 0.33645835088100284 0.15625000232830644 0.1671875024912879
0 0.8109375120839104 0.36666668578982353 0.1312500019557774 0.1312500019557774
1 0.5296875078929588 0.6375000332482159 0.30937500461004674 0.2718750040512532
0 0.3015625044936314 0.8145833758171648 0.1531250022817403 0.1406250020954758
0 0.06484375096624717 0.2416666792705655 0.1265625018859282 0.13750000204890966
0 0.24218750360887498 0.06875000358559191 0.15000000223517418 0.10000000149011612
0 0.39921875594882295 0.09062500472646207 0.17343750258442014 0.13281250197906047
0 0.19765625294530764 0.25000001303851604 0.17343750258442014 0.13437500200234354
0 0.1265625018859282 0.6333333663642406 0.14375000214204192 0.1625000024214387
0 0.1726562525727786 0.7093750369967893 0.11093750165309757 0.14218750211875886
0 0.12343750183936208 0.8406250438420102 0.15625000232830644 0.1671875024912879
0 0.40468750603031367 0.33645835088100284 0.15625000232830644 0.1671875024912879
0 0.8109375120839104 0.36666668578982353 0.1312500019557774 0.1312500019557774
1 0.5296875078929588 0.6375000332482159 0.30937500461004674 0.2718750040512532
0 0.30156251788139343 0.8145833611488342 0.15312500298023224 0.140625
0 0.06484375149011612 0.24166667461395264 0.12656250596046448 0.13750000298023224
0 0.2421875 0.06875000149011612 0.15000000596046448 0.10000000149011612
0 0.39921876788139343 0.09062500298023224 0.17343750596046448 0.1328125
0 0.19765625894069672 0.25 0.17343750596046448 0.13437500596046448
0 0.12656250596046448 0.6333333849906921 0.14374999701976776 0.16250000894069672
0 0.17265625298023224 0.7093750238418579 0.11093749850988388 0.14218750596046448
0 0.12343750149011612 0.8406250476837158 0.15625 0.16718749701976776
0 0.4046874940395355 0.33645835518836975 0.15625 0.16718749701976776
0 0.8109375238418579 0.36666667461395264 0.13125000894069672 0.13125000894069672
1 0.5296875238418579 0.6375000476837158 0.30937501788139343 0.2718749940395355
0 0.30156251788139343 0.8145833611488342 0.15312500298023224 0.140625
0 0.06484375149011612 0.24166667461395264 0.12656250596046448 0.13750000298023224
0 0.2421875 0.06875000149011612 0.15000000596046448 0.10000000149011612
0 0.39921876788139343 0.09062500298023224 0.17343750596046448 0.1328125
0 0.19765625894069672 0.25 0.17343750596046448 0.13437500596046448
0 0.12656250596046448 0.6333333849906921 0.14374999701976776 0.16250000894069672
0 0.17265625298023224 0.7093750238418579 0.11093749850988388 0.14218750596046448
0 0.12343750149011612 0.8406250476837158 0.15625 0.16718749701976776
0 0.4046874940395355 0.33645835518836975 0.15625 0.16718749701976776
0 0.8109375238418579 0.36666667461395264 0.13125000894069672 0.13125000894069672
1 0.5296875238418579 0.6375000476837158 0.30937501788139343 0.2718749940395355
0 0.30156251788139343 0.8145833611488342 0.15312500298023224 0.140625
0 0.06484375149011612 0.24166667461395264 0.12656250596046448 0.13750000298023224
0 0.2421875 0.06875000149011612 0.15000000596046448 0.10000000149011612
0 0.39921876788139343 0.09062500298023224 0.17343750596046448 0.1328125
0 0.19765625894069672 0.25 0.17343750596046448 0.13437500596046448
0 0.12656250596046448 0.6333333849906921 0.14374999701976776 0.16250000894069672
0 0.17265625298023224 0.7093750238418579 0.11093749850988388 0.14218750596046448
0 0.12343750149011612 0.8406250476837158 0.15625 0.16718749701976776
0 0.4046874940395355 0.33645835518836975 0.15625 0.16718749701976776
0 0.8109375238418579 0.36666667461395264 0.13125000894069672 0.13125000894069672
1 0.5296875238418579 0.6375000476837158 0.30937501788139343 0.2718749940395355
0 0.30156251788139343 0.8145833611488342 0.15312500298023224 0.140625
0 0.06484375149011612 0.24166667461395264 0.12656250596046448 0.13750000298023224
0 0.2421875 0.06875000149011612 0.15000000596046448 0.10000000149011612
0 0.39921876788139343 0.09062500298023224 0.17343750596046448 0.1328125
0 0.19765625894069672 0.25 0.17343750596046448 0.13437500596046448
0 0.12656250596046448 0.6333333849906921 0.14374999701976776 0.16250000894069672
0 0.17265625298023224 0.7093750238418579 0.11093749850988388 0.14218750596046448
0 0.12343750149011612 0.8406250476837158 0.15625 0.16718749701976776
0 0.4046874940395355 0.33645835518836975 0.15625 0.16718749701976776
0 0.8109375238418579 0.36666667461395264 0.13125000894069672 0.13125000894069672
1 0.5296875238418579 0.6375000476837158 0.30937501788139343 0.2718749940395355
0 0.30156251788139343 0.8145833611488342 0.15312500298023224 0.140625
0 0.06484375149011612 0.24166667461395264 0.12656250596046448 0.13750000298023224
0 0.2421875 0.06875000149011612 0.15000000596046448 0.10000000149011612
0 0.39921876788139343 0.09062500298023224 0.17343750596046448 0.1328125
0 0.19765625894069672 0.25 0.17343750596046448 0.13437500596046448
0 0.12656250596046448 0.6333333849906921 0.14374999701976776 0.16250000894069672
0 0.17265625298023224 0.7093750238418579 0.11093749850988388 0.14218750596046448
0 0.12343750149011612 0.8406250476837158 0.15625 0.16718749701976776
0 0.4046874940395355 0.33645835518836975 0.15625 0.16718749701976776
0 0.8109375238418579 0.36666667461395264 0.13125000894069672 0.13125000894069672
1 0.5296875238418579 0.6375000476837158 0.30937501788139343 0.2718749940395355
0 0.30156251788139343 0.8145833611488342 0.15312500298023224 0.140625
0 0.06484375149011612 0.24166667461395264 0.12656250596046448 0.13750000298023224
0 0.2421875 0.06875000149011612 0.15000000596046448 0.10000000149011612
0 0.39921876788139343 0.09062500298023224 0.17343750596046448 0.1328125
0 0.19765625894069672 0.25 0.17343750596046448 0.13437500596046448
0 0.12656250596046448 0.6333333849906921 0.14374999701976776 0.16250000894069672
0 0.17265625298023224 0.7093750238418579 0.11093749850988388 0.14218750596046448
0 0.12343750149011612 0.8406250476837158 0.15625 0.16718749701976776
0 0.4046874940395355 0.33645835518836975 0.15625 0.16718749701976776
0 0.8109375238418579 0.36666667461395264 0.13125000894069672 0.13125000894069672
1 0.5296875238418579 0.6375000476837158 0.30937501788139343 0.2718749940395355
0 0.30156251788139343 0.8145833611488342 0.15312500298023224 0.140625
0 0.06484375149011612 0.24166667461395264 0.12656250596046448 0.13750000298023224
0 0.2421875 0.06875000149011612 0.15000000596046448 0.10000000149011612
0 0.39921876788139343 0.09062500298023224 0.17343750596046448 0.1328125
0 0.19765625894069672 0.25 0.17343750596046448 0.13437500596046448
0 0.12656250596046448 0.6333333849906921 0.14374999701976776 0.16250000894069672
0 0.17265625298023224 0.7093750238418579 0.11093749850988388 0.14218750596046448
0 0.12343750149011612 0.8406250476837158 0.15625 0.16718749701976776
0 0.4046874940395355 0.33645835518836975 0.15625 0.16718749701976776
0 0.8109375238418579 0.36666667461395264 0.13125000894069672 0.13125000894069672
1 0.5296875238418579 0.6375000476837158 0.30937501788139343 0.2718749940395355
