1 0.751562511199154 0.7520833725575358 0.18750000279396772 0.1843750027474016
0 0.3734375055646524 0.3458333513699472 0.1625000024214387 0.1843750027474016
0 0.5054687575320713 0.28020834794733673 0.16093750239815563 0.14218750211875886
0 0.47265625704312697 0.45937502395827323 0.16093750239815563 0.14218750211875886
0 0.49921875743893906 0.5093750265659764 0.16093750239815563 0.14218750211875886
0 0.910156263562385 0.39791668741963804 0.1671875024912879 0.19062500284053385
0 0.9320312638883479 0.5072916931239888 0.1359375020256266 0.16406250244472176
0 0.8164062621654011 0.557291695731692 0.1359375020256266 0.16406250244472176
0 0.7679687614436261 0.49687502591405064 0.1359375020256266 0.16406250244472176
0 0.7085937605588697 0.47812502493616194 0.1359375020256266 0.16406250244472176
0 0.6335937594412826 0.4343750226544216 0.1359375020256266 0.16406250244472176
0 0.8804687631200068 0.17812500928994268 0.1359375020256266 0.16406250244472176
0 0.8164062621654011 0.16354167519602925 0.1359375020256266 0.16406250244472176
0 0.6757812600699253 0.14062500733416528 0.1359375020256266 0.16406250244472176
0 0.21796875324798748 0.8885417130077258 0.1359375020256266 0.13906250207219273
0 0.0898437513387762 0.7593750396044925 0.1359375020256266 0.13906250207219273
0 0.0945312514086254 0.25104167975950986 0.1359375020256266 0.13906250207219273
0 0.10078125150175765 0.3895833536516875 0.1578125023515895 0.15937500237487257
0 0.13671875203726813 0.4625000241212547 0.1578125023515895 0.15937500237487257
0 0.15234375227009878 0.08958333800546825 0.15468750230502337 0.11875000176951289
0 0.25390625378349796 0.10625000554136932 0.15468750230502337 0.11875000176951289
0 0.2742187540861778 0.14375000749714673 0.15468750230502337 0.11875000176951289
0 0.9242187637719326 0.8072917087702081 0.15156250225845724 0.16406250244472176
0 0.5898437587893568 0.9541667164303362 0.14531250216532499 0.06875000102445483
0 0.36796875548316166 0.7458333722315729 0.17656250263098627 0.16562500246800482
0 0.31484375469153747 0.6125000319443643 0.17656250263098627 0.16562500246800482
0 0.23671875352738425 0.5770833634305745 0.17656250263098627 0.16562500246800482
1 0.23906250356230885 0.2791666812263429 0.0656250009778887 0.07187500107102096
1 0.594531258859206 0.17083334224298596 0.051562500768341124 0.059375000884756446
0 0.08046875119907781 0.619791698991321 0.1578125023515895 0.15468750230502337
1 0.751562511199154 0.7520833725575358 0.18750000279396772 0.1843750027474016
0 0.3734375055646524 0.3458333513699472 0.1625000024214387 0.1843750027474016
0 0.5054687575320713 0.28020834794733673 0.16093750239815563 0.14218750211875886
0 0.47265625704312697 0.45937502395827323 0.16093750239815563 0.14218750211875886
0 0.49921875743893906 0.5093750265659764 0.16093750239815563 0.14218750211875886
0 0.910156263562385 0.39791668741963804 0.1671875024912879 0.19062500284053385
0 0.9320312638883479 0.5072916931239888 0.1359375020256266 0.16406250244472176
0 0.8164062621654011 0.557291695731692 0.1359375020256266 0.16406250244472176
0 0.7679687614436261 0.49687502591405064 0.1359375020256266 0.16406250244472176
0 0.7085937605588697 0.47812502493616194 0.1359375020256266 0.16406250244472176
0 0.6335937594412826 0.4343750226544216 0.1359375020256266 0.16406250244472176
0 0.8804687631200068 0.17812500928994268 0.1359375020256266 0.16406250244472176
0 0.8164062621654011 0.16354167519602925 0.1359375020256266 0.16406250244472176
0 0.6757812600699253 0.14062500733416528 0.1359375020256266 0.16406250244472176
0 0.21796875324798748 0.8885417130077258 0.1359375020256266 0.13906250207219273
0 0.0898437513387762 0.7593750396044925 0.1359375020256266 0.13906250207219273
0 0.0945312514086254 0.25104167975950986 0.1359375020256266 0.13906250207219273
0 0.10078125150175765 0.3895833536516875 0.1578125023515895 0.15937500237487257
0 0.13671875203726813 0.4625000241212547 0.1578125023515895 0.15937500237487257
0 0.15234375227009878 0.08958333800546825 0.15468750230502337 0.11875000176951289
0 0.25390625378349796 0.10625000554136932 0.15468750230502337 0.11875000176951289
0 0.2742187540861778 0.14375000749714673 0.15468750230502337 0.11875000176951289
0 0.9242187637719326 0.8072917087702081 0.15156250225845724 0.16406250244472176
0 0.5898437587893568 0.9541667164303362 0.14531250216532499 0.06875000102445483
0 0.36796875548316166 0.7458333722315729 0.17656250263098627 0.16562500246800482
0 0.31484375469153747 0.6125000319443643 0.17656250263098627 0.16562500246800482
0 0.23671875352738425 0.5770833634305745 0.17656250263098627 0.16562500246800482
1 0.23906250356230885 0.2791666812263429 0.0656250009778887 0.07187500107102096
1 0.594531258859206 0.17083334224298596 0.051562500768341124 0.059375000884756446
0 0.08046875119907781 0.619791698991321 0.1578125023515895 0.15468750230502337
1 0.751562511199154 0.7520833725575358 0.18750000279396772 0.1843750027474016
0 0.3734375055646524 0.3458333513699472 0.1625000024214387 0.1843750027474016
0 0.5054687575320713 0.28020834794733673 0.16093750239815563 0.14218750211875886
0 0.47265625704312697 0.45937502395827323 0.16093750239815563 0.14218750211875886
0 0.49921875743893906 0.5093750265659764 0.16093750239815563 0.14218750211875886
0 0.910156263562385 0.39791668741963804 0.1671875024912879 0.19062500284053385
0 0.9320312638883479 0.5072916931239888 0.1359375020256266 0.16406250244472176
0 0.8164062621654011 0.557291695731692 0.1359375020256266 0.16406250244472176
0 0.7679687614436261 0.49687502591405064 0.1359375020256266 0.16406250244472176
0 0.7085937605588697 0.47812502493616194 0.1359375020256266 0.16406250244472176
0 0.6335937594412826 0.4343750226544216 0.1359375020256266 0.16406250244472176
0 0.8804687631200068 0.17812500928994268 0.1359375020256266 0.16406250244472176
0 0.8164062621654011 0.16354167519602925 0.1359375020256266 0.16406250244472176
0 0.6757812600699253 0.14062500733416528 0.1359375020256266 0.16406250244472176
0 0.21796875324798748 0.8885417130077258 0.1359375020256266 0.13906250207219273
0 0.0898437513387762 0.7593750396044925 0.1359375020256266 0.13906250207219273
0 0.0945312514086254 0.25104167975950986 0.1359375020256266 0.13906250207219273
0 0.10078125150175765 0.3895833536516875 0.1578125023515895 0.15937500237487257
0 0.13671875203726813 0.4625000241212547 0.1578125023515895 0.15937500237487257
0 0.15234375227009878 0.08958333800546825 0.15468750230502337 0.11875000176951289
0 0.25390625378349796 0.10625000554136932 0.15468750230502337 0.11875000176951289
0 0.2742187540861778 0.14375000749714673 0.15468750230502337 0.11875000176951289
0 0.9242187637719326 0.8072917087702081 0.15156250225845724 0.16406250244472176
0 0.5898437587893568 0.9541667164303362 0.14531250216532499 0.06875000102445483
0 0.36796875548316166 0.7458333722315729 0.17656250263098627 0.16562500246800482
0 0.31484375469153747 0.6125000319443643 0.17656250263098627 0.16562500246800482
0 0.23671875352738425 0.5770833634305745 0.17656250263098627 0.16562500246800482
1 0.23906250356230885 0.2791666812263429 0.0656250009778887 0.07187500107102096
1 0.594531258859206 0.17083334224298596 0.051562500768341124 0.059375000884756446
0 0.08046875119907781 0.619791698991321 0.1578125023515895 0.15468750230502337
1 0.751562511199154 0.7520833725575358 0.18750000279396772 0.1843750027474016
0 0.3734375055646524 0.3458333513699472 0.1625000024214387 0.1843750027474016
0 0.5054687575320713 0.28020834794733673 0.16093750239815563 0.14218750211875886
0 0.47265625704312697 0.45937502395827323 0.16093750239815563 0.14218750211875886
0 0.49921875743893906 0.5093750265659764 0.16093750239815563 0.14218750211875886
0 0.910156263562385 0.39791668741963804 0.1671875024912879 0.19062500284053385
0 0.9320312638883479 0.5072916931239888 0.1359375020256266 0.16406250244472176
0 0.8164062621654011 0.557291695731692 0.1359375020256266 0.16406250244472176
0 0.7679687614436261 0.49687502591405064 0.1359375020256266 0.16406250244472176
0 0.7085937605588697 0.47812502493616194 0.1359375020256266 0.16406250244472176
0 0.6335937594412826 0.4343750226544216 0.1359375020256266 0.16406250244472176
0 0.8804687631200068 0.17812500928994268 0.1359375020256266 0.16406250244472176
0 0.8164062621654011 0.16354167519602925 0.1359375020256266 0.16406250244472176
0 0.6757812600699253 0.14062500733416528 0.1359375020256266 0.16406250244472176
0 0.21796875324798748 0.8885417130077258 0.1359375020256266 0.13906250207219273
0 0.0898437513387762 0.7593750396044925 0.1359375020256266 0.13906250207219273
0 0.0945312514086254 0.25104167975950986 0.1359375020256266 0.13906250207219273
0 0.10078125150175765 0.3895833536516875 0.1578125023515895 0.15937500237487257
0 0.13671875203726813 0.4625000241212547 0.1578125023515895 0.15937500237487257
0 0.15234375227009878 0.08958333800546825 0.15468750230502337 0.11875000176951289
0 0.25390625378349796 0.10625000554136932 0.15468750230502337 0.11875000176951289
0 0.2742187540861778 0.14375000749714673 0.15468750230502337 0.11875000176951289
0 0.9242187637719326 0.8072917087702081 0.15156250225845724 0.16406250244472176
0 0.5898437587893568 0.9541667164303362 0.14531250216532499 0.06875000102445483
0 0.36796875548316166 0.7458333722315729 0.17656250263098627 0.16562500246800482
0 0.31484375469153747 0.6125000319443643 0.17656250263098627 0.16562500246800482
0 0.23671875352738425 0.5770833634305745 0.17656250263098627 0.16562500246800482
1 0.23906250356230885 0.2791666812263429 0.0656250009778887 0.07187500107102096
1 0.594531258859206 0.17083334224298596 0.051562500768341124 0.059375000884756446
0 0.08046875119907781 0.619791698991321 0.1578125023515895 0.15468750230502337
1 0.751562511199154 0.7520833725575358 0.18750000279396772 0.1843750027474016
0 0.3734375055646524 0.3458333513699472 0.1625000024214387 0.1843750027474016
0 0.5054687575320713 0.28020834794733673 0.16093750239815563 0.14218750211875886
0 0.47265625704312697 0.45937502395827323 0.16093750239815563 0.14218750211875886
0 0.49921875743893906 0.5093750265659764 0.16093750239815563 0.14218750211875886
0 0.910156263562385 0.39791668741963804 0.1671875024912879 0.19062500284053385
0 0.9320312638883479 0.5072916931239888 0.1359375020256266 0.16406250244472176
0 0.8164062621654011 0.557291695731692 0.1359375020256266 0.16406250244472176
0 0.7679687614436261 0.49687502591405064 0.1359375020256266 0.16406250244472176
0 0.7085937605588697 0.47812502493616194 0.1359375020256266 0.16406250244472176
0 0.6335937594412826 0.4343750226544216 0.1359375020256266 0.16406250244472176
0 0.8804687631200068 0.17812500928994268 0.1359375020256266 0.16406250244472176
0 0.8164062621654011 0.16354167519602925 0.1359375020256266 0.16406250244472176
0 0.6757812600699253 0.14062500733416528 0.1359375020256266 0.16406250244472176
0 0.21796875324798748 0.8885417130077258 0.1359375020256266 0.13906250207219273
0 0.0898437513387762 0.7593750396044925 0.1359375020256266 0.13906250207219273
0 0.0945312514086254 0.25104167975950986 0.1359375020256266 0.13906250207219273
0 0.10078125150175765 0.3895833536516875 0.1578125023515895 0.15937500237487257
0 0.13671875203726813 0.4625000241212547 0.1578125023515895 0.15937500237487257
0 0.15234375227009878 0.08958333800546825 0.15468750230502337 0.11875000176951289
0 0.25390625378349796 0.10625000554136932 0.15468750230502337 0.11875000176951289
0 0.2742187540861778 0.14375000749714673 0.15468750230502337 0.11875000176951289
0 0.9242187637719326 0.8072917087702081 0.15156250225845724 0.16406250244472176
0 0.5898437587893568 0.9541667164303362 0.14531250216532499 0.06875000102445483
0 0.36796875548316166 0.7458333722315729 0.17656250263098627 0.16562500246800482
0 0.31484375469153747 0.6125000319443643 0.17656250263098627 0.16562500246800482
0 0.23671875352738425 0.5770833634305745 0.17656250263098627 0.16562500246800482
1 0.23906250356230885 0.2791666812263429 0.0656250009778887 0.07187500107102096
1 0.594531258859206 0.17083334224298596 0.051562500768341124 0.059375000884756446
0 0.08046875119907781 0.619791698991321 0.1578125023515895 0.15468750230502337
1 0.751562511199154 0.7520833725575358 0.18750000279396772 0.1843750027474016
0 0.3734375055646524 0.3458333513699472 0.1625000024214387 0.1843750027474016
0 0.5054687575320713 0.28020834794733673 0.16093750239815563 0.14218750211875886
0 0.47265625704312697 0.45937502395827323 0.16093750239815563 0.14218750211875886
0 0.49921875743893906 0.5093750265659764 0.16093750239815563 0.14218750211875886
0 0.910156263562385 0.39791668741963804 0.1671875024912879 0.19062500284053385
0 0.9320312638883479 0.5072916931239888 0.1359375020256266 0.16406250244472176
0 0.8164062621654011 0.557291695731692 0.1359375020256266 0.16406250244472176
0 0.7679687614436261 0.49687502591405064 0.1359375020256266 0.16406250244472176
0 0.7085937605588697 0.47812502493616194 0.1359375020256266 0.16406250244472176
0 0.6335937594412826 0.4343750226544216 0.1359375020256266 0.16406250244472176
0 0.8804687631200068 0.17812500928994268 0.1359375020256266 0.16406250244472176
0 0.8164062621654011 0.16354167519602925 0.1359375020256266 0.16406250244472176
0 0.6757812600699253 0.14062500733416528 0.1359375020256266 0.16406250244472176
0 0.21796875324798748 0.8885417130077258 0.1359375020256266 0.13906250207219273
0 0.0898437513387762 0.7593750396044925 0.1359375020256266 0.13906250207219273
0 0.0945312514086254 0.25104167975950986 0.1359375020256266 0.13906250207219273
0 0.10078125150175765 0.3895833536516875 0.1578125023515895 0.15937500237487257
0 0.13671875203726813 0.4625000241212547 0.1578125023515895 0.15937500237487257
0 0.15234375227009878 0.08958333800546825 0.15468750230502337 0.11875000176951289
0 0.25390625378349796 0.10625000554136932 0.15468750230502337 0.11875000176951289
0 0.2742187540861778 0.14375000749714673 0.15468750230502337 0.11875000176951289
0 0.9242187637719326 0.8072917087702081 0.15156250225845724 0.16406250244472176
0 0.5898437587893568 0.9541667164303362 0.14531250216532499 0.06875000102445483
0 0.36796875548316166 0.7458333722315729 0.17656250263098627 0.16562500246800482
0 0.31484375469153747 0.6125000319443643 0.17656250263098627 0.16562500246800482
0 0.23671875352738425 0.5770833634305745 0.17656250263098627 0.16562500246800482
1 0.23906250356230885 0.2791666812263429 0.0656250009778887 0.07187500107102096
1 0.594531258859206 0.17083334224298596 0.051562500768341124 0.059375000884756446
0 0.08046875119907781 0.619791698991321 0.1578125023515895 0.15468750230502337
1 0.751562511199154 0.7520833725575358 0.18750000279396772 0.1843750027474016
0 0.3734375055646524 0.3458333513699472 0.1625000024214387 0.1843750027474016
0 0.5054687575320713 0.28020834794733673 0.16093750239815563 0.14218750211875886
0 0.47265625704312697 0.45937502395827323 0.16093750239815563 0.14218750211875886
0 0.49921875743893906 0.5093750265659764 0.16093750239815563 0.14218750211875886
0 0.910156263562385 0.39791668741963804 0.1671875024912879 0.19062500284053385
0 0.9320312638883479 0.5072916931239888 0.1359375020256266 0.16406250244472176
0 0.8164062621654011 0.557291695731692 0.1359375020256266 0.16406250244472176
0 0.7679687614436261 0.49687502591405064 0.1359375020256266 0.16406250244472176
0 0.7085937605588697 0.47812502493616194 0.1359375020256266 0.16406250244472176
0 0.6335937594412826 0.4343750226544216 0.1359375020256266 0.16406250244472176
0 0.8804687631200068 0.17812500928994268 0.1359375020256266 0.16406250244472176
0 0.8164062621654011 0.16354167519602925 0.1359375020256266 0.16406250244472176
0 0.6757812600699253 0.14062500733416528 0.1359375020256266 0.16406250244472176
0 0.21796875324798748 0.8885417130077258 0.1359375020256266 0.13906250207219273
0 0.0898437513387762 0.7593750396044925 0.1359375020256266 0.13906250207219273
0 0.0945312514086254 0.25104167975950986 0.1359375020256266 0.13906250207219273
0 0.10078125150175765 0.3895833536516875 0.1578125023515895 0.15937500237487257
0 0.13671875203726813 0.4625000241212547 0.1578125023515895 0.15937500237487257
0 0.15234375227009878 0.08958333800546825 0.15468750230502337 0.11875000176951289
0 0.25390625378349796 0.10625000554136932 0.15468750230502337 0.11875000176951289
0 0.2742187540861778 0.14375000749714673 0.15468750230502337 0.11875000176951289
0 0.9242187637719326 0.8072917087702081 0.15156250225845724 0.16406250244472176
0 0.5898437587893568 0.9541667164303362 0.14531250216532499 0.06875000102445483
0 0.36796875548316166 0.7458333722315729 0.17656250263098627 0.16562500246800482
0 0.31484375469153747 0.6125000319443643 0.17656250263098627 0.16562500246800482
0 0.23671875352738425 0.5770833634305745 0.17656250263098627 0.16562500246800482
1 0.23906250356230885 0.2791666812263429 0.0656250009778887 0.07187500107102096
1 0.594531258859206 0.17083334224298596 0.051562500768341124 0.059375000884756446
0 0.08046875119907781 0.619791698991321 0.1578125023515895 0.15468750230502337
1 0.751562511199154 0.7520833725575358 0.18750000279396772 0.1843750027474016
0 0.3734375055646524 0.3458333513699472 0.1625000024214387 0.1843750027474016
0 0.5054687575320713 0.28020834794733673 0.16093750239815563 0.14218750211875886
0 0.47265625704312697 0.45937502395827323 0.16093750239815563 0.14218750211875886
0 0.49921875743893906 0.5093750265659764 0.16093750239815563 0.14218750211875886
0 0.910156263562385 0.39791668741963804 0.1671875024912879 0.19062500284053385
0 0.9320312638883479 0.5072916931239888 0.1359375020256266 0.16406250244472176
0 0.8164062621654011 0.557291695731692 0.1359375020256266 0.16406250244472176
0 0.7679687614436261 0.49687502591405064 0.1359375020256266 0.16406250244472176
0 0.7085937605588697 0.47812502493616194 0.1359375020256266 0.16406250244472176
0 0.6335937594412826 0.4343750226544216 0.1359375020256266 0.16406250244472176
0 0.8804687631200068 0.17812500928994268 0.1359375020256266 0.16406250244472176
0 0.8164062621654011 0.16354167519602925 0.1359375020256266 0.16406250244472176
0 0.6757812600699253 0.14062500733416528 0.1359375020256266 0.16406250244472176
0 0.21796875324798748 0.8885417130077258 0.1359375020256266 0.13906250207219273
0 0.0898437513387762 0.7593750396044925 0.1359375020256266 0.13906250207219273
0 0.0945312514086254 0.25104167975950986 0.1359375020256266 0.13906250207219273
0 0.10078125150175765 0.3895833536516875 0.1578125023515895 0.15937500237487257
0 0.13671875203726813 0.4625000241212547 0.1578125023515895 0.15937500237487257
0 0.15234375227009878 0.08958333800546825 0.15468750230502337 0.11875000176951289
0 0.25390625378349796 0.10625000554136932 0.15468750230502337 0.11875000176951289
0 0.2742187540861778 0.14375000749714673 0.15468750230502337 0.11875000176951289
0 0.9242187637719326 0.8072917087702081 0.15156250225845724 0.16406250244472176
0 0.5898437587893568 0.9541667164303362 0.14531250216532499 0.06875000102445483
0 0.36796875548316166 0.7458333722315729 0.17656250263098627 0.16562500246800482
0 0.31484375469153747 0.6125000319443643 0.17656250263098627 0.16562500246800482
0 0.23671875352738425 0.5770833634305745 0.17656250263098627 0.16562500246800482
1 0.23906250356230885 0.2791666812263429 0.0656250009778887 0.07187500107102096
1 0.594531258859206 0.17083334224298596 0.051562500768341124 0.059375000884756446
0 0.08046875119907781 0.619791698991321 0.1578125023515895 0.15468750230502337
1 0.751562511199154 0.7520833725575358 0.18750000279396772 0.1843750027474016
0 0.3734375055646524 0.3458333513699472 0.1625000024214387 0.1843750027474016
0 0.5054687575320713 0.28020834794733673 0.16093750239815563 0.14218750211875886
0 0.47265625704312697 0.45937502395827323 0.16093750239815563 0.14218750211875886
0 0.49921875743893906 0.5093750265659764 0.16093750239815563 0.14218750211875886
0 0.910156263562385 0.39791668741963804 0.1671875024912879 0.19062500284053385
0 0.9320312638883479 0.5072916931239888 0.1359375020256266 0.16406250244472176
0 0.8164062621654011 0.557291695731692 0.1359375020256266 0.16406250244472176
0 0.7679687614436261 0.49687502591405064 0.1359375020256266 0.16406250244472176
0 0.7085937605588697 0.47812502493616194 0.1359375020256266 0.16406250244472176
0 0.6335937594412826 0.4343750226544216 0.1359375020256266 0.16406250244472176
0 0.8804687631200068 0.17812500928994268 0.1359375020256266 0.16406250244472176
0 0.8164062621654011 0.16354167519602925 0.1359375020256266 0.16406250244472176
0 0.6757812600699253 0.14062500733416528 0.1359375020256266 0.16406250244472176
0 0.21796875324798748 0.8885417130077258 0.1359375020256266 0.13906250207219273
0 0.0898437513387762 0.7593750396044925 0.1359375020256266 0.13906250207219273
0 0.0945312514086254 0.25104167975950986 0.1359375020256266 0.13906250207219273
0 0.10078125150175765 0.3895833536516875 0.1578125023515895 0.15937500237487257
0 0.13671875203726813 0.4625000241212547 0.1578125023515895 0.15937500237487257
0 0.15234375227009878 0.08958333800546825 0.15468750230502337 0.11875000176951289
0 0.25390625378349796 0.10625000554136932 0.15468750230502337 0.11875000176951289
0 0.2742187540861778 0.14375000749714673 0.15468750230502337 0.11875000176951289
0 0.9242187637719326 0.8072917087702081 0.15156250225845724 0.16406250244472176
0 0.5898437587893568 0.9541667164303362 0.14531250216532499 0.06875000102445483
0 0.36796875548316166 0.7458333722315729 0.17656250263098627 0.16562500246800482
0 0.31484375469153747 0.6125000319443643 0.17656250263098627 0.16562500246800482
0 0.23671875352738425 0.5770833634305745 0.17656250263098627 0.16562500246800482
1 0.23906250356230885 0.2791666812263429 0.0656250009778887 0.07187500107102096
1 0.594531258859206 0.17083334224298596 0.051562500768341124 0.059375000884756446
0 0.08046875119907781 0.619791698991321 0.1578125023515895 0.15468750230502337
1 0.751562511199154 0.7520833725575358 0.18750000279396772 0.1843750027474016
0 0.3734375055646524 0.3458333513699472 0.1625000024214387 0.1843750027474016
0 0.5054687575320713 0.28020834794733673 0.16093750239815563 0.14218750211875886
0 0.47265625704312697 0.45937502395827323 0.16093750239815563 0.14218750211875886
0 0.49921875743893906 0.5093750265659764 0.16093750239815563 0.14218750211875886
0 0.910156263562385 0.39791668741963804 0.1671875024912879 0.19062500284053385
0 0.9320312638883479 0.5072916931239888 0.1359375020256266 0.16406250244472176
0 0.8164062621654011 0.557291695731692 0.1359375020256266 0.16406250244472176
0 0.7679687614436261 0.49687502591405064 0.1359375020256266 0.16406250244472176
0 0.7085937605588697 0.47812502493616194 0.1359375020256266 0.16406250244472176
0 0.6335937594412826 0.4343750226544216 0.1359375020256266 0.16406250244472176
0 0.8804687631200068 0.17812500928994268 0.1359375020256266 0.16406250244472176
0 0.8164062621654011 0.16354167519602925 0.1359375020256266 0.16406250244472176
0 0.6757812600699253 0.14062500733416528 0.1359375020256266 0.16406250244472176
0 0.21796875324798748 0.8885417130077258 0.1359375020256266 0.13906250207219273
0 0.0898437513387762 0.7593750396044925 0.1359375020256266 0.13906250207219273
0 0.0945312514086254 0.25104167975950986 0.1359375020256266 0.13906250207219273
0 0.10078125150175765 0.3895833536516875 0.1578125023515895 0.15937500237487257
0 0.13671875203726813 0.4625000241212547 0.1578125023515895 0.15937500237487257
0 0.15234375227009878 0.08958333800546825 0.15468750230502337 0.11875000176951289
0 0.25390625378349796 0.10625000554136932 0.15468750230502337 0.11875000176951289
0 0.2742187540861778 0.14375000749714673 0.15468750230502337 0.11875000176951289
0 0.9242187637719326 0.8072917087702081 0.15156250225845724 0.16406250244472176
0 0.5898437587893568 0.9541667164303362 0.14531250216532499 0.06875000102445483
0 0.36796875548316166 0.7458333722315729 0.17656250263098627 0.16562500246800482
0 0.31484375469153747 0.6125000319443643 0.17656250263098627 0.16562500246800482
0 0.23671875352738425 0.5770833634305745 0.17656250263098627 0.16562500246800482
1 0.23906250356230885 0.2791666812263429 0.0656250009778887 0.07187500107102096
1 0.594531258859206 0.17083334224298596 0.051562500768341124 0.059375000884756446
0 0.08046875119907781 0.619791698991321 0.1578125023515895 0.15468750230502337
1 0.751562511199154 0.7520833725575358 0.18750000279396772 0.1843750027474016
0 0.3734375055646524 0.3458333513699472 0.1625000024214387 0.1843750027474016
0 0.5054687575320713 0.28020834794733673 0.16093750239815563 0.14218750211875886
0 0.47265625704312697 0.45937502395827323 0.16093750239815563 0.14218750211875886
0 0.49921875743893906 0.5093750265659764 0.16093750239815563 0.14218750211875886
0 0.910156263562385 0.39791668741963804 0.1671875024912879 0.19062500284053385
0 0.9320312638883479 0.5072916931239888 0.1359375020256266 0.16406250244472176
0 0.8164062621654011 0.557291695731692 0.1359375020256266 0.16406250244472176
0 0.7679687614436261 0.49687502591405064 0.1359375020256266 0.16406250244472176
0 0.7085937605588697 0.47812502493616194 0.1359375020256266 0.16406250244472176
0 0.6335937594412826 0.4343750226544216 0.1359375020256266 0.16406250244472176
0 0.8804687631200068 0.17812500928994268 0.1359375020256266 0.16406250244472176
0 0.8164062621654011 0.16354167519602925 0.1359375020256266 0.16406250244472176
0 0.6757812600699253 0.14062500733416528 0.1359375020256266 0.16406250244472176
0 0.21796875324798748 0.8885417130077258 0.1359375020256266 0.13906250207219273
0 0.0898437513387762 0.7593750396044925 0.1359375020256266 0.13906250207219273
0 0.0945312514086254 0.25104167975950986 0.1359375020256266 0.13906250207219273
0 0.10078125150175765 0.3895833536516875 0.1578125023515895 0.15937500237487257
0 0.13671875203726813 0.4625000241212547 0.1578125023515895 0.15937500237487257
0 0.15234375227009878 0.08958333800546825 0.15468750230502337 0.11875000176951289
0 0.25390625378349796 0.10625000554136932 0.15468750230502337 0.11875000176951289
0 0.2742187540861778 0.14375000749714673 0.15468750230502337 0.11875000176951289
0 0.9242187637719326 0.8072917087702081 0.15156250225845724 0.16406250244472176
0 0.5898437587893568 0.9541667164303362 0.14531250216532499 0.06875000102445483
0 0.36796875548316166 0.7458333722315729 0.17656250263098627 0.16562500246800482
0 0.31484375469153747 0.6125000319443643 0.17656250263098627 0.16562500246800482
0 0.23671875352738425 0.5770833634305745 0.17656250263098627 0.16562500246800482
1 0.23906250356230885 0.2791666812263429 0.0656250009778887 0.07187500107102096
1 0.594531258859206 0.17083334224298596 0.051562500768341124 0.059375000884756446
0 0.08046875119907781 0.619791698991321 0.1578125023515895 0.15468750230502337
1 0.751562511199154 0.7520833725575358 0.18750000279396772 0.1843750027474016
0 0.3734375055646524 0.3458333513699472 0.1625000024214387 0.1843750027474016
0 0.5054687575320713 0.28020834794733673 0.16093750239815563 0.14218750211875886
0 0.47265625704312697 0.45937502395827323 0.16093750239815563 0.14218750211875886
0 0.49921875743893906 0.5093750265659764 0.16093750239815563 0.14218750211875886
0 0.910156263562385 0.39791668741963804 0.1671875024912879 0.19062500284053385
0 0.9320312638883479 0.5072916931239888 0.1359375020256266 0.16406250244472176
0 0.8164062621654011 0.557291695731692 0.1359375020256266 0.16406250244472176
0 0.7679687614436261 0.49687502591405064 0.1359375020256266 0.16406250244472176
0 0.7085937605588697 0.47812502493616194 0.1359375020256266 0.16406250244472176
0 0.6335937594412826 0.4343750226544216 0.1359375020256266 0.16406250244472176
0 0.8804687631200068 0.17812500928994268 0.1359375020256266 0.16406250244472176
0 0.8164062621654011 0.16354167519602925 0.1359375020256266 0.16406250244472176
0 0.6757812600699253 0.14062500733416528 0.1359375020256266 0.16406250244472176
0 0.21796875324798748 0.8885417130077258 0.1359375020256266 0.13906250207219273
0 0.0898437513387762 0.7593750396044925 0.1359375020256266 0.13906250207219273
0 0.0945312514086254 0.25104167975950986 0.1359375020256266 0.13906250207219273
0 0.10078125150175765 0.3895833536516875 0.1578125023515895 0.15937500237487257
0 0.13671875203726813 0.4625000241212547 0.1578125023515895 0.15937500237487257
0 0.15234375227009878 0.08958333800546825 0.15468750230502337 0.11875000176951289
0 0.25390625378349796 0.10625000554136932 0.15468750230502337 0.11875000176951289
0 0.2742187540861778 0.14375000749714673 0.15468750230502337 0.11875000176951289
0 0.9242187637719326 0.8072917087702081 0.15156250225845724 0.16406250244472176
0 0.5898437587893568 0.9541667164303362 0.14531250216532499 0.06875000102445483
0 0.36796875548316166 0.7458333722315729 0.17656250263098627 0.16562500246800482
0 0.31484375469153747 0.6125000319443643 0.17656250263098627 0.16562500246800482
0 0.23671875352738425 0.5770833634305745 0.17656250263098627 0.16562500246800482
1 0.23906250356230885 0.2791666812263429 0.0656250009778887 0.07187500107102096
1 0.594531258859206 0.17083334224298596 0.051562500768341124 0.059375000884756446
0 0.08046875119907781 0.619791698991321 0.1578125023515895 0.15468750230502337
1 0.751562511199154 0.7520833725575358 0.18750000279396772 0.1843750027474016
0 0.3734375055646524 0.3458333513699472 0.1625000024214387 0.1843750027474016
0 0.5054687575320713 0.28020834794733673 0.16093750239815563 0.14218750211875886
0 0.47265625704312697 0.45937502395827323 0.16093750239815563 0.14218750211875886
0 0.49921875743893906 0.5093750265659764 0.16093750239815563 0.14218750211875886
0 0.910156263562385 0.39791668741963804 0.1671875024912879 0.19062500284053385
0 0.9320312638883479 0.5072916931239888 0.1359375020256266 0.16406250244472176
0 0.8164062621654011 0.557291695731692 0.1359375020256266 0.16406250244472176
0 0.7679687614436261 0.49687502591405064 0.1359375020256266 0.16406250244472176
0 0.7085937605588697 0.47812502493616194 0.1359375020256266 0.16406250244472176
0 0.6335937594412826 0.4343750226544216 0.1359375020256266 0.16406250244472176
0 0.8804687631200068 0.17812500928994268 0.1359375020256266 0.16406250244472176
0 0.8164062621654011 0.16354167519602925 0.1359375020256266 0.16406250244472176
0 0.6757812600699253 0.14062500733416528 0.1359375020256266 0.16406250244472176
0 0.21796875324798748 0.8885417130077258 0.1359375020256266 0.13906250207219273
0 0.0898437513387762 0.7593750396044925 0.1359375020256266 0.13906250207219273
0 0.0945312514086254 0.25104167975950986 0.1359375020256266 0.13906250207219273
0 0.10078125150175765 0.3895833536516875 0.1578125023515895 0.15937500237487257
0 0.13671875203726813 0.4625000241212547 0.1578125023515895 0.15937500237487257
0 0.15234375227009878 0.08958333800546825 0.15468750230502337 0.11875000176951289
0 0.25390625378349796 0.10625000554136932 0.15468750230502337 0.11875000176951289
0 0.2742187540861778 0.14375000749714673 0.15468750230502337 0.11875000176951289
0 0.9242187637719326 0.8072917087702081 0.15156250225845724 0.16406250244472176
0 0.5898437587893568 0.9541667164303362 0.14531250216532499 0.06875000102445483
0 0.36796875548316166 0.7458333722315729 0.17656250263098627 0.16562500246800482
0 0.31484375469153747 0.6125000319443643 0.17656250263098627 0.16562500246800482
0 0.23671875352738425 0.5770833634305745 0.17656250263098627 0.16562500246800482
1 0.23906250356230885 0.2791666812263429 0.0656250009778887 0.07187500107102096
1 0.594531258859206 0.17083334224298596 0.051562500768341124 0.059375000884756446
0 0.08046875119907781 0.619791698991321 0.1578125023515895 0.15468750230502337
1 0.751562511199154 0.7520833725575358 0.18750000279396772 0.1843750027474016
0 0.3734375055646524 0.3458333513699472 0.1625000024214387 0.1843750027474016
0 0.5054687575320713 0.28020834794733673 0.16093750239815563 0.14218750211875886
0 0.47265625704312697 0.45937502395827323 0.16093750239815563 0.14218750211875886
0 0.49921875743893906 0.5093750265659764 0.16093750239815563 0.14218750211875886
0 0.910156263562385 0.39791668741963804 0.1671875024912879 0.19062500284053385
0 0.9320312638883479 0.5072916931239888 0.1359375020256266 0.16406250244472176
0 0.8164062621654011 0.557291695731692 0.1359375020256266 0.16406250244472176
0 0.7679687614436261 0.49687502591405064 0.1359375020256266 0.16406250244472176
0 0.7085937605588697 0.47812502493616194 0.1359375020256266 0.16406250244472176
0 0.6335937594412826 0.4343750226544216 0.1359375020256266 0.16406250244472176
0 0.8804687631200068 0.17812500928994268 0.1359375020256266 0.16406250244472176
0 0.8164062621654011 0.16354167519602925 0.1359375020256266 0.16406250244472176
0 0.6757812600699253 0.14062500733416528 0.1359375020256266 0.16406250244472176
0 0.21796875324798748 0.8885417130077258 0.1359375020256266 0.13906250207219273
0 0.0898437513387762 0.7593750396044925 0.1359375020256266 0.13906250207219273
0 0.0945312514086254 0.25104167975950986 0.1359375020256266 0.13906250207219273
0 0.10078125150175765 0.3895833536516875 0.1578125023515895 0.15937500237487257
0 0.13671875203726813 0.4625000241212547 0.1578125023515895 0.15937500237487257
0 0.15234375227009878 0.08958333800546825 0.15468750230502337 0.11875000176951289
0 0.25390625378349796 0.10625000554136932 0.15468750230502337 0.11875000176951289
0 0.2742187540861778 0.14375000749714673 0.15468750230502337 0.11875000176951289
0 0.9242187637719326 0.8072917087702081 0.15156250225845724 0.16406250244472176
0 0.5898437587893568 0.9541667164303362 0.14531250216532499 0.06875000102445483
0 0.36796875548316166 0.7458333722315729 0.17656250263098627 0.16562500246800482
0 0.31484375469153747 0.6125000319443643 0.17656250263098627 0.16562500246800482
0 0.23671875352738425 0.5770833634305745 0.17656250263098627 0.16562500246800482
2 0.23906250356230885 0.2791666812263429 0.0656250009778887 0.07187500107102096
2 0.594531258859206 0.17083334224298596 0.051562500768341124 0.059375000884756446
0 0.08046875119907781 0.619791698991321 0.1578125023515895 0.15468750230502337
1 0.751562511199154 0.7520833725575358 0.18750000279396772 0.1843750027474016
0 0.3734375055646524 0.3458333513699472 0.1625000024214387 0.1843750027474016
0 0.5054687575320713 0.28020834794733673 0.16093750239815563 0.14218750211875886
0 0.47265625704312697 0.45937502395827323 0.16093750239815563 0.14218750211875886
0 0.49921875743893906 0.5093750265659764 0.16093750239815563 0.14218750211875886
0 0.910156263562385 0.39791668741963804 0.1671875024912879 0.19062500284053385
0 0.9320312638883479 0.5072916931239888 0.1359375020256266 0.16406250244472176
0 0.8164062621654011 0.557291695731692 0.1359375020256266 0.16406250244472176
0 0.7679687614436261 0.49687502591405064 0.1359375020256266 0.16406250244472176
0 0.7085937605588697 0.47812502493616194 0.1359375020256266 0.16406250244472176
0 0.6335937594412826 0.4343750226544216 0.1359375020256266 0.16406250244472176
0 0.8804687631200068 0.17812500928994268 0.1359375020256266 0.16406250244472176
0 0.8164062621654011 0.16354167519602925 0.1359375020256266 0.16406250244472176
0 0.6757812600699253 0.14062500733416528 0.1359375020256266 0.16406250244472176
0 0.21796875324798748 0.8885417130077258 0.1359375020256266 0.13906250207219273
0 0.0898437513387762 0.7593750396044925 0.1359375020256266 0.13906250207219273
0 0.0945312514086254 0.25104167975950986 0.1359375020256266 0.13906250207219273
0 0.10078125150175765 0.3895833536516875 0.1578125023515895 0.15937500237487257
0 0.13671875203726813 0.4625000241212547 0.1578125023515895 0.15937500237487257
0 0.15234375227009878 0.08958333800546825 0.15468750230502337 0.11875000176951289
0 0.25390625378349796 0.10625000554136932 0.15468750230502337 0.11875000176951289
0 0.2742187540861778 0.14375000749714673 0.15468750230502337 0.11875000176951289
0 0.9242187637719326 0.8072917087702081 0.15156250225845724 0.16406250244472176
0 0.5898437587893568 0.9541667164303362 0.14531250216532499 0.06875000102445483
0 0.36796875548316166 0.7458333722315729 0.17656250263098627 0.16562500246800482
0 0.31484375469153747 0.6125000319443643 0.17656250263098627 0.16562500246800482
0 0.23671875352738425 0.5770833634305745 0.17656250263098627 0.16562500246800482
2 0.23906250356230885 0.2791666812263429 0.0656250009778887 0.07187500107102096
2 0.594531258859206 0.17083334224298596 0.051562500768341124 0.059375000884756446
0 0.08046875119907781 0.619791698991321 0.1578125023515895 0.15468750230502337
1 0.7515625357627869 0.7520833611488342 0.1875 0.18437500298023224
0 0.3734374940395355 0.34583336114883423 0.16250000894069672 0.18437500298023224
0 0.5054687857627869 0.2802083492279053 0.16093750298023224 0.14218750596046448
0 0.47265625 0.4593750238418579 0.16093750298023224 0.14218750596046448
0 0.49921876192092896 0.5093750357627869 0.16093750298023224 0.14218750596046448
0 0.91015625 0.39791667461395264 0.16718749701976776 0.19062499701976776
0 0.9320312738418579 0.5072916746139526 0.13593749701976776 0.1640625
0 0.81640625 0.5572916865348816 0.13593749701976776 0.1640625
0 0.7679687738418579 0.49687501788139343 0.13593749701976776 0.1640625
0 0.7085937857627869 0.47812503576278687 0.13593749701976776 0.1640625
0 0.633593738079071 0.43437501788139343 0.13593749701976776 0.1640625
0 0.8804687857627869 0.17812500894069672 0.13593749701976776 0.1640625
0 0.81640625 0.16354167461395264 0.13593749701976776 0.1640625
0 0.67578125 0.140625 0.13593749701976776 0.1640625
0 0.21796874701976776 0.8885416984558105 0.13593749701976776 0.13906250894069672
0 0.08984375 0.7593750357627869 0.13593749701976776 0.13906250894069672
0 0.09453125298023224 0.2510416805744171 0.13593749701976776 0.13906250894069672
0 0.10078125447034836 0.3895833492279053 0.15781250596046448 0.15937499701976776
0 0.13671875 0.46250003576278687 0.15781250596046448 0.15937499701976776
0 0.15234375 0.08958333730697632 0.15468750894069672 0.11874999850988388
0 0.25390625 0.10625000298023224 0.15468750894069672 0.11874999850988388
0 0.27421876788139343 0.14375001192092896 0.15468750894069672 0.11874999850988388
0 0.9242187738418579 0.8072916865348816 0.15156249701976776 0.1640625
0 0.58984375 0.9541667103767395 0.14531250298023224 0.06875000149011612
0 0.36796876788139343 0.7458333969116211 0.17656250298023224 0.16562500596046448
0 0.3148437440395355 0.612500011920929 0.17656250298023224 0.16562500596046448
0 0.23671875894069672 0.5770833492279053 0.17656250298023224 0.16562500596046448
2 0.23906250298023224 0.27916666865348816 0.06562500447034836 0.07187499850988388
2 0.594531238079071 0.17083334922790527 0.05156249925494194 0.05937499925494194
0 0.08046875149011612 0.6197916865348816 0.15781250596046448 0.15468750894069672
1 0.7515625357627869 0.7520833611488342 0.1875 0.18437500298023224
0 0.3734374940395355 0.34583336114883423 0.16250000894069672 0.18437500298023224
0 0.5054687857627869 0.2802083492279053 0.16093750298023224 0.14218750596046448
0 0.47265625 0.4593750238418579 0.16093750298023224 0.14218750596046448
0 0.49921876192092896 0.5093750357627869 0.16093750298023224 0.14218750596046448
0 0.91015625 0.39791667461395264 0.16718749701976776 0.19062499701976776
0 0.9320312738418579 0.5072916746139526 0.13593749701976776 0.1640625
0 0.81640625 0.5572916865348816 0.13593749701976776 0.1640625
0 0.7679687738418579 0.49687501788139343 0.13593749701976776 0.1640625
0 0.7085937857627869 0.47812503576278687 0.13593749701976776 0.1640625
0 0.633593738079071 0.43437501788139343 0.13593749701976776 0.1640625
0 0.8804687857627869 0.17812500894069672 0.13593749701976776 0.1640625
0 0.81640625 0.16354167461395264 0.13593749701976776 0.1640625
0 0.67578125 0.140625 0.13593749701976776 0.1640625
0 0.21796874701976776 0.8885416984558105 0.13593749701976776 0.13906250894069672
0 0.08984375 0.7593750357627869 0.13593749701976776 0.13906250894069672
0 0.09453125298023224 0.2510416805744171 0.13593749701976776 0.13906250894069672
0 0.10078125447034836 0.3895833492279053 0.15781250596046448 0.15937499701976776
0 0.13671875 0.46250003576278687 0.15781250596046448 0.15937499701976776
0 0.15234375 0.08958333730697632 0.15468750894069672 0.11874999850988388
0 0.25390625 0.10625000298023224 0.15468750894069672 0.11874999850988388
0 0.27421876788139343 0.14375001192092896 0.15468750894069672 0.11874999850988388
0 0.9242187738418579 0.8072916865348816 0.15156249701976776 0.1640625
0 0.58984375 0.9541667103767395 0.14531250298023224 0.06875000149011612
0 0.36796876788139343 0.7458333969116211 0.17656250298023224 0.16562500596046448
0 0.3148437440395355 0.612500011920929 0.17656250298023224 0.16562500596046448
0 0.23671875894069672 0.5770833492279053 0.17656250298023224 0.16562500596046448
2 0.23906250298023224 0.27916666865348816 0.06562500447034836 0.07187499850988388
2 0.594531238079071 0.17083334922790527 0.05156249925494194 0.05937499925494194
0 0.08046875149011612 0.6197916865348816 0.15781250596046448 0.15468750894069672
1 0.7515625357627869 0.7520833611488342 0.1875 0.18437500298023224
0 0.3734374940395355 0.34583336114883423 0.16250000894069672 0.18437500298023224
0 0.5054687857627869 0.2802083492279053 0.16093750298023224 0.14218750596046448
0 0.47265625 0.4593750238418579 0.16093750298023224 0.14218750596046448
0 0.49921876192092896 0.5093750357627869 0.16093750298023224 0.14218750596046448
0 0.91015625 0.39791667461395264 0.16718749701976776 0.19062499701976776
0 0.9320312738418579 0.5072916746139526 0.13593749701976776 0.1640625
0 0.81640625 0.5572916865348816 0.13593749701976776 0.1640625
0 0.7679687738418579 0.49687501788139343 0.13593749701976776 0.1640625
0 0.7085937857627869 0.47812503576278687 0.13593749701976776 0.1640625
0 0.633593738079071 0.43437501788139343 0.13593749701976776 0.1640625
0 0.8804687857627869 0.17812500894069672 0.13593749701976776 0.1640625
0 0.81640625 0.16354167461395264 0.13593749701976776 0.1640625
0 0.67578125 0.140625 0.13593749701976776 0.1640625
0 0.21796874701976776 0.8885416984558105 0.13593749701976776 0.13906250894069672
0 0.08984375 0.7593750357627869 0.13593749701976776 0.13906250894069672
0 0.09453125298023224 0.2510416805744171 0.13593749701976776 0.13906250894069672
0 0.10078125447034836 0.3895833492279053 0.15781250596046448 0.15937499701976776
0 0.13671875 0.46250003576278687 0.15781250596046448 0.15937499701976776
0 0.15234375 0.08958333730697632 0.15468750894069672 0.11874999850988388
0 0.25390625 0.10625000298023224 0.15468750894069672 0.11874999850988388
0 0.27421876788139343 0.14375001192092896 0.15468750894069672 0.11874999850988388
0 0.9242187738418579 0.8072916865348816 0.15156249701976776 0.1640625
0 0.58984375 0.9541667103767395 0.14531250298023224 0.06875000149011612
0 0.36796876788139343 0.7458333969116211 0.17656250298023224 0.16562500596046448
0 0.3148437440395355 0.612500011920929 0.17656250298023224 0.16562500596046448
0 0.23671875894069672 0.5770833492279053 0.17656250298023224 0.16562500596046448
2 0.23906250298023224 0.27916666865348816 0.06562500447034836 0.07187499850988388
2 0.594531238079071 0.17083334922790527 0.05156249925494194 0.05937499925494194
0 0.08046875149011612 0.6197916865348816 0.15781250596046448 0.15468750894069672
1 0.7515625357627869 0.7520833611488342 0.1875 0.18437500298023224
0 0.3734374940395355 0.34583336114883423 0.16250000894069672 0.18437500298023224
0 0.5054687857627869 0.2802083492279053 0.16093750298023224 0.14218750596046448
0 0.47265625 0.4593750238418579 0.16093750298023224 0.14218750596046448
0 0.49921876192092896 0.5093750357627869 0.16093750298023224 0.14218750596046448
0 0.91015625 0.39791667461395264 0.16718749701976776 0.19062499701976776
0 0.9320312738418579 0.5072916746139526 0.13593749701976776 0.1640625
0 0.81640625 0.5572916865348816 0.13593749701976776 0.1640625
0 0.7679687738418579 0.49687501788139343 0.13593749701976776 0.1640625
0 0.7085937857627869 0.47812503576278687 0.13593749701976776 0.1640625
0 0.633593738079071 0.43437501788139343 0.13593749701976776 0.1640625
0 0.8804687857627869 0.17812500894069672 0.13593749701976776 0.1640625
0 0.81640625 0.16354167461395264 0.13593749701976776 0.1640625
0 0.67578125 0.140625 0.13593749701976776 0.1640625
0 0.21796874701976776 0.8885416984558105 0.13593749701976776 0.13906250894069672
0 0.08984375 0.7593750357627869 0.13593749701976776 0.13906250894069672
0 0.09453125298023224 0.2510416805744171 0.13593749701976776 0.13906250894069672
0 0.10078125447034836 0.3895833492279053 0.15781250596046448 0.15937499701976776
0 0.13671875 0.46250003576278687 0.15781250596046448 0.15937499701976776
0 0.15234375 0.08958333730697632 0.15468750894069672 0.11874999850988388
0 0.25390625 0.10625000298023224 0.15468750894069672 0.11874999850988388
0 0.27421876788139343 0.14375001192092896 0.15468750894069672 0.11874999850988388
0 0.9242187738418579 0.8072916865348816 0.15156249701976776 0.1640625
0 0.58984375 0.9541667103767395 0.14531250298023224 0.06875000149011612
0 0.36796876788139343 0.7458333969116211 0.17656250298023224 0.16562500596046448
0 0.3148437440395355 0.612500011920929 0.17656250298023224 0.16562500596046448
0 0.23671875894069672 0.5770833492279053 0.17656250298023224 0.16562500596046448
2 0.23906250298023224 0.27916666865348816 0.06562500447034836 0.07187499850988388
2 0.594531238079071 0.17083334922790527 0.05156249925494194 0.05937499925494194
0 0.08046875149011612 0.6197916865348816 0.15781250596046448 0.15468750894069672
1 0.7515625357627869 0.7520833611488342 0.1875 0.18437500298023224
0 0.3734374940395355 0.34583336114883423 0.16250000894069672 0.18437500298023224
0 0.5054687857627869 0.2802083492279053 0.16093750298023224 0.14218750596046448
0 0.47265625 0.4593750238418579 0.16093750298023224 0.14218750596046448
0 0.49921876192092896 0.5093750357627869 0.16093750298023224 0.14218750596046448
0 0.91015625 0.39791667461395264 0.16718749701976776 0.19062499701976776
0 0.9320312738418579 0.5072916746139526 0.13593749701976776 0.1640625
0 0.81640625 0.5572916865348816 0.13593749701976776 0.1640625
0 0.7679687738418579 0.49687501788139343 0.13593749701976776 0.1640625
0 0.7085937857627869 0.47812503576278687 0.13593749701976776 0.1640625
0 0.633593738079071 0.43437501788139343 0.13593749701976776 0.1640625
0 0.8804687857627869 0.17812500894069672 0.13593749701976776 0.1640625
0 0.81640625 0.16354167461395264 0.13593749701976776 0.1640625
0 0.67578125 0.140625 0.13593749701976776 0.1640625
0 0.21796874701976776 0.8885416984558105 0.13593749701976776 0.13906250894069672
0 0.08984375 0.7593750357627869 0.13593749701976776 0.13906250894069672
0 0.09453125298023224 0.2510416805744171 0.13593749701976776 0.13906250894069672
0 0.10078125447034836 0.3895833492279053 0.15781250596046448 0.15937499701976776
0 0.13671875 0.46250003576278687 0.15781250596046448 0.15937499701976776
0 0.15234375 0.08958333730697632 0.15468750894069672 0.11874999850988388
0 0.25390625 0.10625000298023224 0.15468750894069672 0.11874999850988388
0 0.27421876788139343 0.14375001192092896 0.15468750894069672 0.11874999850988388
0 0.9242187738418579 0.8072916865348816 0.15156249701976776 0.1640625
0 0.58984375 0.9541667103767395 0.14531250298023224 0.06875000149011612
0 0.36796876788139343 0.7458333969116211 0.17656250298023224 0.16562500596046448
0 0.3148437440395355 0.612500011920929 0.17656250298023224 0.16562500596046448
0 0.23671875894069672 0.5770833492279053 0.17656250298023224 0.16562500596046448
2 0.23906250298023224 0.27916666865348816 0.06562500447034836 0.07187499850988388
2 0.594531238079071 0.17083334922790527 0.05156249925494194 0.05937499925494194
0 0.08046875149011612 0.6197916865348816 0.15781250596046448 0.15468750894069672
1 0.7515625357627869 0.7520833611488342 0.1875 0.18437500298023224
0 0.3734374940395355 0.34583336114883423 0.16250000894069672 0.18437500298023224
0 0.5054687857627869 0.2802083492279053 0.16093750298023224 0.14218750596046448
0 0.47265625 0.4593750238418579 0.16093750298023224 0.14218750596046448
0 0.49921876192092896 0.5093750357627869 0.16093750298023224 0.14218750596046448
0 0.91015625 0.39791667461395264 0.16718749701976776 0.19062499701976776
0 0.9320312738418579 0.5072916746139526 0.13593749701976776 0.1640625
0 0.81640625 0.5572916865348816 0.13593749701976776 0.1640625
0 0.7679687738418579 0.49687501788139343 0.13593749701976776 0.1640625
0 0.7085937857627869 0.47812503576278687 0.13593749701976776 0.1640625
0 0.633593738079071 0.43437501788139343 0.13593749701976776 0.1640625
0 0.8804687857627869 0.17812500894069672 0.13593749701976776 0.1640625
0 0.81640625 0.16354167461395264 0.13593749701976776 0.1640625
0 0.67578125 0.140625 0.13593749701976776 0.1640625
0 0.21796874701976776 0.8885416984558105 0.13593749701976776 0.13906250894069672
0 0.08984375 0.7593750357627869 0.13593749701976776 0.13906250894069672
0 0.09453125298023224 0.2510416805744171 0.13593749701976776 0.13906250894069672
0 0.10078125447034836 0.3895833492279053 0.15781250596046448 0.15937499701976776
0 0.13671875 0.46250003576278687 0.15781250596046448 0.15937499701976776
0 0.15234375 0.08958333730697632 0.15468750894069672 0.11874999850988388
0 0.25390625 0.10625000298023224 0.15468750894069672 0.11874999850988388
0 0.27421876788139343 0.14375001192092896 0.15468750894069672 0.11874999850988388
0 0.9242187738418579 0.8072916865348816 0.15156249701976776 0.1640625
0 0.58984375 0.9541667103767395 0.14531250298023224 0.06875000149011612
0 0.36796876788139343 0.7458333969116211 0.17656250298023224 0.16562500596046448
0 0.3148437440395355 0.612500011920929 0.17656250298023224 0.16562500596046448
0 0.23671875894069672 0.5770833492279053 0.17656250298023224 0.16562500596046448
2 0.23906250298023224 0.27916666865348816 0.06562500447034836 0.07187499850988388
2 0.594531238079071 0.17083334922790527 0.05156249925494194 0.05937499925494194
0 0.08046875149011612 0.6197916865348816 0.15781250596046448 0.15468750894069672
1 0.7515625357627869 0.7520833611488342 0.1875 0.18437500298023224
0 0.3734374940395355 0.34583336114883423 0.16250000894069672 0.18437500298023224
0 0.5054687857627869 0.2802083492279053 0.16093750298023224 0.14218750596046448
0 0.47265625 0.4593750238418579 0.16093750298023224 0.14218750596046448
0 0.49921876192092896 0.5093750357627869 0.16093750298023224 0.14218750596046448
0 0.91015625 0.39791667461395264 0.16718749701976776 0.19062499701976776
0 0.9320312738418579 0.5072916746139526 0.13593749701976776 0.1640625
0 0.81640625 0.5572916865348816 0.13593749701976776 0.1640625
0 0.7679687738418579 0.49687501788139343 0.13593749701976776 0.1640625
0 0.7085937857627869 0.47812503576278687 0.13593749701976776 0.1640625
0 0.633593738079071 0.43437501788139343 0.13593749701976776 0.1640625
0 0.8804687857627869 0.17812500894069672 0.13593749701976776 0.1640625
0 0.81640625 0.16354167461395264 0.13593749701976776 0.1640625
0 0.67578125 0.140625 0.13593749701976776 0.1640625
0 0.21796874701976776 0.8885416984558105 0.13593749701976776 0.13906250894069672
0 0.08984375 0.7593750357627869 0.13593749701976776 0.13906250894069672
0 0.09453125298023224 0.2510416805744171 0.13593749701976776 0.13906250894069672
0 0.10078125447034836 0.3895833492279053 0.15781250596046448 0.15937499701976776
0 0.13671875 0.46250003576278687 0.15781250596046448 0.15937499701976776
0 0.15234375 0.08958333730697632 0.15468750894069672 0.11874999850988388
0 0.25390625 0.10625000298023224 0.15468750894069672 0.11874999850988388
0 0.27421876788139343 0.14375001192092896 0.15468750894069672 0.11874999850988388
0 0.9242187738418579 0.8072916865348816 0.15156249701976776 0.1640625
0 0.58984375 0.9541667103767395 0.14531250298023224 0.06875000149011612
0 0.36796876788139343 0.7458333969116211 0.17656250298023224 0.16562500596046448
0 0.3148437440395355 0.612500011920929 0.17656250298023224 0.16562500596046448
0 0.23671875894069672 0.5770833492279053 0.17656250298023224 0.16562500596046448
2 0.23906250298023224 0.27916666865348816 0.06562500447034836 0.07187499850988388
2 0.594531238079071 0.17083334922790527 0.05156249925494194 0.05937499925494194
0 0.08046875149011612 0.6197916865348816 0.15781250596046448 0.15468750894069672
