1 0.34609375515719876 0.28645834827329963 0.19843750295694917 0.1890625028172508
0 0.45000000670552254 0.6802083688089624 0.17187500256113708 0.16406250244472176
0 0.5359375079860911 0.2468750128755346 0.17187500256113708 0.16406250244472176
0 0.6265625093365088 0.6208333657123148 0.1406250020954758 0.14687500218860805
0 0.7812500116415322 0.7125000371597707 0.1406250020954758 0.14687500218860805
0 0.7250000108033419 0.7479167056735605 0.1406250020954758 0.14687500218860805
0 0.6164062591851689 0.8739583789138123 0.19531250291038305 0.17031250253785402
0 0.38750000577419996 0.5520833621267229 0.1531250022817403 0.13750000204890966
0 0.2351562535041012 0.7916667079553008 0.2015625030035153 0.17812500265426934
0 0.16406250244472176 0.09687500505242497 0.17187500256113708 0.14218750211875886
0 0.3492187552037649 0.11666667275130749 0.15468750230502337 0.12500000186264515
0 0.7210937607451342 0.09375000488944352 0.17343750258442014 0.13750000204890966
0 0.8945312633295543 0.3760416862787679 0.17343750258442014 0.13906250207219273
0 0.9007812634226866 0.5031250262400135 0.17343750258442014 0.13906250207219273
0 0.9265625138068572 0.6177083655493334 0.14687500218860805 0.15156250225845724
0 0.7984375118976459 0.31145834957715124 0.14687500218860805 0.15156250225845724
0 0.7156250106636435 0.23645834566559643 0.14687500218860805 0.15156250225845724
0 0.7312500108964741 0.38020835316274315 0.14687500218860805 0.15156250225845724
0 0.7312500108964741 0.4333333559334278 0.1625000024214387 0.15625000232830644
0 0.6921875103143975 0.4375000228174031 0.1625000024214387 0.15625000232830644
0 0.6281250093597919 0.483333358541131 0.1625000024214387 0.15625000232830644
0 0.17343750258442014 0.6041666981764138 0.19062500284053385 0.1625000024214387
0 0.8078125120373443 0.9250000482425094 0.1968750029336661 0.11250000167638063
0 0.0703125010477379 0.8812500459607691 0.13750000204890966 0.17812500265426934
1 0.1890625028172508 0.2666666805744171 0.059375000884756446 0.07187500107102096
1 0.34609375515719876 0.28645834827329963 0.19843750295694917 0.1890625028172508
0 0.45000000670552254 0.6802083688089624 0.17187500256113708 0.16406250244472176
0 0.5359375079860911 0.2468750128755346 0.17187500256113708 0.16406250244472176
0 0.6265625093365088 0.6208333657123148 0.1406250020954758 0.14687500218860805
0 0.7812500116415322 0.7125000371597707 0.1406250020954758 0.14687500218860805
0 0.7250000108033419 0.7479167056735605 0.1406250020954758 0.14687500218860805
0 0.6164062591851689 0.8739583789138123 0.19531250291038305 0.17031250253785402
0 0.38750000577419996 0.5520833621267229 0.1531250022817403 0.13750000204890966
0 0.2351562535041012 0.7916667079553008 0.2015625030035153 0.17812500265426934
0 0.16406250244472176 0.09687500505242497 0.17187500256113708 0.14218750211875886
0 0.3492187552037649 0.11666667275130749 0.15468750230502337 0.12500000186264515
0 0.7210937607451342 0.09375000488944352 0.17343750258442014 0.13750000204890966
0 0.8945312633295543 0.3760416862787679 0.17343750258442014 0.13906250207219273
0 0.9007812634226866 0.5031250262400135 0.17343750258442014 0.13906250207219273
0 0.9265625138068572 0.6177083655493334 0.14687500218860805 0.15156250225845724
0 0.7984375118976459 0.31145834957715124 0.14687500218860805 0.15156250225845724
0 0.7156250106636435 0.23645834566559643 0.14687500218860805 0.15156250225845724
0 0.7312500108964741 0.38020835316274315 0.14687500218860805 0.15156250225845724
0 0.7312500108964741 0.4333333559334278 0.1625000024214387 0.15625000232830644
0 0.6921875103143975 0.4375000228174031 0.1625000024214387 0.15625000232830644
0 0.6281250093597919 0.483333358541131 0.1625000024214387 0.15625000232830644
0 0.17343750258442014 0.6041666981764138 0.19062500284053385 0.1625000024214387
0 0.8078125120373443 0.9250000482425094 0.1968750029336661 0.11250000167638063
0 0.0703125010477379 0.8812500459607691 0.13750000204890966 0.17812500265426934
1 0.1890625028172508 0.2666666805744171 0.059375000884756446 0.07187500107102096
1 0.34609375515719876 0.28645834827329963 0.19843750295694917 0.1890625028172508
0 0.45000000670552254 0.6802083688089624 0.17187500256113708 0.16406250244472176
0 0.5359375079860911 0.2468750128755346 0.17187500256113708 0.16406250244472176
0 0.6265625093365088 0.6208333657123148 0.1406250020954758 0.14687500218860805
0 0.7812500116415322 0.7125000371597707 0.1406250020954758 0.14687500218860805
0 0.7250000108033419 0.7479167056735605 0.1406250020954758 0.14687500218860805
0 0.6164062591851689 0.8739583789138123 0.19531250291038305 0.17031250253785402
0 0.38750000577419996 0.5520833621267229 0.1531250022817403 0.13750000204890966
0 0.2351562535041012 0.7916667079553008 0.2015625030035153 0.17812500265426934
0 0.16406250244472176 0.09687500505242497 0.17187500256113708 0.14218750211875886
0 0.3492187552037649 0.11666667275130749 0.15468750230502337 0.12500000186264515
0 0.7210937607451342 0.09375000488944352 0.17343750258442014 0.13750000204890966
0 0.8945312633295543 0.3760416862787679 0.17343750258442014 0.13906250207219273
0 0.9007812634226866 0.5031250262400135 0.17343750258442014 0.13906250207219273
0 0.9265625138068572 0.6177083655493334 0.14687500218860805 0.15156250225845724
0 0.7984375118976459 0.31145834957715124 0.14687500218860805 0.15156250225845724
0 0.7156250106636435 0.23645834566559643 0.14687500218860805 0.15156250225845724
0 0.7312500108964741 0.38020835316274315 0.14687500218860805 0.15156250225845724
0 0.7312500108964741 0.4333333559334278 0.1625000024214387 0.15625000232830644
0 0.6921875103143975 0.4375000228174031 0.1625000024214387 0.15625000232830644
0 0.6281250093597919 0.483333358541131 0.1625000024214387 0.15625000232830644
0 0.17343750258442014 0.6041666981764138 0.19062500284053385 0.1625000024214387
0 0.8078125120373443 0.9250000482425094 0.1968750029336661 0.11250000167638063
0 0.0703125010477379 0.8812500459607691 0.13750000204890966 0.17812500265426934
1 0.1890625028172508 0.2666666805744171 0.059375000884756446 0.07187500107102096
1 0.34609375515719876 0.28645834827329963 0.19843750295694917 0.1890625028172508
0 0.45000000670552254 0.6802083688089624 0.17187500256113708 0.16406250244472176
0 0.5359375079860911 0.2468750128755346 0.17187500256113708 0.16406250244472176
0 0.6265625093365088 0.6208333657123148 0.1406250020954758 0.14687500218860805
0 0.7812500116415322 0.7125000371597707 0.1406250020954758 0.14687500218860805
0 0.7250000108033419 0.7479167056735605 0.1406250020954758 0.14687500218860805
0 0.6164062591851689 0.8739583789138123 0.19531250291038305 0.17031250253785402
0 0.38750000577419996 0.5520833621267229 0.1531250022817403 0.13750000204890966
0 0.2351562535041012 0.7916667079553008 0.2015625030035153 0.17812500265426934
0 0.16406250244472176 0.09687500505242497 0.17187500256113708 0.14218750211875886
0 0.3492187552037649 0.11666667275130749 0.15468750230502337 0.12500000186264515
0 0.7210937607451342 0.09375000488944352 0.17343750258442014 0.13750000204890966
0 0.8945312633295543 0.3760416862787679 0.17343750258442014 0.13906250207219273
0 0.9007812634226866 0.5031250262400135 0.17343750258442014 0.13906250207219273
0 0.9265625138068572 0.6177083655493334 0.14687500218860805 0.15156250225845724
0 0.7984375118976459 0.31145834957715124 0.14687500218860805 0.15156250225845724
0 0.7156250106636435 0.23645834566559643 0.14687500218860805 0.15156250225845724
0 0.7312500108964741 0.38020835316274315 0.14687500218860805 0.15156250225845724
0 0.7312500108964741 0.4333333559334278 0.1625000024214387 0.15625000232830644
0 0.6921875103143975 0.4375000228174031 0.1625000024214387 0.15625000232830644
0 0.6281250093597919 0.483333358541131 0.1625000024214387 0.15625000232830644
0 0.17343750258442014 0.6041666981764138 0.19062500284053385 0.1625000024214387
0 0.8078125120373443 0.9250000482425094 0.1968750029336661 0.11250000167638063
0 0.0703125010477379 0.8812500459607691 0.13750000204890966 0.17812500265426934
1 0.1890625028172508 0.2666666805744171 0.059375000884756446 0.07187500107102096
1 0.34609375515719876 0.28645834827329963 0.19843750295694917 0.1890625028172508
0 0.45000000670552254 0.6802083688089624 0.17187500256113708 0.16406250244472176
0 0.5359375079860911 0.2468750128755346 0.17187500256113708 0.16406250244472176
0 0.6265625093365088 0.6208333657123148 0.1406250020954758 0.14687500218860805
0 0.7812500116415322 0.7125000371597707 0.1406250020954758 0.14687500218860805
0 0.7250000108033419 0.7479167056735605 0.1406250020954758 0.14687500218860805
0 0.6164062591851689 0.8739583789138123 0.19531250291038305 0.17031250253785402
0 0.38750000577419996 0.5520833621267229 0.1531250022817403 0.13750000204890966
0 0.2351562535041012 0.7916667079553008 0.2015625030035153 0.17812500265426934
0 0.16406250244472176 0.09687500505242497 0.17187500256113708 0.14218750211875886
0 0.3492187552037649 0.11666667275130749 0.15468750230502337 0.12500000186264515
0 0.7210937607451342 0.09375000488944352 0.17343750258442014 0.13750000204890966
0 0.8945312633295543 0.3760416862787679 0.17343750258442014 0.13906250207219273
0 0.9007812634226866 0.5031250262400135 0.17343750258442014 0.13906250207219273
0 0.9265625138068572 0.6177083655493334 0.14687500218860805 0.15156250225845724
0 0.7984375118976459 0.31145834957715124 0.14687500218860805 0.15156250225845724
0 0.7156250106636435 0.23645834566559643 0.14687500218860805 0.15156250225845724
0 0.7312500108964741 0.38020835316274315 0.14687500218860805 0.15156250225845724
0 0.7312500108964741 0.4333333559334278 0.1625000024214387 0.15625000232830644
0 0.6921875103143975 0.4375000228174031 0.1625000024214387 0.15625000232830644
0 0.6281250093597919 0.483333358541131 0.1625000024214387 0.15625000232830644
0 0.17343750258442014 0.6041666981764138 0.19062500284053385 0.1625000024214387
0 0.8078125120373443 0.9250000482425094 0.1968750029336661 0.11250000167638063
0 0.0703125010477379 0.8812500459607691 0.13750000204890966 0.17812500265426934
1 0.1890625028172508 0.2666666805744171 0.059375000884756446 0.07187500107102096
1 0.34609375515719876 0.28645834827329963 0.19843750295694917 0.1890625028172508
0 0.45000000670552254 0.6802083688089624 0.17187500256113708 0.16406250244472176
0 0.5359375079860911 0.2468750128755346 0.17187500256113708 0.16406250244472176
0 0.6265625093365088 0.6208333657123148 0.1406250020954758 0.14687500218860805
0 0.7812500116415322 0.7125000371597707 0.1406250020954758 0.14687500218860805
0 0.7250000108033419 0.7479167056735605 0.1406250020954758 0.14687500218860805
0 0.6164062591851689 0.8739583789138123 0.19531250291038305 0.17031250253785402
0 0.38750000577419996 0.5520833621267229 0.1531250022817403 0.13750000204890966
0 0.2351562535041012 0.7916667079553008 0.2015625030035153 0.17812500265426934
0 0.16406250244472176 0.09687500505242497 0.17187500256113708 0.14218750211875886
0 0.3492187552037649 0.11666667275130749 0.15468750230502337 0.12500000186264515
0 0.7210937607451342 0.09375000488944352 0.17343750258442014 0.13750000204890966
0 0.8945312633295543 0.3760416862787679 0.17343750258442014 0.13906250207219273
0 0.9007812634226866 0.5031250262400135 0.17343750258442014 0.13906250207219273
0 0.9265625138068572 0.6177083655493334 0.14687500218860805 0.15156250225845724
0 0.7984375118976459 0.31145834957715124 0.14687500218860805 0.15156250225845724
0 0.7156250106636435 0.23645834566559643 0.14687500218860805 0.15156250225845724
0 0.7312500108964741 0.38020835316274315 0.14687500218860805 0.15156250225845724
0 0.7312500108964741 0.4333333559334278 0.1625000024214387 0.15625000232830644
0 0.6921875103143975 0.4375000228174031 0.1625000024214387 0.15625000232830644
0 0.6281250093597919 0.483333358541131 0.1625000024214387 0.15625000232830644
0 0.17343750258442014 0.6041666981764138 0.19062500284053385 0.1625000024214387
0 0.8078125120373443 0.9250000482425094 0.1968750029336661 0.11250000167638063
0 0.0703125010477379 0.8812500459607691 0.13750000204890966 0.17812500265426934
1 0.1890625028172508 0.2666666805744171 0.059375000884756446 0.07187500107102096
1 0.34609375515719876 0.28645834827329963 0.19843750295694917 0.1890625028172508
0 0.45000000670552254 0.6802083688089624 0.17187500256113708 0.16406250244472176
0 0.5359375079860911 0.2468750128755346 0.17187500256113708 0.16406250244472176
0 0.6265625093365088 0.6208333657123148 0.1406250020954758 0.14687500218860805
0 0.7812500116415322 0.7125000371597707 0.1406250020954758 0.14687500218860805
0 0.7250000108033419 0.7479167056735605 0.1406250020954758 0.14687500218860805
0 0.6164062591851689 0.8739583789138123 0.19531250291038305 0.17031250253785402
0 0.38750000577419996 0.5520833621267229 0.1531250022817403 0.13750000204890966
0 0.2351562535041012 0.7916667079553008 0.2015625030035153 0.17812500265426934
0 0.16406250244472176 0.09687500505242497 0.17187500256113708 0.14218750211875886
0 0.3492187552037649 0.11666667275130749 0.15468750230502337 0.12500000186264515
0 0.7210937607451342 0.09375000488944352 0.17343750258442014 0.13750000204890966
0 0.8945312633295543 0.3760416862787679 0.17343750258442014 0.13906250207219273
0 0.9007812634226866 0.5031250262400135 0.17343750258442014 0.13906250207219273
0 0.9265625138068572 0.6177083655493334 0.14687500218860805 0.15156250225845724
0 0.7984375118976459 0.31145834957715124 0.14687500218860805 0.15156250225845724
0 0.7156250106636435 0.23645834566559643 0.14687500218860805 0.15156250225845724
0 0.7312500108964741 0.38020835316274315 0.14687500218860805 0.15156250225845724
0 0.7312500108964741 0.4333333559334278 0.1625000024214387 0.15625000232830644
0 0.6921875103143975 0.4375000228174031 0.1625000024214387 0.15625000232830644
0 0.6281250093597919 0.483333358541131 0.1625000024214387 0.15625000232830644
0 0.17343750258442014 0.6041666981764138 0.19062500284053385 0.1625000024214387
0 0.8078125120373443 0.9250000482425094 0.1968750029336661 0.11250000167638063
0 0.0703125010477379 0.8812500459607691 0.13750000204890966 0.17812500265426934
1 0.1890625028172508 0.2666666805744171 0.059375000884756446 0.07187500107102096
1 0.34609375515719876 0.28645834827329963 0.19843750295694917 0.1890625028172508
0 0.45000000670552254 0.6802083688089624 0.17187500256113708 0.16406250244472176
0 0.5359375079860911 0.2468750128755346 0.17187500256113708 0.16406250244472176
0 0.6265625093365088 0.6208333657123148 0.1406250020954758 0.14687500218860805
0 0.7812500116415322 0.7125000371597707 0.1406250020954758 0.14687500218860805
0 0.7250000108033419 0.7479167056735605 0.1406250020954758 0.14687500218860805
0 0.6164062591851689 0.8739583789138123 0.19531250291038305 0.17031250253785402
0 0.38750000577419996 0.5520833621267229 0.1531250022817403 0.13750000204890966
0 0.2351562535041012 0.7916667079553008 0.2015625030035153 0.17812500265426934
0 0.16406250244472176 0.09687500505242497 0.17187500256113708 0.14218750211875886
0 0.3492187552037649 0.11666667275130749 0.15468750230502337 0.12500000186264515
0 0.7210937607451342 0.09375000488944352 0.17343750258442014 0.13750000204890966
0 0.8945312633295543 0.3760416862787679 0.17343750258442014 0.13906250207219273
0 0.9007812634226866 0.5031250262400135 0.17343750258442014 0.13906250207219273
0 0.9265625138068572 0.6177083655493334 0.14687500218860805 0.15156250225845724
0 0.7984375118976459 0.31145834957715124 0.14687500218860805 0.15156250225845724
0 0.7156250106636435 0.23645834566559643 0.14687500218860805 0.15156250225845724
0 0.7312500108964741 0.38020835316274315 0.14687500218860805 0.15156250225845724
0 0.7312500108964741 0.4333333559334278 0.1625000024214387 0.15625000232830644
0 0.6921875103143975 0.4375000228174031 0.1625000024214387 0.15625000232830644
0 0.6281250093597919 0.483333358541131 0.1625000024214387 0.15625000232830644
0 0.17343750258442014 0.6041666981764138 0.19062500284053385 0.1625000024214387
0 0.8078125120373443 0.9250000482425094 0.1968750029336661 0.11250000167638063
0 0.0703125010477379 0.8812500459607691 0.13750000204890966 0.17812500265426934
1 0.1890625028172508 0.2666666805744171 0.059375000884756446 0.07187500107102096
1 0.34609375515719876 0.28645834827329963 0.19843750295694917 0.1890625028172508
0 0.45000000670552254 0.6802083688089624 0.17187500256113708 0.16406250244472176
0 0.5359375079860911 0.2468750128755346 0.17187500256113708 0.16406250244472176
0 0.6265625093365088 0.6208333657123148 0.1406250020954758 0.14687500218860805
0 0.7812500116415322 0.7125000371597707 0.1406250020954758 0.14687500218860805
0 0.7250000108033419 0.7479167056735605 0.1406250020954758 0.14687500218860805
0 0.6164062591851689 0.8739583789138123 0.19531250291038305 0.17031250253785402
0 0.38750000577419996 0.5520833621267229 0.1531250022817403 0.13750000204890966
0 0.2351562535041012 0.7916667079553008 0.2015625030035153 0.17812500265426934
0 0.16406250244472176 0.09687500505242497 0.17187500256113708 0.14218750211875886
0 0.3492187552037649 0.11666667275130749 0.15468750230502337 0.12500000186264515
0 0.7210937607451342 0.09375000488944352 0.17343750258442014 0.13750000204890966
0 0.8945312633295543 0.3760416862787679 0.17343750258442014 0.13906250207219273
0 0.9007812634226866 0.5031250262400135 0.17343750258442014 0.13906250207219273
0 0.9265625138068572 0.6177083655493334 0.14687500218860805 0.15156250225845724
0 0.7984375118976459 0.31145834957715124 0.14687500218860805 0.15156250225845724
0 0.7156250106636435 0.23645834566559643 0.14687500218860805 0.15156250225845724
0 0.7312500108964741 0.38020835316274315 0.14687500218860805 0.15156250225845724
0 0.7312500108964741 0.4333333559334278 0.1625000024214387 0.15625000232830644
0 0.6921875103143975 0.4375000228174031 0.1625000024214387 0.15625000232830644
0 0.6281250093597919 0.483333358541131 0.1625000024214387 0.15625000232830644
0 0.17343750258442014 0.6041666981764138 0.19062500284053385 0.1625000024214387
0 0.8078125120373443 0.9250000482425094 0.1968750029336661 0.11250000167638063
0 0.0703125010477379 0.8812500459607691 0.13750000204890966 0.17812500265426934
1 0.1890625028172508 0.2666666805744171 0.059375000884756446 0.07187500107102096
1 0.34609375515719876 0.28645834827329963 0.19843750295694917 0.1890625028172508
0 0.45000000670552254 0.6802083688089624 0.17187500256113708 0.16406250244472176
0 0.5359375079860911 0.2468750128755346 0.17187500256113708 0.16406250244472176
0 0.6265625093365088 0.6208333657123148 0.1406250020954758 0.14687500218860805
0 0.7812500116415322 0.7125000371597707 0.1406250020954758 0.14687500218860805
0 0.7250000108033419 0.7479167056735605 0.1406250020954758 0.14687500218860805
0 0.6164062591851689 0.8739583789138123 0.19531250291038305 0.17031250253785402
0 0.38750000577419996 0.5520833621267229 0.1531250022817403 0.13750000204890966
0 0.2351562535041012 0.7916667079553008 0.2015625030035153 0.17812500265426934
0 0.16406250244472176 0.09687500505242497 0.17187500256113708 0.14218750211875886
0 0.3492187552037649 0.11666667275130749 0.15468750230502337 0.12500000186264515
0 0.7210937607451342 0.09375000488944352 0.17343750258442014 0.13750000204890966
0 0.8945312633295543 0.3760416862787679 0.17343750258442014 0.13906250207219273
0 0.9007812634226866 0.5031250262400135 0.17343750258442014 0.13906250207219273
0 0.9265625138068572 0.6177083655493334 0.14687500218860805 0.15156250225845724
0 0.7984375118976459 0.31145834957715124 0.14687500218860805 0.15156250225845724
0 0.7156250106636435 0.23645834566559643 0.14687500218860805 0.15156250225845724
0 0.7312500108964741 0.38020835316274315 0.14687500218860805 0.15156250225845724
0 0.7312500108964741 0.4333333559334278 0.1625000024214387 0.15625000232830644
0 0.6921875103143975 0.4375000228174031 0.1625000024214387 0.15625000232830644
0 0.6281250093597919 0.483333358541131 0.1625000024214387 0.15625000232830644
0 0.17343750258442014 0.6041666981764138 0.19062500284053385 0.1625000024214387
0 0.8078125120373443 0.9250000482425094 0.1968750029336661 0.11250000167638063
0 0.0703125010477379 0.8812500459607691 0.13750000204890966 0.17812500265426934
1 0.1890625028172508 0.2666666805744171 0.059375000884756446 0.07187500107102096
1 0.34609375515719876 0.28645834827329963 0.19843750295694917 0.1890625028172508
0 0.45000000670552254 0.6802083688089624 0.17187500256113708 0.16406250244472176
0 0.5359375079860911 0.2468750128755346 0.17187500256113708 0.16406250244472176
0 0.6265625093365088 0.6208333657123148 0.1406250020954758 0.14687500218860805
0 0.7812500116415322 0.7125000371597707 0.1406250020954758 0.14687500218860805
0 0.7250000108033419 0.7479167056735605 0.1406250020954758 0.14687500218860805
0 0.6164062591851689 0.8739583789138123 0.19531250291038305 0.17031250253785402
0 0.38750000577419996 0.5520833621267229 0.1531250022817403 0.13750000204890966
0 0.2351562535041012 0.7916667079553008 0.2015625030035153 0.17812500265426934
0 0.16406250244472176 0.09687500505242497 0.17187500256113708 0.14218750211875886
0 0.3492187552037649 0.11666667275130749 0.15468750230502337 0.12500000186264515
0 0.7210937607451342 0.09375000488944352 0.17343750258442014 0.13750000204890966
0 0.8945312633295543 0.3760416862787679 0.17343750258442014 0.13906250207219273
0 0.9007812634226866 0.5031250262400135 0.17343750258442014 0.13906250207219273
0 0.9265625138068572 0.6177083655493334 0.14687500218860805 0.15156250225845724
0 0.7984375118976459 0.31145834957715124 0.14687500218860805 0.15156250225845724
0 0.7156250106636435 0.23645834566559643 0.14687500218860805 0.15156250225845724
0 0.7312500108964741 0.38020835316274315 0.14687500218860805 0.15156250225845724
0 0.7312500108964741 0.4333333559334278 0.1625000024214387 0.15625000232830644
0 0.6921875103143975 0.4375000228174031 0.1625000024214387 0.15625000232830644
0 0.6281250093597919 0.483333358541131 0.1625000024214387 0.15625000232830644
0 0.17343750258442014 0.6041666981764138 0.19062500284053385 0.1625000024214387
0 0.8078125120373443 0.9250000482425094 0.1968750029336661 0.11250000167638063
0 0.0703125010477379 0.8812500459607691 0.13750000204890966 0.17812500265426934
1 0.1890625028172508 0.2666666805744171 0.059375000884756446 0.07187500107102096
1 0.34609375515719876 0.28645834827329963 0.19843750295694917 0.1890625028172508
0 0.45000000670552254 0.6802083688089624 0.17187500256113708 0.16406250244472176
0 0.5359375079860911 0.2468750128755346 0.17187500256113708 0.16406250244472176
0 0.6265625093365088 0.6208333657123148 0.1406250020954758 0.14687500218860805
0 0.7812500116415322 0.7125000371597707 0.1406250020954758 0.14687500218860805
0 0.7250000108033419 0.7479167056735605 0.1406250020954758 0.14687500218860805
0 0.6164062591851689 0.8739583789138123 0.19531250291038305 0.17031250253785402
0 0.38750000577419996 0.5520833621267229 0.1531250022817403 0.13750000204890966
0 0.2351562535041012 0.7916667079553008 0.2015625030035153 0.17812500265426934
0 0.16406250244472176 0.09687500505242497 0.17187500256113708 0.14218750211875886
0 0.3492187552037649 0.11666667275130749 0.15468750230502337 0.12500000186264515
0 0.7210937607451342 0.09375000488944352 0.17343750258442014 0.13750000204890966
0 0.8945312633295543 0.3760416862787679 0.17343750258442014 0.13906250207219273
0 0.9007812634226866 0.5031250262400135 0.17343750258442014 0.13906250207219273
0 0.9265625138068572 0.6177083655493334 0.14687500218860805 0.15156250225845724
0 0.7984375118976459 0.31145834957715124 0.14687500218860805 0.15156250225845724
0 0.7156250106636435 0.23645834566559643 0.14687500218860805 0.15156250225845724
0 0.7312500108964741 0.38020835316274315 0.14687500218860805 0.15156250225845724
0 0.7312500108964741 0.4333333559334278 0.1625000024214387 0.15625000232830644
0 0.6921875103143975 0.4375000228174031 0.1625000024214387 0.15625000232830644
0 0.6281250093597919 0.483333358541131 0.1625000024214387 0.15625000232830644
0 0.17343750258442014 0.6041666981764138 0.19062500284053385 0.1625000024214387
0 0.8078125120373443 0.9250000482425094 0.1968750029336661 0.11250000167638063
0 0.0703125010477379 0.8812500459607691 0.13750000204890966 0.17812500265426934
1 0.1890625028172508 0.2666666805744171 0.059375000884756446 0.07187500107102096
1 0.34609375515719876 0.28645834827329963 0.19843750295694917 0.1890625028172508
0 0.45000000670552254 0.6802083688089624 0.17187500256113708 0.16406250244472176
0 0.5359375079860911 0.2468750128755346 0.17187500256113708 0.16406250244472176
0 0.6265625093365088 0.6208333657123148 0.1406250020954758 0.14687500218860805
0 0.7812500116415322 0.7125000371597707 0.1406250020954758 0.14687500218860805
0 0.7250000108033419 0.7479167056735605 0.1406250020954758 0.14687500218860805
0 0.6164062591851689 0.8739583789138123 0.19531250291038305 0.17031250253785402
0 0.38750000577419996 0.5520833621267229 0.1531250022817403 0.13750000204890966
0 0.2351562535041012 0.7916667079553008 0.2015625030035153 0.17812500265426934
0 0.16406250244472176 0.09687500505242497 0.17187500256113708 0.14218750211875886
0 0.3492187552037649 0.11666667275130749 0.15468750230502337 0.12500000186264515
0 0.7210937607451342 0.09375000488944352 0.17343750258442014 0.13750000204890966
0 0.8945312633295543 0.3760416862787679 0.17343750258442014 0.13906250207219273
0 0.9007812634226866 0.5031250262400135 0.17343750258442014 0.13906250207219273
0 0.9265625138068572 0.6177083655493334 0.14687500218860805 0.15156250225845724
0 0.7984375118976459 0.31145834957715124 0.14687500218860805 0.15156250225845724
0 0.7156250106636435 0.23645834566559643 0.14687500218860805 0.15156250225845724
0 0.7312500108964741 0.38020835316274315 0.14687500218860805 0.15156250225845724
0 0.7312500108964741 0.4333333559334278 0.1625000024214387 0.15625000232830644
0 0.6921875103143975 0.4375000228174031 0.1625000024214387 0.15625000232830644
0 0.6281250093597919 0.483333358541131 0.1625000024214387 0.15625000232830644
0 0.17343750258442014 0.6041666981764138 0.19062500284053385 0.1625000024214387
0 0.8078125120373443 0.9250000482425094 0.1968750029336661 0.11250000167638063
0 0.0703125010477379 0.8812500459607691 0.13750000204890966 0.17812500265426934
1 0.1890625028172508 0.2666666805744171 0.059375000884756446 0.07187500107102096
1 0.34609375515719876 0.28645834827329963 0.19843750295694917 0.1890625028172508
0 0.45000000670552254 0.6802083688089624 0.17187500256113708 0.16406250244472176
0 0.5359375079860911 0.2468750128755346 0.17187500256113708 0.16406250244472176
0 0.6265625093365088 0.6208333657123148 0.1406250020954758 0.14687500218860805
0 0.7812500116415322 0.7125000371597707 0.1406250020954758 0.14687500218860805
0 0.7250000108033419 0.7479167056735605 0.1406250020954758 0.14687500218860805
0 0.6164062591851689 0.8739583789138123 0.19531250291038305 0.17031250253785402
0 0.38750000577419996 0.5520833621267229 0.1531250022817403 0.13750000204890966
0 0.2351562535041012 0.7916667079553008 0.2015625030035153 0.17812500265426934
0 0.16406250244472176 0.09687500505242497 0.17187500256113708 0.14218750211875886
0 0.3492187552037649 0.11666667275130749 0.15468750230502337 0.12500000186264515
0 0.7210937607451342 0.09375000488944352 0.17343750258442014 0.13750000204890966
0 0.8945312633295543 0.3760416862787679 0.17343750258442014 0.13906250207219273
0 0.9007812634226866 0.5031250262400135 0.17343750258442014 0.13906250207219273
0 0.9265625138068572 0.6177083655493334 0.14687500218860805 0.15156250225845724
0 0.7984375118976459 0.31145834957715124 0.14687500218860805 0.15156250225845724
0 0.7156250106636435 0.23645834566559643 0.14687500218860805 0.15156250225845724
0 0.7312500108964741 0.38020835316274315 0.14687500218860805 0.15156250225845724
0 0.7312500108964741 0.4333333559334278 0.1625000024214387 0.15625000232830644
0 0.6921875103143975 0.4375000228174031 0.1625000024214387 0.15625000232830644
0 0.6281250093597919 0.483333358541131 0.1625000024214387 0.15625000232830644
0 0.17343750258442014 0.6041666981764138 0.19062500284053385 0.1625000024214387
0 0.8078125120373443 0.9250000482425094 0.1968750029336661 0.11250000167638063
0 0.0703125010477379 0.8812500459607691 0.13750000204890966 0.17812500265426934
2 0.1890625028172508 0.2666666805744171 0.059375000884756446 0.07187500107102096
1 0.34609375515719876 0.28645834827329963 0.19843750295694917 0.1890625028172508
0 0.45000000670552254 0.6802083688089624 0.17187500256113708 0.16406250244472176
0 0.5359375079860911 0.2468750128755346 0.17187500256113708 0.16406250244472176
0 0.6265625093365088 0.6208333657123148 0.1406250020954758 0.14687500218860805
0 0.7812500116415322 0.7125000371597707 0.1406250020954758 0.14687500218860805
0 0.7250000108033419 0.7479167056735605 0.1406250020954758 0.14687500218860805
0 0.6164062591851689 0.8739583789138123 0.19531250291038305 0.17031250253785402
0 0.38750000577419996 0.5520833621267229 0.1531250022817403 0.13750000204890966
0 0.2351562535041012 0.7916667079553008 0.2015625030035153 0.17812500265426934
0 0.16406250244472176 0.09687500505242497 0.17187500256113708 0.14218750211875886
0 0.3492187552037649 0.11666667275130749 0.15468750230502337 0.12500000186264515
0 0.7210937607451342 0.09375000488944352 0.17343750258442014 0.13750000204890966
0 0.8945312633295543 0.3760416862787679 0.17343750258442014 0.13906250207219273
0 0.9007812634226866 0.5031250262400135 0.17343750258442014 0.13906250207219273
0 0.9265625138068572 0.6177083655493334 0.14687500218860805 0.15156250225845724
0 0.7984375118976459 0.31145834957715124 0.14687500218860805 0.15156250225845724
0 0.7156250106636435 0.23645834566559643 0.14687500218860805 0.15156250225845724
0 0.7312500108964741 0.38020835316274315 0.14687500218860805 0.15156250225845724
0 0.7312500108964741 0.4333333559334278 0.1625000024214387 0.15625000232830644
0 0.6921875103143975 0.4375000228174031 0.1625000024214387 0.15625000232830644
0 0.6281250093597919 0.483333358541131 0.1625000024214387 0.15625000232830644
0 0.17343750258442014 0.6041666981764138 0.19062500284053385 0.1625000024214387
0 0.8078125120373443 0.9250000482425094 0.1968750029336661 0.11250000167638063
0 0.0703125010477379 0.8812500459607691 0.13750000204890966 0.17812500265426934
2 0.1890625028172508 0.2666666805744171 0.059375000884756446 0.07187500107102096
1 0.3460937440395355 0.2864583432674408 0.19843749701976776 0.18906250596046448
0 0.45000001788139343 0.6802083849906921 0.171875 0.1640625
0 0.535937488079071 0.24687501788139343 0.171875 0.1640625
0 0.6265625357627869 0.6208333373069763 0.140625 0.14687500894069672
0 0.78125 0.7125000357627869 0.140625 0.14687500894069672
0 0.7250000238418579 0.7479166984558105 0.140625 0.14687500894069672
0 0.616406261920929 0.8739583492279053 0.1953125 0.17031250894069672
0 0.38750001788139343 0.5520833730697632 0.15312500298023224 0.13750000298023224
0 0.23515625298023224 0.7916666865348816 0.20156250894069672 0.17812500894069672
0 0.1640625 0.09687500447034836 0.171875 0.14218750596046448
0 0.3492187559604645 0.11666667461395264 0.15468750894069672 0.125
0 0.7210937738418579 0.0937500074505806 0.17343750596046448 0.13750000298023224
0 0.89453125 0.3760416805744171 0.17343750596046448 0.13906250894069672
0 0.9007812738418579 0.503125011920929 0.17343750596046448 0.13906250894069672
0 0.926562488079071 0.6177083849906921 0.14687500894069672 0.15156249701976776
0 0.7984375357627869 0.3114583492279053 0.14687500894069672 0.15156249701976776
0 0.715624988079071 0.23645834624767303 0.14687500894069672 0.15156249701976776
0 0.731249988079071 0.3802083432674408 0.14687500894069672 0.15156249701976776
0 0.731249988079071 0.4333333671092987 0.16250000894069672 0.15625
0 0.692187488079071 0.4375000298023224 0.16250000894069672 0.15625
0 0.628125011920929 0.4833333492279053 0.16250000894069672 0.15625
0 0.17343750596046448 0.6041666865348816 0.19062499701976776 0.16250000894069672
0 0.807812511920929 0.9250000715255737 0.19687500596046448 0.11250000447034836
0 0.0703125 0.8812500238418579 0.13750000298023224 0.17812500894069672
2 0.18906250596046448 0.2666666805744171 0.05937499925494194 0.07187499850988388
1 0.3460937440395355 0.2864583432674408 0.19843749701976776 0.18906250596046448
0 0.45000001788139343 0.6802083849906921 0.171875 0.1640625
0 0.535937488079071 0.24687501788139343 0.171875 0.1640625
0 0.6265625357627869 0.6208333373069763 0.140625 0.14687500894069672
0 0.78125 0.7125000357627869 0.140625 0.14687500894069672
0 0.7250000238418579 0.7479166984558105 0.140625 0.14687500894069672
0 0.616406261920929 0.8739583492279053 0.1953125 0.17031250894069672
0 0.38750001788139343 0.5520833730697632 0.15312500298023224 0.13750000298023224
0 0.23515625298023224 0.7916666865348816 0.20156250894069672 0.17812500894069672
0 0.1640625 0.09687500447034836 0.171875 0.14218750596046448
0 0.3492187559604645 0.11666667461395264 0.15468750894069672 0.125
0 0.7210937738418579 0.0937500074505806 0.17343750596046448 0.13750000298023224
0 0.89453125 0.3760416805744171 0.17343750596046448 0.13906250894069672
0 0.9007812738418579 0.503125011920929 0.17343750596046448 0.13906250894069672
0 0.926562488079071 0.6177083849906921 0.14687500894069672 0.15156249701976776
0 0.7984375357627869 0.3114583492279053 0.14687500894069672 0.15156249701976776
0 0.715624988079071 0.23645834624767303 0.14687500894069672 0.15156249701976776
0 0.731249988079071 0.3802083432674408 0.14687500894069672 0.15156249701976776
0 0.731249988079071 0.4333333671092987 0.16250000894069672 0.15625
0 0.692187488079071 0.4375000298023224 0.16250000894069672 0.15625
0 0.628125011920929 0.4833333492279053 0.16250000894069672 0.15625
0 0.17343750596046448 0.6041666865348816 0.19062499701976776 0.16250000894069672
0 0.807812511920929 0.9250000715255737 0.19687500596046448 0.11250000447034836
0 0.0703125 0.8812500238418579 0.13750000298023224 0.17812500894069672
2 0.18906250596046448 0.2666666805744171 0.05937499925494194 0.07187499850988388
1 0.3460937440395355 0.2864583432674408 0.19843749701976776 0.18906250596046448
0 0.45000001788139343 0.6802083849906921 0.171875 0.1640625
0 0.535937488079071 0.24687501788139343 0.171875 0.1640625
0 0.6265625357627869 0.6208333373069763 0.140625 0.14687500894069672
0 0.78125 0.7125000357627869 0.140625 0.14687500894069672
0 0.7250000238418579 0.7479166984558105 0.140625 0.14687500894069672
0 0.616406261920929 0.8739583492279053 0.1953125 0.17031250894069672
0 0.38750001788139343 0.5520833730697632 0.15312500298023224 0.13750000298023224
0 0.23515625298023224 0.7916666865348816 0.20156250894069672 0.17812500894069672
0 0.1640625 0.09687500447034836 0.171875 0.14218750596046448
0 0.3492187559604645 0.11666667461395264 0.15468750894069672 0.125
0 0.7210937738418579 0.0937500074505806 0.17343750596046448 0.13750000298023224
0 0.89453125 0.3760416805744171 0.17343750596046448 0.13906250894069672
0 0.9007812738418579 0.503125011920929 0.17343750596046448 0.13906250894069672
0 0.926562488079071 0.6177083849906921 0.14687500894069672 0.15156249701976776
0 0.7984375357627869 0.3114583492279053 0.14687500894069672 0.15156249701976776
0 0.715624988079071 0.23645834624767303 0.14687500894069672 0.15156249701976776
0 0.731249988079071 0.3802083432674408 0.14687500894069672 0.15156249701976776
0 0.731249988079071 0.4333333671092987 0.16250000894069672 0.15625
0 0.692187488079071 0.4375000298023224 0.16250000894069672 0.15625
0 0.628125011920929 0.4833333492279053 0.16250000894069672 0.15625
0 0.17343750596046448 0.6041666865348816 0.19062499701976776 0.16250000894069672
0 0.807812511920929 0.9250000715255737 0.19687500596046448 0.11250000447034836
0 0.0703125 0.8812500238418579 0.13750000298023224 0.17812500894069672
2 0.18906250596046448 0.2666666805744171 0.05937499925494194 0.07187499850988388
1 0.3460937440395355 0.2864583432674408 0.19843749701976776 0.18906250596046448
0 0.45000001788139343 0.6802083849906921 0.171875 0.1640625
0 0.535937488079071 0.24687501788139343 0.171875 0.1640625
0 0.6265625357627869 0.6208333373069763 0.140625 0.14687500894069672
0 0.78125 0.7125000357627869 0.140625 0.14687500894069672
0 0.7250000238418579 0.7479166984558105 0.140625 0.14687500894069672
0 0.616406261920929 0.8739583492279053 0.1953125 0.17031250894069672
0 0.38750001788139343 0.5520833730697632 0.15312500298023224 0.13750000298023224
0 0.23515625298023224 0.7916666865348816 0.20156250894069672 0.17812500894069672
0 0.1640625 0.09687500447034836 0.171875 0.14218750596046448
0 0.3492187559604645 0.11666667461395264 0.15468750894069672 0.125
0 0.7210937738418579 0.0937500074505806 0.17343750596046448 0.13750000298023224
0 0.89453125 0.3760416805744171 0.17343750596046448 0.13906250894069672
0 0.9007812738418579 0.503125011920929 0.17343750596046448 0.13906250894069672
0 0.926562488079071 0.6177083849906921 0.14687500894069672 0.15156249701976776
0 0.7984375357627869 0.3114583492279053 0.14687500894069672 0.15156249701976776
0 0.715624988079071 0.23645834624767303 0.14687500894069672 0.15156249701976776
0 0.731249988079071 0.3802083432674408 0.14687500894069672 0.15156249701976776
0 0.731249988079071 0.4333333671092987 0.16250000894069672 0.15625
0 0.692187488079071 0.4375000298023224 0.16250000894069672 0.15625
0 0.628125011920929 0.4833333492279053 0.16250000894069672 0.15625
0 0.17343750596046448 0.6041666865348816 0.19062499701976776 0.16250000894069672
0 0.807812511920929 0.9250000715255737 0.19687500596046448 0.11250000447034836
0 0.0703125 0.8812500238418579 0.13750000298023224 0.17812500894069672
2 0.18906250596046448 0.2666666805744171 0.05937499925494194 0.07187499850988388
1 0.3460937440395355 0.2864583432674408 0.19843749701976776 0.18906250596046448
0 0.45000001788139343 0.6802083849906921 0.171875 0.1640625
0 0.535937488079071 0.24687501788139343 0.171875 0.1640625
0 0.6265625357627869 0.6208333373069763 0.140625 0.14687500894069672
0 0.78125 0.7125000357627869 0.140625 0.14687500894069672
0 0.7250000238418579 0.7479166984558105 0.140625 0.14687500894069672
0 0.616406261920929 0.8739583492279053 0.1953125 0.17031250894069672
0 0.38750001788139343 0.5520833730697632 0.15312500298023224 0.13750000298023224
0 0.23515625298023224 0.7916666865348816 0.20156250894069672 0.17812500894069672
0 0.1640625 0.09687500447034836 0.171875 0.14218750596046448
0 0.3492187559604645 0.11666667461395264 0.15468750894069672 0.125
0 0.7210937738418579 0.0937500074505806 0.17343750596046448 0.13750000298023224
0 0.89453125 0.3760416805744171 0.17343750596046448 0.13906250894069672
0 0.9007812738418579 0.503125011920929 0.17343750596046448 0.13906250894069672
0 0.926562488079071 0.6177083849906921 0.14687500894069672 0.15156249701976776
0 0.7984375357627869 0.3114583492279053 0.14687500894069672 0.15156249701976776
0 0.715624988079071 0.23645834624767303 0.14687500894069672 0.15156249701976776
0 0.731249988079071 0.3802083432674408 0.14687500894069672 0.15156249701976776
0 0.731249988079071 0.4333333671092987 0.16250000894069672 0.15625
0 0.692187488079071 0.4375000298023224 0.16250000894069672 0.15625
0 0.628125011920929 0.4833333492279053 0.16250000894069672 0.15625
0 0.17343750596046448 0.6041666865348816 0.19062499701976776 0.16250000894069672
0 0.807812511920929 0.9250000715255737 0.19687500596046448 0.11250000447034836
0 0.0703125 0.8812500238418579 0.13750000298023224 0.17812500894069672
2 0.18906250596046448 0.2666666805744171 0.05937499925494194 0.07187499850988388
1 0.3460937440395355 0.2864583432674408 0.19843749701976776 0.18906250596046448
0 0.45000001788139343 0.6802083849906921 0.171875 0.1640625
0 0.535937488079071 0.24687501788139343 0.171875 0.1640625
0 0.6265625357627869 0.6208333373069763 0.140625 0.14687500894069672
0 0.78125 0.7125000357627869 0.140625 0.14687500894069672
0 0.7250000238418579 0.7479166984558105 0.140625 0.14687500894069672
0 0.616406261920929 0.8739583492279053 0.1953125 0.17031250894069672
0 0.38750001788139343 0.5520833730697632 0.15312500298023224 0.13750000298023224
0 0.23515625298023224 0.7916666865348816 0.20156250894069672 0.17812500894069672
0 0.1640625 0.09687500447034836 0.171875 0.14218750596046448
0 0.3492187559604645 0.11666667461395264 0.15468750894069672 0.125
0 0.7210937738418579 0.0937500074505806 0.17343750596046448 0.13750000298023224
0 0.89453125 0.3760416805744171 0.17343750596046448 0.13906250894069672
0 0.9007812738418579 0.503125011920929 0.17343750596046448 0.13906250894069672
0 0.926562488079071 0.6177083849906921 0.14687500894069672 0.15156249701976776
0 0.7984375357627869 0.3114583492279053 0.14687500894069672 0.15156249701976776
0 0.715624988079071 0.23645834624767303 0.14687500894069672 0.15156249701976776
0 0.731249988079071 0.3802083432674408 0.14687500894069672 0.15156249701976776
0 0.731249988079071 0.4333333671092987 0.16250000894069672 0.15625
0 0.692187488079071 0.4375000298023224 0.16250000894069672 0.15625
0 0.628125011920929 0.4833333492279053 0.16250000894069672 0.15625
0 0.17343750596046448 0.6041666865348816 0.19062499701976776 0.16250000894069672
0 0.807812511920929 0.9250000715255737 0.19687500596046448 0.11250000447034836
0 0.0703125 0.8812500238418579 0.13750000298023224 0.17812500894069672
2 0.18906250596046448 0.2666666805744171 0.05937499925494194 0.07187499850988388
1 0.3460937440395355 0.2864583432674408 0.19843749701976776 0.18906250596046448
0 0.45000001788139343 0.6802083849906921 0.171875 0.1640625
0 0.535937488079071 0.24687501788139343 0.171875 0.1640625
0 0.6265625357627869 0.6208333373069763 0.140625 0.14687500894069672
0 0.78125 0.7125000357627869 0.140625 0.14687500894069672
0 0.7250000238418579 0.7479166984558105 0.140625 0.14687500894069672
0 0.616406261920929 0.8739583492279053 0.1953125 0.17031250894069672
0 0.38750001788139343 0.5520833730697632 0.15312500298023224 0.13750000298023224
0 0.23515625298023224 0.7916666865348816 0.20156250894069672 0.17812500894069672
0 0.1640625 0.09687500447034836 0.171875 0.14218750596046448
0 0.3492187559604645 0.11666667461395264 0.15468750894069672 0.125
0 0.7210937738418579 0.0937500074505806 0.17343750596046448 0.13750000298023224
0 0.89453125 0.3760416805744171 0.17343750596046448 0.13906250894069672
0 0.9007812738418579 0.503125011920929 0.17343750596046448 0.13906250894069672
0 0.926562488079071 0.6177083849906921 0.14687500894069672 0.15156249701976776
0 0.7984375357627869 0.3114583492279053 0.14687500894069672 0.15156249701976776
0 0.715624988079071 0.23645834624767303 0.14687500894069672 0.15156249701976776
0 0.731249988079071 0.3802083432674408 0.14687500894069672 0.15156249701976776
0 0.731249988079071 0.4333333671092987 0.16250000894069672 0.15625
0 0.692187488079071 0.4375000298023224 0.16250000894069672 0.15625
0 0.628125011920929 0.4833333492279053 0.16250000894069672 0.15625
0 0.17343750596046448 0.6041666865348816 0.19062499701976776 0.16250000894069672
0 0.807812511920929 0.9250000715255737 0.19687500596046448 0.11250000447034836
0 0.0703125 0.8812500238418579 0.13750000298023224 0.17812500894069672
2 0.18906250596046448 0.2666666805744171 0.05937499925494194 0.07187499850988388
