1 0.4804687571595423 0.5875000306405127 0.2234375033294782 0.22187500330619514
0 0.3250000048428774 0.3895833536516875 0.15625000232830644 0.14687500218860805
0 0.21484375320142135 0.8010417084442452 0.18593750277068466 0.1578125023515895
0 0.05703125084983185 0.3947916872566566 0.11093750165309757 0.16406250244472176
0 0.14453125215368345 0.2895833484362811 0.18593750277068466 0.15625000232830644
0 0.17578125261934474 0.1354166737291962 0.18593750277068466 0.15625000232830644
0 0.5796875086380169 0.09791667177341878 0.1093750016298145 0.14375000214204192
0 0.5617187583702616 0.26145834696944803 0.19531250291038305 0.14843750221189111
0 0.45000000670552254 0.2781250145053491 0.20000000298023224 0.1796875026775524
0 0.42890625639120117 0.8958333800546825 0.18593750277068466 0.15625000232830644
0 0.6273437593481503 0.7250000378116965 0.14218750211875886 0.1406250020954758
0 0.6851562602096237 0.5416666949167848 0.14218750211875886 0.1406250020954758
0 0.7757812615600415 0.9229167148005217 0.15156250225845724 0.11562500172294676
0 0.7695312614669092 0.10729167226236314 0.19218750286381692 0.1578125023515895
1 0.5992187589290552 0.8510417110519484 0.06718750100117177 0.06093750090803951
1 0.3976562559255399 0.7489583723945543 0.06718750100117177 0.06093750090803951
0 0.9156250136438757 0.716666704043746 0.13750000204890966 0.17187500256113708
0 0.9523437641910277 0.3822916866047308 0.09531250142026693 0.16406250244472176
0 0.8929687633062713 0.25625001336447895 0.14531250216532499 0.16562500246800482
1 0.4804687571595423 0.5875000306405127 0.2234375033294782 0.22187500330619514
0 0.3250000048428774 0.3895833536516875 0.15625000232830644 0.14687500218860805
0 0.21484375320142135 0.8010417084442452 0.18593750277068466 0.1578125023515895
0 0.05703125084983185 0.3947916872566566 0.11093750165309757 0.16406250244472176
0 0.14453125215368345 0.2895833484362811 0.18593750277068466 0.15625000232830644
0 0.17578125261934474 0.1354166737291962 0.18593750277068466 0.15625000232830644
0 0.5796875086380169 0.09791667177341878 0.1093750016298145 0.14375000214204192
0 0.5617187583702616 0.26145834696944803 0.19531250291038305 0.14843750221189111
0 0.45000000670552254 0.2781250145053491 0.20000000298023224 0.1796875026775524
0 0.42890625639120117 0.8958333800546825 0.18593750277068466 0.15625000232830644
0 0.6273437593481503 0.7250000378116965 0.14218750211875886 0.1406250020954758
0 0.6851562602096237 0.5416666949167848 0.14218750211875886 0.1406250020954758
0 0.7757812615600415 0.9229167148005217 0.15156250225845724 0.11562500172294676
0 0.7695312614669092 0.10729167226236314 0.19218750286381692 0.1578125023515895
1 0.5992187589290552 0.8510417110519484 0.06718750100117177 0.06093750090803951
1 0.3976562559255399 0.7489583723945543 0.06718750100117177 0.06093750090803951
0 0.9156250136438757 0.716666704043746 0.13750000204890966 0.17187500256113708
0 0.9523437641910277 0.3822916866047308 0.09531250142026693 0.16406250244472176
0 0.8929687633062713 0.25625001336447895 0.14531250216532499 0.16562500246800482
1 0.4804687571595423 0.5875000306405127 0.2234375033294782 0.22187500330619514
0 0.3250000048428774 0.3895833536516875 0.15625000232830644 0.14687500218860805
0 0.21484375320142135 0.8010417084442452 0.18593750277068466 0.1578125023515895
0 0.05703125084983185 0.3947916872566566 0.11093750165309757 0.16406250244472176
0 0.14453125215368345 0.2895833484362811 0.18593750277068466 0.15625000232830644
0 0.17578125261934474 0.1354166737291962 0.18593750277068466 0.15625000232830644
0 0.5796875086380169 0.09791667177341878 0.1093750016298145 0.14375000214204192
0 0.5617187583702616 0.26145834696944803 0.19531250291038305 0.14843750221189111
0 0.45000000670552254 0.2781250145053491 0.20000000298023224 0.1796875026775524
0 0.42890625639120117 0.8958333800546825 0.18593750277068466 0.15625000232830644
0 0.6273437593481503 0.7250000378116965 0.14218750211875886 0.1406250020954758
0 0.6851562602096237 0.5416666949167848 0.14218750211875886 0.1406250020954758
0 0.7757812615600415 0.9229167148005217 0.15156250225845724 0.11562500172294676
0 0.7695312614669092 0.10729167226236314 0.19218750286381692 0.1578125023515895
1 0.5992187589290552 0.8510417110519484 0.06718750100117177 0.06093750090803951
1 0.3976562559255399 0.7489583723945543 0.06718750100117177 0.06093750090803951
0 0.9156250136438757 0.716666704043746 0.13750000204890966 0.17187500256113708
0 0.9523437641910277 0.3822916866047308 0.09531250142026693 0.16406250244472176
0 0.8929687633062713 0.25625001336447895 0.14531250216532499 0.16562500246800482
1 0.4804687571595423 0.5875000306405127 0.2234375033294782 0.22187500330619514
0 0.3250000048428774 0.3895833536516875 0.15625000232830644 0.14687500218860805
0 0.21484375320142135 0.8010417084442452 0.18593750277068466 0.1578125023515895
0 0.05703125084983185 0.3947916872566566 0.11093750165309757 0.16406250244472176
0 0.14453125215368345 0.2895833484362811 0.18593750277068466 0.15625000232830644
0 0.17578125261934474 0.1354166737291962 0.18593750277068466 0.15625000232830644
0 0.5796875086380169 0.09791667177341878 0.1093750016298145 0.14375000214204192
0 0.5617187583702616 0.26145834696944803 0.19531250291038305 0.14843750221189111
0 0.45000000670552254 0.2781250145053491 0.20000000298023224 0.1796875026775524
0 0.42890625639120117 0.8958333800546825 0.18593750277068466 0.15625000232830644
0 0.6273437593481503 0.7250000378116965 0.14218750211875886 0.1406250020954758
0 0.6851562602096237 0.5416666949167848 0.14218750211875886 0.1406250020954758
0 0.7757812615600415 0.9229167148005217 0.15156250225845724 0.11562500172294676
0 0.7695312614669092 0.10729167226236314 0.19218750286381692 0.1578125023515895
1 0.5992187589290552 0.8510417110519484 0.06718750100117177 0.06093750090803951
1 0.3976562559255399 0.7489583723945543 0.06718750100117177 0.06093750090803951
0 0.9156250136438757 0.716666704043746 0.13750000204890966 0.17187500256113708
0 0.9523437641910277 0.3822916866047308 0.09531250142026693 0.16406250244472176
0 0.8929687633062713 0.25625001336447895 0.14531250216532499 0.16562500246800482
1 0.4804687571595423 0.5875000306405127 0.2234375033294782 0.22187500330619514
0 0.3250000048428774 0.3895833536516875 0.15625000232830644 0.14687500218860805
0 0.21484375320142135 0.8010417084442452 0.18593750277068466 0.1578125023515895
0 0.05703125084983185 0.3947916872566566 0.11093750165309757 0.16406250244472176
0 0.14453125215368345 0.2895833484362811 0.18593750277068466 0.15625000232830644
0 0.17578125261934474 0.1354166737291962 0.18593750277068466 0.15625000232830644
0 0.5796875086380169 0.09791667177341878 0.1093750016298145 0.14375000214204192
0 0.5617187583702616 0.26145834696944803 0.19531250291038305 0.14843750221189111
0 0.45000000670552254 0.2781250145053491 0.20000000298023224 0.1796875026775524
0 0.42890625639120117 0.8958333800546825 0.18593750277068466 0.15625000232830644
0 0.6273437593481503 0.7250000378116965 0.14218750211875886 0.1406250020954758
0 0.6851562602096237 0.5416666949167848 0.14218750211875886 0.1406250020954758
0 0.7757812615600415 0.9229167148005217 0.15156250225845724 0.11562500172294676
0 0.7695312614669092 0.10729167226236314 0.19218750286381692 0.1578125023515895
1 0.5992187589290552 0.8510417110519484 0.06718750100117177 0.06093750090803951
1 0.3976562559255399 0.7489583723945543 0.06718750100117177 0.06093750090803951
0 0.9156250136438757 0.716666704043746 0.13750000204890966 0.17187500256113708
0 0.9523437641910277 0.3822916866047308 0.09531250142026693 0.16406250244472176
0 0.8929687633062713 0.25625001336447895 0.14531250216532499 0.16562500246800482
1 0.4804687571595423 0.5875000306405127 0.2234375033294782 0.22187500330619514
0 0.3250000048428774 0.3895833536516875 0.15625000232830644 0.14687500218860805
0 0.21484375320142135 0.8010417084442452 0.18593750277068466 0.1578125023515895
0 0.05703125084983185 0.3947916872566566 0.11093750165309757 0.16406250244472176
0 0.14453125215368345 0.2895833484362811 0.18593750277068466 0.15625000232830644
0 0.17578125261934474 0.1354166737291962 0.18593750277068466 0.15625000232830644
0 0.5796875086380169 0.09791667177341878 0.1093750016298145 0.14375000214204192
0 0.5617187583702616 0.26145834696944803 0.19531250291038305 0.14843750221189111
0 0.45000000670552254 0.2781250145053491 0.20000000298023224 0.1796875026775524
0 0.42890625639120117 0.8958333800546825 0.18593750277068466 0.15625000232830644
0 0.6273437593481503 0.7250000378116965 0.14218750211875886 0.1406250020954758
0 0.6851562602096237 0.5416666949167848 0.14218750211875886 0.1406250020954758
0 0.7757812615600415 0.9229167148005217 0.15156250225845724 0.11562500172294676
0 0.7695312614669092 0.10729167226236314 0.19218750286381692 0.1578125023515895
1 0.5992187589290552 0.8510417110519484 0.06718750100117177 0.06093750090803951
1 0.3976562559255399 0.7489583723945543 0.06718750100117177 0.06093750090803951
0 0.9156250136438757 0.716666704043746 0.13750000204890966 0.17187500256113708
0 0.9523437641910277 0.3822916866047308 0.09531250142026693 0.16406250244472176
0 0.8929687633062713 0.25625001336447895 0.14531250216532499 0.16562500246800482
1 0.4804687571595423 0.5875000306405127 0.2234375033294782 0.22187500330619514
0 0.3250000048428774 0.3895833536516875 0.15625000232830644 0.14687500218860805
0 0.21484375320142135 0.8010417084442452 0.18593750277068466 0.1578125023515895
0 0.05703125084983185 0.3947916872566566 0.11093750165309757 0.16406250244472176
0 0.14453125215368345 0.2895833484362811 0.18593750277068466 0.15625000232830644
0 0.17578125261934474 0.1354166737291962 0.18593750277068466 0.15625000232830644
0 0.5796875086380169 0.09791667177341878 0.1093750016298145 0.14375000214204192
0 0.5617187583702616 0.26145834696944803 0.19531250291038305 0.14843750221189111
0 0.45000000670552254 0.2781250145053491 0.20000000298023224 0.1796875026775524
0 0.42890625639120117 0.8958333800546825 0.18593750277068466 0.15625000232830644
0 0.6273437593481503 0.7250000378116965 0.14218750211875886 0.1406250020954758
0 0.6851562602096237 0.5416666949167848 0.14218750211875886 0.1406250020954758
0 0.7757812615600415 0.9229167148005217 0.15156250225845724 0.11562500172294676
0 0.7695312614669092 0.10729167226236314 0.19218750286381692 0.1578125023515895
1 0.5992187589290552 0.8510417110519484 0.06718750100117177 0.06093750090803951
1 0.3976562559255399 0.7489583723945543 0.06718750100117177 0.06093750090803951
0 0.9156250136438757 0.716666704043746 0.13750000204890966 0.17187500256113708
0 0.9523437641910277 0.3822916866047308 0.09531250142026693 0.16406250244472176
0 0.8929687633062713 0.25625001336447895 0.14531250216532499 0.16562500246800482
1 0.4804687571595423 0.5875000306405127 0.2234375033294782 0.22187500330619514
0 0.3250000048428774 0.3895833536516875 0.15625000232830644 0.14687500218860805
0 0.21484375320142135 0.8010417084442452 0.18593750277068466 0.1578125023515895
0 0.05703125084983185 0.3947916872566566 0.11093750165309757 0.16406250244472176
0 0.14453125215368345 0.2895833484362811 0.18593750277068466 0.15625000232830644
0 0.17578125261934474 0.1354166737291962 0.18593750277068466 0.15625000232830644
0 0.5796875086380169 0.09791667177341878 0.1093750016298145 0.14375000214204192
0 0.5617187583702616 0.26145834696944803 0.19531250291038305 0.14843750221189111
0 0.45000000670552254 0.2781250145053491 0.20000000298023224 0.1796875026775524
0 0.42890625639120117 0.8958333800546825 0.18593750277068466 0.15625000232830644
0 0.6273437593481503 0.7250000378116965 0.14218750211875886 0.1406250020954758
0 0.6851562602096237 0.5416666949167848 0.14218750211875886 0.1406250020954758
0 0.7757812615600415 0.9229167148005217 0.15156250225845724 0.11562500172294676
0 0.7695312614669092 0.10729167226236314 0.19218750286381692 0.1578125023515895
1 0.5992187589290552 0.8510417110519484 0.06718750100117177 0.06093750090803951
1 0.3976562559255399 0.7489583723945543 0.06718750100117177 0.06093750090803951
0 0.9156250136438757 0.716666704043746 0.13750000204890966 0.17187500256113708
0 0.9523437641910277 0.3822916866047308 0.09531250142026693 0.16406250244472176
0 0.8929687633062713 0.25625001336447895 0.14531250216532499 0.16562500246800482
1 0.4804687571595423 0.5875000306405127 0.2234375033294782 0.22187500330619514
0 0.3250000048428774 0.3895833536516875 0.15625000232830644 0.14687500218860805
0 0.21484375320142135 0.8010417084442452 0.18593750277068466 0.1578125023515895
0 0.05703125084983185 0.3947916872566566 0.11093750165309757 0.16406250244472176
0 0.14453125215368345 0.2895833484362811 0.18593750277068466 0.15625000232830644
0 0.17578125261934474 0.1354166737291962 0.18593750277068466 0.15625000232830644
0 0.5796875086380169 0.09791667177341878 0.1093750016298145 0.14375000214204192
0 0.5617187583702616 0.26145834696944803 0.19531250291038305 0.14843750221189111
0 0.45000000670552254 0.2781250145053491 0.20000000298023224 0.1796875026775524
0 0.42890625639120117 0.8958333800546825 0.18593750277068466 0.15625000232830644
0 0.6273437593481503 0.7250000378116965 0.14218750211875886 0.1406250020954758
0 0.6851562602096237 0.5416666949167848 0.14218750211875886 0.1406250020954758
0 0.7757812615600415 0.9229167148005217 0.15156250225845724 0.11562500172294676
0 0.7695312614669092 0.10729167226236314 0.19218750286381692 0.1578125023515895
1 0.5992187589290552 0.8510417110519484 0.06718750100117177 0.06093750090803951
1 0.3976562559255399 0.7489583723945543 0.06718750100117177 0.06093750090803951
0 0.9156250136438757 0.716666704043746 0.13750000204890966 0.17187500256113708
0 0.9523437641910277 0.3822916866047308 0.09531250142026693 0.16406250244472176
0 0.8929687633062713 0.25625001336447895 0.14531250216532499 0.16562500246800482
1 0.4804687571595423 0.5875000306405127 0.2234375033294782 0.22187500330619514
0 0.3250000048428774 0.3895833536516875 0.15625000232830644 0.14687500218860805
0 0.21484375320142135 0.8010417084442452 0.18593750277068466 0.1578125023515895
0 0.05703125084983185 0.3947916872566566 0.11093750165309757 0.16406250244472176
0 0.14453125215368345 0.2895833484362811 0.18593750277068466 0.15625000232830644
0 0.17578125261934474 0.1354166737291962 0.18593750277068466 0.15625000232830644
0 0.5796875086380169 0.09791667177341878 0.1093750016298145 0.14375000214204192
0 0.5617187583702616 0.26145834696944803 0.19531250291038305 0.14843750221189111
0 0.45000000670552254 0.2781250145053491 0.20000000298023224 0.1796875026775524
0 0.42890625639120117 0.8958333800546825 0.18593750277068466 0.15625000232830644
0 0.6273437593481503 0.7250000378116965 0.14218750211875886 0.1406250020954758
0 0.6851562602096237 0.5416666949167848 0.14218750211875886 0.1406250020954758
0 0.7757812615600415 0.9229167148005217 0.15156250225845724 0.11562500172294676
0 0.7695312614669092 0.10729167226236314 0.19218750286381692 0.1578125023515895
1 0.5992187589290552 0.8510417110519484 0.06718750100117177 0.06093750090803951
1 0.3976562559255399 0.7489583723945543 0.06718750100117177 0.06093750090803951
0 0.9156250136438757 0.716666704043746 0.13750000204890966 0.17187500256113708
0 0.9523437641910277 0.3822916866047308 0.09531250142026693 0.16406250244472176
0 0.8929687633062713 0.25625001336447895 0.14531250216532499 0.16562500246800482
1 0.4804687571595423 0.5875000306405127 0.2234375033294782 0.22187500330619514
0 0.3250000048428774 0.3895833536516875 0.15625000232830644 0.14687500218860805
0 0.21484375320142135 0.8010417084442452 0.18593750277068466 0.1578125023515895
0 0.05703125084983185 0.3947916872566566 0.11093750165309757 0.16406250244472176
0 0.14453125215368345 0.2895833484362811 0.18593750277068466 0.15625000232830644
0 0.17578125261934474 0.1354166737291962 0.18593750277068466 0.15625000232830644
0 0.5796875086380169 0.09791667177341878 0.1093750016298145 0.14375000214204192
0 0.5617187583702616 0.26145834696944803 0.19531250291038305 0.14843750221189111
0 0.45000000670552254 0.2781250145053491 0.20000000298023224 0.1796875026775524
0 0.42890625639120117 0.8958333800546825 0.18593750277068466 0.15625000232830644
0 0.6273437593481503 0.7250000378116965 0.14218750211875886 0.1406250020954758
0 0.6851562602096237 0.5416666949167848 0.14218750211875886 0.1406250020954758
0 0.7757812615600415 0.9229167148005217 0.15156250225845724 0.11562500172294676
0 0.7695312614669092 0.10729167226236314 0.19218750286381692 0.1578125023515895
1 0.5992187589290552 0.8510417110519484 0.06718750100117177 0.06093750090803951
1 0.3976562559255399 0.7489583723945543 0.06718750100117177 0.06093750090803951
0 0.9156250136438757 0.716666704043746 0.13750000204890966 0.17187500256113708
0 0.9523437641910277 0.3822916866047308 0.09531250142026693 0.16406250244472176
0 0.8929687633062713 0.25625001336447895 0.14531250216532499 0.16562500246800482
1 0.4804687571595423 0.5875000306405127 0.2234375033294782 0.22187500330619514
0 0.3250000048428774 0.3895833536516875 0.15625000232830644 0.14687500218860805
0 0.21484375320142135 0.8010417084442452 0.18593750277068466 0.1578125023515895
0 0.05703125084983185 0.3947916872566566 0.11093750165309757 0.16406250244472176
0 0.14453125215368345 0.2895833484362811 0.18593750277068466 0.15625000232830644
0 0.17578125261934474 0.1354166737291962 0.18593750277068466 0.15625000232830644
0 0.5796875086380169 0.09791667177341878 0.1093750016298145 0.14375000214204192
0 0.5617187583702616 0.26145834696944803 0.19531250291038305 0.14843750221189111
0 0.45000000670552254 0.2781250145053491 0.20000000298023224 0.1796875026775524
0 0.42890625639120117 0.8958333800546825 0.18593750277068466 0.15625000232830644
0 0.6273437593481503 0.7250000378116965 0.14218750211875886 0.1406250020954758
0 0.6851562602096237 0.5416666949167848 0.14218750211875886 0.1406250020954758
0 0.7757812615600415 0.9229167148005217 0.15156250225845724 0.11562500172294676
0 0.7695312614669092 0.10729167226236314 0.19218750286381692 0.1578125023515895
1 0.5992187589290552 0.8510417110519484 0.06718750100117177 0.06093750090803951
1 0.3976562559255399 0.7489583723945543 0.06718750100117177 0.06093750090803951
0 0.9156250136438757 0.716666704043746 0.13750000204890966 0.17187500256113708
0 0.9523437641910277 0.3822916866047308 0.09531250142026693 0.16406250244472176
0 0.8929687633062713 0.25625001336447895 0.14531250216532499 0.16562500246800482
1 0.4804687571595423 0.5875000306405127 0.2234375033294782 0.22187500330619514
0 0.3250000048428774 0.3895833536516875 0.15625000232830644 0.14687500218860805
0 0.21484375320142135 0.8010417084442452 0.18593750277068466 0.1578125023515895
0 0.05703125084983185 0.3947916872566566 0.11093750165309757 0.16406250244472176
0 0.14453125215368345 0.2895833484362811 0.18593750277068466 0.15625000232830644
0 0.17578125261934474 0.1354166737291962 0.18593750277068466 0.15625000232830644
0 0.5796875086380169 0.09791667177341878 0.1093750016298145 0.14375000214204192
0 0.5617187583702616 0.26145834696944803 0.19531250291038305 0.14843750221189111
0 0.45000000670552254 0.2781250145053491 0.20000000298023224 0.1796875026775524
0 0.42890625639120117 0.8958333800546825 0.18593750277068466 0.15625000232830644
0 0.6273437593481503 0.7250000378116965 0.14218750211875886 0.1406250020954758
0 0.6851562602096237 0.5416666949167848 0.14218750211875886 0.1406250020954758
0 0.7757812615600415 0.9229167148005217 0.15156250225845724 0.11562500172294676
0 0.7695312614669092 0.10729167226236314 0.19218750286381692 0.1578125023515895
1 0.5992187589290552 0.8510417110519484 0.06718750100117177 0.06093750090803951
1 0.3976562559255399 0.7489583723945543 0.06718750100117177 0.06093750090803951
0 0.9156250136438757 0.716666704043746 0.13750000204890966 0.17187500256113708
0 0.9523437641910277 0.3822916866047308 0.09531250142026693 0.16406250244472176
0 0.8929687633062713 0.25625001336447895 0.14531250216532499 0.16562500246800482
1 0.4804687571595423 0.5875000306405127 0.2234375033294782 0.22187500330619514
0 0.3250000048428774 0.3895833536516875 0.15625000232830644 0.14687500218860805
0 0.21484375320142135 0.8010417084442452 0.18593750277068466 0.1578125023515895
0 0.05703125084983185 0.3947916872566566 0.11093750165309757 0.16406250244472176
0 0.14453125215368345 0.2895833484362811 0.18593750277068466 0.15625000232830644
0 0.17578125261934474 0.1354166737291962 0.18593750277068466 0.15625000232830644
0 0.5796875086380169 0.09791667177341878 0.1093750016298145 0.14375000214204192
0 0.5617187583702616 0.26145834696944803 0.19531250291038305 0.14843750221189111
0 0.45000000670552254 0.2781250145053491 0.20000000298023224 0.1796875026775524
0 0.42890625639120117 0.8958333800546825 0.18593750277068466 0.15625000232830644
0 0.6273437593481503 0.7250000378116965 0.14218750211875886 0.1406250020954758
0 0.6851562602096237 0.5416666949167848 0.14218750211875886 0.1406250020954758
0 0.7757812615600415 0.9229167148005217 0.15156250225845724 0.11562500172294676
0 0.7695312614669092 0.10729167226236314 0.19218750286381692 0.1578125023515895
2 0.5992187589290552 0.8510417110519484 0.06718750100117177 0.06093750090803951
2 0.3976562559255399 0.7489583723945543 0.06718750100117177 0.06093750090803951
0 0.9156250136438757 0.716666704043746 0.13750000204890966 0.17187500256113708
0 0.9523437641910277 0.3822916866047308 0.09531250142026693 0.16406250244472176
0 0.8929687633062713 0.25625001336447895 0.14531250216532499 0.16562500246800482
1 0.4804687571595423 0.5875000306405127 0.2234375033294782 0.22187500330619514
0 0.3250000048428774 0.3895833536516875 0.15625000232830644 0.14687500218860805
0 0.21484375320142135 0.8010417084442452 0.18593750277068466 0.1578125023515895
0 0.05703125084983185 0.3947916872566566 0.11093750165309757 0.16406250244472176
0 0.14453125215368345 0.2895833484362811 0.18593750277068466 0.15625000232830644
0 0.17578125261934474 0.1354166737291962 0.18593750277068466 0.15625000232830644
0 0.5796875086380169 0.09791667177341878 0.1093750016298145 0.14375000214204192
0 0.5617187583702616 0.26145834696944803 0.19531250291038305 0.14843750221189111
0 0.45000000670552254 0.2781250145053491 0.20000000298023224 0.1796875026775524
0 0.42890625639120117 0.8958333800546825 0.18593750277068466 0.15625000232830644
0 0.6273437593481503 0.7250000378116965 0.14218750211875886 0.1406250020954758
0 0.6851562602096237 0.5416666949167848 0.14218750211875886 0.1406250020954758
0 0.7757812615600415 0.9229167148005217 0.15156250225845724 0.11562500172294676
0 0.7695312614669092 0.10729167226236314 0.19218750286381692 0.1578125023515895
2 0.5992187589290552 0.8510417110519484 0.06718750100117177 0.06093750090803951
2 0.3976562559255399 0.7489583723945543 0.06718750100117177 0.06093750090803951
0 0.9156250136438757 0.716666704043746 0.13750000204890966 0.17187500256113708
0 0.9523437641910277 0.3822916866047308 0.09531250142026693 0.16406250244472176
0 0.8929687633062713 0.25625001336447895 0.14531250216532499 0.16562500246800482
1 0.48046875 0.5875000357627869 0.22343750298023224 0.22187499701976776
0 0.32500001788139343 0.3895833492279053 0.15625 0.14687500894069672
0 0.21484375 0.8010417222976685 0.18593750894069672 0.15781250596046448
0 0.05703125149011612 0.39479169249534607 0.11093749850988388 0.1640625
0 0.14453125 0.28958335518836975 0.18593750894069672 0.15625
0 0.17578125 0.1354166716337204 0.18593750894069672 0.15625
0 0.5796875357627869 0.09791667014360428 0.109375 0.14374999701976776
0 0.561718761920929 0.2614583373069763 0.1953125 0.1484375
0 0.45000001788139343 0.27812501788139343 0.20000000298023224 0.1796875
0 0.42890626192092896 0.8958333730697632 0.18593750894069672 0.15625
0 0.6273437738418579 0.7250000238418579 0.14218750596046448 0.140625
0 0.6851562857627869 0.5416666865348816 0.14218750596046448 0.140625
0 0.7757812738418579 0.9229167103767395 0.15156249701976776 0.11562500149011612
0 0.76953125 0.10729166865348816 0.19218750298023224 0.15781250596046448
2 0.5992187857627869 0.8510417342185974 0.06718750298023224 0.06093750149011612
2 0.39765626192092896 0.7489583492279053 0.06718750298023224 0.06093750149011612
0 0.9156250357627869 0.7166666984558105 0.13750000298023224 0.171875
0 0.952343761920929 0.38229167461395264 0.09531249850988388 0.1640625
0 0.8929687738418579 0.2562500238418579 0.14531250298023224 0.16562500596046448
1 0.48046875 0.5875000357627869 0.22343750298023224 0.22187499701976776
0 0.32500001788139343 0.3895833492279053 0.15625 0.14687500894069672
0 0.21484375 0.8010417222976685 0.18593750894069672 0.15781250596046448
0 0.05703125149011612 0.39479169249534607 0.11093749850988388 0.1640625
0 0.14453125 0.28958335518836975 0.18593750894069672 0.15625
0 0.17578125 0.1354166716337204 0.18593750894069672 0.15625
0 0.5796875357627869 0.09791667014360428 0.109375 0.14374999701976776
0 0.561718761920929 0.2614583373069763 0.1953125 0.1484375
0 0.45000001788139343 0.27812501788139343 0.20000000298023224 0.1796875
0 0.42890626192092896 0.8958333730697632 0.18593750894069672 0.15625
0 0.6273437738418579 0.7250000238418579 0.14218750596046448 0.140625
0 0.6851562857627869 0.5416666865348816 0.14218750596046448 0.140625
0 0.7757812738418579 0.9229167103767395 0.15156249701976776 0.11562500149011612
0 0.76953125 0.10729166865348816 0.19218750298023224 0.15781250596046448
2 0.5992187857627869 0.8510417342185974 0.06718750298023224 0.06093750149011612
2 0.39765626192092896 0.7489583492279053 0.06718750298023224 0.06093750149011612
0 0.9156250357627869 0.7166666984558105 0.13750000298023224 0.171875
0 0.952343761920929 0.38229167461395264 0.09531249850988388 0.1640625
0 0.8929687738418579 0.2562500238418579 0.14531250298023224 0.16562500596046448
1 0.48046875 0.5875000357627869 0.22343750298023224 0.22187499701976776
0 0.32500001788139343 0.3895833492279053 0.15625 0.14687500894069672
0 0.21484375 0.8010417222976685 0.18593750894069672 0.15781250596046448
0 0.05703125149011612 0.39479169249534607 0.11093749850988388 0.1640625
0 0.14453125 0.28958335518836975 0.18593750894069672 0.15625
0 0.17578125 0.1354166716337204 0.18593750894069672 0.15625
0 0.5796875357627869 0.09791667014360428 0.109375 0.14374999701976776
0 0.561718761920929 0.2614583373069763 0.1953125 0.1484375
0 0.45000001788139343 0.27812501788139343 0.20000000298023224 0.1796875
0 0.42890626192092896 0.8958333730697632 0.18593750894069672 0.15625
0 0.6273437738418579 0.7250000238418579 0.14218750596046448 0.140625
0 0.6851562857627869 0.5416666865348816 0.14218750596046448 0.140625
0 0.7757812738418579 0.9229167103767395 0.15156249701976776 0.11562500149011612
0 0.76953125 0.10729166865348816 0.19218750298023224 0.15781250596046448
2 0.5992187857627869 0.8510417342185974 0.06718750298023224 0.06093750149011612
2 0.39765626192092896 0.7489583492279053 0.06718750298023224 0.06093750149011612
0 0.9156250357627869 0.7166666984558105 0.13750000298023224 0.171875
0 0.952343761920929 0.38229167461395264 0.09531249850988388 0.1640625
0 0.8929687738418579 0.2562500238418579 0.14531250298023224 0.16562500596046448
1 0.48046875 0.5875000357627869 0.22343750298023224 0.22187499701976776
0 0.32500001788139343 0.3895833492279053 0.15625 0.14687500894069672
0 0.21484375 0.8010417222976685 0.18593750894069672 0.15781250596046448
0 0.05703125149011612 0.39479169249534607 0.11093749850988388 0.1640625
0 0.14453125 0.28958335518836975 0.18593750894069672 0.15625
0 0.17578125 0.1354166716337204 0.18593750894069672 0.15625
0 0.5796875357627869 0.09791667014360428 0.109375 0.14374999701976776
0 0.561718761920929 0.2614583373069763 0.1953125 0.1484375
0 0.45000001788139343 0.27812501788139343 0.20000000298023224 0.1796875
0 0.42890626192092896 0.8958333730697632 0.18593750894069672 0.15625
0 0.6273437738418579 0.7250000238418579 0.14218750596046448 0.140625
0 0.6851562857627869 0.5416666865348816 0.14218750596046448 0.140625
0 0.7757812738418579 0.9229167103767395 0.15156249701976776 0.11562500149011612
0 0.76953125 0.10729166865348816 0.19218750298023224 0.15781250596046448
2 0.5992187857627869 0.8510417342185974 0.06718750298023224 0.06093750149011612
2 0.39765626192092896 0.7489583492279053 0.06718750298023224 0.06093750149011612
0 0.9156250357627869 0.7166666984558105 0.13750000298023224 0.171875
0 0.952343761920929 0.38229167461395264 0.09531249850988388 0.1640625
0 0.8929687738418579 0.2562500238418579 0.14531250298023224 0.16562500596046448
1 0.48046875 0.5875000357627869 0.22343750298023224 0.22187499701976776
0 0.32500001788139343 0.3895833492279053 0.15625 0.14687500894069672
0 0.21484375 0.8010417222976685 0.18593750894069672 0.15781250596046448
0 0.05703125149011612 0.39479169249534607 0.11093749850988388 0.1640625
0 0.14453125 0.28958335518836975 0.18593750894069672 0.15625
0 0.17578125 0.1354166716337204 0.18593750894069672 0.15625
0 0.5796875357627869 0.09791667014360428 0.109375 0.14374999701976776
0 0.561718761920929 0.2614583373069763 0.1953125 0.1484375
0 0.45000001788139343 0.27812501788139343 0.20000000298023224 0.1796875
0 0.42890626192092896 0.8958333730697632 0.18593750894069672 0.15625
0 0.6273437738418579 0.7250000238418579 0.14218750596046448 0.140625
0 0.6851562857627869 0.5416666865348816 0.14218750596046448 0.140625
0 0.7757812738418579 0.9229167103767395 0.15156249701976776 0.11562500149011612
0 0.76953125 0.10729166865348816 0.19218750298023224 0.15781250596046448
2 0.5992187857627869 0.8510417342185974 0.06718750298023224 0.06093750149011612
2 0.39765626192092896 0.7489583492279053 0.06718750298023224 0.06093750149011612
0 0.9156250357627869 0.7166666984558105 0.13750000298023224 0.171875
0 0.952343761920929 0.38229167461395264 0.09531249850988388 0.1640625
0 0.8929687738418579 0.2562500238418579 0.14531250298023224 0.16562500596046448
1 0.48046875 0.5875000357627869 0.22343750298023224 0.22187499701976776
0 0.32500001788139343 0.3895833492279053 0.15625 0.14687500894069672
0 0.21484375 0.8010417222976685 0.18593750894069672 0.15781250596046448
0 0.05703125149011612 0.39479169249534607 0.11093749850988388 0.1640625
0 0.14453125 0.28958335518836975 0.18593750894069672 0.15625
0 0.17578125 0.1354166716337204 0.18593750894069672 0.15625
0 0.5796875357627869 0.09791667014360428 0.109375 0.14374999701976776
0 0.561718761920929 0.2614583373069763 0.1953125 0.1484375
0 0.45000001788139343 0.27812501788139343 0.20000000298023224 0.1796875
0 0.42890626192092896 0.8958333730697632 0.18593750894069672 0.15625
0 0.6273437738418579 0.7250000238418579 0.14218750596046448 0.140625
0 0.6851562857627869 0.5416666865348816 0.14218750596046448 0.140625
0 0.7757812738418579 0.9229167103767395 0.15156249701976776 0.11562500149011612
0 0.76953125 0.10729166865348816 0.19218750298023224 0.15781250596046448
2 0.5992187857627869 0.8510417342185974 0.06718750298023224 0.06093750149011612
2 0.39765626192092896 0.7489583492279053 0.06718750298023224 0.06093750149011612
0 0.9156250357627869 0.7166666984558105 0.13750000298023224 0.171875
0 0.952343761920929 0.38229167461395264 0.09531249850988388 0.1640625
0 0.8929687738418579 0.2562500238418579 0.14531250298023224 0.16562500596046448
1 0.48046875 0.5875000357627869 0.22343750298023224 0.22187499701976776
0 0.32500001788139343 0.3895833492279053 0.15625 0.14687500894069672
0 0.21484375 0.8010417222976685 0.18593750894069672 0.15781250596046448
0 0.05703125149011612 0.39479169249534607 0.11093749850988388 0.1640625
0 0.14453125 0.28958335518836975 0.18593750894069672 0.15625
0 0.17578125 0.1354166716337204 0.18593750894069672 0.15625
0 0.5796875357627869 0.09791667014360428 0.109375 0.14374999701976776
0 0.561718761920929 0.2614583373069763 0.1953125 0.1484375
0 0.45000001788139343 0.27812501788139343 0.20000000298023224 0.1796875
0 0.42890626192092896 0.8958333730697632 0.18593750894069672 0.15625
0 0.6273437738418579 0.7250000238418579 0.14218750596046448 0.140625
0 0.6851562857627869 0.5416666865348816 0.14218750596046448 0.140625
0 0.7757812738418579 0.9229167103767395 0.15156249701976776 0.11562500149011612
0 0.76953125 0.10729166865348816 0.19218750298023224 0.15781250596046448
2 0.5992187857627869 0.8510417342185974 0.06718750298023224 0.06093750149011612
2 0.39765626192092896 0.7489583492279053 0.06718750298023224 0.06093750149011612
0 0.9156250357627869 0.7166666984558105 0.13750000298023224 0.171875
0 0.952343761920929 0.38229167461395264 0.09531249850988388 0.1640625
0 0.8929687738418579 0.2562500238418579 0.14531250298023224 0.16562500596046448
