0 0.42890625639120117 0.580208363593556 0.15468750230502337 0.14218750211875886
0 0.8164062621654011 0.54583336180076 0.12343750183936208 0.12500000186264515
0 0.644531259604264 0.4875000254251063 0.17031250253785402 0.16562500246800482
0 0.6085937590687536 0.8791667125187814 0.17031250253785402 0.16562500246800482
0 0.43046875641448423 0.8437500440049917 0.17031250253785402 0.16562500246800482
0 0.6765625100815669 0.6843750356929377 0.17187500256113708 0.15468750230502337
0 0.7296875108731911 0.16354167519602925 0.13750000204890966 0.14531250216532499
0 0.8937500133179128 0.7010417032288387 0.17812500265426934 0.14843750221189111
0 0.11796875175787136 0.2541666799224913 0.1671875024912879 0.1531250022817403
0 0.27265625406289473 0.25104167975950986 0.15468750230502337 0.14218750211875886
0 0.43046875641448423 0.147916674381122 0.16093750239815563 0.16562500246800482
0 0.5882812587660737 0.27395834762137383 0.1578125023515895 0.18281250272411853
0 0.9328125138999894 0.21354167780373245 0.13437500200234354 0.19531250291038305
0 0.3007812544819899 0.06875000358559191 0.15468750230502337 0.10000000149011612
1 0.17187500256113708 0.6489583671791479 0.34062500507570803 0.3453125051455572
0 0.42890625639120117 0.580208363593556 0.15468750230502337 0.14218750211875886
0 0.8164062621654011 0.54583336180076 0.12343750183936208 0.12500000186264515
0 0.644531259604264 0.4875000254251063 0.17031250253785402 0.16562500246800482
0 0.6085937590687536 0.8791667125187814 0.17031250253785402 0.16562500246800482
0 0.43046875641448423 0.8437500440049917 0.17031250253785402 0.16562500246800482
0 0.6765625100815669 0.6843750356929377 0.17187500256113708 0.15468750230502337
0 0.7296875108731911 0.16354167519602925 0.13750000204890966 0.14531250216532499
0 0.8937500133179128 0.7010417032288387 0.17812500265426934 0.14843750221189111
0 0.11796875175787136 0.2541666799224913 0.1671875024912879 0.1531250022817403
0 0.27265625406289473 0.25104167975950986 0.15468750230502337 0.14218750211875886
0 0.43046875641448423 0.147916674381122 0.16093750239815563 0.16562500246800482
0 0.5882812587660737 0.27395834762137383 0.1578125023515895 0.18281250272411853
0 0.9328125138999894 0.21354167780373245 0.13437500200234354 0.19531250291038305
0 0.3007812544819899 0.06875000358559191 0.15468750230502337 0.10000000149011612
1 0.17187500256113708 0.6489583671791479 0.34062500507570803 0.3453125051455572
0 0.42890625639120117 0.580208363593556 0.15468750230502337 0.14218750211875886
0 0.8164062621654011 0.54583336180076 0.12343750183936208 0.12500000186264515
0 0.644531259604264 0.4875000254251063 0.17031250253785402 0.16562500246800482
0 0.6085937590687536 0.8791667125187814 0.17031250253785402 0.16562500246800482
0 0.43046875641448423 0.8437500440049917 0.17031250253785402 0.16562500246800482
0 0.6765625100815669 0.6843750356929377 0.17187500256113708 0.15468750230502337
0 0.7296875108731911 0.16354167519602925 0.13750000204890966 0.14531250216532499
0 0.8937500133179128 0.7010417032288387 0.17812500265426934 0.14843750221189111
0 0.11796875175787136 0.2541666799224913 0.1671875024912879 0.1531250022817403
0 0.27265625406289473 0.25104167975950986 0.15468750230502337 0.14218750211875886
0 0.43046875641448423 0.147916674381122 0.16093750239815563 0.16562500246800482
0 0.5882812587660737 0.27395834762137383 0.1578125023515895 0.18281250272411853
0 0.9328125138999894 0.21354167780373245 0.13437500200234354 0.19531250291038305
0 0.3007812544819899 0.06875000358559191 0.15468750230502337 0.10000000149011612
1 0.17187500256113708 0.6489583671791479 0.34062500507570803 0.3453125051455572
0 0.42890625639120117 0.580208363593556 0.15468750230502337 0.14218750211875886
0 0.8164062621654011 0.54583336180076 0.12343750183936208 0.12500000186264515
0 0.644531259604264 0.4875000254251063 0.17031250253785402 0.16562500246800482
0 0.6085937590687536 0.8791667125187814 0.17031250253785402 0.16562500246800482
0 0.43046875641448423 0.8437500440049917 0.17031250253785402 0.16562500246800482
0 0.6765625100815669 0.6843750356929377 0.17187500256113708 0.15468750230502337
0 0.7296875108731911 0.16354167519602925 0.13750000204890966 0.14531250216532499
0 0.8937500133179128 0.7010417032288387 0.17812500265426934 0.14843750221189111
0 0.11796875175787136 0.2541666799224913 0.1671875024912879 0.1531250022817403
0 0.27265625406289473 0.25104167975950986 0.15468750230502337 0.14218750211875886
0 0.43046875641448423 0.147916674381122 0.16093750239815563 0.16562500246800482
0 0.5882812587660737 0.27395834762137383 0.1578125023515895 0.18281250272411853
0 0.9328125138999894 0.21354167780373245 0.13437500200234354 0.19531250291038305
0 0.3007812544819899 0.06875000358559191 0.15468750230502337 0.10000000149011612
1 0.17187500256113708 0.6489583671791479 0.34062500507570803 0.3453125051455572
0 0.42890625639120117 0.580208363593556 0.15468750230502337 0.14218750211875886
0 0.8164062621654011 0.54583336180076 0.12343750183936208 0.12500000186264515
0 0.644531259604264 0.4875000254251063 0.17031250253785402 0.16562500246800482
0 0.6085937590687536 0.8791667125187814 0.17031250253785402 0.16562500246800482
0 0.43046875641448423 0.8437500440049917 0.17031250253785402 0.16562500246800482
0 0.6765625100815669 0.6843750356929377 0.17187500256113708 0.15468750230502337
0 0.7296875108731911 0.16354167519602925 0.13750000204890966 0.14531250216532499
0 0.8937500133179128 0.7010417032288387 0.17812500265426934 0.14843750221189111
0 0.11796875175787136 0.2541666799224913 0.1671875024912879 0.1531250022817403
0 0.27265625406289473 0.25104167975950986 0.15468750230502337 0.14218750211875886
0 0.43046875641448423 0.147916674381122 0.16093750239815563 0.16562500246800482
0 0.5882812587660737 0.27395834762137383 0.1578125023515895 0.18281250272411853
0 0.9328125138999894 0.21354167780373245 0.13437500200234354 0.19531250291038305
0 0.3007812544819899 0.06875000358559191 0.15468750230502337 0.10000000149011612
1 0.17187500256113708 0.6489583671791479 0.34062500507570803 0.3453125051455572
0 0.42890625639120117 0.580208363593556 0.15468750230502337 0.14218750211875886
0 0.8164062621654011 0.54583336180076 0.12343750183936208 0.12500000186264515
0 0.644531259604264 0.4875000254251063 0.17031250253785402 0.16562500246800482
0 0.6085937590687536 0.8791667125187814 0.17031250253785402 0.16562500246800482
0 0.43046875641448423 0.8437500440049917 0.17031250253785402 0.16562500246800482
0 0.6765625100815669 0.6843750356929377 0.17187500256113708 0.15468750230502337
0 0.7296875108731911 0.16354167519602925 0.13750000204890966 0.14531250216532499
0 0.8937500133179128 0.7010417032288387 0.17812500265426934 0.14843750221189111
0 0.11796875175787136 0.2541666799224913 0.1671875024912879 0.1531250022817403
0 0.27265625406289473 0.25104167975950986 0.15468750230502337 0.14218750211875886
0 0.43046875641448423 0.147916674381122 0.16093750239815563 0.16562500246800482
0 0.5882812587660737 0.27395834762137383 0.1578125023515895 0.18281250272411853
0 0.9328125138999894 0.21354167780373245 0.13437500200234354 0.19531250291038305
0 0.3007812544819899 0.06875000358559191 0.15468750230502337 0.10000000149011612
1 0.17187500256113708 0.6489583671791479 0.34062500507570803 0.3453125051455572
0 0.42890625639120117 0.580208363593556 0.15468750230502337 0.14218750211875886
0 0.8164062621654011 0.54583336180076 0.12343750183936208 0.12500000186264515
0 0.644531259604264 0.4875000254251063 0.17031250253785402 0.16562500246800482
0 0.6085937590687536 0.8791667125187814 0.17031250253785402 0.16562500246800482
0 0.43046875641448423 0.8437500440049917 0.17031250253785402 0.16562500246800482
0 0.6765625100815669 0.6843750356929377 0.17187500256113708 0.15468750230502337
0 0.7296875108731911 0.16354167519602925 0.13750000204890966 0.14531250216532499
0 0.8937500133179128 0.7010417032288387 0.17812500265426934 0.14843750221189111
0 0.11796875175787136 0.2541666799224913 0.1671875024912879 0.1531250022817403
0 0.27265625406289473 0.25104167975950986 0.15468750230502337 0.14218750211875886
0 0.43046875641448423 0.147916674381122 0.16093750239815563 0.16562500246800482
0 0.5882812587660737 0.27395834762137383 0.1578125023515895 0.18281250272411853
0 0.9328125138999894 0.21354167780373245 0.13437500200234354 0.19531250291038305
0 0.3007812544819899 0.06875000358559191 0.15468750230502337 0.10000000149011612
1 0.17187500256113708 0.6489583671791479 0.34062500507570803 0.3453125051455572
0 0.42890625639120117 0.580208363593556 0.15468750230502337 0.14218750211875886
0 0.8164062621654011 0.54583336180076 0.12343750183936208 0.12500000186264515
0 0.644531259604264 0.4875000254251063 0.17031250253785402 0.16562500246800482
0 0.6085937590687536 0.8791667125187814 0.17031250253785402 0.16562500246800482
0 0.43046875641448423 0.8437500440049917 0.17031250253785402 0.16562500246800482
0 0.6765625100815669 0.6843750356929377 0.17187500256113708 0.15468750230502337
0 0.7296875108731911 0.16354167519602925 0.13750000204890966 0.14531250216532499
0 0.8937500133179128 0.7010417032288387 0.17812500265426934 0.14843750221189111
0 0.11796875175787136 0.2541666799224913 0.1671875024912879 0.1531250022817403
0 0.27265625406289473 0.25104167975950986 0.15468750230502337 0.14218750211875886
0 0.43046875641448423 0.147916674381122 0.16093750239815563 0.16562500246800482
0 0.5882812587660737 0.27395834762137383 0.1578125023515895 0.18281250272411853
0 0.9328125138999894 0.21354167780373245 0.13437500200234354 0.19531250291038305
0 0.3007812544819899 0.06875000358559191 0.15468750230502337 0.10000000149011612
1 0.17187500256113708 0.6489583671791479 0.34062500507570803 0.3453125051455572
0 0.42890625639120117 0.580208363593556 0.15468750230502337 0.14218750211875886
0 0.8164062621654011 0.54583336180076 0.12343750183936208 0.12500000186264515
0 0.644531259604264 0.4875000254251063 0.17031250253785402 0.16562500246800482
0 0.6085937590687536 0.8791667125187814 0.17031250253785402 0.16562500246800482
0 0.43046875641448423 0.8437500440049917 0.17031250253785402 0.16562500246800482
0 0.6765625100815669 0.6843750356929377 0.17187500256113708 0.15468750230502337
0 0.7296875108731911 0.16354167519602925 0.13750000204890966 0.14531250216532499
0 0.8937500133179128 0.7010417032288387 0.17812500265426934 0.14843750221189111
0 0.11796875175787136 0.2541666799224913 0.1671875024912879 0.1531250022817403
0 0.27265625406289473 0.25104167975950986 0.15468750230502337 0.14218750211875886
0 0.43046875641448423 0.147916674381122 0.16093750239815563 0.16562500246800482
0 0.5882812587660737 0.27395834762137383 0.1578125023515895 0.18281250272411853
0 0.9328125138999894 0.21354167780373245 0.13437500200234354 0.19531250291038305
0 0.3007812544819899 0.06875000358559191 0.15468750230502337 0.10000000149011612
1 0.17187500256113708 0.6489583671791479 0.34062500507570803 0.3453125051455572
0 0.42890625639120117 0.580208363593556 0.15468750230502337 0.14218750211875886
0 0.8164062621654011 0.54583336180076 0.12343750183936208 0.12500000186264515
0 0.644531259604264 0.4875000254251063 0.17031250253785402 0.16562500246800482
0 0.6085937590687536 0.8791667125187814 0.17031250253785402 0.16562500246800482
0 0.43046875641448423 0.8437500440049917 0.17031250253785402 0.16562500246800482
0 0.6765625100815669 0.6843750356929377 0.17187500256113708 0.15468750230502337
0 0.7296875108731911 0.16354167519602925 0.13750000204890966 0.14531250216532499
0 0.8937500133179128 0.7010417032288387 0.17812500265426934 0.14843750221189111
0 0.11796875175787136 0.2541666799224913 0.1671875024912879 0.1531250022817403
0 0.27265625406289473 0.25104167975950986 0.15468750230502337 0.14218750211875886
0 0.43046875641448423 0.147916674381122 0.16093750239815563 0.16562500246800482
0 0.5882812587660737 0.27395834762137383 0.1578125023515895 0.18281250272411853
0 0.9328125138999894 0.21354167780373245 0.13437500200234354 0.19531250291038305
0 0.3007812544819899 0.06875000358559191 0.15468750230502337 0.10000000149011612
1 0.17187500256113708 0.6489583671791479 0.34062500507570803 0.3453125051455572
0 0.42890625639120117 0.580208363593556 0.15468750230502337 0.14218750211875886
0 0.8164062621654011 0.54583336180076 0.12343750183936208 0.12500000186264515
0 0.644531259604264 0.4875000254251063 0.17031250253785402 0.16562500246800482
0 0.6085937590687536 0.8791667125187814 0.17031250253785402 0.16562500246800482
0 0.43046875641448423 0.8437500440049917 0.17031250253785402 0.16562500246800482
0 0.6765625100815669 0.6843750356929377 0.17187500256113708 0.15468750230502337
0 0.7296875108731911 0.16354167519602925 0.13750000204890966 0.14531250216532499
0 0.8937500133179128 0.7010417032288387 0.17812500265426934 0.14843750221189111
0 0.11796875175787136 0.2541666799224913 0.1671875024912879 0.1531250022817403
0 0.27265625406289473 0.25104167975950986 0.15468750230502337 0.14218750211875886
0 0.43046875641448423 0.147916674381122 0.16093750239815563 0.16562500246800482
0 0.5882812587660737 0.27395834762137383 0.1578125023515895 0.18281250272411853
0 0.9328125138999894 0.21354167780373245 0.13437500200234354 0.19531250291038305
0 0.3007812544819899 0.06875000358559191 0.15468750230502337 0.10000000149011612
1 0.17187500256113708 0.6489583671791479 0.34062500507570803 0.3453125051455572
0 0.42890625639120117 0.580208363593556 0.15468750230502337 0.14218750211875886
0 0.8164062621654011 0.54583336180076 0.12343750183936208 0.12500000186264515
0 0.644531259604264 0.4875000254251063 0.17031250253785402 0.16562500246800482
0 0.6085937590687536 0.8791667125187814 0.17031250253785402 0.16562500246800482
0 0.43046875641448423 0.8437500440049917 0.17031250253785402 0.16562500246800482
0 0.6765625100815669 0.6843750356929377 0.17187500256113708 0.15468750230502337
0 0.7296875108731911 0.16354167519602925 0.13750000204890966 0.14531250216532499
0 0.8937500133179128 0.7010417032288387 0.17812500265426934 0.14843750221189111
0 0.11796875175787136 0.2541666799224913 0.1671875024912879 0.1531250022817403
0 0.27265625406289473 0.25104167975950986 0.15468750230502337 0.14218750211875886
0 0.43046875641448423 0.147916674381122 0.16093750239815563 0.16562500246800482
0 0.5882812587660737 0.27395834762137383 0.1578125023515895 0.18281250272411853
0 0.9328125138999894 0.21354167780373245 0.13437500200234354 0.19531250291038305
0 0.3007812544819899 0.06875000358559191 0.15468750230502337 0.10000000149011612
1 0.17187500256113708 0.6489583671791479 0.34062500507570803 0.3453125051455572
0 0.42890625639120117 0.580208363593556 0.15468750230502337 0.14218750211875886
0 0.8164062621654011 0.54583336180076 0.12343750183936208 0.12500000186264515
0 0.644531259604264 0.4875000254251063 0.17031250253785402 0.16562500246800482
0 0.6085937590687536 0.8791667125187814 0.17031250253785402 0.16562500246800482
0 0.43046875641448423 0.8437500440049917 0.17031250253785402 0.16562500246800482
0 0.6765625100815669 0.6843750356929377 0.17187500256113708 0.15468750230502337
0 0.7296875108731911 0.16354167519602925 0.13750000204890966 0.14531250216532499
0 0.8937500133179128 0.7010417032288387 0.17812500265426934 0.14843750221189111
0 0.11796875175787136 0.2541666799224913 0.1671875024912879 0.1531250022817403
0 0.27265625406289473 0.25104167975950986 0.15468750230502337 0.14218750211875886
0 0.43046875641448423 0.147916674381122 0.16093750239815563 0.16562500246800482
0 0.5882812587660737 0.27395834762137383 0.1578125023515895 0.18281250272411853
0 0.9328125138999894 0.21354167780373245 0.13437500200234354 0.19531250291038305
0 0.3007812544819899 0.06875000358559191 0.15468750230502337 0.10000000149011612
1 0.17187500256113708 0.6489583671791479 0.34062500507570803 0.3453125051455572
0 0.42890625639120117 0.580208363593556 0.15468750230502337 0.14218750211875886
0 0.8164062621654011 0.54583336180076 0.12343750183936208 0.12500000186264515
0 0.644531259604264 0.4875000254251063 0.17031250253785402 0.16562500246800482
0 0.6085937590687536 0.8791667125187814 0.17031250253785402 0.16562500246800482
0 0.43046875641448423 0.8437500440049917 0.17031250253785402 0.16562500246800482
0 0.6765625100815669 0.6843750356929377 0.17187500256113708 0.15468750230502337
0 0.7296875108731911 0.16354167519602925 0.13750000204890966 0.14531250216532499
0 0.8937500133179128 0.7010417032288387 0.17812500265426934 0.14843750221189111
0 0.11796875175787136 0.2541666799224913 0.1671875024912879 0.1531250022817403
0 0.27265625406289473 0.25104167975950986 0.15468750230502337 0.14218750211875886
0 0.43046875641448423 0.147916674381122 0.16093750239815563 0.16562500246800482
0 0.5882812587660737 0.27395834762137383 0.1578125023515895 0.18281250272411853
0 0.9328125138999894 0.21354167780373245 0.13437500200234354 0.19531250291038305
0 0.3007812544819899 0.06875000358559191 0.15468750230502337 0.10000000149011612
1 0.17187500256113708 0.6489583671791479 0.34062500507570803 0.3453125051455572
0 0.42890625639120117 0.580208363593556 0.15468750230502337 0.14218750211875886
0 0.8164062621654011 0.54583336180076 0.12343750183936208 0.12500000186264515
0 0.644531259604264 0.4875000254251063 0.17031250253785402 0.16562500246800482
0 0.6085937590687536 0.8791667125187814 0.17031250253785402 0.16562500246800482
0 0.43046875641448423 0.8437500440049917 0.17031250253785402 0.16562500246800482
0 0.6765625100815669 0.6843750356929377 0.17187500256113708 0.15468750230502337
0 0.7296875108731911 0.16354167519602925 0.13750000204890966 0.14531250216532499
0 0.8937500133179128 0.7010417032288387 0.17812500265426934 0.14843750221189111
0 0.11796875175787136 0.2541666799224913 0.1671875024912879 0.1531250022817403
0 0.27265625406289473 0.25104167975950986 0.15468750230502337 0.14218750211875886
0 0.43046875641448423 0.147916674381122 0.16093750239815563 0.16562500246800482
0 0.5882812587660737 0.27395834762137383 0.1578125023515895 0.18281250272411853
0 0.9328125138999894 0.21354167780373245 0.13437500200234354 0.19531250291038305
0 0.3007812544819899 0.06875000358559191 0.15468750230502337 0.10000000149011612
1 0.17187500256113708 0.6489583671791479 0.34062500507570803 0.3453125051455572
0 0.42890626192092896 0.5802083611488342 0.15468750894069672 0.14218750596046448
0 0.81640625 0.5458333492279053 0.12343750149011612 0.125
0 0.64453125 0.48750001192092896 0.17031250894069672 0.16562500596046448
0 0.608593761920929 0.8791667222976685 0.17031250894069672 0.16562500596046448
0 0.43046876788139343 0.8437500596046448 0.17031250894069672 0.16562500596046448
0 0.676562488079071 0.6843750476837158 0.171875 0.15468750894069672
0 0.729687511920929 0.16354167461395264 0.13750000298023224 0.14531250298023224
0 0.893750011920929 0.7010416984558105 0.17812500894069672 0.1484375
0 0.11796875298023224 0.25416669249534607 0.16718749701976776 0.15312500298023224
0 0.27265626192092896 0.2510416805744171 0.15468750894069672 0.14218750596046448
0 0.43046876788139343 0.14791667461395264 0.16093750298023224 0.16562500596046448
0 0.5882812738418579 0.27395835518836975 0.15781250596046448 0.18281249701976776
0 0.932812511920929 0.2135416716337204 0.13437500596046448 0.1953125
0 0.30078125 0.06875000149011612 0.15468750894069672 0.10000000149011612
1 0.171875 0.6489583849906921 0.34062501788139343 0.3453125059604645
0 0.42890626192092896 0.5802083611488342 0.15468750894069672 0.14218750596046448
0 0.81640625 0.5458333492279053 0.12343750149011612 0.125
0 0.64453125 0.48750001192092896 0.17031250894069672 0.16562500596046448
0 0.608593761920929 0.8791667222976685 0.17031250894069672 0.16562500596046448
0 0.43046876788139343 0.8437500596046448 0.17031250894069672 0.16562500596046448
0 0.676562488079071 0.6843750476837158 0.171875 0.15468750894069672
0 0.729687511920929 0.16354167461395264 0.13750000298023224 0.14531250298023224
0 0.893750011920929 0.7010416984558105 0.17812500894069672 0.1484375
0 0.11796875298023224 0.25416669249534607 0.16718749701976776 0.15312500298023224
0 0.27265626192092896 0.2510416805744171 0.15468750894069672 0.14218750596046448
0 0.43046876788139343 0.14791667461395264 0.16093750298023224 0.16562500596046448
0 0.5882812738418579 0.27395835518836975 0.15781250596046448 0.18281249701976776
0 0.932812511920929 0.2135416716337204 0.13437500596046448 0.1953125
0 0.30078125 0.06875000149011612 0.15468750894069672 0.10000000149011612
1 0.171875 0.6489583849906921 0.34062501788139343 0.3453125059604645
0 0.42890626192092896 0.5802083611488342 0.15468750894069672 0.14218750596046448
0 0.81640625 0.5458333492279053 0.12343750149011612 0.125
0 0.64453125 0.48750001192092896 0.17031250894069672 0.16562500596046448
0 0.608593761920929 0.8791667222976685 0.17031250894069672 0.16562500596046448
0 0.43046876788139343 0.8437500596046448 0.17031250894069672 0.16562500596046448
0 0.676562488079071 0.6843750476837158 0.171875 0.15468750894069672
0 0.729687511920929 0.16354167461395264 0.13750000298023224 0.14531250298023224
0 0.893750011920929 0.7010416984558105 0.17812500894069672 0.1484375
0 0.11796875298023224 0.25416669249534607 0.16718749701976776 0.15312500298023224
0 0.27265626192092896 0.2510416805744171 0.15468750894069672 0.14218750596046448
0 0.43046876788139343 0.14791667461395264 0.16093750298023224 0.16562500596046448
0 0.5882812738418579 0.27395835518836975 0.15781250596046448 0.18281249701976776
0 0.932812511920929 0.2135416716337204 0.13437500596046448 0.1953125
0 0.30078125 0.06875000149011612 0.15468750894069672 0.10000000149011612
1 0.171875 0.6489583849906921 0.34062501788139343 0.3453125059604645
0 0.42890626192092896 0.5802083611488342 0.15468750894069672 0.14218750596046448
0 0.81640625 0.5458333492279053 0.12343750149011612 0.125
0 0.64453125 0.48750001192092896 0.17031250894069672 0.16562500596046448
0 0.608593761920929 0.8791667222976685 0.17031250894069672 0.16562500596046448
0 0.43046876788139343 0.8437500596046448 0.17031250894069672 0.16562500596046448
0 0.676562488079071 0.6843750476837158 0.171875 0.15468750894069672
0 0.729687511920929 0.16354167461395264 0.13750000298023224 0.14531250298023224
0 0.893750011920929 0.7010416984558105 0.17812500894069672 0.1484375
0 0.11796875298023224 0.25416669249534607 0.16718749701976776 0.15312500298023224
0 0.27265626192092896 0.2510416805744171 0.15468750894069672 0.14218750596046448
0 0.43046876788139343 0.14791667461395264 0.16093750298023224 0.16562500596046448
0 0.5882812738418579 0.27395835518836975 0.15781250596046448 0.18281249701976776
0 0.932812511920929 0.2135416716337204 0.13437500596046448 0.1953125
0 0.30078125 0.06875000149011612 0.15468750894069672 0.10000000149011612
1 0.171875 0.6489583849906921 0.34062501788139343 0.3453125059604645
0 0.42890626192092896 0.5802083611488342 0.15468750894069672 0.14218750596046448
0 0.81640625 0.5458333492279053 0.12343750149011612 0.125
0 0.64453125 0.48750001192092896 0.17031250894069672 0.16562500596046448
0 0.608593761920929 0.8791667222976685 0.17031250894069672 0.16562500596046448
0 0.43046876788139343 0.8437500596046448 0.17031250894069672 0.16562500596046448
0 0.676562488079071 0.6843750476837158 0.171875 0.15468750894069672
0 0.729687511920929 0.16354167461395264 0.13750000298023224 0.14531250298023224
0 0.893750011920929 0.7010416984558105 0.17812500894069672 0.1484375
0 0.11796875298023224 0.25416669249534607 0.16718749701976776 0.15312500298023224
0 0.27265626192092896 0.2510416805744171 0.15468750894069672 0.14218750596046448
0 0.43046876788139343 0.14791667461395264 0.16093750298023224 0.16562500596046448
0 0.5882812738418579 0.27395835518836975 0.15781250596046448 0.18281249701976776
0 0.932812511920929 0.2135416716337204 0.13437500596046448 0.1953125
0 0.30078125 0.06875000149011612 0.15468750894069672 0.10000000149011612
1 0.171875 0.6489583849906921 0.34062501788139343 0.3453125059604645
0 0.42890626192092896 0.5802083611488342 0.15468750894069672 0.14218750596046448
0 0.81640625 0.5458333492279053 0.12343750149011612 0.125
0 0.64453125 0.48750001192092896 0.17031250894069672 0.16562500596046448
0 0.608593761920929 0.8791667222976685 0.17031250894069672 0.16562500596046448
0 0.43046876788139343 0.8437500596046448 0.17031250894069672 0.16562500596046448
0 0.676562488079071 0.6843750476837158 0.171875 0.15468750894069672
0 0.729687511920929 0.16354167461395264 0.13750000298023224 0.14531250298023224
0 0.893750011920929 0.7010416984558105 0.17812500894069672 0.1484375
0 0.11796875298023224 0.25416669249534607 0.16718749701976776 0.15312500298023224
0 0.27265626192092896 0.2510416805744171 0.15468750894069672 0.14218750596046448
0 0.43046876788139343 0.14791667461395264 0.16093750298023224 0.16562500596046448
0 0.5882812738418579 0.27395835518836975 0.15781250596046448 0.18281249701976776
0 0.932812511920929 0.2135416716337204 0.13437500596046448 0.1953125
0 0.30078125 0.06875000149011612 0.15468750894069672 0.10000000149011612
1 0.171875 0.6489583849906921 0.34062501788139343 0.3453125059604645
0 0.42890626192092896 0.5802083611488342 0.15468750894069672 0.14218750596046448
0 0.81640625 0.5458333492279053 0.12343750149011612 0.125
0 0.64453125 0.48750001192092896 0.17031250894069672 0.16562500596046448
0 0.608593761920929 0.8791667222976685 0.17031250894069672 0.16562500596046448
0 0.43046876788139343 0.8437500596046448 0.17031250894069672 0.16562500596046448
0 0.676562488079071 0.6843750476837158 0.171875 0.15468750894069672
0 0.729687511920929 0.16354167461395264 0.13750000298023224 0.14531250298023224
0 0.893750011920929 0.7010416984558105 0.17812500894069672 0.1484375
0 0.11796875298023224 0.25416669249534607 0.16718749701976776 0.15312500298023224
0 0.27265626192092896 0.2510416805744171 0.15468750894069672 0.14218750596046448
0 0.43046876788139343 0.14791667461395264 0.16093750298023224 0.16562500596046448
0 0.5882812738418579 0.27395835518836975 0.15781250596046448 0.18281249701976776
0 0.932812511920929 0.2135416716337204 0.13437500596046448 0.1953125
0 0.30078125 0.06875000149011612 0.15468750894069672 0.10000000149011612
1 0.171875 0.6489583849906921 0.34062501788139343 0.3453125059604645
