0 0.22968750342261046 0.10625000554136932 0.19062500284053385 0.15625000232830644
0 0.2796875041676685 0.2718750141793862 0.1968750029336661 0.2015625030035153
0 0.38671875576255843 0.0802083375165239 0.19531250291038305 0.11718750174622983
0 0.8703125129686669 0.295833348762244 0.1531250022817403 0.15000000223517418
0 0.06406250095460564 0.7000000365078449 0.12187500181607902 0.15937500237487257
0 0.9421875140396878 0.790625041234307 0.11562500172294676 0.13281250197906047
1 0.7890625117579475 0.6135416986653581 0.2625000039115548 0.23906250356230885
0 0.4148437561816536 0.5166666936129332 0.15468750230502337 0.15000000223517418
0 0.45546875678701326 0.5041666929610074 0.15468750230502337 0.15000000223517418
0 0.5289062578813173 0.506250026402995 0.15468750230502337 0.15000000223517418
0 0.22968750342261046 0.10625000554136932 0.19062500284053385 0.15625000232830644
0 0.2796875041676685 0.2718750141793862 0.1968750029336661 0.2015625030035153
0 0.38671875576255843 0.0802083375165239 0.19531250291038305 0.11718750174622983
0 0.8703125129686669 0.295833348762244 0.1531250022817403 0.15000000223517418
0 0.06406250095460564 0.7000000365078449 0.12187500181607902 0.15937500237487257
0 0.9421875140396878 0.790625041234307 0.11562500172294676 0.13281250197906047
1 0.7890625117579475 0.6135416986653581 0.2625000039115548 0.23906250356230885
0 0.4148437561816536 0.5166666936129332 0.15468750230502337 0.15000000223517418
0 0.45546875678701326 0.5041666929610074 0.15468750230502337 0.15000000223517418
0 0.5289062578813173 0.506250026402995 0.15468750230502337 0.15000000223517418
0 0.22968750342261046 0.10625000554136932 0.19062500284053385 0.15625000232830644
0 0.2796875041676685 0.2718750141793862 0.1968750029336661 0.2015625030035153
0 0.38671875576255843 0.0802083375165239 0.19531250291038305 0.11718750174622983
0 0.8703125129686669 0.295833348762244 0.1531250022817403 0.15000000223517418
0 0.06406250095460564 0.7000000365078449 0.12187500181607902 0.15937500237487257
0 0.9421875140396878 0.790625041234307 0.11562500172294676 0.13281250197906047
1 0.7890625117579475 0.6135416986653581 0.2625000039115548 0.23906250356230885
0 0.4148437561816536 0.5166666936129332 0.15468750230502337 0.15000000223517418
0 0.45546875678701326 0.5041666929610074 0.15468750230502337 0.15000000223517418
0 0.5289062578813173 0.506250026402995 0.15468750230502337 0.15000000223517418
0 0.22968750342261046 0.10625000554136932 0.19062500284053385 0.15625000232830644
0 0.2796875041676685 0.2718750141793862 0.1968750029336661 0.2015625030035153
0 0.38671875576255843 0.0802083375165239 0.19531250291038305 0.11718750174622983
0 0.8703125129686669 0.295833348762244 0.1531250022817403 0.15000000223517418
0 0.06406250095460564 0.7000000365078449 0.12187500181607902 0.15937500237487257
0 0.9421875140396878 0.790625041234307 0.11562500172294676 0.13281250197906047
1 0.7890625117579475 0.6135416986653581 0.2625000039115548 0.23906250356230885
0 0.4148437561816536 0.5166666936129332 0.15468750230502337 0.15000000223517418
0 0.45546875678701326 0.5041666929610074 0.15468750230502337 0.15000000223517418
0 0.5289062578813173 0.506250026402995 0.15468750230502337 0.15000000223517418
0 0.22968750342261046 0.10625000554136932 0.19062500284053385 0.15625000232830644
0 0.2796875041676685 0.2718750141793862 0.1968750029336661 0.2015625030035153
0 0.38671875576255843 0.0802083375165239 0.19531250291038305 0.11718750174622983
0 0.8703125129686669 0.295833348762244 0.1531250022817403 0.15000000223517418
0 0.06406250095460564 0.7000000365078449 0.12187500181607902 0.15937500237487257
0 0.9421875140396878 0.790625041234307 0.11562500172294676 0.13281250197906047
1 0.7890625117579475 0.6135416986653581 0.2625000039115548 0.23906250356230885
0 0.4148437561816536 0.5166666936129332 0.15468750230502337 0.15000000223517418
0 0.45546875678701326 0.5041666929610074 0.15468750230502337 0.15000000223517418
0 0.5289062578813173 0.506250026402995 0.15468750230502337 0.15000000223517418
0 0.22968750342261046 0.10625000554136932 0.19062500284053385 0.15625000232830644
0 0.2796875041676685 0.2718750141793862 0.1968750029336661 0.2015625030035153
0 0.38671875576255843 0.0802083375165239 0.19531250291038305 0.11718750174622983
0 0.8703125129686669 0.295833348762244 0.1531250022817403 0.15000000223517418
0 0.06406250095460564 0.7000000365078449 0.12187500181607902 0.15937500237487257
0 0.9421875140396878 0.790625041234307 0.11562500172294676 0.13281250197906047
1 0.7890625117579475 0.6135416986653581 0.2625000039115548 0.23906250356230885
0 0.4148437561816536 0.5166666936129332 0.15468750230502337 0.15000000223517418
0 0.45546875678701326 0.5041666929610074 0.15468750230502337 0.15000000223517418
0 0.5289062578813173 0.506250026402995 0.15468750230502337 0.15000000223517418
0 0.22968750342261046 0.10625000554136932 0.19062500284053385 0.15625000232830644
0 0.2796875041676685 0.2718750141793862 0.1968750029336661 0.2015625030035153
0 0.38671875576255843 0.0802083375165239 0.19531250291038305 0.11718750174622983
0 0.8703125129686669 0.295833348762244 0.1531250022817403 0.15000000223517418
0 0.06406250095460564 0.7000000365078449 0.12187500181607902 0.15937500237487257
0 0.9421875140396878 0.790625041234307 0.11562500172294676 0.13281250197906047
1 0.7890625117579475 0.6135416986653581 0.2625000039115548 0.23906250356230885
0 0.4148437561816536 0.5166666936129332 0.15468750230502337 0.15000000223517418
0 0.45546875678701326 0.5041666929610074 0.15468750230502337 0.15000000223517418
0 0.5289062578813173 0.506250026402995 0.15468750230502337 0.15000000223517418
0 0.22968750342261046 0.10625000554136932 0.19062500284053385 0.15625000232830644
0 0.2796875041676685 0.2718750141793862 0.1968750029336661 0.2015625030035153
0 0.38671875576255843 0.0802083375165239 0.19531250291038305 0.11718750174622983
0 0.8703125129686669 0.295833348762244 0.1531250022817403 0.15000000223517418
0 0.06406250095460564 0.7000000365078449 0.12187500181607902 0.15937500237487257
0 0.9421875140396878 0.790625041234307 0.11562500172294676 0.13281250197906047
1 0.7890625117579475 0.6135416986653581 0.2625000039115548 0.23906250356230885
0 0.4148437561816536 0.5166666936129332 0.15468750230502337 0.15000000223517418
0 0.45546875678701326 0.5041666929610074 0.15468750230502337 0.15000000223517418
0 0.5289062578813173 0.506250026402995 0.15468750230502337 0.15000000223517418
0 0.22968750342261046 0.10625000554136932 0.19062500284053385 0.15625000232830644
0 0.2796875041676685 0.2718750141793862 0.1968750029336661 0.2015625030035153
0 0.38671875576255843 0.0802083375165239 0.19531250291038305 0.11718750174622983
0 0.8703125129686669 0.295833348762244 0.1531250022817403 0.15000000223517418
0 0.06406250095460564 0.7000000365078449 0.12187500181607902 0.15937500237487257
0 0.9421875140396878 0.790625041234307 0.11562500172294676 0.13281250197906047
1 0.7890625117579475 0.6135416986653581 0.2625000039115548 0.23906250356230885
0 0.4148437561816536 0.5166666936129332 0.15468750230502337 0.15000000223517418
0 0.45546875678701326 0.5041666929610074 0.15468750230502337 0.15000000223517418
0 0.5289062578813173 0.506250026402995 0.15468750230502337 0.15000000223517418
0 0.22968750342261046 0.10625000554136932 0.19062500284053385 0.15625000232830644
0 0.2796875041676685 0.2718750141793862 0.1968750029336661 0.2015625030035153
0 0.38671875576255843 0.0802083375165239 0.19531250291038305 0.11718750174622983
0 0.8703125129686669 0.295833348762244 0.1531250022817403 0.15000000223517418
0 0.06406250095460564 0.7000000365078449 0.12187500181607902 0.15937500237487257
0 0.9421875140396878 0.790625041234307 0.11562500172294676 0.13281250197906047
1 0.7890625117579475 0.6135416986653581 0.2625000039115548 0.23906250356230885
0 0.4148437561816536 0.5166666936129332 0.15468750230502337 0.15000000223517418
0 0.45546875678701326 0.5041666929610074 0.15468750230502337 0.15000000223517418
0 0.5289062578813173 0.506250026402995 0.15468750230502337 0.15000000223517418
0 0.22968750342261046 0.10625000554136932 0.19062500284053385 0.15625000232830644
0 0.2796875041676685 0.2718750141793862 0.1968750029336661 0.2015625030035153
0 0.38671875576255843 0.0802083375165239 0.19531250291038305 0.11718750174622983
0 0.8703125129686669 0.295833348762244 0.1531250022817403 0.15000000223517418
0 0.06406250095460564 0.7000000365078449 0.12187500181607902 0.15937500237487257
0 0.9421875140396878 0.790625041234307 0.11562500172294676 0.13281250197906047
1 0.7890625117579475 0.6135416986653581 0.2625000039115548 0.23906250356230885
0 0.4148437561816536 0.5166666936129332 0.15468750230502337 0.15000000223517418
0 0.45546875678701326 0.5041666929610074 0.15468750230502337 0.15000000223517418
0 0.5289062578813173 0.506250026402995 0.15468750230502337 0.15000000223517418
0 0.22968750342261046 0.10625000554136932 0.19062500284053385 0.15625000232830644
0 0.2796875041676685 0.2718750141793862 0.1968750029336661 0.2015625030035153
0 0.38671875576255843 0.0802083375165239 0.19531250291038305 0.11718750174622983
0 0.8703125129686669 0.295833348762244 0.1531250022817403 0.15000000223517418
0 0.06406250095460564 0.7000000365078449 0.12187500181607902 0.15937500237487257
0 0.9421875140396878 0.790625041234307 0.11562500172294676 0.13281250197906047
1 0.7890625117579475 0.6135416986653581 0.2625000039115548 0.23906250356230885
0 0.4148437561816536 0.5166666936129332 0.15468750230502337 0.15000000223517418
0 0.45546875678701326 0.5041666929610074 0.15468750230502337 0.15000000223517418
0 0.5289062578813173 0.506250026402995 0.15468750230502337 0.15000000223517418
0 0.22968750342261046 0.10625000554136932 0.19062500284053385 0.15625000232830644
0 0.2796875041676685 0.2718750141793862 0.1968750029336661 0.2015625030035153
0 0.38671875576255843 0.0802083375165239 0.19531250291038305 0.11718750174622983
0 0.8703125129686669 0.295833348762244 0.1531250022817403 0.15000000223517418
0 0.06406250095460564 0.7000000365078449 0.12187500181607902 0.15937500237487257
0 0.9421875140396878 0.790625041234307 0.11562500172294676 0.13281250197906047
1 0.7890625117579475 0.6135416986653581 0.2625000039115548 0.23906250356230885
0 0.4148437561816536 0.5166666936129332 0.15468750230502337 0.15000000223517418
0 0.45546875678701326 0.5041666929610074 0.15468750230502337 0.15000000223517418
0 0.5289062578813173 0.506250026402995 0.15468750230502337 0.15000000223517418
0 0.22968750342261046 0.10625000554136932 0.19062500284053385 0.15625000232830644
0 0.2796875041676685 0.2718750141793862 0.1968750029336661 0.2015625030035153
0 0.38671875576255843 0.0802083375165239 0.19531250291038305 0.11718750174622983
0 0.8703125129686669 0.295833348762244 0.1531250022817403 0.15000000223517418
0 0.06406250095460564 0.7000000365078449 0.12187500181607902 0.15937500237487257
0 0.9421875140396878 0.790625041234307 0.11562500172294676 0.13281250197906047
1 0.7890625117579475 0.6135416986653581 0.2625000039115548 0.23906250356230885
0 0.4148437561816536 0.5166666936129332 0.15468750230502337 0.15000000223517418
0 0.45546875678701326 0.5041666929610074 0.15468750230502337 0.15000000223517418
0 0.5289062578813173 0.506250026402995 0.15468750230502337 0.15000000223517418
0 0.22968750342261046 0.10625000554136932 0.19062500284053385 0.15625000232830644
0 0.2796875041676685 0.2718750141793862 0.1968750029336661 0.2015625030035153
0 0.38671875576255843 0.0802083375165239 0.19531250291038305 0.11718750174622983
0 0.8703125129686669 0.295833348762244 0.1531250022817403 0.15000000223517418
0 0.06406250095460564 0.7000000365078449 0.12187500181607902 0.15937500237487257
0 0.9421875140396878 0.790625041234307 0.11562500172294676 0.13281250197906047
1 0.7890625117579475 0.6135416986653581 0.2625000039115548 0.23906250356230885
0 0.4148437561816536 0.5166666936129332 0.15468750230502337 0.15000000223517418
0 0.45546875678701326 0.5041666929610074 0.15468750230502337 0.15000000223517418
0 0.5289062578813173 0.506250026402995 0.15468750230502337 0.15000000223517418
0 0.22968749701976776 0.10625000298023224 0.19062499701976776 0.15625
0 0.2796874940395355 0.2718750238418579 0.19687500596046448 0.20156250894069672
0 0.38671875 0.08020833879709244 0.1953125 0.1171875
0 0.870312511920929 0.2958333492279053 0.15312500298023224 0.15000000596046448
0 0.06406249850988388 0.7000000476837158 0.12187500298023224 0.15937499701976776
0 0.942187488079071 0.7906250357627869 0.11562500149011612 0.1328125
1 0.7890625 0.6135417222976685 0.26250001788139343 0.23906250298023224
0 0.41484376788139343 0.5166667103767395 0.15468750894069672 0.15000000596046448
0 0.4554687440395355 0.5041667222976685 0.15468750894069672 0.15000000596046448
0 0.5289062857627869 0.5062500238418579 0.15468750894069672 0.15000000596046448
0 0.22968749701976776 0.10625000298023224 0.19062499701976776 0.15625
0 0.2796874940395355 0.2718750238418579 0.19687500596046448 0.20156250894069672
0 0.38671875 0.08020833879709244 0.1953125 0.1171875
0 0.870312511920929 0.2958333492279053 0.15312500298023224 0.15000000596046448
0 0.06406249850988388 0.7000000476837158 0.12187500298023224 0.15937499701976776
0 0.942187488079071 0.7906250357627869 0.11562500149011612 0.1328125
1 0.7890625 0.6135417222976685 0.26250001788139343 0.23906250298023224
0 0.41484376788139343 0.5166667103767395 0.15468750894069672 0.15000000596046448
0 0.4554687440395355 0.5041667222976685 0.15468750894069672 0.15000000596046448
0 0.5289062857627869 0.5062500238418579 0.15468750894069672 0.15000000596046448
0 0.22968749701976776 0.10625000298023224 0.19062499701976776 0.15625
0 0.2796874940395355 0.2718750238418579 0.19687500596046448 0.20156250894069672
0 0.38671875 0.08020833879709244 0.1953125 0.1171875
0 0.870312511920929 0.2958333492279053 0.15312500298023224 0.15000000596046448
0 0.06406249850988388 0.7000000476837158 0.12187500298023224 0.15937499701976776
0 0.942187488079071 0.7906250357627869 0.11562500149011612 0.1328125
1 0.7890625 0.6135417222976685 0.26250001788139343 0.23906250298023224
0 0.41484376788139343 0.5166667103767395 0.15468750894069672 0.15000000596046448
0 0.4554687440395355 0.5041667222976685 0.15468750894069672 0.15000000596046448
0 0.5289062857627869 0.5062500238418579 0.15468750894069672 0.15000000596046448
0 0.22968749701976776 0.10625000298023224 0.19062499701976776 0.15625
0 0.2796874940395355 0.2718750238418579 0.19687500596046448 0.20156250894069672
0 0.38671875 0.08020833879709244 0.1953125 0.1171875
0 0.870312511920929 0.2958333492279053 0.15312500298023224 0.15000000596046448
0 0.06406249850988388 0.7000000476837158 0.12187500298023224 0.15937499701976776
0 0.942187488079071 0.7906250357627869 0.11562500149011612 0.1328125
1 0.7890625 0.6135417222976685 0.26250001788139343 0.23906250298023224
0 0.41484376788139343 0.5166667103767395 0.15468750894069672 0.15000000596046448
0 0.4554687440395355 0.5041667222976685 0.15468750894069672 0.15000000596046448
0 0.5289062857627869 0.5062500238418579 0.15468750894069672 0.15000000596046448
0 0.22968749701976776 0.10625000298023224 0.19062499701976776 0.15625
0 0.2796874940395355 0.2718750238418579 0.19687500596046448 0.20156250894069672
0 0.38671875 0.08020833879709244 0.1953125 0.1171875
0 0.870312511920929 0.2958333492279053 0.15312500298023224 0.15000000596046448
0 0.06406249850988388 0.7000000476837158 0.12187500298023224 0.15937499701976776
0 0.942187488079071 0.7906250357627869 0.11562500149011612 0.1328125
1 0.7890625 0.6135417222976685 0.26250001788139343 0.23906250298023224
0 0.41484376788139343 0.5166667103767395 0.15468750894069672 0.15000000596046448
0 0.4554687440395355 0.5041667222976685 0.15468750894069672 0.15000000596046448
0 0.5289062857627869 0.5062500238418579 0.15468750894069672 0.15000000596046448
0 0.22968749701976776 0.10625000298023224 0.19062499701976776 0.15625
0 0.2796874940395355 0.2718750238418579 0.19687500596046448 0.20156250894069672
0 0.38671875 0.08020833879709244 0.1953125 0.1171875
0 0.870312511920929 0.2958333492279053 0.15312500298023224 0.15000000596046448
0 0.06406249850988388 0.7000000476837158 0.12187500298023224 0.15937499701976776
0 0.942187488079071 0.7906250357627869 0.11562500149011612 0.1328125
1 0.7890625 0.6135417222976685 0.26250001788139343 0.23906250298023224
0 0.41484376788139343 0.5166667103767395 0.15468750894069672 0.15000000596046448
0 0.4554687440395355 0.5041667222976685 0.15468750894069672 0.15000000596046448
0 0.5289062857627869 0.5062500238418579 0.15468750894069672 0.15000000596046448
0 0.22968749701976776 0.10625000298023224 0.19062499701976776 0.15625
0 0.2796874940395355 0.2718750238418579 0.19687500596046448 0.20156250894069672
0 0.38671875 0.08020833879709244 0.1953125 0.1171875
0 0.870312511920929 0.2958333492279053 0.15312500298023224 0.15000000596046448
0 0.06406249850988388 0.7000000476837158 0.12187500298023224 0.15937499701976776
0 0.942187488079071 0.7906250357627869 0.11562500149011612 0.1328125
1 0.7890625 0.6135417222976685 0.26250001788139343 0.23906250298023224
0 0.41484376788139343 0.5166667103767395 0.15468750894069672 0.15000000596046448
0 0.4554687440395355 0.5041667222976685 0.15468750894069672 0.15000000596046448
0 0.5289062857627869 0.5062500238418579 0.15468750894069672 0.15000000596046448
