0 0.26093750388827175 0.5114583600079641 0.18125000270083547 0.15468750230502337
0 0.3539062552736141 0.7250000378116965 0.1578125023515895 0.1625000024214387
0 0.2531250037718564 0.7375000384636223 0.14375000214204192 0.1406250020954758
0 0.38203125569270924 0.11354167258832604 0.1796875026775524 0.1671875024912879
0 0.7843750116880983 0.8375000436790287 0.15937500237487257 0.1625000024214387
0 0.7960937618627213 0.4760416914941743 0.1671875024912879 0.17343750258442014
0 0.7687500114552677 0.5750000299885869 0.16562500246800482 0.15937500237487257
0 0.49375000735744834 0.36770835251081735 0.17187500256113708 0.14843750221189111
0 0.9375000139698386 0.27291668090038 0.12500000186264515 0.1843750027474016
0 0.9195312637020834 0.07291667046956718 0.1578125023515895 0.10625000158324838
0 0.7820312616531737 0.07291667046956718 0.1578125023515895 0.10625000158324838
0 0.5898437587893568 0.09687500505242497 0.1578125023515895 0.14218750211875886
0 0.7351562609546818 0.2343750122236088 0.15468750230502337 0.15156250225845724
0 0.43359375646105036 0.3281250171130523 0.15468750230502337 0.15156250225845724
0 0.18984375282889232 0.19479167682584375 0.15468750230502337 0.15156250225845724
0 0.11015625164145604 0.6260416993172839 0.1671875024912879 0.17343750258442014
0 0.47734375711297616 0.5604166958946735 0.1578125023515895 0.11250000167638063
0 0.9312500138767064 0.5937500309664756 0.13750000204890966 0.1625000024214387
1 0.6210937592550181 0.7812500407453626 0.2453125036554411 0.24375000363215804
0 0.26093750388827175 0.5114583600079641 0.18125000270083547 0.15468750230502337
0 0.3539062552736141 0.7250000378116965 0.1578125023515895 0.1625000024214387
0 0.2531250037718564 0.7375000384636223 0.14375000214204192 0.1406250020954758
0 0.38203125569270924 0.11354167258832604 0.1796875026775524 0.1671875024912879
0 0.7843750116880983 0.8375000436790287 0.15937500237487257 0.1625000024214387
0 0.7960937618627213 0.4760416914941743 0.1671875024912879 0.17343750258442014
0 0.7687500114552677 0.5750000299885869 0.16562500246800482 0.15937500237487257
0 0.49375000735744834 0.36770835251081735 0.17187500256113708 0.14843750221189111
0 0.9375000139698386 0.27291668090038 0.12500000186264515 0.1843750027474016
0 0.9195312637020834 0.07291667046956718 0.1578125023515895 0.10625000158324838
0 0.7820312616531737 0.07291667046956718 0.1578125023515895 0.10625000158324838
0 0.5898437587893568 0.09687500505242497 0.1578125023515895 0.14218750211875886
0 0.7351562609546818 0.2343750122236088 0.15468750230502337 0.15156250225845724
0 0.43359375646105036 0.3281250171130523 0.15468750230502337 0.15156250225845724
0 0.18984375282889232 0.19479167682584375 0.15468750230502337 0.15156250225845724
0 0.11015625164145604 0.6260416993172839 0.1671875024912879 0.17343750258442014
0 0.47734375711297616 0.5604166958946735 0.1578125023515895 0.11250000167638063
0 0.9312500138767064 0.5937500309664756 0.13750000204890966 0.1625000024214387
1 0.6210937592550181 0.7812500407453626 0.2453125036554411 0.24375000363215804
0 0.26093750388827175 0.5114583600079641 0.18125000270083547 0.15468750230502337
0 0.3539062552736141 0.7250000378116965 0.1578125023515895 0.1625000024214387
0 0.2531250037718564 0.7375000384636223 0.14375000214204192 0.1406250020954758
0 0.38203125569270924 0.11354167258832604 0.1796875026775524 0.1671875024912879
0 0.7843750116880983 0.8375000436790287 0.15937500237487257 0.1625000024214387
0 0.7960937618627213 0.4760416914941743 0.1671875024912879 0.17343750258442014
0 0.7687500114552677 0.5750000299885869 0.16562500246800482 0.15937500237487257
0 0.49375000735744834 0.36770835251081735 0.17187500256113708 0.14843750221189111
0 0.9375000139698386 0.27291668090038 0.12500000186264515 0.1843750027474016
0 0.9195312637020834 0.07291667046956718 0.1578125023515895 0.10625000158324838
0 0.7820312616531737 0.07291667046956718 0.1578125023515895 0.10625000158324838
0 0.5898437587893568 0.09687500505242497 0.1578125023515895 0.14218750211875886
0 0.7351562609546818 0.2343750122236088 0.15468750230502337 0.15156250225845724
0 0.43359375646105036 0.3281250171130523 0.15468750230502337 0.15156250225845724
0 0.18984375282889232 0.19479167682584375 0.15468750230502337 0.15156250225845724
0 0.11015625164145604 0.6260416993172839 0.1671875024912879 0.17343750258442014
0 0.47734375711297616 0.5604166958946735 0.1578125023515895 0.11250000167638063
0 0.9312500138767064 0.5937500309664756 0.13750000204890966 0.1625000024214387
1 0.6210937592550181 0.7812500407453626 0.2453125036554411 0.24375000363215804
0 0.26093750388827175 0.5114583600079641 0.18125000270083547 0.15468750230502337
0 0.3539062552736141 0.7250000378116965 0.1578125023515895 0.1625000024214387
0 0.2531250037718564 0.7375000384636223 0.14375000214204192 0.1406250020954758
0 0.38203125569270924 0.11354167258832604 0.1796875026775524 0.1671875024912879
0 0.7843750116880983 0.8375000436790287 0.15937500237487257 0.1625000024214387
0 0.7960937618627213 0.4760416914941743 0.1671875024912879 0.17343750258442014
0 0.7687500114552677 0.5750000299885869 0.16562500246800482 0.15937500237487257
0 0.49375000735744834 0.36770835251081735 0.17187500256113708 0.14843750221189111
0 0.9375000139698386 0.27291668090038 0.12500000186264515 0.1843750027474016
0 0.9195312637020834 0.07291667046956718 0.1578125023515895 0.10625000158324838
0 0.7820312616531737 0.07291667046956718 0.1578125023515895 0.10625000158324838
0 0.5898437587893568 0.09687500505242497 0.1578125023515895 0.14218750211875886
0 0.7351562609546818 0.2343750122236088 0.15468750230502337 0.15156250225845724
0 0.43359375646105036 0.3281250171130523 0.15468750230502337 0.15156250225845724
0 0.18984375282889232 0.19479167682584375 0.15468750230502337 0.15156250225845724
0 0.11015625164145604 0.6260416993172839 0.1671875024912879 0.17343750258442014
0 0.47734375711297616 0.5604166958946735 0.1578125023515895 0.11250000167638063
0 0.9312500138767064 0.5937500309664756 0.13750000204890966 0.1625000024214387
1 0.6210937592550181 0.7812500407453626 0.2453125036554411 0.24375000363215804
0 0.26093750388827175 0.5114583600079641 0.18125000270083547 0.15468750230502337
0 0.3539062552736141 0.7250000378116965 0.1578125023515895 0.1625000024214387
0 0.2531250037718564 0.7375000384636223 0.14375000214204192 0.1406250020954758
0 0.38203125569270924 0.11354167258832604 0.1796875026775524 0.1671875024912879
0 0.7843750116880983 0.8375000436790287 0.15937500237487257 0.1625000024214387
0 0.7960937618627213 0.4760416914941743 0.1671875024912879 0.17343750258442014
0 0.7687500114552677 0.5750000299885869 0.16562500246800482 0.15937500237487257
0 0.49375000735744834 0.36770835251081735 0.17187500256113708 0.14843750221189111
0 0.9375000139698386 0.27291668090038 0.12500000186264515 0.1843750027474016
0 0.9195312637020834 0.07291667046956718 0.1578125023515895 0.10625000158324838
0 0.7820312616531737 0.07291667046956718 0.1578125023515895 0.10625000158324838
0 0.5898437587893568 0.09687500505242497 0.1578125023515895 0.14218750211875886
0 0.7351562609546818 0.2343750122236088 0.15468750230502337 0.15156250225845724
0 0.43359375646105036 0.3281250171130523 0.15468750230502337 0.15156250225845724
0 0.18984375282889232 0.19479167682584375 0.15468750230502337 0.15156250225845724
0 0.11015625164145604 0.6260416993172839 0.1671875024912879 0.17343750258442014
0 0.47734375711297616 0.5604166958946735 0.1578125023515895 0.11250000167638063
0 0.9312500138767064 0.5937500309664756 0.13750000204890966 0.1625000024214387
1 0.6210937592550181 0.7812500407453626 0.2453125036554411 0.24375000363215804
0 0.26093750388827175 0.5114583600079641 0.18125000270083547 0.15468750230502337
0 0.3539062552736141 0.7250000378116965 0.1578125023515895 0.1625000024214387
0 0.2531250037718564 0.7375000384636223 0.14375000214204192 0.1406250020954758
0 0.38203125569270924 0.11354167258832604 0.1796875026775524 0.1671875024912879
0 0.7843750116880983 0.8375000436790287 0.15937500237487257 0.1625000024214387
0 0.7960937618627213 0.4760416914941743 0.1671875024912879 0.17343750258442014
0 0.7687500114552677 0.5750000299885869 0.16562500246800482 0.15937500237487257
0 0.49375000735744834 0.36770835251081735 0.17187500256113708 0.14843750221189111
0 0.9375000139698386 0.27291668090038 0.12500000186264515 0.1843750027474016
0 0.9195312637020834 0.07291667046956718 0.1578125023515895 0.10625000158324838
0 0.7820312616531737 0.07291667046956718 0.1578125023515895 0.10625000158324838
0 0.5898437587893568 0.09687500505242497 0.1578125023515895 0.14218750211875886
0 0.7351562609546818 0.2343750122236088 0.15468750230502337 0.15156250225845724
0 0.43359375646105036 0.3281250171130523 0.15468750230502337 0.15156250225845724
0 0.18984375282889232 0.19479167682584375 0.15468750230502337 0.15156250225845724
0 0.11015625164145604 0.6260416993172839 0.1671875024912879 0.17343750258442014
0 0.47734375711297616 0.5604166958946735 0.1578125023515895 0.11250000167638063
0 0.9312500138767064 0.5937500309664756 0.13750000204890966 0.1625000024214387
1 0.6210937592550181 0.7812500407453626 0.2453125036554411 0.24375000363215804
0 0.26093750388827175 0.5114583600079641 0.18125000270083547 0.15468750230502337
0 0.3539062552736141 0.7250000378116965 0.1578125023515895 0.1625000024214387
0 0.2531250037718564 0.7375000384636223 0.14375000214204192 0.1406250020954758
0 0.38203125569270924 0.11354167258832604 0.1796875026775524 0.1671875024912879
0 0.7843750116880983 0.8375000436790287 0.15937500237487257 0.1625000024214387
0 0.7960937618627213 0.4760416914941743 0.1671875024912879 0.17343750258442014
0 0.7687500114552677 0.5750000299885869 0.16562500246800482 0.15937500237487257
0 0.49375000735744834 0.36770835251081735 0.17187500256113708 0.14843750221189111
0 0.9375000139698386 0.27291668090038 0.12500000186264515 0.1843750027474016
0 0.9195312637020834 0.07291667046956718 0.1578125023515895 0.10625000158324838
0 0.7820312616531737 0.07291667046956718 0.1578125023515895 0.10625000158324838
0 0.5898437587893568 0.09687500505242497 0.1578125023515895 0.14218750211875886
0 0.7351562609546818 0.2343750122236088 0.15468750230502337 0.15156250225845724
0 0.43359375646105036 0.3281250171130523 0.15468750230502337 0.15156250225845724
0 0.18984375282889232 0.19479167682584375 0.15468750230502337 0.15156250225845724
0 0.11015625164145604 0.6260416993172839 0.1671875024912879 0.17343750258442014
0 0.47734375711297616 0.5604166958946735 0.1578125023515895 0.11250000167638063
0 0.9312500138767064 0.5937500309664756 0.13750000204890966 0.1625000024214387
1 0.6210937592550181 0.7812500407453626 0.2453125036554411 0.24375000363215804
0 0.26093750388827175 0.5114583600079641 0.18125000270083547 0.15468750230502337
0 0.3539062552736141 0.7250000378116965 0.1578125023515895 0.1625000024214387
0 0.2531250037718564 0.7375000384636223 0.14375000214204192 0.1406250020954758
0 0.38203125569270924 0.11354167258832604 0.1796875026775524 0.1671875024912879
0 0.7843750116880983 0.8375000436790287 0.15937500237487257 0.1625000024214387
0 0.7960937618627213 0.4760416914941743 0.1671875024912879 0.17343750258442014
0 0.7687500114552677 0.5750000299885869 0.16562500246800482 0.15937500237487257
0 0.49375000735744834 0.36770835251081735 0.17187500256113708 0.14843750221189111
0 0.9375000139698386 0.27291668090038 0.12500000186264515 0.1843750027474016
0 0.9195312637020834 0.07291667046956718 0.1578125023515895 0.10625000158324838
0 0.7820312616531737 0.07291667046956718 0.1578125023515895 0.10625000158324838
0 0.5898437587893568 0.09687500505242497 0.1578125023515895 0.14218750211875886
0 0.7351562609546818 0.2343750122236088 0.15468750230502337 0.15156250225845724
0 0.43359375646105036 0.3281250171130523 0.15468750230502337 0.15156250225845724
0 0.18984375282889232 0.19479167682584375 0.15468750230502337 0.15156250225845724
0 0.11015625164145604 0.6260416993172839 0.1671875024912879 0.17343750258442014
0 0.47734375711297616 0.5604166958946735 0.1578125023515895 0.11250000167638063
0 0.9312500138767064 0.5937500309664756 0.13750000204890966 0.1625000024214387
1 0.6210937592550181 0.7812500407453626 0.2453125036554411 0.24375000363215804
0 0.26093750388827175 0.5114583600079641 0.18125000270083547 0.15468750230502337
0 0.3539062552736141 0.7250000378116965 0.1578125023515895 0.1625000024214387
0 0.2531250037718564 0.7375000384636223 0.14375000214204192 0.1406250020954758
0 0.38203125569270924 0.11354167258832604 0.1796875026775524 0.1671875024912879
0 0.7843750116880983 0.8375000436790287 0.15937500237487257 0.1625000024214387
0 0.7960937618627213 0.4760416914941743 0.1671875024912879 0.17343750258442014
0 0.7687500114552677 0.5750000299885869 0.16562500246800482 0.15937500237487257
0 0.49375000735744834 0.36770835251081735 0.17187500256113708 0.14843750221189111
0 0.9375000139698386 0.27291668090038 0.12500000186264515 0.1843750027474016
0 0.9195312637020834 0.07291667046956718 0.1578125023515895 0.10625000158324838
0 0.7820312616531737 0.07291667046956718 0.1578125023515895 0.10625000158324838
0 0.5898437587893568 0.09687500505242497 0.1578125023515895 0.14218750211875886
0 0.7351562609546818 0.2343750122236088 0.15468750230502337 0.15156250225845724
0 0.43359375646105036 0.3281250171130523 0.15468750230502337 0.15156250225845724
0 0.18984375282889232 0.19479167682584375 0.15468750230502337 0.15156250225845724
0 0.11015625164145604 0.6260416993172839 0.1671875024912879 0.17343750258442014
0 0.47734375711297616 0.5604166958946735 0.1578125023515895 0.11250000167638063
0 0.9312500138767064 0.5937500309664756 0.13750000204890966 0.1625000024214387
1 0.6210937592550181 0.7812500407453626 0.2453125036554411 0.24375000363215804
0 0.26093750388827175 0.5114583600079641 0.18125000270083547 0.15468750230502337
0 0.3539062552736141 0.7250000378116965 0.1578125023515895 0.1625000024214387
0 0.2531250037718564 0.7375000384636223 0.14375000214204192 0.1406250020954758
0 0.38203125569270924 0.11354167258832604 0.1796875026775524 0.1671875024912879
0 0.7843750116880983 0.8375000436790287 0.15937500237487257 0.1625000024214387
0 0.7960937618627213 0.4760416914941743 0.1671875024912879 0.17343750258442014
0 0.7687500114552677 0.5750000299885869 0.16562500246800482 0.15937500237487257
0 0.49375000735744834 0.36770835251081735 0.17187500256113708 0.14843750221189111
0 0.9375000139698386 0.27291668090038 0.12500000186264515 0.1843750027474016
0 0.9195312637020834 0.07291667046956718 0.1578125023515895 0.10625000158324838
0 0.7820312616531737 0.07291667046956718 0.1578125023515895 0.10625000158324838
0 0.5898437587893568 0.09687500505242497 0.1578125023515895 0.14218750211875886
0 0.7351562609546818 0.2343750122236088 0.15468750230502337 0.15156250225845724
0 0.43359375646105036 0.3281250171130523 0.15468750230502337 0.15156250225845724
0 0.18984375282889232 0.19479167682584375 0.15468750230502337 0.15156250225845724
0 0.11015625164145604 0.6260416993172839 0.1671875024912879 0.17343750258442014
0 0.47734375711297616 0.5604166958946735 0.1578125023515895 0.11250000167638063
0 0.9312500138767064 0.5937500309664756 0.13750000204890966 0.1625000024214387
1 0.6210937592550181 0.7812500407453626 0.2453125036554411 0.24375000363215804
0 0.26093750388827175 0.5114583600079641 0.18125000270083547 0.15468750230502337
0 0.3539062552736141 0.7250000378116965 0.1578125023515895 0.1625000024214387
0 0.2531250037718564 0.7375000384636223 0.14375000214204192 0.1406250020954758
0 0.38203125569270924 0.11354167258832604 0.1796875026775524 0.1671875024912879
0 0.7843750116880983 0.8375000436790287 0.15937500237487257 0.1625000024214387
0 0.7960937618627213 0.4760416914941743 0.1671875024912879 0.17343750258442014
0 0.7687500114552677 0.5750000299885869 0.16562500246800482 0.15937500237487257
0 0.49375000735744834 0.36770835251081735 0.17187500256113708 0.14843750221189111
0 0.9375000139698386 0.27291668090038 0.12500000186264515 0.1843750027474016
0 0.9195312637020834 0.07291667046956718 0.1578125023515895 0.10625000158324838
0 0.7820312616531737 0.07291667046956718 0.1578125023515895 0.10625000158324838
0 0.5898437587893568 0.09687500505242497 0.1578125023515895 0.14218750211875886
0 0.7351562609546818 0.2343750122236088 0.15468750230502337 0.15156250225845724
0 0.43359375646105036 0.3281250171130523 0.15468750230502337 0.15156250225845724
0 0.18984375282889232 0.19479167682584375 0.15468750230502337 0.15156250225845724
0 0.11015625164145604 0.6260416993172839 0.1671875024912879 0.17343750258442014
0 0.47734375711297616 0.5604166958946735 0.1578125023515895 0.11250000167638063
0 0.9312500138767064 0.5937500309664756 0.13750000204890966 0.1625000024214387
1 0.6210937592550181 0.7812500407453626 0.2453125036554411 0.24375000363215804
0 0.26093750388827175 0.5114583600079641 0.18125000270083547 0.15468750230502337
0 0.3539062552736141 0.7250000378116965 0.1578125023515895 0.1625000024214387
0 0.2531250037718564 0.7375000384636223 0.14375000214204192 0.1406250020954758
0 0.38203125569270924 0.11354167258832604 0.1796875026775524 0.1671875024912879
0 0.7843750116880983 0.8375000436790287 0.15937500237487257 0.1625000024214387
0 0.7960937618627213 0.4760416914941743 0.1671875024912879 0.17343750258442014
0 0.7687500114552677 0.5750000299885869 0.16562500246800482 0.15937500237487257
0 0.49375000735744834 0.36770835251081735 0.17187500256113708 0.14843750221189111
0 0.9375000139698386 0.27291668090038 0.12500000186264515 0.1843750027474016
0 0.9195312637020834 0.07291667046956718 0.1578125023515895 0.10625000158324838
0 0.7820312616531737 0.07291667046956718 0.1578125023515895 0.10625000158324838
0 0.5898437587893568 0.09687500505242497 0.1578125023515895 0.14218750211875886
0 0.7351562609546818 0.2343750122236088 0.15468750230502337 0.15156250225845724
0 0.43359375646105036 0.3281250171130523 0.15468750230502337 0.15156250225845724
0 0.18984375282889232 0.19479167682584375 0.15468750230502337 0.15156250225845724
0 0.11015625164145604 0.6260416993172839 0.1671875024912879 0.17343750258442014
0 0.47734375711297616 0.5604166958946735 0.1578125023515895 0.11250000167638063
0 0.9312500138767064 0.5937500309664756 0.13750000204890966 0.1625000024214387
1 0.6210937592550181 0.7812500407453626 0.2453125036554411 0.24375000363215804
0 0.26093750388827175 0.5114583600079641 0.18125000270083547 0.15468750230502337
0 0.3539062552736141 0.7250000378116965 0.1578125023515895 0.1625000024214387
0 0.2531250037718564 0.7375000384636223 0.14375000214204192 0.1406250020954758
0 0.38203125569270924 0.11354167258832604 0.1796875026775524 0.1671875024912879
0 0.7843750116880983 0.8375000436790287 0.15937500237487257 0.1625000024214387
0 0.7960937618627213 0.4760416914941743 0.1671875024912879 0.17343750258442014
0 0.7687500114552677 0.5750000299885869 0.16562500246800482 0.15937500237487257
0 0.49375000735744834 0.36770835251081735 0.17187500256113708 0.14843750221189111
0 0.9375000139698386 0.27291668090038 0.12500000186264515 0.1843750027474016
0 0.9195312637020834 0.07291667046956718 0.1578125023515895 0.10625000158324838
0 0.7820312616531737 0.07291667046956718 0.1578125023515895 0.10625000158324838
0 0.5898437587893568 0.09687500505242497 0.1578125023515895 0.14218750211875886
0 0.7351562609546818 0.2343750122236088 0.15468750230502337 0.15156250225845724
0 0.43359375646105036 0.3281250171130523 0.15468750230502337 0.15156250225845724
0 0.18984375282889232 0.19479167682584375 0.15468750230502337 0.15156250225845724
0 0.11015625164145604 0.6260416993172839 0.1671875024912879 0.17343750258442014
0 0.47734375711297616 0.5604166958946735 0.1578125023515895 0.11250000167638063
0 0.9312500138767064 0.5937500309664756 0.13750000204890966 0.1625000024214387
1 0.6210937592550181 0.7812500407453626 0.2453125036554411 0.24375000363215804
0 0.26093750388827175 0.5114583600079641 0.18125000270083547 0.15468750230502337
0 0.3539062552736141 0.7250000378116965 0.1578125023515895 0.1625000024214387
0 0.2531250037718564 0.7375000384636223 0.14375000214204192 0.1406250020954758
0 0.38203125569270924 0.11354167258832604 0.1796875026775524 0.1671875024912879
0 0.7843750116880983 0.8375000436790287 0.15937500237487257 0.1625000024214387
0 0.7960937618627213 0.4760416914941743 0.1671875024912879 0.17343750258442014
0 0.7687500114552677 0.5750000299885869 0.16562500246800482 0.15937500237487257
0 0.49375000735744834 0.36770835251081735 0.17187500256113708 0.14843750221189111
0 0.9375000139698386 0.27291668090038 0.12500000186264515 0.1843750027474016
0 0.9195312637020834 0.07291667046956718 0.1578125023515895 0.10625000158324838
0 0.7820312616531737 0.07291667046956718 0.1578125023515895 0.10625000158324838
0 0.5898437587893568 0.09687500505242497 0.1578125023515895 0.14218750211875886
0 0.7351562609546818 0.2343750122236088 0.15468750230502337 0.15156250225845724
0 0.43359375646105036 0.3281250171130523 0.15468750230502337 0.15156250225845724
0 0.18984375282889232 0.19479167682584375 0.15468750230502337 0.15156250225845724
0 0.11015625164145604 0.6260416993172839 0.1671875024912879 0.17343750258442014
0 0.47734375711297616 0.5604166958946735 0.1578125023515895 0.11250000167638063
0 0.9312500138767064 0.5937500309664756 0.13750000204890966 0.1625000024214387
1 0.6210937592550181 0.7812500407453626 0.2453125036554411 0.24375000363215804
0 0.26093750388827175 0.5114583600079641 0.18125000270083547 0.15468750230502337
0 0.3539062552736141 0.7250000378116965 0.1578125023515895 0.1625000024214387
0 0.2531250037718564 0.7375000384636223 0.14375000214204192 0.1406250020954758
0 0.38203125569270924 0.11354167258832604 0.1796875026775524 0.1671875024912879
0 0.7843750116880983 0.8375000436790287 0.15937500237487257 0.1625000024214387
0 0.7960937618627213 0.4760416914941743 0.1671875024912879 0.17343750258442014
0 0.7687500114552677 0.5750000299885869 0.16562500246800482 0.15937500237487257
0 0.49375000735744834 0.36770835251081735 0.17187500256113708 0.14843750221189111
0 0.9375000139698386 0.27291668090038 0.12500000186264515 0.1843750027474016
0 0.9195312637020834 0.07291667046956718 0.1578125023515895 0.10625000158324838
0 0.7820312616531737 0.07291667046956718 0.1578125023515895 0.10625000158324838
0 0.5898437587893568 0.09687500505242497 0.1578125023515895 0.14218750211875886
0 0.7351562609546818 0.2343750122236088 0.15468750230502337 0.15156250225845724
0 0.43359375646105036 0.3281250171130523 0.15468750230502337 0.15156250225845724
0 0.18984375282889232 0.19479167682584375 0.15468750230502337 0.15156250225845724
0 0.11015625164145604 0.6260416993172839 0.1671875024912879 0.17343750258442014
0 0.47734375711297616 0.5604166958946735 0.1578125023515895 0.11250000167638063
0 0.9312500138767064 0.5937500309664756 0.13750000204890966 0.1625000024214387
1 0.6210937592550181 0.7812500407453626 0.2453125036554411 0.24375000363215804
0 0.26093751192092896 0.5114583373069763 0.18125000596046448 0.15468750894069672
0 0.3539062440395355 0.7250000238418579 0.15781250596046448 0.16250000894069672
0 0.25312501192092896 0.737500011920929 0.14374999701976776 0.140625
0 0.38203126192092896 0.11354167014360428 0.1796875 0.16718749701976776
0 0.784375011920929 0.8375000357627869 0.15937499701976776 0.16250000894069672
0 0.796093761920929 0.476041704416275 0.16718749701976776 0.17343750596046448
0 0.768750011920929 0.5750000476837158 0.16562500596046448 0.15937499701976776
0 0.4937500059604645 0.36770835518836975 0.171875 0.1484375
0 0.9375 0.27291667461395264 0.125 0.18437500298023224
0 0.9195312857627869 0.0729166716337204 0.15781250596046448 0.10625000298023224
0 0.782031238079071 0.0729166716337204 0.15781250596046448 0.10625000298023224
0 0.58984375 0.09687500447034836 0.15781250596046448 0.14218750596046448
0 0.735156238079071 0.2343750149011612 0.15468750894069672 0.15156249701976776
0 0.43359375 0.3281250298023224 0.15468750894069672 0.15156249701976776
0 0.18984375894069672 0.19479167461395264 0.15468750894069672 0.15156249701976776
0 0.11015625298023224 0.6260417103767395 0.16718749701976776 0.17343750596046448
0 0.47734376788139343 0.5604166984558105 0.15781250596046448 0.11250000447034836
0 0.9312500357627869 0.5937500596046448 0.13750000298023224 0.16250000894069672
1 0.62109375 0.7812500596046448 0.24531249701976776 0.24375000596046448
0 0.26093751192092896 0.5114583373069763 0.18125000596046448 0.15468750894069672
0 0.3539062440395355 0.7250000238418579 0.15781250596046448 0.16250000894069672
0 0.25312501192092896 0.737500011920929 0.14374999701976776 0.140625
0 0.38203126192092896 0.11354167014360428 0.1796875 0.16718749701976776
0 0.784375011920929 0.8375000357627869 0.15937499701976776 0.16250000894069672
0 0.796093761920929 0.476041704416275 0.16718749701976776 0.17343750596046448
0 0.768750011920929 0.5750000476837158 0.16562500596046448 0.15937499701976776
0 0.4937500059604645 0.36770835518836975 0.171875 0.1484375
0 0.9375 0.27291667461395264 0.125 0.18437500298023224
0 0.9195312857627869 0.0729166716337204 0.15781250596046448 0.10625000298023224
0 0.782031238079071 0.0729166716337204 0.15781250596046448 0.10625000298023224
0 0.58984375 0.09687500447034836 0.15781250596046448 0.14218750596046448
0 0.735156238079071 0.2343750149011612 0.15468750894069672 0.15156249701976776
0 0.43359375 0.3281250298023224 0.15468750894069672 0.15156249701976776
0 0.18984375894069672 0.19479167461395264 0.15468750894069672 0.15156249701976776
0 0.11015625298023224 0.6260417103767395 0.16718749701976776 0.17343750596046448
0 0.47734376788139343 0.5604166984558105 0.15781250596046448 0.11250000447034836
0 0.9312500357627869 0.5937500596046448 0.13750000298023224 0.16250000894069672
1 0.62109375 0.7812500596046448 0.24531249701976776 0.24375000596046448
0 0.26093751192092896 0.5114583373069763 0.18125000596046448 0.15468750894069672
0 0.3539062440395355 0.7250000238418579 0.15781250596046448 0.16250000894069672
0 0.25312501192092896 0.737500011920929 0.14374999701976776 0.140625
0 0.38203126192092896 0.11354167014360428 0.1796875 0.16718749701976776
0 0.784375011920929 0.8375000357627869 0.15937499701976776 0.16250000894069672
0 0.796093761920929 0.476041704416275 0.16718749701976776 0.17343750596046448
0 0.768750011920929 0.5750000476837158 0.16562500596046448 0.15937499701976776
0 0.4937500059604645 0.36770835518836975 0.171875 0.1484375
0 0.9375 0.27291667461395264 0.125 0.18437500298023224
0 0.9195312857627869 0.0729166716337204 0.15781250596046448 0.10625000298023224
0 0.782031238079071 0.0729166716337204 0.15781250596046448 0.10625000298023224
0 0.58984375 0.09687500447034836 0.15781250596046448 0.14218750596046448
0 0.735156238079071 0.2343750149011612 0.15468750894069672 0.15156249701976776
0 0.43359375 0.3281250298023224 0.15468750894069672 0.15156249701976776
0 0.18984375894069672 0.19479167461395264 0.15468750894069672 0.15156249701976776
0 0.11015625298023224 0.6260417103767395 0.16718749701976776 0.17343750596046448
0 0.47734376788139343 0.5604166984558105 0.15781250596046448 0.11250000447034836
0 0.9312500357627869 0.5937500596046448 0.13750000298023224 0.16250000894069672
1 0.62109375 0.7812500596046448 0.24531249701976776 0.24375000596046448
0 0.26093751192092896 0.5114583373069763 0.18125000596046448 0.15468750894069672
0 0.3539062440395355 0.7250000238418579 0.15781250596046448 0.16250000894069672
0 0.25312501192092896 0.737500011920929 0.14374999701976776 0.140625
0 0.38203126192092896 0.11354167014360428 0.1796875 0.16718749701976776
0 0.784375011920929 0.8375000357627869 0.15937499701976776 0.16250000894069672
0 0.796093761920929 0.476041704416275 0.16718749701976776 0.17343750596046448
0 0.768750011920929 0.5750000476837158 0.16562500596046448 0.15937499701976776
0 0.4937500059604645 0.36770835518836975 0.171875 0.1484375
0 0.9375 0.27291667461395264 0.125 0.18437500298023224
0 0.9195312857627869 0.0729166716337204 0.15781250596046448 0.10625000298023224
0 0.782031238079071 0.0729166716337204 0.15781250596046448 0.10625000298023224
0 0.58984375 0.09687500447034836 0.15781250596046448 0.14218750596046448
0 0.735156238079071 0.2343750149011612 0.15468750894069672 0.15156249701976776
0 0.43359375 0.3281250298023224 0.15468750894069672 0.15156249701976776
0 0.18984375894069672 0.19479167461395264 0.15468750894069672 0.15156249701976776
0 0.11015625298023224 0.6260417103767395 0.16718749701976776 0.17343750596046448
0 0.47734376788139343 0.5604166984558105 0.15781250596046448 0.11250000447034836
0 0.9312500357627869 0.5937500596046448 0.13750000298023224 0.16250000894069672
1 0.62109375 0.7812500596046448 0.24531249701976776 0.24375000596046448
0 0.26093751192092896 0.5114583373069763 0.18125000596046448 0.15468750894069672
0 0.3539062440395355 0.7250000238418579 0.15781250596046448 0.16250000894069672
0 0.25312501192092896 0.737500011920929 0.14374999701976776 0.140625
0 0.38203126192092896 0.11354167014360428 0.1796875 0.16718749701976776
0 0.784375011920929 0.8375000357627869 0.15937499701976776 0.16250000894069672
0 0.796093761920929 0.476041704416275 0.16718749701976776 0.17343750596046448
0 0.768750011920929 0.5750000476837158 0.16562500596046448 0.15937499701976776
0 0.4937500059604645 0.36770835518836975 0.171875 0.1484375
0 0.9375 0.27291667461395264 0.125 0.18437500298023224
0 0.9195312857627869 0.0729166716337204 0.15781250596046448 0.10625000298023224
0 0.782031238079071 0.0729166716337204 0.15781250596046448 0.10625000298023224
0 0.58984375 0.09687500447034836 0.15781250596046448 0.14218750596046448
0 0.735156238079071 0.2343750149011612 0.15468750894069672 0.15156249701976776
0 0.43359375 0.3281250298023224 0.15468750894069672 0.15156249701976776
0 0.18984375894069672 0.19479167461395264 0.15468750894069672 0.15156249701976776
0 0.11015625298023224 0.6260417103767395 0.16718749701976776 0.17343750596046448
0 0.47734376788139343 0.5604166984558105 0.15781250596046448 0.11250000447034836
0 0.9312500357627869 0.5937500596046448 0.13750000298023224 0.16250000894069672
1 0.62109375 0.7812500596046448 0.24531249701976776 0.24375000596046448
0 0.26093751192092896 0.5114583373069763 0.18125000596046448 0.15468750894069672
0 0.3539062440395355 0.7250000238418579 0.15781250596046448 0.16250000894069672
0 0.25312501192092896 0.737500011920929 0.14374999701976776 0.140625
0 0.38203126192092896 0.11354167014360428 0.1796875 0.16718749701976776
0 0.784375011920929 0.8375000357627869 0.15937499701976776 0.16250000894069672
0 0.796093761920929 0.476041704416275 0.16718749701976776 0.17343750596046448
0 0.768750011920929 0.5750000476837158 0.16562500596046448 0.15937499701976776
0 0.4937500059604645 0.36770835518836975 0.171875 0.1484375
0 0.9375 0.27291667461395264 0.125 0.18437500298023224
0 0.9195312857627869 0.0729166716337204 0.15781250596046448 0.10625000298023224
0 0.782031238079071 0.0729166716337204 0.15781250596046448 0.10625000298023224
0 0.58984375 0.09687500447034836 0.15781250596046448 0.14218750596046448
0 0.735156238079071 0.2343750149011612 0.15468750894069672 0.15156249701976776
0 0.43359375 0.3281250298023224 0.15468750894069672 0.15156249701976776
0 0.18984375894069672 0.19479167461395264 0.15468750894069672 0.15156249701976776
0 0.11015625298023224 0.6260417103767395 0.16718749701976776 0.17343750596046448
0 0.47734376788139343 0.5604166984558105 0.15781250596046448 0.11250000447034836
0 0.9312500357627869 0.5937500596046448 0.13750000298023224 0.16250000894069672
1 0.62109375 0.7812500596046448 0.24531249701976776 0.24375000596046448
0 0.26093751192092896 0.5114583373069763 0.18125000596046448 0.15468750894069672
0 0.3539062440395355 0.7250000238418579 0.15781250596046448 0.16250000894069672
0 0.25312501192092896 0.737500011920929 0.14374999701976776 0.140625
0 0.38203126192092896 0.11354167014360428 0.1796875 0.16718749701976776
0 0.784375011920929 0.8375000357627869 0.15937499701976776 0.16250000894069672
0 0.796093761920929 0.476041704416275 0.16718749701976776 0.17343750596046448
0 0.768750011920929 0.5750000476837158 0.16562500596046448 0.15937499701976776
0 0.4937500059604645 0.36770835518836975 0.171875 0.1484375
0 0.9375 0.27291667461395264 0.125 0.18437500298023224
0 0.9195312857627869 0.0729166716337204 0.15781250596046448 0.10625000298023224
0 0.782031238079071 0.0729166716337204 0.15781250596046448 0.10625000298023224
0 0.58984375 0.09687500447034836 0.15781250596046448 0.14218750596046448
0 0.735156238079071 0.2343750149011612 0.15468750894069672 0.15156249701976776
0 0.43359375 0.3281250298023224 0.15468750894069672 0.15156249701976776
0 0.18984375894069672 0.19479167461395264 0.15468750894069672 0.15156249701976776
0 0.11015625298023224 0.6260417103767395 0.16718749701976776 0.17343750596046448
0 0.47734376788139343 0.5604166984558105 0.15781250596046448 0.11250000447034836
0 0.9312500357627869 0.5937500596046448 0.13750000298023224 0.16250000894069672
1 0.62109375 0.7812500596046448 0.24531249701976776 0.24375000596046448
