0 0.8335937624215148 0.73958337190561 0.1671875024912879 0.16875000251457095
0 0.4023437559953891 0.2833333481103182 0.1671875024912879 0.16875000251457095
0 0.13515625201398507 0.2770833477843553 0.1671875024912879 0.16875000251457095
0 0.2617187538999133 0.1552083414280787 0.20468750305008143 0.20468750305008143
0 0.7156250106636435 0.5416666949167848 0.1750000026077032 0.15000000223517418
0 0.09687500144354999 0.841666710563004 0.16562500246800482 0.1406250020954758
0 0.08046875119907781 0.7385417051846161 0.1578125023515895 0.17343750258442014
0 0.7421875110594556 0.16354167519602925 0.15937500237487257 0.1359375020256266
1 0.4562500067986548 0.7697917068144307 0.36250000540167093 0.3421875050989911
0 0.8335937624215148 0.73958337190561 0.1671875024912879 0.16875000251457095
0 0.4023437559953891 0.2833333481103182 0.1671875024912879 0.16875000251457095
0 0.13515625201398507 0.2770833477843553 0.1671875024912879 0.16875000251457095
0 0.2617187538999133 0.1552083414280787 0.20468750305008143 0.20468750305008143
0 0.7156250106636435 0.5416666949167848 0.1750000026077032 0.15000000223517418
0 0.09687500144354999 0.841666710563004 0.16562500246800482 0.1406250020954758
0 0.08046875119907781 0.7385417051846161 0.1578125023515895 0.17343750258442014
0 0.7421875110594556 0.16354167519602925 0.15937500237487257 0.1359375020256266
1 0.4562500067986548 0.7697917068144307 0.36250000540167093 0.3421875050989911
0 0.8335937624215148 0.73958337190561 0.1671875024912879 0.16875000251457095
0 0.4023437559953891 0.2833333481103182 0.1671875024912879 0.16875000251457095
0 0.13515625201398507 0.2770833477843553 0.1671875024912879 0.16875000251457095
0 0.2617187538999133 0.1552083414280787 0.20468750305008143 0.20468750305008143
0 0.7156250106636435 0.5416666949167848 0.1750000026077032 0.15000000223517418
0 0.09687500144354999 0.841666710563004 0.16562500246800482 0.1406250020954758
0 0.08046875119907781 0.7385417051846161 0.1578125023515895 0.17343750258442014
0 0.7421875110594556 0.16354167519602925 0.15937500237487257 0.1359375020256266
1 0.4562500067986548 0.7697917068144307 0.36250000540167093 0.3421875050989911
0 0.8335937624215148 0.73958337190561 0.1671875024912879 0.16875000251457095
0 0.4023437559953891 0.2833333481103182 0.1671875024912879 0.16875000251457095
0 0.13515625201398507 0.2770833477843553 0.1671875024912879 0.16875000251457095
0 0.2617187538999133 0.1552083414280787 0.20468750305008143 0.20468750305008143
0 0.7156250106636435 0.5416666949167848 0.1750000026077032 0.15000000223517418
0 0.09687500144354999 0.841666710563004 0.16562500246800482 0.1406250020954758
0 0.08046875119907781 0.7385417051846161 0.1578125023515895 0.17343750258442014
0 0.7421875110594556 0.16354167519602925 0.15937500237487257 0.1359375020256266
1 0.4562500067986548 0.7697917068144307 0.36250000540167093 0.3421875050989911
0 0.8335937624215148 0.73958337190561 0.1671875024912879 0.16875000251457095
0 0.4023437559953891 0.2833333481103182 0.1671875024912879 0.16875000251457095
0 0.13515625201398507 0.2770833477843553 0.1671875024912879 0.16875000251457095
0 0.2617187538999133 0.1552083414280787 0.20468750305008143 0.20468750305008143
0 0.7156250106636435 0.5416666949167848 0.1750000026077032 0.15000000223517418
0 0.09687500144354999 0.841666710563004 0.16562500246800482 0.1406250020954758
0 0.08046875119907781 0.7385417051846161 0.1578125023515895 0.17343750258442014
0 0.7421875110594556 0.16354167519602925 0.15937500237487257 0.1359375020256266
1 0.4562500067986548 0.7697917068144307 0.36250000540167093 0.3421875050989911
0 0.8335937624215148 0.73958337190561 0.1671875024912879 0.16875000251457095
0 0.4023437559953891 0.2833333481103182 0.1671875024912879 0.16875000251457095
0 0.13515625201398507 0.2770833477843553 0.1671875024912879 0.16875000251457095
0 0.2617187538999133 0.1552083414280787 0.20468750305008143 0.20468750305008143
0 0.7156250106636435 0.5416666949167848 0.1750000026077032 0.15000000223517418
0 0.09687500144354999 0.841666710563004 0.16562500246800482 0.1406250020954758
0 0.08046875119907781 0.7385417051846161 0.1578125023515895 0.17343750258442014
0 0.7421875110594556 0.16354167519602925 0.15937500237487257 0.1359375020256266
1 0.4562500067986548 0.7697917068144307 0.36250000540167093 0.3421875050989911
0 0.8335937624215148 0.73958337190561 0.1671875024912879 0.16875000251457095
0 0.4023437559953891 0.2833333481103182 0.1671875024912879 0.16875000251457095
0 0.13515625201398507 0.2770833477843553 0.1671875024912879 0.16875000251457095
0 0.2617187538999133 0.1552083414280787 0.20468750305008143 0.20468750305008143
0 0.7156250106636435 0.5416666949167848 0.1750000026077032 0.15000000223517418
0 0.09687500144354999 0.841666710563004 0.16562500246800482 0.1406250020954758
0 0.08046875119907781 0.7385417051846161 0.1578125023515895 0.17343750258442014
0 0.7421875110594556 0.16354167519602925 0.15937500237487257 0.1359375020256266
1 0.4562500067986548 0.7697917068144307 0.36250000540167093 0.3421875050989911
0 0.8335937624215148 0.73958337190561 0.1671875024912879 0.16875000251457095
0 0.4023437559953891 0.2833333481103182 0.1671875024912879 0.16875000251457095
0 0.13515625201398507 0.2770833477843553 0.1671875024912879 0.16875000251457095
0 0.2617187538999133 0.1552083414280787 0.20468750305008143 0.20468750305008143
0 0.7156250106636435 0.5416666949167848 0.1750000026077032 0.15000000223517418
0 0.09687500144354999 0.841666710563004 0.16562500246800482 0.1406250020954758
0 0.08046875119907781 0.7385417051846161 0.1578125023515895 0.17343750258442014
0 0.7421875110594556 0.16354167519602925 0.15937500237487257 0.1359375020256266
1 0.4562500067986548 0.7697917068144307 0.36250000540167093 0.3421875050989911
0 0.8335937624215148 0.73958337190561 0.1671875024912879 0.16875000251457095
0 0.4023437559953891 0.2833333481103182 0.1671875024912879 0.16875000251457095
0 0.13515625201398507 0.2770833477843553 0.1671875024912879 0.16875000251457095
0 0.2617187538999133 0.1552083414280787 0.20468750305008143 0.20468750305008143
0 0.7156250106636435 0.5416666949167848 0.1750000026077032 0.15000000223517418
0 0.09687500144354999 0.841666710563004 0.16562500246800482 0.1406250020954758
0 0.08046875119907781 0.7385417051846161 0.1578125023515895 0.17343750258442014
0 0.7421875110594556 0.16354167519602925 0.15937500237487257 0.1359375020256266
1 0.4562500067986548 0.7697917068144307 0.36250000540167093 0.3421875050989911
0 0.8335937624215148 0.73958337190561 0.1671875024912879 0.16875000251457095
0 0.4023437559953891 0.2833333481103182 0.1671875024912879 0.16875000251457095
0 0.13515625201398507 0.2770833477843553 0.1671875024912879 0.16875000251457095
0 0.2617187538999133 0.1552083414280787 0.20468750305008143 0.20468750305008143
0 0.7156250106636435 0.5416666949167848 0.1750000026077032 0.15000000223517418
0 0.09687500144354999 0.841666710563004 0.16562500246800482 0.1406250020954758
0 0.08046875119907781 0.7385417051846161 0.1578125023515895 0.17343750258442014
0 0.7421875110594556 0.16354167519602925 0.15937500237487257 0.1359375020256266
1 0.4562500067986548 0.7697917068144307 0.36250000540167093 0.3421875050989911
0 0.8335937624215148 0.73958337190561 0.1671875024912879 0.16875000251457095
0 0.4023437559953891 0.2833333481103182 0.1671875024912879 0.16875000251457095
0 0.13515625201398507 0.2770833477843553 0.1671875024912879 0.16875000251457095
0 0.2617187538999133 0.1552083414280787 0.20468750305008143 0.20468750305008143
0 0.7156250106636435 0.5416666949167848 0.1750000026077032 0.15000000223517418
0 0.09687500144354999 0.841666710563004 0.16562500246800482 0.1406250020954758
0 0.08046875119907781 0.7385417051846161 0.1578125023515895 0.17343750258442014
0 0.7421875110594556 0.16354167519602925 0.15937500237487257 0.1359375020256266
1 0.4562500067986548 0.7697917068144307 0.36250000540167093 0.3421875050989911
0 0.8335937624215148 0.73958337190561 0.1671875024912879 0.16875000251457095
0 0.4023437559953891 0.2833333481103182 0.1671875024912879 0.16875000251457095
0 0.13515625201398507 0.2770833477843553 0.1671875024912879 0.16875000251457095
0 0.2617187538999133 0.1552083414280787 0.20468750305008143 0.20468750305008143
0 0.7156250106636435 0.5416666949167848 0.1750000026077032 0.15000000223517418
0 0.09687500144354999 0.841666710563004 0.16562500246800482 0.1406250020954758
0 0.08046875119907781 0.7385417051846161 0.1578125023515895 0.17343750258442014
0 0.7421875110594556 0.16354167519602925 0.15937500237487257 0.1359375020256266
1 0.4562500067986548 0.7697917068144307 0.36250000540167093 0.3421875050989911
0 0.8335937624215148 0.73958337190561 0.1671875024912879 0.16875000251457095
0 0.4023437559953891 0.2833333481103182 0.1671875024912879 0.16875000251457095
0 0.13515625201398507 0.2770833477843553 0.1671875024912879 0.16875000251457095
0 0.2617187538999133 0.1552083414280787 0.20468750305008143 0.20468750305008143
0 0.7156250106636435 0.5416666949167848 0.1750000026077032 0.15000000223517418
0 0.09687500144354999 0.841666710563004 0.16562500246800482 0.1406250020954758
0 0.08046875119907781 0.7385417051846161 0.1578125023515895 0.17343750258442014
0 0.7421875110594556 0.16354167519602925 0.15937500237487257 0.1359375020256266
1 0.4562500067986548 0.7697917068144307 0.36250000540167093 0.3421875050989911
0 0.8335937624215148 0.73958337190561 0.1671875024912879 0.16875000251457095
0 0.4023437559953891 0.2833333481103182 0.1671875024912879 0.16875000251457095
0 0.13515625201398507 0.2770833477843553 0.1671875024912879 0.16875000251457095
0 0.2617187538999133 0.1552083414280787 0.20468750305008143 0.20468750305008143
0 0.7156250106636435 0.5416666949167848 0.1750000026077032 0.15000000223517418
0 0.09687500144354999 0.841666710563004 0.16562500246800482 0.1406250020954758
0 0.08046875119907781 0.7385417051846161 0.1578125023515895 0.17343750258442014
0 0.7421875110594556 0.16354167519602925 0.15937500237487257 0.1359375020256266
1 0.4562500067986548 0.7697917068144307 0.36250000540167093 0.3421875050989911
0 0.8335937624215148 0.73958337190561 0.1671875024912879 0.16875000251457095
0 0.4023437559953891 0.2833333481103182 0.1671875024912879 0.16875000251457095
0 0.13515625201398507 0.2770833477843553 0.1671875024912879 0.16875000251457095
0 0.2617187538999133 0.1552083414280787 0.20468750305008143 0.20468750305008143
0 0.7156250106636435 0.5416666949167848 0.1750000026077032 0.15000000223517418
0 0.09687500144354999 0.841666710563004 0.16562500246800482 0.1406250020954758
0 0.08046875119907781 0.7385417051846161 0.1578125023515895 0.17343750258442014
0 0.7421875110594556 0.16354167519602925 0.15937500237487257 0.1359375020256266
1 0.4562500067986548 0.7697917068144307 0.36250000540167093 0.3421875050989911
0 0.8335937857627869 0.7395833730697632 0.16718749701976776 0.16875000298023224
0 0.40234375 0.28333336114883423 0.16718749701976776 0.16875000298023224
0 0.13515625894069672 0.2770833373069763 0.16718749701976776 0.16875000298023224
0 0.26171875 0.15520833432674408 0.20468750596046448 0.20468750596046448
0 0.715624988079071 0.5416666865348816 0.17499999701976776 0.15000000596046448
0 0.09687500447034836 0.8416666984558105 0.16562500596046448 0.140625
0 0.08046875149011612 0.7385417222976685 0.15781250596046448 0.17343750596046448
0 0.7421875 0.16354167461395264 0.15937499701976776 0.13593749701976776
1 0.45625001192092896 0.7697917222976685 0.36250001192092896 0.3421874940395355
0 0.8335937857627869 0.7395833730697632 0.16718749701976776 0.16875000298023224
0 0.40234375 0.28333336114883423 0.16718749701976776 0.16875000298023224
0 0.13515625894069672 0.2770833373069763 0.16718749701976776 0.16875000298023224
0 0.26171875 0.15520833432674408 0.20468750596046448 0.20468750596046448
0 0.715624988079071 0.5416666865348816 0.17499999701976776 0.15000000596046448
0 0.09687500447034836 0.8416666984558105 0.16562500596046448 0.140625
0 0.08046875149011612 0.7385417222976685 0.15781250596046448 0.17343750596046448
0 0.7421875 0.16354167461395264 0.15937499701976776 0.13593749701976776
1 0.45625001192092896 0.7697917222976685 0.36250001192092896 0.3421874940395355
0 0.8335937857627869 0.7395833730697632 0.16718749701976776 0.16875000298023224
0 0.40234375 0.28333336114883423 0.16718749701976776 0.16875000298023224
0 0.13515625894069672 0.2770833373069763 0.16718749701976776 0.16875000298023224
0 0.26171875 0.15520833432674408 0.20468750596046448 0.20468750596046448
0 0.715624988079071 0.5416666865348816 0.17499999701976776 0.15000000596046448
0 0.09687500447034836 0.8416666984558105 0.16562500596046448 0.140625
0 0.08046875149011612 0.7385417222976685 0.15781250596046448 0.17343750596046448
0 0.7421875 0.16354167461395264 0.15937499701976776 0.13593749701976776
1 0.45625001192092896 0.7697917222976685 0.36250001192092896 0.3421874940395355
0 0.8335937857627869 0.7395833730697632 0.16718749701976776 0.16875000298023224
0 0.40234375 0.28333336114883423 0.16718749701976776 0.16875000298023224
0 0.13515625894069672 0.2770833373069763 0.16718749701976776 0.16875000298023224
0 0.26171875 0.15520833432674408 0.20468750596046448 0.20468750596046448
0 0.715624988079071 0.5416666865348816 0.17499999701976776 0.15000000596046448
0 0.09687500447034836 0.8416666984558105 0.16562500596046448 0.140625
0 0.08046875149011612 0.7385417222976685 0.15781250596046448 0.17343750596046448
0 0.7421875 0.16354167461395264 0.15937499701976776 0.13593749701976776
1 0.45625001192092896 0.7697917222976685 0.36250001192092896 0.3421874940395355
0 0.8335937857627869 0.7395833730697632 0.16718749701976776 0.16875000298023224
0 0.40234375 0.28333336114883423 0.16718749701976776 0.16875000298023224
0 0.13515625894069672 0.2770833373069763 0.16718749701976776 0.16875000298023224
0 0.26171875 0.15520833432674408 0.20468750596046448 0.20468750596046448
0 0.715624988079071 0.5416666865348816 0.17499999701976776 0.15000000596046448
0 0.09687500447034836 0.8416666984558105 0.16562500596046448 0.140625
0 0.08046875149011612 0.7385417222976685 0.15781250596046448 0.17343750596046448
0 0.7421875 0.16354167461395264 0.15937499701976776 0.13593749701976776
1 0.45625001192092896 0.7697917222976685 0.36250001192092896 0.3421874940395355
0 0.8335937857627869 0.7395833730697632 0.16718749701976776 0.16875000298023224
0 0.40234375 0.28333336114883423 0.16718749701976776 0.16875000298023224
0 0.13515625894069672 0.2770833373069763 0.16718749701976776 0.16875000298023224
0 0.26171875 0.15520833432674408 0.20468750596046448 0.20468750596046448
0 0.715624988079071 0.5416666865348816 0.17499999701976776 0.15000000596046448
0 0.09687500447034836 0.8416666984558105 0.16562500596046448 0.140625
0 0.08046875149011612 0.7385417222976685 0.15781250596046448 0.17343750596046448
0 0.7421875 0.16354167461395264 0.15937499701976776 0.13593749701976776
1 0.45625001192092896 0.7697917222976685 0.36250001192092896 0.3421874940395355
0 0.8335937857627869 0.7395833730697632 0.16718749701976776 0.16875000298023224
0 0.40234375 0.28333336114883423 0.16718749701976776 0.16875000298023224
0 0.13515625894069672 0.2770833373069763 0.16718749701976776 0.16875000298023224
0 0.26171875 0.15520833432674408 0.20468750596046448 0.20468750596046448
0 0.715624988079071 0.5416666865348816 0.17499999701976776 0.15000000596046448
0 0.09687500447034836 0.8416666984558105 0.16562500596046448 0.140625
0 0.08046875149011612 0.7385417222976685 0.15781250596046448 0.17343750596046448
0 0.7421875 0.16354167461395264 0.15937499701976776 0.13593749701976776
1 0.45625001192092896 0.7697917222976685 0.36250001192092896 0.3421874940395355
