0 0.1773437526426278 0.2583333468064666 0.16093750239815563 0.15937500237487257
0 0.4539062567637302 0.5875000306405127 0.17031250253785402 0.2062500030733645
0 0.2796875041676685 0.7250000378116965 0.15625000232830644 0.15000000223517418
0 0.6710937600000761 0.7614583730464801 0.2015625030035153 0.18593750277068466
0 0.8492187626543455 0.18125000945292413 0.15468750230502337 0.15937500237487257
0 0.3515625052386895 0.16354167519602925 0.15000000223517418 0.1671875024912879
0 0.19218750286381692 0.4958333591930568 0.1843750027474016 0.14375000214204192
0 0.14921875222353265 0.8479167108889669 0.1578125023515895 0.12187500181607902
0 0.9062500135041773 0.7062500368338078 0.1625000024214387 0.15625000232830644
0 0.22031250328291208 0.60312503145542 0.2625000039115548 0.11093750165309757
1 0.6148437591618858 0.2906250151572749 0.3546875052852556 0.3015625044936314
0 0.1773437526426278 0.2583333468064666 0.16093750239815563 0.15937500237487257
0 0.4539062567637302 0.5875000306405127 0.17031250253785402 0.2062500030733645
0 0.2796875041676685 0.7250000378116965 0.15625000232830644 0.15000000223517418
0 0.6710937600000761 0.7614583730464801 0.2015625030035153 0.18593750277068466
0 0.8492187626543455 0.18125000945292413 0.15468750230502337 0.15937500237487257
0 0.3515625052386895 0.16354167519602925 0.15000000223517418 0.1671875024912879
0 0.19218750286381692 0.4958333591930568 0.1843750027474016 0.14375000214204192
0 0.14921875222353265 0.8479167108889669 0.1578125023515895 0.12187500181607902
0 0.9062500135041773 0.7062500368338078 0.1625000024214387 0.15625000232830644
0 0.22031250328291208 0.60312503145542 0.2625000039115548 0.11093750165309757
1 0.6148437591618858 0.2906250151572749 0.3546875052852556 0.3015625044936314
0 0.1773437526426278 0.2583333468064666 0.16093750239815563 0.15937500237487257
0 0.4539062567637302 0.5875000306405127 0.17031250253785402 0.2062500030733645
0 0.2796875041676685 0.7250000378116965 0.15625000232830644 0.15000000223517418
0 0.6710937600000761 0.7614583730464801 0.2015625030035153 0.18593750277068466
0 0.8492187626543455 0.18125000945292413 0.15468750230502337 0.15937500237487257
0 0.3515625052386895 0.16354167519602925 0.15000000223517418 0.1671875024912879
0 0.19218750286381692 0.4958333591930568 0.1843750027474016 0.14375000214204192
0 0.14921875222353265 0.8479167108889669 0.1578125023515895 0.12187500181607902
0 0.9062500135041773 0.7062500368338078 0.1625000024214387 0.15625000232830644
0 0.22031250328291208 0.60312503145542 0.2625000039115548 0.11093750165309757
1 0.6148437591618858 0.2906250151572749 0.3546875052852556 0.3015625044936314
0 0.1773437526426278 0.2583333468064666 0.16093750239815563 0.15937500237487257
0 0.4539062567637302 0.5875000306405127 0.17031250253785402 0.2062500030733645
0 0.2796875041676685 0.7250000378116965 0.15625000232830644 0.15000000223517418
0 0.6710937600000761 0.7614583730464801 0.2015625030035153 0.18593750277068466
0 0.8492187626543455 0.18125000945292413 0.15468750230502337 0.15937500237487257
0 0.3515625052386895 0.16354167519602925 0.15000000223517418 0.1671875024912879
0 0.19218750286381692 0.4958333591930568 0.1843750027474016 0.14375000214204192
0 0.14921875222353265 0.8479167108889669 0.1578125023515895 0.12187500181607902
0 0.9062500135041773 0.7062500368338078 0.1625000024214387 0.15625000232830644
0 0.22031250328291208 0.60312503145542 0.2625000039115548 0.11093750165309757
1 0.6148437591618858 0.2906250151572749 0.3546875052852556 0.3015625044936314
0 0.1773437526426278 0.2583333468064666 0.16093750239815563 0.15937500237487257
0 0.4539062567637302 0.5875000306405127 0.17031250253785402 0.2062500030733645
0 0.2796875041676685 0.7250000378116965 0.15625000232830644 0.15000000223517418
0 0.6710937600000761 0.7614583730464801 0.2015625030035153 0.18593750277068466
0 0.8492187626543455 0.18125000945292413 0.15468750230502337 0.15937500237487257
0 0.3515625052386895 0.16354167519602925 0.15000000223517418 0.1671875024912879
0 0.19218750286381692 0.4958333591930568 0.1843750027474016 0.14375000214204192
0 0.14921875222353265 0.8479167108889669 0.1578125023515895 0.12187500181607902
0 0.9062500135041773 0.7062500368338078 0.1625000024214387 0.15625000232830644
0 0.22031250328291208 0.60312503145542 0.2625000039115548 0.11093750165309757
1 0.6148437591618858 0.2906250151572749 0.3546875052852556 0.3015625044936314
0 0.1773437526426278 0.2583333468064666 0.16093750239815563 0.15937500237487257
0 0.4539062567637302 0.5875000306405127 0.17031250253785402 0.2062500030733645
0 0.2796875041676685 0.7250000378116965 0.15625000232830644 0.15000000223517418
0 0.6710937600000761 0.7614583730464801 0.2015625030035153 0.18593750277068466
0 0.8492187626543455 0.18125000945292413 0.15468750230502337 0.15937500237487257
0 0.3515625052386895 0.16354167519602925 0.15000000223517418 0.1671875024912879
0 0.19218750286381692 0.4958333591930568 0.1843750027474016 0.14375000214204192
0 0.14921875222353265 0.8479167108889669 0.1578125023515895 0.12187500181607902
0 0.9062500135041773 0.7062500368338078 0.1625000024214387 0.15625000232830644
0 0.22031250328291208 0.60312503145542 0.2625000039115548 0.11093750165309757
1 0.6148437591618858 0.2906250151572749 0.3546875052852556 0.3015625044936314
0 0.1773437526426278 0.2583333468064666 0.16093750239815563 0.15937500237487257
0 0.4539062567637302 0.5875000306405127 0.17031250253785402 0.2062500030733645
0 0.2796875041676685 0.7250000378116965 0.15625000232830644 0.15000000223517418
0 0.6710937600000761 0.7614583730464801 0.2015625030035153 0.18593750277068466
0 0.8492187626543455 0.18125000945292413 0.15468750230502337 0.15937500237487257
0 0.3515625052386895 0.16354167519602925 0.15000000223517418 0.1671875024912879
0 0.19218750286381692 0.4958333591930568 0.1843750027474016 0.14375000214204192
0 0.14921875222353265 0.8479167108889669 0.1578125023515895 0.12187500181607902
0 0.9062500135041773 0.7062500368338078 0.1625000024214387 0.15625000232830644
0 0.22031250328291208 0.60312503145542 0.2625000039115548 0.11093750165309757
1 0.6148437591618858 0.2906250151572749 0.3546875052852556 0.3015625044936314
0 0.1773437526426278 0.2583333468064666 0.16093750239815563 0.15937500237487257
0 0.4539062567637302 0.5875000306405127 0.17031250253785402 0.2062500030733645
0 0.2796875041676685 0.7250000378116965 0.15625000232830644 0.15000000223517418
0 0.6710937600000761 0.7614583730464801 0.2015625030035153 0.18593750277068466
0 0.8492187626543455 0.18125000945292413 0.15468750230502337 0.15937500237487257
0 0.3515625052386895 0.16354167519602925 0.15000000223517418 0.1671875024912879
0 0.19218750286381692 0.4958333591930568 0.1843750027474016 0.14375000214204192
0 0.14921875222353265 0.8479167108889669 0.1578125023515895 0.12187500181607902
0 0.9062500135041773 0.7062500368338078 0.1625000024214387 0.15625000232830644
0 0.22031250328291208 0.60312503145542 0.2625000039115548 0.11093750165309757
1 0.6148437591618858 0.2906250151572749 0.3546875052852556 0.3015625044936314
0 0.1773437526426278 0.2583333468064666 0.16093750239815563 0.15937500237487257
0 0.4539062567637302 0.5875000306405127 0.17031250253785402 0.2062500030733645
0 0.2796875041676685 0.7250000378116965 0.15625000232830644 0.15000000223517418
0 0.6710937600000761 0.7614583730464801 0.2015625030035153 0.18593750277068466
0 0.8492187626543455 0.18125000945292413 0.15468750230502337 0.15937500237487257
0 0.3515625052386895 0.16354167519602925 0.15000000223517418 0.1671875024912879
0 0.19218750286381692 0.4958333591930568 0.1843750027474016 0.14375000214204192
0 0.14921875222353265 0.8479167108889669 0.1578125023515895 0.12187500181607902
0 0.9062500135041773 0.7062500368338078 0.1625000024214387 0.15625000232830644
0 0.22031250328291208 0.60312503145542 0.2625000039115548 0.11093750165309757
1 0.6148437591618858 0.2906250151572749 0.3546875052852556 0.3015625044936314
0 0.1773437526426278 0.2583333468064666 0.16093750239815563 0.15937500237487257
0 0.4539062567637302 0.5875000306405127 0.17031250253785402 0.2062500030733645
0 0.2796875041676685 0.7250000378116965 0.15625000232830644 0.15000000223517418
0 0.6710937600000761 0.7614583730464801 0.2015625030035153 0.18593750277068466
0 0.8492187626543455 0.18125000945292413 0.15468750230502337 0.15937500237487257
0 0.3515625052386895 0.16354167519602925 0.15000000223517418 0.1671875024912879
0 0.19218750286381692 0.4958333591930568 0.1843750027474016 0.14375000214204192
0 0.14921875222353265 0.8479167108889669 0.1578125023515895 0.12187500181607902
0 0.9062500135041773 0.7062500368338078 0.1625000024214387 0.15625000232830644
0 0.22031250328291208 0.60312503145542 0.2625000039115548 0.11093750165309757
1 0.6148437591618858 0.2906250151572749 0.3546875052852556 0.3015625044936314
0 0.1773437526426278 0.2583333468064666 0.16093750239815563 0.15937500237487257
0 0.4539062567637302 0.5875000306405127 0.17031250253785402 0.2062500030733645
0 0.2796875041676685 0.7250000378116965 0.15625000232830644 0.15000000223517418
0 0.6710937600000761 0.7614583730464801 0.2015625030035153 0.18593750277068466
0 0.8492187626543455 0.18125000945292413 0.15468750230502337 0.15937500237487257
0 0.3515625052386895 0.16354167519602925 0.15000000223517418 0.1671875024912879
0 0.19218750286381692 0.4958333591930568 0.1843750027474016 0.14375000214204192
0 0.14921875222353265 0.8479167108889669 0.1578125023515895 0.12187500181607902
0 0.9062500135041773 0.7062500368338078 0.1625000024214387 0.15625000232830644
0 0.22031250328291208 0.60312503145542 0.2625000039115548 0.11093750165309757
1 0.6148437591618858 0.2906250151572749 0.3546875052852556 0.3015625044936314
0 0.1773437526426278 0.2583333468064666 0.16093750239815563 0.15937500237487257
0 0.4539062567637302 0.5875000306405127 0.17031250253785402 0.2062500030733645
0 0.2796875041676685 0.7250000378116965 0.15625000232830644 0.15000000223517418
0 0.6710937600000761 0.7614583730464801 0.2015625030035153 0.18593750277068466
0 0.8492187626543455 0.18125000945292413 0.15468750230502337 0.15937500237487257
0 0.3515625052386895 0.16354167519602925 0.15000000223517418 0.1671875024912879
0 0.19218750286381692 0.4958333591930568 0.1843750027474016 0.14375000214204192
0 0.14921875222353265 0.8479167108889669 0.1578125023515895 0.12187500181607902
0 0.9062500135041773 0.7062500368338078 0.1625000024214387 0.15625000232830644
0 0.22031250328291208 0.60312503145542 0.2625000039115548 0.11093750165309757
1 0.6148437591618858 0.2906250151572749 0.3546875052852556 0.3015625044936314
0 0.1773437526426278 0.2583333468064666 0.16093750239815563 0.15937500237487257
0 0.4539062567637302 0.5875000306405127 0.17031250253785402 0.2062500030733645
0 0.2796875041676685 0.7250000378116965 0.15625000232830644 0.15000000223517418
0 0.6710937600000761 0.7614583730464801 0.2015625030035153 0.18593750277068466
0 0.8492187626543455 0.18125000945292413 0.15468750230502337 0.15937500237487257
0 0.3515625052386895 0.16354167519602925 0.15000000223517418 0.1671875024912879
0 0.19218750286381692 0.4958333591930568 0.1843750027474016 0.14375000214204192
0 0.14921875222353265 0.8479167108889669 0.1578125023515895 0.12187500181607902
0 0.9062500135041773 0.7062500368338078 0.1625000024214387 0.15625000232830644
0 0.22031250328291208 0.60312503145542 0.2625000039115548 0.11093750165309757
1 0.6148437591618858 0.2906250151572749 0.3546875052852556 0.3015625044936314
0 0.1773437526426278 0.2583333468064666 0.16093750239815563 0.15937500237487257
0 0.4539062567637302 0.5875000306405127 0.17031250253785402 0.2062500030733645
0 0.2796875041676685 0.7250000378116965 0.15625000232830644 0.15000000223517418
0 0.6710937600000761 0.7614583730464801 0.2015625030035153 0.18593750277068466
0 0.8492187626543455 0.18125000945292413 0.15468750230502337 0.15937500237487257
0 0.3515625052386895 0.16354167519602925 0.15000000223517418 0.1671875024912879
0 0.19218750286381692 0.4958333591930568 0.1843750027474016 0.14375000214204192
0 0.14921875222353265 0.8479167108889669 0.1578125023515895 0.12187500181607902
0 0.9062500135041773 0.7062500368338078 0.1625000024214387 0.15625000232830644
0 0.22031250328291208 0.60312503145542 0.2625000039115548 0.11093750165309757
1 0.6148437591618858 0.2906250151572749 0.3546875052852556 0.3015625044936314
0 0.1773437526426278 0.2583333468064666 0.16093750239815563 0.15937500237487257
0 0.4539062567637302 0.5875000306405127 0.17031250253785402 0.2062500030733645
0 0.2796875041676685 0.7250000378116965 0.15625000232830644 0.15000000223517418
0 0.6710937600000761 0.7614583730464801 0.2015625030035153 0.18593750277068466
0 0.8492187626543455 0.18125000945292413 0.15468750230502337 0.15937500237487257
0 0.3515625052386895 0.16354167519602925 0.15000000223517418 0.1671875024912879
0 0.19218750286381692 0.4958333591930568 0.1843750027474016 0.14375000214204192
0 0.14921875222353265 0.8479167108889669 0.1578125023515895 0.12187500181607902
0 0.9062500135041773 0.7062500368338078 0.1625000024214387 0.15625000232830644
0 0.22031250328291208 0.60312503145542 0.2625000039115548 0.11093750165309757
1 0.6148437591618858 0.2906250151572749 0.3546875052852556 0.3015625044936314
0 0.17734375596046448 0.25833335518836975 0.16093750298023224 0.15937499701976776
0 0.45390626788139343 0.5875000357627869 0.17031250894069672 0.20624999701976776
0 0.2796874940395355 0.7250000238418579 0.15625 0.15000000596046448
0 0.671093761920929 0.7614583969116211 0.20156250894069672 0.18593750894069672
0 0.8492187857627869 0.18125000596046448 0.15468750894069672 0.15937499701976776
0 0.3515625 0.16354167461395264 0.15000000596046448 0.16718749701976776
0 0.19218750298023224 0.4958333671092987 0.18437500298023224 0.14374999701976776
0 0.14921875298023224 0.8479167222976685 0.15781250596046448 0.12187500298023224
0 0.90625 0.706250011920929 0.16250000894069672 0.15625
0 0.22031250596046448 0.6031250357627869 0.26250001788139343 0.11093749850988388
1 0.6148437857627869 0.2906250059604645 0.35468751192092896 0.30156251788139343
0 0.17734375596046448 0.25833335518836975 0.16093750298023224 0.15937499701976776
0 0.45390626788139343 0.5875000357627869 0.17031250894069672 0.20624999701976776
0 0.2796874940395355 0.7250000238418579 0.15625 0.15000000596046448
0 0.671093761920929 0.7614583969116211 0.20156250894069672 0.18593750894069672
0 0.8492187857627869 0.18125000596046448 0.15468750894069672 0.15937499701976776
0 0.3515625 0.16354167461395264 0.15000000596046448 0.16718749701976776
0 0.19218750298023224 0.4958333671092987 0.18437500298023224 0.14374999701976776
0 0.14921875298023224 0.8479167222976685 0.15781250596046448 0.12187500298023224
0 0.90625 0.706250011920929 0.16250000894069672 0.15625
0 0.22031250596046448 0.6031250357627869 0.26250001788139343 0.11093749850988388
1 0.6148437857627869 0.2906250059604645 0.35468751192092896 0.30156251788139343
0 0.17734375596046448 0.25833335518836975 0.16093750298023224 0.15937499701976776
0 0.45390626788139343 0.5875000357627869 0.17031250894069672 0.20624999701976776
0 0.2796874940395355 0.7250000238418579 0.15625 0.15000000596046448
0 0.671093761920929 0.7614583969116211 0.20156250894069672 0.18593750894069672
0 0.8492187857627869 0.18125000596046448 0.15468750894069672 0.15937499701976776
0 0.3515625 0.16354167461395264 0.15000000596046448 0.16718749701976776
0 0.19218750298023224 0.4958333671092987 0.18437500298023224 0.14374999701976776
0 0.14921875298023224 0.8479167222976685 0.15781250596046448 0.12187500298023224
0 0.90625 0.706250011920929 0.16250000894069672 0.15625
0 0.22031250596046448 0.6031250357627869 0.26250001788139343 0.11093749850988388
1 0.6148437857627869 0.2906250059604645 0.35468751192092896 0.30156251788139343
0 0.17734375596046448 0.25833335518836975 0.16093750298023224 0.15937499701976776
0 0.45390626788139343 0.5875000357627869 0.17031250894069672 0.20624999701976776
0 0.2796874940395355 0.7250000238418579 0.15625 0.15000000596046448
0 0.671093761920929 0.7614583969116211 0.20156250894069672 0.18593750894069672
0 0.8492187857627869 0.18125000596046448 0.15468750894069672 0.15937499701976776
0 0.3515625 0.16354167461395264 0.15000000596046448 0.16718749701976776
0 0.19218750298023224 0.4958333671092987 0.18437500298023224 0.14374999701976776
0 0.14921875298023224 0.8479167222976685 0.15781250596046448 0.12187500298023224
0 0.90625 0.706250011920929 0.16250000894069672 0.15625
0 0.22031250596046448 0.6031250357627869 0.26250001788139343 0.11093749850988388
1 0.6148437857627869 0.2906250059604645 0.35468751192092896 0.30156251788139343
0 0.17734375596046448 0.25833335518836975 0.16093750298023224 0.15937499701976776
0 0.45390626788139343 0.5875000357627869 0.17031250894069672 0.20624999701976776
0 0.2796874940395355 0.7250000238418579 0.15625 0.15000000596046448
0 0.671093761920929 0.7614583969116211 0.20156250894069672 0.18593750894069672
0 0.8492187857627869 0.18125000596046448 0.15468750894069672 0.15937499701976776
0 0.3515625 0.16354167461395264 0.15000000596046448 0.16718749701976776
0 0.19218750298023224 0.4958333671092987 0.18437500298023224 0.14374999701976776
0 0.14921875298023224 0.8479167222976685 0.15781250596046448 0.12187500298023224
0 0.90625 0.706250011920929 0.16250000894069672 0.15625
0 0.22031250596046448 0.6031250357627869 0.26250001788139343 0.11093749850988388
1 0.6148437857627869 0.2906250059604645 0.35468751192092896 0.30156251788139343
0 0.17734375596046448 0.25833335518836975 0.16093750298023224 0.15937499701976776
0 0.45390626788139343 0.5875000357627869 0.17031250894069672 0.20624999701976776
0 0.2796874940395355 0.7250000238418579 0.15625 0.15000000596046448
0 0.671093761920929 0.7614583969116211 0.20156250894069672 0.18593750894069672
0 0.8492187857627869 0.18125000596046448 0.15468750894069672 0.15937499701976776
0 0.3515625 0.16354167461395264 0.15000000596046448 0.16718749701976776
0 0.19218750298023224 0.4958333671092987 0.18437500298023224 0.14374999701976776
0 0.14921875298023224 0.8479167222976685 0.15781250596046448 0.12187500298023224
0 0.90625 0.706250011920929 0.16250000894069672 0.15625
0 0.22031250596046448 0.6031250357627869 0.26250001788139343 0.11093749850988388
1 0.6148437857627869 0.2906250059604645 0.35468751192092896 0.30156251788139343
0 0.17734375596046448 0.25833335518836975 0.16093750298023224 0.15937499701976776
0 0.45390626788139343 0.5875000357627869 0.17031250894069672 0.20624999701976776
0 0.2796874940395355 0.7250000238418579 0.15625 0.15000000596046448
0 0.671093761920929 0.7614583969116211 0.20156250894069672 0.18593750894069672
0 0.8492187857627869 0.18125000596046448 0.15468750894069672 0.15937499701976776
0 0.3515625 0.16354167461395264 0.15000000596046448 0.16718749701976776
0 0.19218750298023224 0.4958333671092987 0.18437500298023224 0.14374999701976776
0 0.14921875298023224 0.8479167222976685 0.15781250596046448 0.12187500298023224
0 0.90625 0.706250011920929 0.16250000894069672 0.15625
0 0.22031250596046448 0.6031250357627869 0.26250001788139343 0.11093749850988388
1 0.6148437857627869 0.2906250059604645 0.35468751192092896 0.30156251788139343
