1 0.22890625341096893 0.34791668481193483 0.22031250328291208 0.19062500284053385
1 0.8882812632364221 0.8166667092591524 0.22031250328291208 0.27500000409781933
1 0.3031250045169145 0.19895834370981902 0.05312500079162419 0.06093750090803951
1 0.12187500181607902 0.9593750500353053 0.05312500079162419 0.06093750090803951
0 0.12578125187428668 0.7895833745133132 0.19843750295694917 0.1531250022817403
0 0.2664062539697625 0.8208333761431277 0.19843750295694917 0.1531250022817403
0 0.23359375348081812 0.5666666962206364 0.19843750295694917 0.1531250022817403
0 0.14765625220024958 0.5354166945908219 0.19843750295694917 0.1531250022817403
0 0.6726562600233592 0.6979167030658573 0.19843750295694917 0.1531250022817403
0 0.6398437595344149 0.46666669100522995 0.19843750295694917 0.1531250022817403
0 0.5617187583702616 0.1979166769888252 0.19843750295694917 0.1531250022817403
0 0.7250000108033419 0.2833333481103182 0.14687500218860805 0.1625000024214387
0 0.07968750118743628 0.10937500570435077 0.14687500218860805 0.16093750239815563
0 0.06093750090803951 0.3093750161351636 0.11875000176951289 0.16093750239815563
0 0.9406250140164047 0.22500001173466444 0.11875000176951289 0.1843750027474016
0 0.8828125131549314 0.38645835348870605 0.18125000270083547 0.18593750277068466
1 0.22890625341096893 0.34791668481193483 0.22031250328291208 0.19062500284053385
1 0.8882812632364221 0.8166667092591524 0.22031250328291208 0.27500000409781933
1 0.3031250045169145 0.19895834370981902 0.05312500079162419 0.06093750090803951
1 0.12187500181607902 0.9593750500353053 0.05312500079162419 0.06093750090803951
0 0.12578125187428668 0.7895833745133132 0.19843750295694917 0.1531250022817403
0 0.2664062539697625 0.8208333761431277 0.19843750295694917 0.1531250022817403
0 0.23359375348081812 0.5666666962206364 0.19843750295694917 0.1531250022817403
0 0.14765625220024958 0.5354166945908219 0.19843750295694917 0.1531250022817403
0 0.6726562600233592 0.6979167030658573 0.19843750295694917 0.1531250022817403
0 0.6398437595344149 0.46666669100522995 0.19843750295694917 0.1531250022817403
0 0.5617187583702616 0.1979166769888252 0.19843750295694917 0.1531250022817403
0 0.7250000108033419 0.2833333481103182 0.14687500218860805 0.1625000024214387
0 0.07968750118743628 0.10937500570435077 0.14687500218860805 0.16093750239815563
0 0.06093750090803951 0.3093750161351636 0.11875000176951289 0.16093750239815563
0 0.9406250140164047 0.22500001173466444 0.11875000176951289 0.1843750027474016
0 0.8828125131549314 0.38645835348870605 0.18125000270083547 0.18593750277068466
1 0.22890625341096893 0.34791668481193483 0.22031250328291208 0.19062500284053385
1 0.8882812632364221 0.8166667092591524 0.22031250328291208 0.27500000409781933
1 0.3031250045169145 0.19895834370981902 0.05312500079162419 0.06093750090803951
1 0.12187500181607902 0.9593750500353053 0.05312500079162419 0.06093750090803951
0 0.12578125187428668 0.7895833745133132 0.19843750295694917 0.1531250022817403
0 0.2664062539697625 0.8208333761431277 0.19843750295694917 0.1531250022817403
0 0.23359375348081812 0.5666666962206364 0.19843750295694917 0.1531250022817403
0 0.14765625220024958 0.5354166945908219 0.19843750295694917 0.1531250022817403
0 0.6726562600233592 0.6979167030658573 0.19843750295694917 0.1531250022817403
0 0.6398437595344149 0.46666669100522995 0.19843750295694917 0.1531250022817403
0 0.5617187583702616 0.1979166769888252 0.19843750295694917 0.1531250022817403
0 0.7250000108033419 0.2833333481103182 0.14687500218860805 0.1625000024214387
0 0.07968750118743628 0.10937500570435077 0.14687500218860805 0.16093750239815563
0 0.06093750090803951 0.3093750161351636 0.11875000176951289 0.16093750239815563
0 0.9406250140164047 0.22500001173466444 0.11875000176951289 0.1843750027474016
0 0.8828125131549314 0.38645835348870605 0.18125000270083547 0.18593750277068466
1 0.22890625341096893 0.34791668481193483 0.22031250328291208 0.19062500284053385
1 0.8882812632364221 0.8166667092591524 0.22031250328291208 0.27500000409781933
1 0.3031250045169145 0.19895834370981902 0.05312500079162419 0.06093750090803951
1 0.12187500181607902 0.9593750500353053 0.05312500079162419 0.06093750090803951
0 0.12578125187428668 0.7895833745133132 0.19843750295694917 0.1531250022817403
0 0.2664062539697625 0.8208333761431277 0.19843750295694917 0.1531250022817403
0 0.23359375348081812 0.5666666962206364 0.19843750295694917 0.1531250022817403
0 0.14765625220024958 0.5354166945908219 0.19843750295694917 0.1531250022817403
0 0.6726562600233592 0.6979167030658573 0.19843750295694917 0.1531250022817403
0 0.6398437595344149 0.46666669100522995 0.19843750295694917 0.1531250022817403
0 0.5617187583702616 0.1979166769888252 0.19843750295694917 0.1531250022817403
0 0.7250000108033419 0.2833333481103182 0.14687500218860805 0.1625000024214387
0 0.07968750118743628 0.10937500570435077 0.14687500218860805 0.16093750239815563
0 0.06093750090803951 0.3093750161351636 0.11875000176951289 0.16093750239815563
0 0.9406250140164047 0.22500001173466444 0.11875000176951289 0.1843750027474016
0 0.8828125131549314 0.38645835348870605 0.18125000270083547 0.18593750277068466
1 0.22890625341096893 0.34791668481193483 0.22031250328291208 0.19062500284053385
1 0.8882812632364221 0.8166667092591524 0.22031250328291208 0.27500000409781933
1 0.3031250045169145 0.19895834370981902 0.05312500079162419 0.06093750090803951
1 0.12187500181607902 0.9593750500353053 0.05312500079162419 0.06093750090803951
0 0.12578125187428668 0.7895833745133132 0.19843750295694917 0.1531250022817403
0 0.2664062539697625 0.8208333761431277 0.19843750295694917 0.1531250022817403
0 0.23359375348081812 0.5666666962206364 0.19843750295694917 0.1531250022817403
0 0.14765625220024958 0.5354166945908219 0.19843750295694917 0.1531250022817403
0 0.6726562600233592 0.6979167030658573 0.19843750295694917 0.1531250022817403
0 0.6398437595344149 0.46666669100522995 0.19843750295694917 0.1531250022817403
0 0.5617187583702616 0.1979166769888252 0.19843750295694917 0.1531250022817403
0 0.7250000108033419 0.2833333481103182 0.14687500218860805 0.1625000024214387
0 0.07968750118743628 0.10937500570435077 0.14687500218860805 0.16093750239815563
0 0.06093750090803951 0.3093750161351636 0.11875000176951289 0.16093750239815563
0 0.9406250140164047 0.22500001173466444 0.11875000176951289 0.1843750027474016
0 0.8828125131549314 0.38645835348870605 0.18125000270083547 0.18593750277068466
1 0.22890625341096893 0.34791668481193483 0.22031250328291208 0.19062500284053385
1 0.8882812632364221 0.8166667092591524 0.22031250328291208 0.27500000409781933
1 0.3031250045169145 0.19895834370981902 0.05312500079162419 0.06093750090803951
1 0.12187500181607902 0.9593750500353053 0.05312500079162419 0.06093750090803951
0 0.12578125187428668 0.7895833745133132 0.19843750295694917 0.1531250022817403
0 0.2664062539697625 0.8208333761431277 0.19843750295694917 0.1531250022817403
0 0.23359375348081812 0.5666666962206364 0.19843750295694917 0.1531250022817403
0 0.14765625220024958 0.5354166945908219 0.19843750295694917 0.1531250022817403
0 0.6726562600233592 0.6979167030658573 0.19843750295694917 0.1531250022817403
0 0.6398437595344149 0.46666669100522995 0.19843750295694917 0.1531250022817403
0 0.5617187583702616 0.1979166769888252 0.19843750295694917 0.1531250022817403
0 0.7250000108033419 0.2833333481103182 0.14687500218860805 0.1625000024214387
0 0.07968750118743628 0.10937500570435077 0.14687500218860805 0.16093750239815563
0 0.06093750090803951 0.3093750161351636 0.11875000176951289 0.16093750239815563
0 0.9406250140164047 0.22500001173466444 0.11875000176951289 0.1843750027474016
0 0.8828125131549314 0.38645835348870605 0.18125000270083547 0.18593750277068466
1 0.22890625341096893 0.34791668481193483 0.22031250328291208 0.19062500284053385
1 0.8882812632364221 0.8166667092591524 0.22031250328291208 0.27500000409781933
1 0.3031250045169145 0.19895834370981902 0.05312500079162419 0.06093750090803951
1 0.12187500181607902 0.9593750500353053 0.05312500079162419 0.06093750090803951
0 0.12578125187428668 0.7895833745133132 0.19843750295694917 0.1531250022817403
0 0.2664062539697625 0.8208333761431277 0.19843750295694917 0.1531250022817403
0 0.23359375348081812 0.5666666962206364 0.19843750295694917 0.1531250022817403
0 0.14765625220024958 0.5354166945908219 0.19843750295694917 0.1531250022817403
0 0.6726562600233592 0.6979167030658573 0.19843750295694917 0.1531250022817403
0 0.6398437595344149 0.46666669100522995 0.19843750295694917 0.1531250022817403
0 0.5617187583702616 0.1979166769888252 0.19843750295694917 0.1531250022817403
0 0.7250000108033419 0.2833333481103182 0.14687500218860805 0.1625000024214387
0 0.07968750118743628 0.10937500570435077 0.14687500218860805 0.16093750239815563
0 0.06093750090803951 0.3093750161351636 0.11875000176951289 0.16093750239815563
0 0.9406250140164047 0.22500001173466444 0.11875000176951289 0.1843750027474016
0 0.8828125131549314 0.38645835348870605 0.18125000270083547 0.18593750277068466
1 0.22890625341096893 0.34791668481193483 0.22031250328291208 0.19062500284053385
1 0.8882812632364221 0.8166667092591524 0.22031250328291208 0.27500000409781933
1 0.3031250045169145 0.19895834370981902 0.05312500079162419 0.06093750090803951
1 0.12187500181607902 0.9593750500353053 0.05312500079162419 0.06093750090803951
0 0.12578125187428668 0.7895833745133132 0.19843750295694917 0.1531250022817403
0 0.2664062539697625 0.8208333761431277 0.19843750295694917 0.1531250022817403
0 0.23359375348081812 0.5666666962206364 0.19843750295694917 0.1531250022817403
0 0.14765625220024958 0.5354166945908219 0.19843750295694917 0.1531250022817403
0 0.6726562600233592 0.6979167030658573 0.19843750295694917 0.1531250022817403
0 0.6398437595344149 0.46666669100522995 0.19843750295694917 0.1531250022817403
0 0.5617187583702616 0.1979166769888252 0.19843750295694917 0.1531250022817403
0 0.7250000108033419 0.2833333481103182 0.14687500218860805 0.1625000024214387
0 0.07968750118743628 0.10937500570435077 0.14687500218860805 0.16093750239815563
0 0.06093750090803951 0.3093750161351636 0.11875000176951289 0.16093750239815563
0 0.9406250140164047 0.22500001173466444 0.11875000176951289 0.1843750027474016
0 0.8828125131549314 0.38645835348870605 0.18125000270083547 0.18593750277068466
1 0.22890625341096893 0.34791668481193483 0.22031250328291208 0.19062500284053385
1 0.8882812632364221 0.8166667092591524 0.22031250328291208 0.27500000409781933
1 0.3031250045169145 0.19895834370981902 0.05312500079162419 0.06093750090803951
1 0.12187500181607902 0.9593750500353053 0.05312500079162419 0.06093750090803951
0 0.12578125187428668 0.7895833745133132 0.19843750295694917 0.1531250022817403
0 0.2664062539697625 0.8208333761431277 0.19843750295694917 0.1531250022817403
0 0.23359375348081812 0.5666666962206364 0.19843750295694917 0.1531250022817403
0 0.14765625220024958 0.5354166945908219 0.19843750295694917 0.1531250022817403
0 0.6726562600233592 0.6979167030658573 0.19843750295694917 0.1531250022817403
0 0.6398437595344149 0.46666669100522995 0.19843750295694917 0.1531250022817403
0 0.5617187583702616 0.1979166769888252 0.19843750295694917 0.1531250022817403
0 0.7250000108033419 0.2833333481103182 0.14687500218860805 0.1625000024214387
0 0.07968750118743628 0.10937500570435077 0.14687500218860805 0.16093750239815563
0 0.06093750090803951 0.3093750161351636 0.11875000176951289 0.16093750239815563
0 0.9406250140164047 0.22500001173466444 0.11875000176951289 0.1843750027474016
0 0.8828125131549314 0.38645835348870605 0.18125000270083547 0.18593750277068466
1 0.22890625341096893 0.34791668481193483 0.22031250328291208 0.19062500284053385
1 0.8882812632364221 0.8166667092591524 0.22031250328291208 0.27500000409781933
1 0.3031250045169145 0.19895834370981902 0.05312500079162419 0.06093750090803951
1 0.12187500181607902 0.9593750500353053 0.05312500079162419 0.06093750090803951
0 0.12578125187428668 0.7895833745133132 0.19843750295694917 0.1531250022817403
0 0.2664062539697625 0.8208333761431277 0.19843750295694917 0.1531250022817403
0 0.23359375348081812 0.5666666962206364 0.19843750295694917 0.1531250022817403
0 0.14765625220024958 0.5354166945908219 0.19843750295694917 0.1531250022817403
0 0.6726562600233592 0.6979167030658573 0.19843750295694917 0.1531250022817403
0 0.6398437595344149 0.46666669100522995 0.19843750295694917 0.1531250022817403
0 0.5617187583702616 0.1979166769888252 0.19843750295694917 0.1531250022817403
0 0.7250000108033419 0.2833333481103182 0.14687500218860805 0.1625000024214387
0 0.07968750118743628 0.10937500570435077 0.14687500218860805 0.16093750239815563
0 0.06093750090803951 0.3093750161351636 0.11875000176951289 0.16093750239815563
0 0.9406250140164047 0.22500001173466444 0.11875000176951289 0.1843750027474016
0 0.8828125131549314 0.38645835348870605 0.18125000270083547 0.18593750277068466
1 0.22890625341096893 0.34791668481193483 0.22031250328291208 0.19062500284053385
1 0.8882812632364221 0.8166667092591524 0.22031250328291208 0.27500000409781933
1 0.3031250045169145 0.19895834370981902 0.05312500079162419 0.06093750090803951
1 0.12187500181607902 0.9593750500353053 0.05312500079162419 0.06093750090803951
0 0.12578125187428668 0.7895833745133132 0.19843750295694917 0.1531250022817403
0 0.2664062539697625 0.8208333761431277 0.19843750295694917 0.1531250022817403
0 0.23359375348081812 0.5666666962206364 0.19843750295694917 0.1531250022817403
0 0.14765625220024958 0.5354166945908219 0.19843750295694917 0.1531250022817403
0 0.6726562600233592 0.6979167030658573 0.19843750295694917 0.1531250022817403
0 0.6398437595344149 0.46666669100522995 0.19843750295694917 0.1531250022817403
0 0.5617187583702616 0.1979166769888252 0.19843750295694917 0.1531250022817403
0 0.7250000108033419 0.2833333481103182 0.14687500218860805 0.1625000024214387
0 0.07968750118743628 0.10937500570435077 0.14687500218860805 0.16093750239815563
0 0.06093750090803951 0.3093750161351636 0.11875000176951289 0.16093750239815563
0 0.9406250140164047 0.22500001173466444 0.11875000176951289 0.1843750027474016
0 0.8828125131549314 0.38645835348870605 0.18125000270083547 0.18593750277068466
1 0.22890625341096893 0.34791668481193483 0.22031250328291208 0.19062500284053385
1 0.8882812632364221 0.8166667092591524 0.22031250328291208 0.27500000409781933
1 0.3031250045169145 0.19895834370981902 0.05312500079162419 0.06093750090803951
1 0.12187500181607902 0.9593750500353053 0.05312500079162419 0.06093750090803951
0 0.12578125187428668 0.7895833745133132 0.19843750295694917 0.1531250022817403
0 0.2664062539697625 0.8208333761431277 0.19843750295694917 0.1531250022817403
0 0.23359375348081812 0.5666666962206364 0.19843750295694917 0.1531250022817403
0 0.14765625220024958 0.5354166945908219 0.19843750295694917 0.1531250022817403
0 0.6726562600233592 0.6979167030658573 0.19843750295694917 0.1531250022817403
0 0.6398437595344149 0.46666669100522995 0.19843750295694917 0.1531250022817403
0 0.5617187583702616 0.1979166769888252 0.19843750295694917 0.1531250022817403
0 0.7250000108033419 0.2833333481103182 0.14687500218860805 0.1625000024214387
0 0.07968750118743628 0.10937500570435077 0.14687500218860805 0.16093750239815563
0 0.06093750090803951 0.3093750161351636 0.11875000176951289 0.16093750239815563
0 0.9406250140164047 0.22500001173466444 0.11875000176951289 0.1843750027474016
0 0.8828125131549314 0.38645835348870605 0.18125000270083547 0.18593750277068466
1 0.22890625341096893 0.34791668481193483 0.22031250328291208 0.19062500284053385
1 0.8882812632364221 0.8166667092591524 0.22031250328291208 0.27500000409781933
1 0.3031250045169145 0.19895834370981902 0.05312500079162419 0.06093750090803951
1 0.12187500181607902 0.9593750500353053 0.05312500079162419 0.06093750090803951
0 0.12578125187428668 0.7895833745133132 0.19843750295694917 0.1531250022817403
0 0.2664062539697625 0.8208333761431277 0.19843750295694917 0.1531250022817403
0 0.23359375348081812 0.5666666962206364 0.19843750295694917 0.1531250022817403
0 0.14765625220024958 0.5354166945908219 0.19843750295694917 0.1531250022817403
0 0.6726562600233592 0.6979167030658573 0.19843750295694917 0.1531250022817403
0 0.6398437595344149 0.46666669100522995 0.19843750295694917 0.1531250022817403
0 0.5617187583702616 0.1979166769888252 0.19843750295694917 0.1531250022817403
0 0.7250000108033419 0.2833333481103182 0.14687500218860805 0.1625000024214387
0 0.07968750118743628 0.10937500570435077 0.14687500218860805 0.16093750239815563
0 0.06093750090803951 0.3093750161351636 0.11875000176951289 0.16093750239815563
0 0.9406250140164047 0.22500001173466444 0.11875000176951289 0.1843750027474016
0 0.8828125131549314 0.38645835348870605 0.18125000270083547 0.18593750277068466
1 0.22890625341096893 0.34791668481193483 0.22031250328291208 0.19062500284053385
1 0.8882812632364221 0.8166667092591524 0.22031250328291208 0.27500000409781933
2 0.3031250045169145 0.19895834370981902 0.05312500079162419 0.06093750090803951
2 0.12187500181607902 0.9593750500353053 0.05312500079162419 0.06093750090803951
0 0.12578125187428668 0.7895833745133132 0.19843750295694917 0.1531250022817403
0 0.2664062539697625 0.8208333761431277 0.19843750295694917 0.1531250022817403
0 0.23359375348081812 0.5666666962206364 0.19843750295694917 0.1531250022817403
0 0.14765625220024958 0.5354166945908219 0.19843750295694917 0.1531250022817403
0 0.6726562600233592 0.6979167030658573 0.19843750295694917 0.1531250022817403
0 0.6398437595344149 0.46666669100522995 0.19843750295694917 0.1531250022817403
0 0.5617187583702616 0.1979166769888252 0.19843750295694917 0.1531250022817403
0 0.7250000108033419 0.2833333481103182 0.14687500218860805 0.1625000024214387
0 0.07968750118743628 0.10937500570435077 0.14687500218860805 0.16093750239815563
0 0.06093750090803951 0.3093750161351636 0.11875000176951289 0.16093750239815563
0 0.9406250140164047 0.22500001173466444 0.11875000176951289 0.1843750027474016
0 0.8828125131549314 0.38645835348870605 0.18125000270083547 0.18593750277068466
1 0.22890625341096893 0.34791668481193483 0.22031250328291208 0.19062500284053385
1 0.8882812632364221 0.8166667092591524 0.22031250328291208 0.27500000409781933
2 0.3031250045169145 0.19895834370981902 0.05312500079162419 0.06093750090803951
2 0.12187500181607902 0.9593750500353053 0.05312500079162419 0.06093750090803951
0 0.12578125187428668 0.7895833745133132 0.19843750295694917 0.1531250022817403
0 0.2664062539697625 0.8208333761431277 0.19843750295694917 0.1531250022817403
0 0.23359375348081812 0.5666666962206364 0.19843750295694917 0.1531250022817403
0 0.14765625220024958 0.5354166945908219 0.19843750295694917 0.1531250022817403
0 0.6726562600233592 0.6979167030658573 0.19843750295694917 0.1531250022817403
0 0.6398437595344149 0.46666669100522995 0.19843750295694917 0.1531250022817403
0 0.5617187583702616 0.1979166769888252 0.19843750295694917 0.1531250022817403
0 0.7250000108033419 0.2833333481103182 0.14687500218860805 0.1625000024214387
0 0.07968750118743628 0.10937500570435077 0.14687500218860805 0.16093750239815563
0 0.06093750090803951 0.3093750161351636 0.11875000176951289 0.16093750239815563
0 0.9406250140164047 0.22500001173466444 0.11875000176951289 0.1843750027474016
0 0.8828125131549314 0.38645835348870605 0.18125000270083547 0.18593750277068466
1 0.22890625894069672 0.34791669249534607 0.22031250596046448 0.19062499701976776
1 0.8882812857627869 0.8166667222976685 0.22031250596046448 0.2750000059604645
2 0.3031249940395355 0.19895833730697632 0.05312500149011612 0.06093750149011612
2 0.12187500298023224 0.9593750238418579 0.05312500149011612 0.06093750149011612
0 0.12578125298023224 0.7895833849906921 0.19843749701976776 0.15312500298023224
0 0.26640626788139343 0.8208333849906921 0.19843749701976776 0.15312500298023224
0 0.23359374701976776 0.5666667222976685 0.19843749701976776 0.15312500298023224
0 0.14765624701976776 0.5354167222976685 0.19843749701976776 0.15312500298023224
0 0.672656238079071 0.6979166865348816 0.19843749701976776 0.15312500298023224
0 0.639843761920929 0.46666669845581055 0.19843749701976776 0.15312500298023224
0 0.561718761920929 0.1979166716337204 0.19843749701976776 0.15312500298023224
0 0.7250000238418579 0.28333336114883423 0.14687500894069672 0.16250000894069672
0 0.07968749850988388 0.1093750074505806 0.14687500894069672 0.16093750298023224
0 0.06093750149011612 0.30937501788139343 0.11874999850988388 0.16093750298023224
0 0.940625011920929 0.22500000894069672 0.11874999850988388 0.18437500298023224
0 0.8828125 0.3864583671092987 0.18125000596046448 0.18593750894069672
1 0.22890625894069672 0.34791669249534607 0.22031250596046448 0.19062499701976776
1 0.8882812857627869 0.8166667222976685 0.22031250596046448 0.2750000059604645
2 0.3031249940395355 0.19895833730697632 0.05312500149011612 0.06093750149011612
2 0.12187500298023224 0.9593750238418579 0.05312500149011612 0.06093750149011612
0 0.12578125298023224 0.7895833849906921 0.19843749701976776 0.15312500298023224
0 0.26640626788139343 0.8208333849906921 0.19843749701976776 0.15312500298023224
0 0.23359374701976776 0.5666667222976685 0.19843749701976776 0.15312500298023224
0 0.14765624701976776 0.5354167222976685 0.19843749701976776 0.15312500298023224
0 0.672656238079071 0.6979166865348816 0.19843749701976776 0.15312500298023224
0 0.639843761920929 0.46666669845581055 0.19843749701976776 0.15312500298023224
0 0.561718761920929 0.1979166716337204 0.19843749701976776 0.15312500298023224
0 0.7250000238418579 0.28333336114883423 0.14687500894069672 0.16250000894069672
0 0.07968749850988388 0.1093750074505806 0.14687500894069672 0.16093750298023224
0 0.06093750149011612 0.30937501788139343 0.11874999850988388 0.16093750298023224
0 0.940625011920929 0.22500000894069672 0.11874999850988388 0.18437500298023224
0 0.8828125 0.3864583671092987 0.18125000596046448 0.18593750894069672
1 0.22890625894069672 0.34791669249534607 0.22031250596046448 0.19062499701976776
1 0.8882812857627869 0.8166667222976685 0.22031250596046448 0.2750000059604645
2 0.3031249940395355 0.19895833730697632 0.05312500149011612 0.06093750149011612
2 0.12187500298023224 0.9593750238418579 0.05312500149011612 0.06093750149011612
0 0.12578125298023224 0.7895833849906921 0.19843749701976776 0.15312500298023224
0 0.26640626788139343 0.8208333849906921 0.19843749701976776 0.15312500298023224
0 0.23359374701976776 0.5666667222976685 0.19843749701976776 0.15312500298023224
0 0.14765624701976776 0.5354167222976685 0.19843749701976776 0.15312500298023224
0 0.672656238079071 0.6979166865348816 0.19843749701976776 0.15312500298023224
0 0.639843761920929 0.46666669845581055 0.19843749701976776 0.15312500298023224
0 0.561718761920929 0.1979166716337204 0.19843749701976776 0.15312500298023224
0 0.7250000238418579 0.28333336114883423 0.14687500894069672 0.16250000894069672
0 0.07968749850988388 0.1093750074505806 0.14687500894069672 0.16093750298023224
0 0.06093750149011612 0.30937501788139343 0.11874999850988388 0.16093750298023224
0 0.940625011920929 0.22500000894069672 0.11874999850988388 0.18437500298023224
0 0.8828125 0.3864583671092987 0.18125000596046448 0.18593750894069672
1 0.22890625894069672 0.34791669249534607 0.22031250596046448 0.19062499701976776
1 0.8882812857627869 0.8166667222976685 0.22031250596046448 0.2750000059604645
2 0.3031249940395355 0.19895833730697632 0.05312500149011612 0.06093750149011612
2 0.12187500298023224 0.9593750238418579 0.05312500149011612 0.06093750149011612
0 0.12578125298023224 0.7895833849906921 0.19843749701976776 0.15312500298023224
0 0.26640626788139343 0.8208333849906921 0.19843749701976776 0.15312500298023224
0 0.23359374701976776 0.5666667222976685 0.19843749701976776 0.15312500298023224
0 0.14765624701976776 0.5354167222976685 0.19843749701976776 0.15312500298023224
0 0.672656238079071 0.6979166865348816 0.19843749701976776 0.15312500298023224
0 0.639843761920929 0.46666669845581055 0.19843749701976776 0.15312500298023224
0 0.561718761920929 0.1979166716337204 0.19843749701976776 0.15312500298023224
0 0.7250000238418579 0.28333336114883423 0.14687500894069672 0.16250000894069672
0 0.07968749850988388 0.1093750074505806 0.14687500894069672 0.16093750298023224
0 0.06093750149011612 0.30937501788139343 0.11874999850988388 0.16093750298023224
0 0.940625011920929 0.22500000894069672 0.11874999850988388 0.18437500298023224
0 0.8828125 0.3864583671092987 0.18125000596046448 0.18593750894069672
1 0.22890625894069672 0.34791669249534607 0.22031250596046448 0.19062499701976776
1 0.8882812857627869 0.8166667222976685 0.22031250596046448 0.2750000059604645
2 0.3031249940395355 0.19895833730697632 0.05312500149011612 0.06093750149011612
2 0.12187500298023224 0.9593750238418579 0.05312500149011612 0.06093750149011612
0 0.12578125298023224 0.7895833849906921 0.19843749701976776 0.15312500298023224
0 0.26640626788139343 0.8208333849906921 0.19843749701976776 0.15312500298023224
0 0.23359374701976776 0.5666667222976685 0.19843749701976776 0.15312500298023224
0 0.14765624701976776 0.5354167222976685 0.19843749701976776 0.15312500298023224
0 0.672656238079071 0.6979166865348816 0.19843749701976776 0.15312500298023224
0 0.639843761920929 0.46666669845581055 0.19843749701976776 0.15312500298023224
0 0.561718761920929 0.1979166716337204 0.19843749701976776 0.15312500298023224
0 0.7250000238418579 0.28333336114883423 0.14687500894069672 0.16250000894069672
0 0.07968749850988388 0.1093750074505806 0.14687500894069672 0.16093750298023224
0 0.06093750149011612 0.30937501788139343 0.11874999850988388 0.16093750298023224
0 0.940625011920929 0.22500000894069672 0.11874999850988388 0.18437500298023224
0 0.8828125 0.3864583671092987 0.18125000596046448 0.18593750894069672
1 0.22890625894069672 0.34791669249534607 0.22031250596046448 0.19062499701976776
1 0.8882812857627869 0.8166667222976685 0.22031250596046448 0.2750000059604645
2 0.3031249940395355 0.19895833730697632 0.05312500149011612 0.06093750149011612
2 0.12187500298023224 0.9593750238418579 0.05312500149011612 0.06093750149011612
0 0.12578125298023224 0.7895833849906921 0.19843749701976776 0.15312500298023224
0 0.26640626788139343 0.8208333849906921 0.19843749701976776 0.15312500298023224
0 0.23359374701976776 0.5666667222976685 0.19843749701976776 0.15312500298023224
0 0.14765624701976776 0.5354167222976685 0.19843749701976776 0.15312500298023224
0 0.672656238079071 0.6979166865348816 0.19843749701976776 0.15312500298023224
0 0.639843761920929 0.46666669845581055 0.19843749701976776 0.15312500298023224
0 0.561718761920929 0.1979166716337204 0.19843749701976776 0.15312500298023224
0 0.7250000238418579 0.28333336114883423 0.14687500894069672 0.16250000894069672
0 0.07968749850988388 0.1093750074505806 0.14687500894069672 0.16093750298023224
0 0.06093750149011612 0.30937501788139343 0.11874999850988388 0.16093750298023224
0 0.940625011920929 0.22500000894069672 0.11874999850988388 0.18437500298023224
0 0.8828125 0.3864583671092987 0.18125000596046448 0.18593750894069672
1 0.22890625894069672 0.34791669249534607 0.22031250596046448 0.19062499701976776
1 0.8882812857627869 0.8166667222976685 0.22031250596046448 0.2750000059604645
2 0.3031249940395355 0.19895833730697632 0.05312500149011612 0.06093750149011612
2 0.12187500298023224 0.9593750238418579 0.05312500149011612 0.06093750149011612
0 0.12578125298023224 0.7895833849906921 0.19843749701976776 0.15312500298023224
0 0.26640626788139343 0.8208333849906921 0.19843749701976776 0.15312500298023224
0 0.23359374701976776 0.5666667222976685 0.19843749701976776 0.15312500298023224
0 0.14765624701976776 0.5354167222976685 0.19843749701976776 0.15312500298023224
0 0.672656238079071 0.6979166865348816 0.19843749701976776 0.15312500298023224
0 0.639843761920929 0.46666669845581055 0.19843749701976776 0.15312500298023224
0 0.561718761920929 0.1979166716337204 0.19843749701976776 0.15312500298023224
0 0.7250000238418579 0.28333336114883423 0.14687500894069672 0.16250000894069672
0 0.07968749850988388 0.1093750074505806 0.14687500894069672 0.16093750298023224
0 0.06093750149011612 0.30937501788139343 0.11874999850988388 0.16093750298023224
0 0.940625011920929 0.22500000894069672 0.11874999850988388 0.18437500298023224
0 0.8828125 0.3864583671092987 0.18125000596046448 0.18593750894069672
