0 0.1164062517345883 0.7156250373227522 0.16093750239815563 0.15468750230502337
0 0.4132812561583705 0.33645835088100284 0.12968750193249434 0.13281250197906047
0 0.8601562628173269 0.39270835381466895 0.16093750239815563 0.14843750221189111
0 0.26328125392319635 0.20729167747776955 0.16093750239815563 0.14843750221189111
0 0.8195312622119673 0.6218750324333087 0.16406250244472176 0.17343750258442014
0 0.9343750139232725 0.8260417097480968 0.1312500019557774 0.13281250197906047
0 0.8046875119907781 0.9218750480795279 0.1531250022817403 0.11718750174622983
0 0.5523437582305633 0.9520833829883486 0.16093750239815563 0.07187500107102096
0 0.33593750500585884 0.9593750500353053 0.15625000232830644 0.06093750090803951
0 0.06875000102445483 0.21458334452472627 0.13437500200234354 0.12812500190921128
1 0.4343750064726919 0.6697917015990242 0.24375000363215804 0.2328125034691766
0 0.25625000381842256 0.7187500374857336 0.1312500019557774 0.15937500237487257
0 0.23750000353902578 0.5520833621267229 0.1312500019557774 0.15937500237487257
0 0.6273437593481503 0.4343750226544216 0.13906250207219273 0.17343750258442014
0 0.521093757764902 0.3135416830191389 0.14218750211875886 0.14843750221189111
0 0.1164062517345883 0.7156250373227522 0.16093750239815563 0.15468750230502337
0 0.4132812561583705 0.33645835088100284 0.12968750193249434 0.13281250197906047
0 0.8601562628173269 0.39270835381466895 0.16093750239815563 0.14843750221189111
0 0.26328125392319635 0.20729167747776955 0.16093750239815563 0.14843750221189111
0 0.8195312622119673 0.6218750324333087 0.16406250244472176 0.17343750258442014
0 0.9343750139232725 0.8260417097480968 0.1312500019557774 0.13281250197906047
0 0.8046875119907781 0.9218750480795279 0.1531250022817403 0.11718750174622983
0 0.5523437582305633 0.9520833829883486 0.16093750239815563 0.07187500107102096
0 0.33593750500585884 0.9593750500353053 0.15625000232830644 0.06093750090803951
0 0.06875000102445483 0.21458334452472627 0.13437500200234354 0.12812500190921128
1 0.4343750064726919 0.6697917015990242 0.24375000363215804 0.2328125034691766
0 0.25625000381842256 0.7187500374857336 0.1312500019557774 0.15937500237487257
0 0.23750000353902578 0.5520833621267229 0.1312500019557774 0.15937500237487257
0 0.6273437593481503 0.4343750226544216 0.13906250207219273 0.17343750258442014
0 0.521093757764902 0.3135416830191389 0.14218750211875886 0.14843750221189111
0 0.1164062517345883 0.7156250373227522 0.16093750239815563 0.15468750230502337
0 0.4132812561583705 0.33645835088100284 0.12968750193249434 0.13281250197906047
0 0.8601562628173269 0.39270835381466895 0.16093750239815563 0.14843750221189111
0 0.26328125392319635 0.20729167747776955 0.16093750239815563 0.14843750221189111
0 0.8195312622119673 0.6218750324333087 0.16406250244472176 0.17343750258442014
0 0.9343750139232725 0.8260417097480968 0.1312500019557774 0.13281250197906047
0 0.8046875119907781 0.9218750480795279 0.1531250022817403 0.11718750174622983
0 0.5523437582305633 0.9520833829883486 0.16093750239815563 0.07187500107102096
0 0.33593750500585884 0.9593750500353053 0.15625000232830644 0.06093750090803951
0 0.06875000102445483 0.21458334452472627 0.13437500200234354 0.12812500190921128
1 0.4343750064726919 0.6697917015990242 0.24375000363215804 0.2328125034691766
0 0.25625000381842256 0.7187500374857336 0.1312500019557774 0.15937500237487257
0 0.23750000353902578 0.5520833621267229 0.1312500019557774 0.15937500237487257
0 0.6273437593481503 0.4343750226544216 0.13906250207219273 0.17343750258442014
0 0.521093757764902 0.3135416830191389 0.14218750211875886 0.14843750221189111
0 0.1164062517345883 0.7156250373227522 0.16093750239815563 0.15468750230502337
0 0.4132812561583705 0.33645835088100284 0.12968750193249434 0.13281250197906047
0 0.8601562628173269 0.39270835381466895 0.16093750239815563 0.14843750221189111
0 0.26328125392319635 0.20729167747776955 0.16093750239815563 0.14843750221189111
0 0.8195312622119673 0.6218750324333087 0.16406250244472176 0.17343750258442014
0 0.9343750139232725 0.8260417097480968 0.1312500019557774 0.13281250197906047
0 0.8046875119907781 0.9218750480795279 0.1531250022817403 0.11718750174622983
0 0.5523437582305633 0.9520833829883486 0.16093750239815563 0.07187500107102096
0 0.33593750500585884 0.9593750500353053 0.15625000232830644 0.06093750090803951
0 0.06875000102445483 0.21458334452472627 0.13437500200234354 0.12812500190921128
1 0.4343750064726919 0.6697917015990242 0.24375000363215804 0.2328125034691766
0 0.25625000381842256 0.7187500374857336 0.1312500019557774 0.15937500237487257
0 0.23750000353902578 0.5520833621267229 0.1312500019557774 0.15937500237487257
0 0.6273437593481503 0.4343750226544216 0.13906250207219273 0.17343750258442014
0 0.521093757764902 0.3135416830191389 0.14218750211875886 0.14843750221189111
0 0.1164062517345883 0.7156250373227522 0.16093750239815563 0.15468750230502337
0 0.4132812561583705 0.33645835088100284 0.12968750193249434 0.13281250197906047
0 0.8601562628173269 0.39270835381466895 0.16093750239815563 0.14843750221189111
0 0.26328125392319635 0.20729167747776955 0.16093750239815563 0.14843750221189111
0 0.8195312622119673 0.6218750324333087 0.16406250244472176 0.17343750258442014
0 0.9343750139232725 0.8260417097480968 0.1312500019557774 0.13281250197906047
0 0.8046875119907781 0.9218750480795279 0.1531250022817403 0.11718750174622983
0 0.5523437582305633 0.9520833829883486 0.16093750239815563 0.07187500107102096
0 0.33593750500585884 0.9593750500353053 0.15625000232830644 0.06093750090803951
0 0.06875000102445483 0.21458334452472627 0.13437500200234354 0.12812500190921128
1 0.4343750064726919 0.6697917015990242 0.24375000363215804 0.2328125034691766
0 0.25625000381842256 0.7187500374857336 0.1312500019557774 0.15937500237487257
0 0.23750000353902578 0.5520833621267229 0.1312500019557774 0.15937500237487257
0 0.6273437593481503 0.4343750226544216 0.13906250207219273 0.17343750258442014
0 0.521093757764902 0.3135416830191389 0.14218750211875886 0.14843750221189111
0 0.1164062517345883 0.7156250373227522 0.16093750239815563 0.15468750230502337
0 0.4132812561583705 0.33645835088100284 0.12968750193249434 0.13281250197906047
0 0.8601562628173269 0.39270835381466895 0.16093750239815563 0.14843750221189111
0 0.26328125392319635 0.20729167747776955 0.16093750239815563 0.14843750221189111
0 0.8195312622119673 0.6218750324333087 0.16406250244472176 0.17343750258442014
0 0.9343750139232725 0.8260417097480968 0.1312500019557774 0.13281250197906047
0 0.8046875119907781 0.9218750480795279 0.1531250022817403 0.11718750174622983
0 0.5523437582305633 0.9520833829883486 0.16093750239815563 0.07187500107102096
0 0.33593750500585884 0.9593750500353053 0.15625000232830644 0.06093750090803951
0 0.06875000102445483 0.21458334452472627 0.13437500200234354 0.12812500190921128
1 0.4343750064726919 0.6697917015990242 0.24375000363215804 0.2328125034691766
0 0.25625000381842256 0.7187500374857336 0.1312500019557774 0.15937500237487257
0 0.23750000353902578 0.5520833621267229 0.1312500019557774 0.15937500237487257
0 0.6273437593481503 0.4343750226544216 0.13906250207219273 0.17343750258442014
0 0.521093757764902 0.3135416830191389 0.14218750211875886 0.14843750221189111
0 0.1164062517345883 0.7156250373227522 0.16093750239815563 0.15468750230502337
0 0.4132812561583705 0.33645835088100284 0.12968750193249434 0.13281250197906047
0 0.8601562628173269 0.39270835381466895 0.16093750239815563 0.14843750221189111
0 0.26328125392319635 0.20729167747776955 0.16093750239815563 0.14843750221189111
0 0.8195312622119673 0.6218750324333087 0.16406250244472176 0.17343750258442014
0 0.9343750139232725 0.8260417097480968 0.1312500019557774 0.13281250197906047
0 0.8046875119907781 0.9218750480795279 0.1531250022817403 0.11718750174622983
0 0.5523437582305633 0.9520833829883486 0.16093750239815563 0.07187500107102096
0 0.33593750500585884 0.9593750500353053 0.15625000232830644 0.06093750090803951
0 0.06875000102445483 0.21458334452472627 0.13437500200234354 0.12812500190921128
1 0.4343750064726919 0.6697917015990242 0.24375000363215804 0.2328125034691766
0 0.25625000381842256 0.7187500374857336 0.1312500019557774 0.15937500237487257
0 0.23750000353902578 0.5520833621267229 0.1312500019557774 0.15937500237487257
0 0.6273437593481503 0.4343750226544216 0.13906250207219273 0.17343750258442014
0 0.521093757764902 0.3135416830191389 0.14218750211875886 0.14843750221189111
0 0.1164062517345883 0.7156250373227522 0.16093750239815563 0.15468750230502337
0 0.4132812561583705 0.33645835088100284 0.12968750193249434 0.13281250197906047
0 0.8601562628173269 0.39270835381466895 0.16093750239815563 0.14843750221189111
0 0.26328125392319635 0.20729167747776955 0.16093750239815563 0.14843750221189111
0 0.8195312622119673 0.6218750324333087 0.16406250244472176 0.17343750258442014
0 0.9343750139232725 0.8260417097480968 0.1312500019557774 0.13281250197906047
0 0.8046875119907781 0.9218750480795279 0.1531250022817403 0.11718750174622983
0 0.5523437582305633 0.9520833829883486 0.16093750239815563 0.07187500107102096
0 0.33593750500585884 0.9593750500353053 0.15625000232830644 0.06093750090803951
0 0.06875000102445483 0.21458334452472627 0.13437500200234354 0.12812500190921128
1 0.4343750064726919 0.6697917015990242 0.24375000363215804 0.2328125034691766
0 0.25625000381842256 0.7187500374857336 0.1312500019557774 0.15937500237487257
0 0.23750000353902578 0.5520833621267229 0.1312500019557774 0.15937500237487257
0 0.6273437593481503 0.4343750226544216 0.13906250207219273 0.17343750258442014
0 0.521093757764902 0.3135416830191389 0.14218750211875886 0.14843750221189111
0 0.1164062517345883 0.7156250373227522 0.16093750239815563 0.15468750230502337
0 0.4132812561583705 0.33645835088100284 0.12968750193249434 0.13281250197906047
0 0.8601562628173269 0.39270835381466895 0.16093750239815563 0.14843750221189111
0 0.26328125392319635 0.20729167747776955 0.16093750239815563 0.14843750221189111
0 0.8195312622119673 0.6218750324333087 0.16406250244472176 0.17343750258442014
0 0.9343750139232725 0.8260417097480968 0.1312500019557774 0.13281250197906047
0 0.8046875119907781 0.9218750480795279 0.1531250022817403 0.11718750174622983
0 0.5523437582305633 0.9520833829883486 0.16093750239815563 0.07187500107102096
0 0.33593750500585884 0.9593750500353053 0.15625000232830644 0.06093750090803951
0 0.06875000102445483 0.21458334452472627 0.13437500200234354 0.12812500190921128
1 0.4343750064726919 0.6697917015990242 0.24375000363215804 0.2328125034691766
0 0.25625000381842256 0.7187500374857336 0.1312500019557774 0.15937500237487257
0 0.23750000353902578 0.5520833621267229 0.1312500019557774 0.15937500237487257
0 0.6273437593481503 0.4343750226544216 0.13906250207219273 0.17343750258442014
0 0.521093757764902 0.3135416830191389 0.14218750211875886 0.14843750221189111
0 0.1164062517345883 0.7156250373227522 0.16093750239815563 0.15468750230502337
0 0.4132812561583705 0.33645835088100284 0.12968750193249434 0.13281250197906047
0 0.8601562628173269 0.39270835381466895 0.16093750239815563 0.14843750221189111
0 0.26328125392319635 0.20729167747776955 0.16093750239815563 0.14843750221189111
0 0.8195312622119673 0.6218750324333087 0.16406250244472176 0.17343750258442014
0 0.9343750139232725 0.8260417097480968 0.1312500019557774 0.13281250197906047
0 0.8046875119907781 0.9218750480795279 0.1531250022817403 0.11718750174622983
0 0.5523437582305633 0.9520833829883486 0.16093750239815563 0.07187500107102096
0 0.33593750500585884 0.9593750500353053 0.15625000232830644 0.06093750090803951
0 0.06875000102445483 0.21458334452472627 0.13437500200234354 0.12812500190921128
1 0.4343750064726919 0.6697917015990242 0.24375000363215804 0.2328125034691766
0 0.25625000381842256 0.7187500374857336 0.1312500019557774 0.15937500237487257
0 0.23750000353902578 0.5520833621267229 0.1312500019557774 0.15937500237487257
0 0.6273437593481503 0.4343750226544216 0.13906250207219273 0.17343750258442014
0 0.521093757764902 0.3135416830191389 0.14218750211875886 0.14843750221189111
0 0.1164062517345883 0.7156250373227522 0.16093750239815563 0.15468750230502337
0 0.4132812561583705 0.33645835088100284 0.12968750193249434 0.13281250197906047
0 0.8601562628173269 0.39270835381466895 0.16093750239815563 0.14843750221189111
0 0.26328125392319635 0.20729167747776955 0.16093750239815563 0.14843750221189111
0 0.8195312622119673 0.6218750324333087 0.16406250244472176 0.17343750258442014
0 0.9343750139232725 0.8260417097480968 0.1312500019557774 0.13281250197906047
0 0.8046875119907781 0.9218750480795279 0.1531250022817403 0.11718750174622983
0 0.5523437582305633 0.9520833829883486 0.16093750239815563 0.07187500107102096
0 0.33593750500585884 0.9593750500353053 0.15625000232830644 0.06093750090803951
0 0.06875000102445483 0.21458334452472627 0.13437500200234354 0.12812500190921128
1 0.4343750064726919 0.6697917015990242 0.24375000363215804 0.2328125034691766
0 0.25625000381842256 0.7187500374857336 0.1312500019557774 0.15937500237487257
0 0.23750000353902578 0.5520833621267229 0.1312500019557774 0.15937500237487257
0 0.6273437593481503 0.4343750226544216 0.13906250207219273 0.17343750258442014
0 0.521093757764902 0.3135416830191389 0.14218750211875886 0.14843750221189111
0 0.1164062517345883 0.7156250373227522 0.16093750239815563 0.15468750230502337
0 0.4132812561583705 0.33645835088100284 0.12968750193249434 0.13281250197906047
0 0.8601562628173269 0.39270835381466895 0.16093750239815563 0.14843750221189111
0 0.26328125392319635 0.20729167747776955 0.16093750239815563 0.14843750221189111
0 0.8195312622119673 0.6218750324333087 0.16406250244472176 0.17343750258442014
0 0.9343750139232725 0.8260417097480968 0.1312500019557774 0.13281250197906047
0 0.8046875119907781 0.9218750480795279 0.1531250022817403 0.11718750174622983
0 0.5523437582305633 0.9520833829883486 0.16093750239815563 0.07187500107102096
0 0.33593750500585884 0.9593750500353053 0.15625000232830644 0.06093750090803951
0 0.06875000102445483 0.21458334452472627 0.13437500200234354 0.12812500190921128
1 0.4343750064726919 0.6697917015990242 0.24375000363215804 0.2328125034691766
0 0.25625000381842256 0.7187500374857336 0.1312500019557774 0.15937500237487257
0 0.23750000353902578 0.5520833621267229 0.1312500019557774 0.15937500237487257
0 0.6273437593481503 0.4343750226544216 0.13906250207219273 0.17343750258442014
0 0.521093757764902 0.3135416830191389 0.14218750211875886 0.14843750221189111
0 0.1164062517345883 0.7156250373227522 0.16093750239815563 0.15468750230502337
0 0.4132812561583705 0.33645835088100284 0.12968750193249434 0.13281250197906047
0 0.8601562628173269 0.39270835381466895 0.16093750239815563 0.14843750221189111
0 0.26328125392319635 0.20729167747776955 0.16093750239815563 0.14843750221189111
0 0.8195312622119673 0.6218750324333087 0.16406250244472176 0.17343750258442014
0 0.9343750139232725 0.8260417097480968 0.1312500019557774 0.13281250197906047
0 0.8046875119907781 0.9218750480795279 0.1531250022817403 0.11718750174622983
0 0.5523437582305633 0.9520833829883486 0.16093750239815563 0.07187500107102096
0 0.33593750500585884 0.9593750500353053 0.15625000232830644 0.06093750090803951
0 0.06875000102445483 0.21458334452472627 0.13437500200234354 0.12812500190921128
1 0.4343750064726919 0.6697917015990242 0.24375000363215804 0.2328125034691766
0 0.25625000381842256 0.7187500374857336 0.1312500019557774 0.15937500237487257
0 0.23750000353902578 0.5520833621267229 0.1312500019557774 0.15937500237487257
0 0.6273437593481503 0.4343750226544216 0.13906250207219273 0.17343750258442014
0 0.521093757764902 0.3135416830191389 0.14218750211875886 0.14843750221189111
0 0.1164062517345883 0.7156250373227522 0.16093750239815563 0.15468750230502337
0 0.4132812561583705 0.33645835088100284 0.12968750193249434 0.13281250197906047
0 0.8601562628173269 0.39270835381466895 0.16093750239815563 0.14843750221189111
0 0.26328125392319635 0.20729167747776955 0.16093750239815563 0.14843750221189111
0 0.8195312622119673 0.6218750324333087 0.16406250244472176 0.17343750258442014
0 0.9343750139232725 0.8260417097480968 0.1312500019557774 0.13281250197906047
0 0.8046875119907781 0.9218750480795279 0.1531250022817403 0.11718750174622983
0 0.5523437582305633 0.9520833829883486 0.16093750239815563 0.07187500107102096
0 0.33593750500585884 0.9593750500353053 0.15625000232830644 0.06093750090803951
0 0.06875000102445483 0.21458334452472627 0.13437500200234354 0.12812500190921128
1 0.4343750064726919 0.6697917015990242 0.24375000363215804 0.2328125034691766
0 0.25625000381842256 0.7187500374857336 0.1312500019557774 0.15937500237487257
0 0.23750000353902578 0.5520833621267229 0.1312500019557774 0.15937500237487257
0 0.6273437593481503 0.4343750226544216 0.13906250207219273 0.17343750258442014
0 0.521093757764902 0.3135416830191389 0.14218750211875886 0.14843750221189111
0 0.1164062517345883 0.7156250373227522 0.16093750239815563 0.15468750230502337
0 0.4132812561583705 0.33645835088100284 0.12968750193249434 0.13281250197906047
0 0.8601562628173269 0.39270835381466895 0.16093750239815563 0.14843750221189111
0 0.26328125392319635 0.20729167747776955 0.16093750239815563 0.14843750221189111
0 0.8195312622119673 0.6218750324333087 0.16406250244472176 0.17343750258442014
0 0.9343750139232725 0.8260417097480968 0.1312500019557774 0.13281250197906047
0 0.8046875119907781 0.9218750480795279 0.1531250022817403 0.11718750174622983
0 0.5523437582305633 0.9520833829883486 0.16093750239815563 0.07187500107102096
0 0.33593750500585884 0.9593750500353053 0.15625000232830644 0.06093750090803951
0 0.06875000102445483 0.21458334452472627 0.13437500200234354 0.12812500190921128
1 0.4343750064726919 0.6697917015990242 0.24375000363215804 0.2328125034691766
0 0.25625000381842256 0.7187500374857336 0.1312500019557774 0.15937500237487257
0 0.23750000353902578 0.5520833621267229 0.1312500019557774 0.15937500237487257
0 0.6273437593481503 0.4343750226544216 0.13906250207219273 0.17343750258442014
0 0.521093757764902 0.3135416830191389 0.14218750211875886 0.14843750221189111
0 0.11640625447034836 0.7156250476837158 0.16093750298023224 0.15468750894069672
0 0.41328126192092896 0.33645835518836975 0.12968750298023224 0.1328125
0 0.860156238079071 0.39270836114883423 0.16093750298023224 0.1484375
0 0.2632812559604645 0.20729167759418488 0.16093750298023224 0.1484375
0 0.819531261920929 0.6218750476837158 0.1640625 0.17343750596046448
0 0.934374988079071 0.8260416984558105 0.13125000894069672 0.1328125
0 0.8046875 0.9218750596046448 0.15312500298023224 0.1171875
0 0.5523437857627869 0.95208340883255 0.16093750298023224 0.07187499850988388
0 0.3359375 0.9593750238418579 0.15625 0.06093750149011612
0 0.06875000149011612 0.21458333730697632 0.13437500596046448 0.12812499701976776
1 0.43437501788139343 0.6697916984558105 0.24375000596046448 0.23281250894069672
0 0.2562499940395355 0.7187500596046448 0.13125000894069672 0.15937499701976776
0 0.23749999701976776 0.5520833730697632 0.13125000894069672 0.15937499701976776
0 0.6273437738418579 0.43437501788139343 0.13906250894069672 0.17343750596046448
0 0.5210937857627869 0.3135416805744171 0.14218750596046448 0.1484375
0 0.11640625447034836 0.7156250476837158 0.16093750298023224 0.15468750894069672
0 0.41328126192092896 0.33645835518836975 0.12968750298023224 0.1328125
0 0.860156238079071 0.39270836114883423 0.16093750298023224 0.1484375
0 0.2632812559604645 0.20729167759418488 0.16093750298023224 0.1484375
0 0.819531261920929 0.6218750476837158 0.1640625 0.17343750596046448
0 0.934374988079071 0.8260416984558105 0.13125000894069672 0.1328125
0 0.8046875 0.9218750596046448 0.15312500298023224 0.1171875
0 0.5523437857627869 0.95208340883255 0.16093750298023224 0.07187499850988388
0 0.3359375 0.9593750238418579 0.15625 0.06093750149011612
0 0.06875000149011612 0.21458333730697632 0.13437500596046448 0.12812499701976776
1 0.43437501788139343 0.6697916984558105 0.24375000596046448 0.23281250894069672
0 0.2562499940395355 0.7187500596046448 0.13125000894069672 0.15937499701976776
0 0.23749999701976776 0.5520833730697632 0.13125000894069672 0.15937499701976776
0 0.6273437738418579 0.43437501788139343 0.13906250894069672 0.17343750596046448
0 0.5210937857627869 0.3135416805744171 0.14218750596046448 0.1484375
0 0.11640625447034836 0.7156250476837158 0.16093750298023224 0.15468750894069672
0 0.41328126192092896 0.33645835518836975 0.12968750298023224 0.1328125
0 0.860156238079071 0.39270836114883423 0.16093750298023224 0.1484375
0 0.2632812559604645 0.20729167759418488 0.16093750298023224 0.1484375
0 0.819531261920929 0.6218750476837158 0.1640625 0.17343750596046448
0 0.934374988079071 0.8260416984558105 0.13125000894069672 0.1328125
0 0.8046875 0.9218750596046448 0.15312500298023224 0.1171875
0 0.5523437857627869 0.95208340883255 0.16093750298023224 0.07187499850988388
0 0.3359375 0.9593750238418579 0.15625 0.06093750149011612
0 0.06875000149011612 0.21458333730697632 0.13437500596046448 0.12812499701976776
1 0.43437501788139343 0.6697916984558105 0.24375000596046448 0.23281250894069672
0 0.2562499940395355 0.7187500596046448 0.13125000894069672 0.15937499701976776
0 0.23749999701976776 0.5520833730697632 0.13125000894069672 0.15937499701976776
0 0.6273437738418579 0.43437501788139343 0.13906250894069672 0.17343750596046448
0 0.5210937857627869 0.3135416805744171 0.14218750596046448 0.1484375
0 0.11640625447034836 0.7156250476837158 0.16093750298023224 0.15468750894069672
0 0.41328126192092896 0.33645835518836975 0.12968750298023224 0.1328125
0 0.860156238079071 0.39270836114883423 0.16093750298023224 0.1484375
0 0.2632812559604645 0.20729167759418488 0.16093750298023224 0.1484375
0 0.819531261920929 0.6218750476837158 0.1640625 0.17343750596046448
0 0.934374988079071 0.8260416984558105 0.13125000894069672 0.1328125
0 0.8046875 0.9218750596046448 0.15312500298023224 0.1171875
0 0.5523437857627869 0.95208340883255 0.16093750298023224 0.07187499850988388
0 0.3359375 0.9593750238418579 0.15625 0.06093750149011612
0 0.06875000149011612 0.21458333730697632 0.13437500596046448 0.12812499701976776
1 0.43437501788139343 0.6697916984558105 0.24375000596046448 0.23281250894069672
0 0.2562499940395355 0.7187500596046448 0.13125000894069672 0.15937499701976776
0 0.23749999701976776 0.5520833730697632 0.13125000894069672 0.15937499701976776
0 0.6273437738418579 0.43437501788139343 0.13906250894069672 0.17343750596046448
0 0.5210937857627869 0.3135416805744171 0.14218750596046448 0.1484375
0 0.11640625447034836 0.7156250476837158 0.16093750298023224 0.15468750894069672
0 0.41328126192092896 0.33645835518836975 0.12968750298023224 0.1328125
0 0.860156238079071 0.39270836114883423 0.16093750298023224 0.1484375
0 0.2632812559604645 0.20729167759418488 0.16093750298023224 0.1484375
0 0.819531261920929 0.6218750476837158 0.1640625 0.17343750596046448
0 0.934374988079071 0.8260416984558105 0.13125000894069672 0.1328125
0 0.8046875 0.9218750596046448 0.15312500298023224 0.1171875
0 0.5523437857627869 0.95208340883255 0.16093750298023224 0.07187499850988388
0 0.3359375 0.9593750238418579 0.15625 0.06093750149011612
0 0.06875000149011612 0.21458333730697632 0.13437500596046448 0.12812499701976776
1 0.43437501788139343 0.6697916984558105 0.24375000596046448 0.23281250894069672
0 0.2562499940395355 0.7187500596046448 0.13125000894069672 0.15937499701976776
0 0.23749999701976776 0.5520833730697632 0.13125000894069672 0.15937499701976776
0 0.6273437738418579 0.43437501788139343 0.13906250894069672 0.17343750596046448
0 0.5210937857627869 0.3135416805744171 0.14218750596046448 0.1484375
0 0.11640625447034836 0.7156250476837158 0.16093750298023224 0.15468750894069672
0 0.41328126192092896 0.33645835518836975 0.12968750298023224 0.1328125
0 0.860156238079071 0.39270836114883423 0.16093750298023224 0.1484375
0 0.2632812559604645 0.20729167759418488 0.16093750298023224 0.1484375
0 0.819531261920929 0.6218750476837158 0.1640625 0.17343750596046448
0 0.934374988079071 0.8260416984558105 0.13125000894069672 0.1328125
0 0.8046875 0.9218750596046448 0.15312500298023224 0.1171875
0 0.5523437857627869 0.95208340883255 0.16093750298023224 0.07187499850988388
0 0.3359375 0.9593750238418579 0.15625 0.06093750149011612
0 0.06875000149011612 0.21458333730697632 0.13437500596046448 0.12812499701976776
1 0.43437501788139343 0.6697916984558105 0.24375000596046448 0.23281250894069672
0 0.2562499940395355 0.7187500596046448 0.13125000894069672 0.15937499701976776
0 0.23749999701976776 0.5520833730697632 0.13125000894069672 0.15937499701976776
0 0.6273437738418579 0.43437501788139343 0.13906250894069672 0.17343750596046448
0 0.5210937857627869 0.3135416805744171 0.14218750596046448 0.1484375
0 0.11640625447034836 0.7156250476837158 0.16093750298023224 0.15468750894069672
0 0.41328126192092896 0.33645835518836975 0.12968750298023224 0.1328125
0 0.860156238079071 0.39270836114883423 0.16093750298023224 0.1484375
0 0.2632812559604645 0.20729167759418488 0.16093750298023224 0.1484375
0 0.819531261920929 0.6218750476837158 0.1640625 0.17343750596046448
0 0.934374988079071 0.8260416984558105 0.13125000894069672 0.1328125
0 0.8046875 0.9218750596046448 0.15312500298023224 0.1171875
0 0.5523437857627869 0.95208340883255 0.16093750298023224 0.07187499850988388
0 0.3359375 0.9593750238418579 0.15625 0.06093750149011612
0 0.06875000149011612 0.21458333730697632 0.13437500596046448 0.12812499701976776
1 0.43437501788139343 0.6697916984558105 0.24375000596046448 0.23281250894069672
0 0.2562499940395355 0.7187500596046448 0.13125000894069672 0.15937499701976776
0 0.23749999701976776 0.5520833730697632 0.13125000894069672 0.15937499701976776
0 0.6273437738418579 0.43437501788139343 0.13906250894069672 0.17343750596046448
0 0.5210937857627869 0.3135416805744171 0.14218750596046448 0.1484375
