0 0.13984375208383426 0.8708333787508309 0.1578125023515895 0.1531250022817403
0 0.0945312514086254 0.6916667027398944 0.15156250225845724 0.15000000223517418
0 0.9140625136205927 0.5281250275438651 0.17187500256113708 0.14531250216532499
0 0.5453125081257895 0.642708366853185 0.15937500237487257 0.18593750277068466
0 0.6875000102445483 0.2031250105937943 0.15625000232830644 0.18281250272411853
0 0.2015625030035153 0.12083333963528275 0.15625000232830644 0.14687500218860805
0 0.6898437602794729 0.6437500335741788 0.1796875026775524 0.1406250020954758
0 0.0945312514086254 0.27604168106336147 0.1578125023515895 0.15468750230502337
0 0.1554687523166649 0.420833355281502 0.16093750239815563 0.15937500237487257
0 0.3476562551804818 0.6750000352039933 0.15468750230502337 0.1531250022817403
0 0.9000000134110451 0.8770833790767938 0.16562500246800482 0.15937500237487257
0 0.3593750053551048 0.10833333898335695 0.15000000223517418 0.1312500019557774
1 0.44062500656582415 0.4010416875826195 0.3343750049825758 0.3296875049127266
0 0.13984375208383426 0.8708333787508309 0.1578125023515895 0.1531250022817403
0 0.0945312514086254 0.6916667027398944 0.15156250225845724 0.15000000223517418
0 0.9140625136205927 0.5281250275438651 0.17187500256113708 0.14531250216532499
0 0.5453125081257895 0.642708366853185 0.15937500237487257 0.18593750277068466
0 0.6875000102445483 0.2031250105937943 0.15625000232830644 0.18281250272411853
0 0.2015625030035153 0.12083333963528275 0.15625000232830644 0.14687500218860805
0 0.6898437602794729 0.6437500335741788 0.1796875026775524 0.1406250020954758
0 0.0945312514086254 0.27604168106336147 0.1578125023515895 0.15468750230502337
0 0.1554687523166649 0.420833355281502 0.16093750239815563 0.15937500237487257
0 0.3476562551804818 0.6750000352039933 0.15468750230502337 0.1531250022817403
0 0.9000000134110451 0.8770833790767938 0.16562500246800482 0.15937500237487257
0 0.3593750053551048 0.10833333898335695 0.15000000223517418 0.1312500019557774
1 0.44062500656582415 0.4010416875826195 0.3343750049825758 0.3296875049127266
0 0.13984375208383426 0.8708333787508309 0.1578125023515895 0.1531250022817403
0 0.0945312514086254 0.6916667027398944 0.15156250225845724 0.15000000223517418
0 0.9140625136205927 0.5281250275438651 0.17187500256113708 0.14531250216532499
0 0.5453125081257895 0.642708366853185 0.15937500237487257 0.18593750277068466
0 0.6875000102445483 0.2031250105937943 0.15625000232830644 0.18281250272411853
0 0.2015625030035153 0.12083333963528275 0.15625000232830644 0.14687500218860805
0 0.6898437602794729 0.6437500335741788 0.1796875026775524 0.1406250020954758
0 0.0945312514086254 0.27604168106336147 0.1578125023515895 0.15468750230502337
0 0.1554687523166649 0.420833355281502 0.16093750239815563 0.15937500237487257
0 0.3476562551804818 0.6750000352039933 0.15468750230502337 0.1531250022817403
0 0.9000000134110451 0.8770833790767938 0.16562500246800482 0.15937500237487257
0 0.3593750053551048 0.10833333898335695 0.15000000223517418 0.1312500019557774
1 0.44062500656582415 0.4010416875826195 0.3343750049825758 0.3296875049127266
0 0.13984375208383426 0.8708333787508309 0.1578125023515895 0.1531250022817403
0 0.0945312514086254 0.6916667027398944 0.15156250225845724 0.15000000223517418
0 0.9140625136205927 0.5281250275438651 0.17187500256113708 0.14531250216532499
0 0.5453125081257895 0.642708366853185 0.15937500237487257 0.18593750277068466
0 0.6875000102445483 0.2031250105937943 0.15625000232830644 0.18281250272411853
0 0.2015625030035153 0.12083333963528275 0.15625000232830644 0.14687500218860805
0 0.6898437602794729 0.6437500335741788 0.1796875026775524 0.1406250020954758
0 0.0945312514086254 0.27604168106336147 0.1578125023515895 0.15468750230502337
0 0.1554687523166649 0.420833355281502 0.16093750239815563 0.15937500237487257
0 0.3476562551804818 0.6750000352039933 0.15468750230502337 0.1531250022817403
0 0.9000000134110451 0.8770833790767938 0.16562500246800482 0.15937500237487257
0 0.3593750053551048 0.10833333898335695 0.15000000223517418 0.1312500019557774
1 0.44062500656582415 0.4010416875826195 0.3343750049825758 0.3296875049127266
0 0.13984375208383426 0.8708333787508309 0.1578125023515895 0.1531250022817403
0 0.0945312514086254 0.6916667027398944 0.15156250225845724 0.15000000223517418
0 0.9140625136205927 0.5281250275438651 0.17187500256113708 0.14531250216532499
0 0.5453125081257895 0.642708366853185 0.15937500237487257 0.18593750277068466
0 0.6875000102445483 0.2031250105937943 0.15625000232830644 0.18281250272411853
0 0.2015625030035153 0.12083333963528275 0.15625000232830644 0.14687500218860805
0 0.6898437602794729 0.6437500335741788 0.1796875026775524 0.1406250020954758
0 0.0945312514086254 0.27604168106336147 0.1578125023515895 0.15468750230502337
0 0.1554687523166649 0.420833355281502 0.16093750239815563 0.15937500237487257
0 0.3476562551804818 0.6750000352039933 0.15468750230502337 0.1531250022817403
0 0.9000000134110451 0.8770833790767938 0.16562500246800482 0.15937500237487257
0 0.3593750053551048 0.10833333898335695 0.15000000223517418 0.1312500019557774
1 0.44062500656582415 0.4010416875826195 0.3343750049825758 0.3296875049127266
0 0.13984375208383426 0.8708333787508309 0.1578125023515895 0.1531250022817403
0 0.0945312514086254 0.6916667027398944 0.15156250225845724 0.15000000223517418
0 0.9140625136205927 0.5281250275438651 0.17187500256113708 0.14531250216532499
0 0.5453125081257895 0.642708366853185 0.15937500237487257 0.18593750277068466
0 0.6875000102445483 0.2031250105937943 0.15625000232830644 0.18281250272411853
0 0.2015625030035153 0.12083333963528275 0.15625000232830644 0.14687500218860805
0 0.6898437602794729 0.6437500335741788 0.1796875026775524 0.1406250020954758
0 0.0945312514086254 0.27604168106336147 0.1578125023515895 0.15468750230502337
0 0.1554687523166649 0.420833355281502 0.16093750239815563 0.15937500237487257
0 0.3476562551804818 0.6750000352039933 0.15468750230502337 0.1531250022817403
0 0.9000000134110451 0.8770833790767938 0.16562500246800482 0.15937500237487257
0 0.3593750053551048 0.10833333898335695 0.15000000223517418 0.1312500019557774
1 0.44062500656582415 0.4010416875826195 0.3343750049825758 0.3296875049127266
0 0.13984375208383426 0.8708333787508309 0.1578125023515895 0.1531250022817403
0 0.0945312514086254 0.6916667027398944 0.15156250225845724 0.15000000223517418
0 0.9140625136205927 0.5281250275438651 0.17187500256113708 0.14531250216532499
0 0.5453125081257895 0.642708366853185 0.15937500237487257 0.18593750277068466
0 0.6875000102445483 0.2031250105937943 0.15625000232830644 0.18281250272411853
0 0.2015625030035153 0.12083333963528275 0.15625000232830644 0.14687500218860805
0 0.6898437602794729 0.6437500335741788 0.1796875026775524 0.1406250020954758
0 0.0945312514086254 0.27604168106336147 0.1578125023515895 0.15468750230502337
0 0.1554687523166649 0.420833355281502 0.16093750239815563 0.15937500237487257
0 0.3476562551804818 0.6750000352039933 0.15468750230502337 0.1531250022817403
0 0.9000000134110451 0.8770833790767938 0.16562500246800482 0.15937500237487257
0 0.3593750053551048 0.10833333898335695 0.15000000223517418 0.1312500019557774
1 0.44062500656582415 0.4010416875826195 0.3343750049825758 0.3296875049127266
0 0.13984375208383426 0.8708333787508309 0.1578125023515895 0.1531250022817403
0 0.0945312514086254 0.6916667027398944 0.15156250225845724 0.15000000223517418
0 0.9140625136205927 0.5281250275438651 0.17187500256113708 0.14531250216532499
0 0.5453125081257895 0.642708366853185 0.15937500237487257 0.18593750277068466
0 0.6875000102445483 0.2031250105937943 0.15625000232830644 0.18281250272411853
0 0.2015625030035153 0.12083333963528275 0.15625000232830644 0.14687500218860805
0 0.6898437602794729 0.6437500335741788 0.1796875026775524 0.1406250020954758
0 0.0945312514086254 0.27604168106336147 0.1578125023515895 0.15468750230502337
0 0.1554687523166649 0.420833355281502 0.16093750239815563 0.15937500237487257
0 0.3476562551804818 0.6750000352039933 0.15468750230502337 0.1531250022817403
0 0.9000000134110451 0.8770833790767938 0.16562500246800482 0.15937500237487257
0 0.3593750053551048 0.10833333898335695 0.15000000223517418 0.1312500019557774
1 0.44062500656582415 0.4010416875826195 0.3343750049825758 0.3296875049127266
0 0.13984375208383426 0.8708333787508309 0.1578125023515895 0.1531250022817403
0 0.0945312514086254 0.6916667027398944 0.15156250225845724 0.15000000223517418
0 0.9140625136205927 0.5281250275438651 0.17187500256113708 0.14531250216532499
0 0.5453125081257895 0.642708366853185 0.15937500237487257 0.18593750277068466
0 0.6875000102445483 0.2031250105937943 0.15625000232830644 0.18281250272411853
0 0.2015625030035153 0.12083333963528275 0.15625000232830644 0.14687500218860805
0 0.6898437602794729 0.6437500335741788 0.1796875026775524 0.1406250020954758
0 0.0945312514086254 0.27604168106336147 0.1578125023515895 0.15468750230502337
0 0.1554687523166649 0.420833355281502 0.16093750239815563 0.15937500237487257
0 0.3476562551804818 0.6750000352039933 0.15468750230502337 0.1531250022817403
0 0.9000000134110451 0.8770833790767938 0.16562500246800482 0.15937500237487257
0 0.3593750053551048 0.10833333898335695 0.15000000223517418 0.1312500019557774
1 0.44062500656582415 0.4010416875826195 0.3343750049825758 0.3296875049127266
0 0.13984375208383426 0.8708333787508309 0.1578125023515895 0.1531250022817403
0 0.0945312514086254 0.6916667027398944 0.15156250225845724 0.15000000223517418
0 0.9140625136205927 0.5281250275438651 0.17187500256113708 0.14531250216532499
0 0.5453125081257895 0.642708366853185 0.15937500237487257 0.18593750277068466
0 0.6875000102445483 0.2031250105937943 0.15625000232830644 0.18281250272411853
0 0.2015625030035153 0.12083333963528275 0.15625000232830644 0.14687500218860805
0 0.6898437602794729 0.6437500335741788 0.1796875026775524 0.1406250020954758
0 0.0945312514086254 0.27604168106336147 0.1578125023515895 0.15468750230502337
0 0.1554687523166649 0.420833355281502 0.16093750239815563 0.15937500237487257
0 0.3476562551804818 0.6750000352039933 0.15468750230502337 0.1531250022817403
0 0.9000000134110451 0.8770833790767938 0.16562500246800482 0.15937500237487257
0 0.3593750053551048 0.10833333898335695 0.15000000223517418 0.1312500019557774
1 0.44062500656582415 0.4010416875826195 0.3343750049825758 0.3296875049127266
0 0.13984375208383426 0.8708333787508309 0.1578125023515895 0.1531250022817403
0 0.0945312514086254 0.6916667027398944 0.15156250225845724 0.15000000223517418
0 0.9140625136205927 0.5281250275438651 0.17187500256113708 0.14531250216532499
0 0.5453125081257895 0.642708366853185 0.15937500237487257 0.18593750277068466
0 0.6875000102445483 0.2031250105937943 0.15625000232830644 0.18281250272411853
0 0.2015625030035153 0.12083333963528275 0.15625000232830644 0.14687500218860805
0 0.6898437602794729 0.6437500335741788 0.1796875026775524 0.1406250020954758
0 0.0945312514086254 0.27604168106336147 0.1578125023515895 0.15468750230502337
0 0.1554687523166649 0.420833355281502 0.16093750239815563 0.15937500237487257
0 0.3476562551804818 0.6750000352039933 0.15468750230502337 0.1531250022817403
0 0.9000000134110451 0.8770833790767938 0.16562500246800482 0.15937500237487257
0 0.3593750053551048 0.10833333898335695 0.15000000223517418 0.1312500019557774
1 0.44062500656582415 0.4010416875826195 0.3343750049825758 0.3296875049127266
0 0.13984375208383426 0.8708333787508309 0.1578125023515895 0.1531250022817403
0 0.0945312514086254 0.6916667027398944 0.15156250225845724 0.15000000223517418
0 0.9140625136205927 0.5281250275438651 0.17187500256113708 0.14531250216532499
0 0.5453125081257895 0.642708366853185 0.15937500237487257 0.18593750277068466
0 0.6875000102445483 0.2031250105937943 0.15625000232830644 0.18281250272411853
0 0.2015625030035153 0.12083333963528275 0.15625000232830644 0.14687500218860805
0 0.6898437602794729 0.6437500335741788 0.1796875026775524 0.1406250020954758
0 0.0945312514086254 0.27604168106336147 0.1578125023515895 0.15468750230502337
0 0.1554687523166649 0.420833355281502 0.16093750239815563 0.15937500237487257
0 0.3476562551804818 0.6750000352039933 0.15468750230502337 0.1531250022817403
0 0.9000000134110451 0.8770833790767938 0.16562500246800482 0.15937500237487257
0 0.3593750053551048 0.10833333898335695 0.15000000223517418 0.1312500019557774
1 0.44062500656582415 0.4010416875826195 0.3343750049825758 0.3296875049127266
0 0.13984375208383426 0.8708333787508309 0.1578125023515895 0.1531250022817403
0 0.0945312514086254 0.6916667027398944 0.15156250225845724 0.15000000223517418
0 0.9140625136205927 0.5281250275438651 0.17187500256113708 0.14531250216532499
0 0.5453125081257895 0.642708366853185 0.15937500237487257 0.18593750277068466
0 0.6875000102445483 0.2031250105937943 0.15625000232830644 0.18281250272411853
0 0.2015625030035153 0.12083333963528275 0.15625000232830644 0.14687500218860805
0 0.6898437602794729 0.6437500335741788 0.1796875026775524 0.1406250020954758
0 0.0945312514086254 0.27604168106336147 0.1578125023515895 0.15468750230502337
0 0.1554687523166649 0.420833355281502 0.16093750239815563 0.15937500237487257
0 0.3476562551804818 0.6750000352039933 0.15468750230502337 0.1531250022817403
0 0.9000000134110451 0.8770833790767938 0.16562500246800482 0.15937500237487257
0 0.3593750053551048 0.10833333898335695 0.15000000223517418 0.1312500019557774
1 0.44062500656582415 0.4010416875826195 0.3343750049825758 0.3296875049127266
0 0.13984375208383426 0.8708333787508309 0.1578125023515895 0.1531250022817403
0 0.0945312514086254 0.6916667027398944 0.15156250225845724 0.15000000223517418
0 0.9140625136205927 0.5281250275438651 0.17187500256113708 0.14531250216532499
0 0.5453125081257895 0.642708366853185 0.15937500237487257 0.18593750277068466
0 0.6875000102445483 0.2031250105937943 0.15625000232830644 0.18281250272411853
0 0.2015625030035153 0.12083333963528275 0.15625000232830644 0.14687500218860805
0 0.6898437602794729 0.6437500335741788 0.1796875026775524 0.1406250020954758
0 0.0945312514086254 0.27604168106336147 0.1578125023515895 0.15468750230502337
0 0.1554687523166649 0.420833355281502 0.16093750239815563 0.15937500237487257
0 0.3476562551804818 0.6750000352039933 0.15468750230502337 0.1531250022817403
0 0.9000000134110451 0.8770833790767938 0.16562500246800482 0.15937500237487257
0 0.3593750053551048 0.10833333898335695 0.15000000223517418 0.1312500019557774
1 0.44062500656582415 0.4010416875826195 0.3343750049825758 0.3296875049127266
0 0.13984375208383426 0.8708333787508309 0.1578125023515895 0.1531250022817403
0 0.0945312514086254 0.6916667027398944 0.15156250225845724 0.15000000223517418
0 0.9140625136205927 0.5281250275438651 0.17187500256113708 0.14531250216532499
0 0.5453125081257895 0.642708366853185 0.15937500237487257 0.18593750277068466
0 0.6875000102445483 0.2031250105937943 0.15625000232830644 0.18281250272411853
0 0.2015625030035153 0.12083333963528275 0.15625000232830644 0.14687500218860805
0 0.6898437602794729 0.6437500335741788 0.1796875026775524 0.1406250020954758
0 0.0945312514086254 0.27604168106336147 0.1578125023515895 0.15468750230502337
0 0.1554687523166649 0.420833355281502 0.16093750239815563 0.15937500237487257
0 0.3476562551804818 0.6750000352039933 0.15468750230502337 0.1531250022817403
0 0.9000000134110451 0.8770833790767938 0.16562500246800482 0.15937500237487257
0 0.3593750053551048 0.10833333898335695 0.15000000223517418 0.1312500019557774
1 0.44062500656582415 0.4010416875826195 0.3343750049825758 0.3296875049127266
0 0.13984374701976776 0.8708333969116211 0.15781250596046448 0.15312500298023224
0 0.09453125298023224 0.6916667222976685 0.15156249701976776 0.15000000596046448
0 0.9140625 0.5281250476837158 0.171875 0.14531250298023224
0 0.5453125238418579 0.6427083611488342 0.15937499701976776 0.18593750894069672
0 0.6875 0.2031250149011612 0.15625 0.18281249701976776
0 0.20156250894069672 0.12083333730697632 0.15625 0.14687500894069672
0 0.6898437738418579 0.643750011920929 0.1796875 0.140625
0 0.09453125298023224 0.2760416865348816 0.15781250596046448 0.15468750894069672
0 0.15546874701976776 0.4208333492279053 0.16093750298023224 0.15937499701976776
0 0.34765625 0.675000011920929 0.15468750894069672 0.15312500298023224
0 0.9000000357627869 0.8770833611488342 0.16562500596046448 0.15937499701976776
0 0.359375 0.10833334177732468 0.15000000596046448 0.13125000894069672
1 0.44062501192092896 0.4010416865348816 0.3343749940395355 0.3296875059604645
0 0.13984374701976776 0.8708333969116211 0.15781250596046448 0.15312500298023224
0 0.09453125298023224 0.6916667222976685 0.15156249701976776 0.15000000596046448
0 0.9140625 0.5281250476837158 0.171875 0.14531250298023224
0 0.5453125238418579 0.6427083611488342 0.15937499701976776 0.18593750894069672
0 0.6875 0.2031250149011612 0.15625 0.18281249701976776
0 0.20156250894069672 0.12083333730697632 0.15625 0.14687500894069672
0 0.6898437738418579 0.643750011920929 0.1796875 0.140625
0 0.09453125298023224 0.2760416865348816 0.15781250596046448 0.15468750894069672
0 0.15546874701976776 0.4208333492279053 0.16093750298023224 0.15937499701976776
0 0.34765625 0.675000011920929 0.15468750894069672 0.15312500298023224
0 0.9000000357627869 0.8770833611488342 0.16562500596046448 0.15937499701976776
0 0.359375 0.10833334177732468 0.15000000596046448 0.13125000894069672
1 0.44062501192092896 0.4010416865348816 0.3343749940395355 0.3296875059604645
0 0.13984374701976776 0.8708333969116211 0.15781250596046448 0.15312500298023224
0 0.09453125298023224 0.6916667222976685 0.15156249701976776 0.15000000596046448
0 0.9140625 0.5281250476837158 0.171875 0.14531250298023224
0 0.5453125238418579 0.6427083611488342 0.15937499701976776 0.18593750894069672
0 0.6875 0.2031250149011612 0.15625 0.18281249701976776
0 0.20156250894069672 0.12083333730697632 0.15625 0.14687500894069672
0 0.6898437738418579 0.643750011920929 0.1796875 0.140625
0 0.09453125298023224 0.2760416865348816 0.15781250596046448 0.15468750894069672
0 0.15546874701976776 0.4208333492279053 0.16093750298023224 0.15937499701976776
0 0.34765625 0.675000011920929 0.15468750894069672 0.15312500298023224
0 0.9000000357627869 0.8770833611488342 0.16562500596046448 0.15937499701976776
0 0.359375 0.10833334177732468 0.15000000596046448 0.13125000894069672
1 0.44062501192092896 0.4010416865348816 0.3343749940395355 0.3296875059604645
0 0.13984374701976776 0.8708333969116211 0.15781250596046448 0.15312500298023224
0 0.09453125298023224 0.6916667222976685 0.15156249701976776 0.15000000596046448
0 0.9140625 0.5281250476837158 0.171875 0.14531250298023224
0 0.5453125238418579 0.6427083611488342 0.15937499701976776 0.18593750894069672
0 0.6875 0.2031250149011612 0.15625 0.18281249701976776
0 0.20156250894069672 0.12083333730697632 0.15625 0.14687500894069672
0 0.6898437738418579 0.643750011920929 0.1796875 0.140625
0 0.09453125298023224 0.2760416865348816 0.15781250596046448 0.15468750894069672
0 0.15546874701976776 0.4208333492279053 0.16093750298023224 0.15937499701976776
0 0.34765625 0.675000011920929 0.15468750894069672 0.15312500298023224
0 0.9000000357627869 0.8770833611488342 0.16562500596046448 0.15937499701976776
0 0.359375 0.10833334177732468 0.15000000596046448 0.13125000894069672
1 0.44062501192092896 0.4010416865348816 0.3343749940395355 0.3296875059604645
0 0.13984374701976776 0.8708333969116211 0.15781250596046448 0.15312500298023224
0 0.09453125298023224 0.6916667222976685 0.15156249701976776 0.15000000596046448
0 0.9140625 0.5281250476837158 0.171875 0.14531250298023224
0 0.5453125238418579 0.6427083611488342 0.15937499701976776 0.18593750894069672
0 0.6875 0.2031250149011612 0.15625 0.18281249701976776
0 0.20156250894069672 0.12083333730697632 0.15625 0.14687500894069672
0 0.6898437738418579 0.643750011920929 0.1796875 0.140625
0 0.09453125298023224 0.2760416865348816 0.15781250596046448 0.15468750894069672
0 0.15546874701976776 0.4208333492279053 0.16093750298023224 0.15937499701976776
0 0.34765625 0.675000011920929 0.15468750894069672 0.15312500298023224
0 0.9000000357627869 0.8770833611488342 0.16562500596046448 0.15937499701976776
0 0.359375 0.10833334177732468 0.15000000596046448 0.13125000894069672
1 0.44062501192092896 0.4010416865348816 0.3343749940395355 0.3296875059604645
0 0.13984374701976776 0.8708333969116211 0.15781250596046448 0.15312500298023224
0 0.09453125298023224 0.6916667222976685 0.15156249701976776 0.15000000596046448
0 0.9140625 0.5281250476837158 0.171875 0.14531250298023224
0 0.5453125238418579 0.6427083611488342 0.15937499701976776 0.18593750894069672
0 0.6875 0.2031250149011612 0.15625 0.18281249701976776
0 0.20156250894069672 0.12083333730697632 0.15625 0.14687500894069672
0 0.6898437738418579 0.643750011920929 0.1796875 0.140625
0 0.09453125298023224 0.2760416865348816 0.15781250596046448 0.15468750894069672
0 0.15546874701976776 0.4208333492279053 0.16093750298023224 0.15937499701976776
0 0.34765625 0.675000011920929 0.15468750894069672 0.15312500298023224
0 0.9000000357627869 0.8770833611488342 0.16562500596046448 0.15937499701976776
0 0.359375 0.10833334177732468 0.15000000596046448 0.13125000894069672
1 0.44062501192092896 0.4010416865348816 0.3343749940395355 0.3296875059604645
0 0.13984374701976776 0.8708333969116211 0.15781250596046448 0.15312500298023224
0 0.09453125298023224 0.6916667222976685 0.15156249701976776 0.15000000596046448
0 0.9140625 0.5281250476837158 0.171875 0.14531250298023224
0 0.5453125238418579 0.6427083611488342 0.15937499701976776 0.18593750894069672
0 0.6875 0.2031250149011612 0.15625 0.18281249701976776
0 0.20156250894069672 0.12083333730697632 0.15625 0.14687500894069672
0 0.6898437738418579 0.643750011920929 0.1796875 0.140625
0 0.09453125298023224 0.2760416865348816 0.15781250596046448 0.15468750894069672
0 0.15546874701976776 0.4208333492279053 0.16093750298023224 0.15937499701976776
0 0.34765625 0.675000011920929 0.15468750894069672 0.15312500298023224
0 0.9000000357627869 0.8770833611488342 0.16562500596046448 0.15937499701976776
0 0.359375 0.10833334177732468 0.15000000596046448 0.13125000894069672
1 0.44062501192092896 0.4010416865348816 0.3343749940395355 0.3296875059604645
