0 0.30937500461004674 0.7322917048586532 0.1406250020954758 0.13281250197906047
0 0.2773437541327439 0.9177083811955526 0.14531250216532499 0.12343750183936208
0 0.6726562600233592 0.48020835837814957 0.1671875024912879 0.17031250253785402
0 0.8289062623516656 0.6625000345520675 0.13906250207219273 0.13750000204890966
0 0.7421875110594556 0.07812500407453626 0.12812500190921128 0.1140625016996637
0 0.838281262491364 0.21770834468770772 0.17343750258442014 0.15468750230502337
0 0.21406250318977982 0.33750001760199666 0.14687500218860805 0.13750000204890966
0 0.5062500075437129 0.3822916866047308 0.15625000232830644 0.14531250216532499
0 0.8828125131549314 0.05312500277068466 0.15625000232830644 0.07656250114087015
0 0.9382812639814802 0.3781250197207555 0.12343750183936208 0.15468750230502337
0 0.960156264307443 0.7208333709277213 0.07968750118743628 0.1312500019557774
0 0.910156263562385 0.9083333807066083 0.17343750258442014 0.13750000204890966
0 0.522656257788185 0.13750000717118382 0.19843750295694917 0.15000000223517418
1 0.4710937570198439 0.8458333774469793 0.2109375031432137 0.23125000344589353
1 0.4734375070547685 0.6614583678310737 0.0656250009778887 0.06718750100117177
0 0.30937500461004674 0.7322917048586532 0.1406250020954758 0.13281250197906047
0 0.2773437541327439 0.9177083811955526 0.14531250216532499 0.12343750183936208
0 0.6726562600233592 0.48020835837814957 0.1671875024912879 0.17031250253785402
0 0.8289062623516656 0.6625000345520675 0.13906250207219273 0.13750000204890966
0 0.7421875110594556 0.07812500407453626 0.12812500190921128 0.1140625016996637
0 0.838281262491364 0.21770834468770772 0.17343750258442014 0.15468750230502337
0 0.21406250318977982 0.33750001760199666 0.14687500218860805 0.13750000204890966
0 0.5062500075437129 0.3822916866047308 0.15625000232830644 0.14531250216532499
0 0.8828125131549314 0.05312500277068466 0.15625000232830644 0.07656250114087015
0 0.9382812639814802 0.3781250197207555 0.12343750183936208 0.15468750230502337
0 0.960156264307443 0.7208333709277213 0.07968750118743628 0.1312500019557774
0 0.910156263562385 0.9083333807066083 0.17343750258442014 0.13750000204890966
0 0.522656257788185 0.13750000717118382 0.19843750295694917 0.15000000223517418
1 0.4710937570198439 0.8458333774469793 0.2109375031432137 0.23125000344589353
1 0.4734375070547685 0.6614583678310737 0.0656250009778887 0.06718750100117177
0 0.30937500461004674 0.7322917048586532 0.1406250020954758 0.13281250197906047
0 0.2773437541327439 0.9177083811955526 0.14531250216532499 0.12343750183936208
0 0.6726562600233592 0.48020835837814957 0.1671875024912879 0.17031250253785402
0 0.8289062623516656 0.6625000345520675 0.13906250207219273 0.13750000204890966
0 0.7421875110594556 0.07812500407453626 0.12812500190921128 0.1140625016996637
0 0.838281262491364 0.21770834468770772 0.17343750258442014 0.15468750230502337
0 0.21406250318977982 0.33750001760199666 0.14687500218860805 0.13750000204890966
0 0.5062500075437129 0.3822916866047308 0.15625000232830644 0.14531250216532499
0 0.8828125131549314 0.05312500277068466 0.15625000232830644 0.07656250114087015
0 0.9382812639814802 0.3781250197207555 0.12343750183936208 0.15468750230502337
0 0.960156264307443 0.7208333709277213 0.07968750118743628 0.1312500019557774
0 0.910156263562385 0.9083333807066083 0.17343750258442014 0.13750000204890966
0 0.522656257788185 0.13750000717118382 0.19843750295694917 0.15000000223517418
1 0.4710937570198439 0.8458333774469793 0.2109375031432137 0.23125000344589353
1 0.4734375070547685 0.6614583678310737 0.0656250009778887 0.06718750100117177
0 0.30937500461004674 0.7322917048586532 0.1406250020954758 0.13281250197906047
0 0.2773437541327439 0.9177083811955526 0.14531250216532499 0.12343750183936208
0 0.6726562600233592 0.48020835837814957 0.1671875024912879 0.17031250253785402
0 0.8289062623516656 0.6625000345520675 0.13906250207219273 0.13750000204890966
0 0.7421875110594556 0.07812500407453626 0.12812500190921128 0.1140625016996637
0 0.838281262491364 0.21770834468770772 0.17343750258442014 0.15468750230502337
0 0.21406250318977982 0.33750001760199666 0.14687500218860805 0.13750000204890966
0 0.5062500075437129 0.3822916866047308 0.15625000232830644 0.14531250216532499
0 0.8828125131549314 0.05312500277068466 0.15625000232830644 0.07656250114087015
0 0.9382812639814802 0.3781250197207555 0.12343750183936208 0.15468750230502337
0 0.960156264307443 0.7208333709277213 0.07968750118743628 0.1312500019557774
0 0.910156263562385 0.9083333807066083 0.17343750258442014 0.13750000204890966
0 0.522656257788185 0.13750000717118382 0.19843750295694917 0.15000000223517418
1 0.4710937570198439 0.8458333774469793 0.2109375031432137 0.23125000344589353
1 0.4734375070547685 0.6614583678310737 0.0656250009778887 0.06718750100117177
0 0.30937500461004674 0.7322917048586532 0.1406250020954758 0.13281250197906047
0 0.2773437541327439 0.9177083811955526 0.14531250216532499 0.12343750183936208
0 0.6726562600233592 0.48020835837814957 0.1671875024912879 0.17031250253785402
0 0.8289062623516656 0.6625000345520675 0.13906250207219273 0.13750000204890966
0 0.7421875110594556 0.07812500407453626 0.12812500190921128 0.1140625016996637
0 0.838281262491364 0.21770834468770772 0.17343750258442014 0.15468750230502337
0 0.21406250318977982 0.33750001760199666 0.14687500218860805 0.13750000204890966
0 0.5062500075437129 0.3822916866047308 0.15625000232830644 0.14531250216532499
0 0.8828125131549314 0.05312500277068466 0.15625000232830644 0.07656250114087015
0 0.9382812639814802 0.3781250197207555 0.12343750183936208 0.15468750230502337
0 0.960156264307443 0.7208333709277213 0.07968750118743628 0.1312500019557774
0 0.910156263562385 0.9083333807066083 0.17343750258442014 0.13750000204890966
0 0.522656257788185 0.13750000717118382 0.19843750295694917 0.15000000223517418
1 0.4710937570198439 0.8458333774469793 0.2109375031432137 0.23125000344589353
1 0.4734375070547685 0.6614583678310737 0.0656250009778887 0.06718750100117177
0 0.30937500461004674 0.7322917048586532 0.1406250020954758 0.13281250197906047
0 0.2773437541327439 0.9177083811955526 0.14531250216532499 0.12343750183936208
0 0.6726562600233592 0.48020835837814957 0.1671875024912879 0.17031250253785402
0 0.8289062623516656 0.6625000345520675 0.13906250207219273 0.13750000204890966
0 0.7421875110594556 0.07812500407453626 0.12812500190921128 0.1140625016996637
0 0.838281262491364 0.21770834468770772 0.17343750258442014 0.15468750230502337
0 0.21406250318977982 0.33750001760199666 0.14687500218860805 0.13750000204890966
0 0.5062500075437129 0.3822916866047308 0.15625000232830644 0.14531250216532499
0 0.8828125131549314 0.05312500277068466 0.15625000232830644 0.07656250114087015
0 0.9382812639814802 0.3781250197207555 0.12343750183936208 0.15468750230502337
0 0.960156264307443 0.7208333709277213 0.07968750118743628 0.1312500019557774
0 0.910156263562385 0.9083333807066083 0.17343750258442014 0.13750000204890966
0 0.522656257788185 0.13750000717118382 0.19843750295694917 0.15000000223517418
1 0.4710937570198439 0.8458333774469793 0.2109375031432137 0.23125000344589353
1 0.4734375070547685 0.6614583678310737 0.0656250009778887 0.06718750100117177
0 0.30937500461004674 0.7322917048586532 0.1406250020954758 0.13281250197906047
0 0.2773437541327439 0.9177083811955526 0.14531250216532499 0.12343750183936208
0 0.6726562600233592 0.48020835837814957 0.1671875024912879 0.17031250253785402
0 0.8289062623516656 0.6625000345520675 0.13906250207219273 0.13750000204890966
0 0.7421875110594556 0.07812500407453626 0.12812500190921128 0.1140625016996637
0 0.838281262491364 0.21770834468770772 0.17343750258442014 0.15468750230502337
0 0.21406250318977982 0.33750001760199666 0.14687500218860805 0.13750000204890966
0 0.5062500075437129 0.3822916866047308 0.15625000232830644 0.14531250216532499
0 0.8828125131549314 0.05312500277068466 0.15625000232830644 0.07656250114087015
0 0.9382812639814802 0.3781250197207555 0.12343750183936208 0.15468750230502337
0 0.960156264307443 0.7208333709277213 0.07968750118743628 0.1312500019557774
0 0.910156263562385 0.9083333807066083 0.17343750258442014 0.13750000204890966
0 0.522656257788185 0.13750000717118382 0.19843750295694917 0.15000000223517418
1 0.4710937570198439 0.8458333774469793 0.2109375031432137 0.23125000344589353
1 0.4734375070547685 0.6614583678310737 0.0656250009778887 0.06718750100117177
0 0.30937500461004674 0.7322917048586532 0.1406250020954758 0.13281250197906047
0 0.2773437541327439 0.9177083811955526 0.14531250216532499 0.12343750183936208
0 0.6726562600233592 0.48020835837814957 0.1671875024912879 0.17031250253785402
0 0.8289062623516656 0.6625000345520675 0.13906250207219273 0.13750000204890966
0 0.7421875110594556 0.07812500407453626 0.12812500190921128 0.1140625016996637
0 0.838281262491364 0.21770834468770772 0.17343750258442014 0.15468750230502337
0 0.21406250318977982 0.33750001760199666 0.14687500218860805 0.13750000204890966
0 0.5062500075437129 0.3822916866047308 0.15625000232830644 0.14531250216532499
0 0.8828125131549314 0.05312500277068466 0.15625000232830644 0.07656250114087015
0 0.9382812639814802 0.3781250197207555 0.12343750183936208 0.15468750230502337
0 0.960156264307443 0.7208333709277213 0.07968750118743628 0.1312500019557774
0 0.910156263562385 0.9083333807066083 0.17343750258442014 0.13750000204890966
0 0.522656257788185 0.13750000717118382 0.19843750295694917 0.15000000223517418
1 0.4710937570198439 0.8458333774469793 0.2109375031432137 0.23125000344589353
1 0.4734375070547685 0.6614583678310737 0.0656250009778887 0.06718750100117177
0 0.30937500461004674 0.7322917048586532 0.1406250020954758 0.13281250197906047
0 0.2773437541327439 0.9177083811955526 0.14531250216532499 0.12343750183936208
0 0.6726562600233592 0.48020835837814957 0.1671875024912879 0.17031250253785402
0 0.8289062623516656 0.6625000345520675 0.13906250207219273 0.13750000204890966
0 0.7421875110594556 0.07812500407453626 0.12812500190921128 0.1140625016996637
0 0.838281262491364 0.21770834468770772 0.17343750258442014 0.15468750230502337
0 0.21406250318977982 0.33750001760199666 0.14687500218860805 0.13750000204890966
0 0.5062500075437129 0.3822916866047308 0.15625000232830644 0.14531250216532499
0 0.8828125131549314 0.05312500277068466 0.15625000232830644 0.07656250114087015
0 0.9382812639814802 0.3781250197207555 0.12343750183936208 0.15468750230502337
0 0.960156264307443 0.7208333709277213 0.07968750118743628 0.1312500019557774
0 0.910156263562385 0.9083333807066083 0.17343750258442014 0.13750000204890966
0 0.522656257788185 0.13750000717118382 0.19843750295694917 0.15000000223517418
1 0.4710937570198439 0.8458333774469793 0.2109375031432137 0.23125000344589353
1 0.4734375070547685 0.6614583678310737 0.0656250009778887 0.06718750100117177
0 0.30937500461004674 0.7322917048586532 0.1406250020954758 0.13281250197906047
0 0.2773437541327439 0.9177083811955526 0.14531250216532499 0.12343750183936208
0 0.6726562600233592 0.48020835837814957 0.1671875024912879 0.17031250253785402
0 0.8289062623516656 0.6625000345520675 0.13906250207219273 0.13750000204890966
0 0.7421875110594556 0.07812500407453626 0.12812500190921128 0.1140625016996637
0 0.838281262491364 0.21770834468770772 0.17343750258442014 0.15468750230502337
0 0.21406250318977982 0.33750001760199666 0.14687500218860805 0.13750000204890966
0 0.5062500075437129 0.3822916866047308 0.15625000232830644 0.14531250216532499
0 0.8828125131549314 0.05312500277068466 0.15625000232830644 0.07656250114087015
0 0.9382812639814802 0.3781250197207555 0.12343750183936208 0.15468750230502337
0 0.960156264307443 0.7208333709277213 0.07968750118743628 0.1312500019557774
0 0.910156263562385 0.9083333807066083 0.17343750258442014 0.13750000204890966
0 0.522656257788185 0.13750000717118382 0.19843750295694917 0.15000000223517418
1 0.4710937570198439 0.8458333774469793 0.2109375031432137 0.23125000344589353
1 0.4734375070547685 0.6614583678310737 0.0656250009778887 0.06718750100117177
0 0.30937500461004674 0.7322917048586532 0.1406250020954758 0.13281250197906047
0 0.2773437541327439 0.9177083811955526 0.14531250216532499 0.12343750183936208
0 0.6726562600233592 0.48020835837814957 0.1671875024912879 0.17031250253785402
0 0.8289062623516656 0.6625000345520675 0.13906250207219273 0.13750000204890966
0 0.7421875110594556 0.07812500407453626 0.12812500190921128 0.1140625016996637
0 0.838281262491364 0.21770834468770772 0.17343750258442014 0.15468750230502337
0 0.21406250318977982 0.33750001760199666 0.14687500218860805 0.13750000204890966
0 0.5062500075437129 0.3822916866047308 0.15625000232830644 0.14531250216532499
0 0.8828125131549314 0.05312500277068466 0.15625000232830644 0.07656250114087015
0 0.9382812639814802 0.3781250197207555 0.12343750183936208 0.15468750230502337
0 0.960156264307443 0.7208333709277213 0.07968750118743628 0.1312500019557774
0 0.910156263562385 0.9083333807066083 0.17343750258442014 0.13750000204890966
0 0.522656257788185 0.13750000717118382 0.19843750295694917 0.15000000223517418
1 0.4710937570198439 0.8458333774469793 0.2109375031432137 0.23125000344589353
1 0.4734375070547685 0.6614583678310737 0.0656250009778887 0.06718750100117177
0 0.30937500461004674 0.7322917048586532 0.1406250020954758 0.13281250197906047
0 0.2773437541327439 0.9177083811955526 0.14531250216532499 0.12343750183936208
0 0.6726562600233592 0.48020835837814957 0.1671875024912879 0.17031250253785402
0 0.8289062623516656 0.6625000345520675 0.13906250207219273 0.13750000204890966
0 0.7421875110594556 0.07812500407453626 0.12812500190921128 0.1140625016996637
0 0.838281262491364 0.21770834468770772 0.17343750258442014 0.15468750230502337
0 0.21406250318977982 0.33750001760199666 0.14687500218860805 0.13750000204890966
0 0.5062500075437129 0.3822916866047308 0.15625000232830644 0.14531250216532499
0 0.8828125131549314 0.05312500277068466 0.15625000232830644 0.07656250114087015
0 0.9382812639814802 0.3781250197207555 0.12343750183936208 0.15468750230502337
0 0.960156264307443 0.7208333709277213 0.07968750118743628 0.1312500019557774
0 0.910156263562385 0.9083333807066083 0.17343750258442014 0.13750000204890966
0 0.522656257788185 0.13750000717118382 0.19843750295694917 0.15000000223517418
1 0.4710937570198439 0.8458333774469793 0.2109375031432137 0.23125000344589353
1 0.4734375070547685 0.6614583678310737 0.0656250009778887 0.06718750100117177
0 0.30937500461004674 0.7322917048586532 0.1406250020954758 0.13281250197906047
0 0.2773437541327439 0.9177083811955526 0.14531250216532499 0.12343750183936208
0 0.6726562600233592 0.48020835837814957 0.1671875024912879 0.17031250253785402
0 0.8289062623516656 0.6625000345520675 0.13906250207219273 0.13750000204890966
0 0.7421875110594556 0.07812500407453626 0.12812500190921128 0.1140625016996637
0 0.838281262491364 0.21770834468770772 0.17343750258442014 0.15468750230502337
0 0.21406250318977982 0.33750001760199666 0.14687500218860805 0.13750000204890966
0 0.5062500075437129 0.3822916866047308 0.15625000232830644 0.14531250216532499
0 0.8828125131549314 0.05312500277068466 0.15625000232830644 0.07656250114087015
0 0.9382812639814802 0.3781250197207555 0.12343750183936208 0.15468750230502337
0 0.960156264307443 0.7208333709277213 0.07968750118743628 0.1312500019557774
0 0.910156263562385 0.9083333807066083 0.17343750258442014 0.13750000204890966
0 0.522656257788185 0.13750000717118382 0.19843750295694917 0.15000000223517418
1 0.4710937570198439 0.8458333774469793 0.2109375031432137 0.23125000344589353
1 0.4734375070547685 0.6614583678310737 0.0656250009778887 0.06718750100117177
0 0.30937500461004674 0.7322917048586532 0.1406250020954758 0.13281250197906047
0 0.2773437541327439 0.9177083811955526 0.14531250216532499 0.12343750183936208
0 0.6726562600233592 0.48020835837814957 0.1671875024912879 0.17031250253785402
0 0.8289062623516656 0.6625000345520675 0.13906250207219273 0.13750000204890966
0 0.7421875110594556 0.07812500407453626 0.12812500190921128 0.1140625016996637
0 0.838281262491364 0.21770834468770772 0.17343750258442014 0.15468750230502337
0 0.21406250318977982 0.33750001760199666 0.14687500218860805 0.13750000204890966
0 0.5062500075437129 0.3822916866047308 0.15625000232830644 0.14531250216532499
0 0.8828125131549314 0.05312500277068466 0.15625000232830644 0.07656250114087015
0 0.9382812639814802 0.3781250197207555 0.12343750183936208 0.15468750230502337
0 0.960156264307443 0.7208333709277213 0.07968750118743628 0.1312500019557774
0 0.910156263562385 0.9083333807066083 0.17343750258442014 0.13750000204890966
0 0.522656257788185 0.13750000717118382 0.19843750295694917 0.15000000223517418
1 0.4710937570198439 0.8458333774469793 0.2109375031432137 0.23125000344589353
2 0.4734375070547685 0.6614583678310737 0.0656250009778887 0.06718750100117177
0 0.30937500461004674 0.7322917048586532 0.1406250020954758 0.13281250197906047
0 0.2773437541327439 0.9177083811955526 0.14531250216532499 0.12343750183936208
0 0.6726562600233592 0.48020835837814957 0.1671875024912879 0.17031250253785402
0 0.8289062623516656 0.6625000345520675 0.13906250207219273 0.13750000204890966
0 0.7421875110594556 0.07812500407453626 0.12812500190921128 0.1140625016996637
0 0.838281262491364 0.21770834468770772 0.17343750258442014 0.15468750230502337
0 0.21406250318977982 0.33750001760199666 0.14687500218860805 0.13750000204890966
0 0.5062500075437129 0.3822916866047308 0.15625000232830644 0.14531250216532499
0 0.8828125131549314 0.05312500277068466 0.15625000232830644 0.07656250114087015
0 0.9382812639814802 0.3781250197207555 0.12343750183936208 0.15468750230502337
0 0.960156264307443 0.7208333709277213 0.07968750118743628 0.1312500019557774
0 0.910156263562385 0.9083333807066083 0.17343750258442014 0.13750000204890966
0 0.522656257788185 0.13750000717118382 0.19843750295694917 0.15000000223517418
1 0.4710937570198439 0.8458333774469793 0.2109375031432137 0.23125000344589353
2 0.4734375070547685 0.6614583678310737 0.0656250009778887 0.06718750100117177
0 0.30937501788139343 0.7322916984558105 0.140625 0.1328125
0 0.27734375 0.9177083969116211 0.14531250298023224 0.12343750149011612
0 0.672656238079071 0.4802083671092987 0.16718749701976776 0.17031250894069672
0 0.828906238079071 0.6625000238418579 0.13906250894069672 0.13750000298023224
0 0.7421875 0.0781250074505806 0.12812499701976776 0.11406250298023224
0 0.8382812738418579 0.21770834922790527 0.17343750596046448 0.15468750894069672
0 0.21406249701976776 0.3375000059604645 0.14687500894069672 0.13750000298023224
0 0.5062500238418579 0.38229167461395264 0.15625 0.14531250298023224
0 0.8828125 0.05312500149011612 0.15625 0.07656250149011612
0 0.938281238079071 0.37812501192092896 0.12343750149011612 0.15468750894069672
0 0.960156261920929 0.7208333611488342 0.07968749850988388 0.13125000894069672
0 0.91015625 0.9083333611488342 0.17343750596046448 0.13750000298023224
0 0.522656261920929 0.13750000298023224 0.19843749701976776 0.15000000596046448
1 0.4710937440395355 0.8458333611488342 0.2109375 0.23125000298023224
2 0.47343751788139343 0.6614583730697632 0.06562500447034836 0.06718750298023224
0 0.30937501788139343 0.7322916984558105 0.140625 0.1328125
0 0.27734375 0.9177083969116211 0.14531250298023224 0.12343750149011612
0 0.672656238079071 0.4802083671092987 0.16718749701976776 0.17031250894069672
0 0.828906238079071 0.6625000238418579 0.13906250894069672 0.13750000298023224
0 0.7421875 0.0781250074505806 0.12812499701976776 0.11406250298023224
0 0.8382812738418579 0.21770834922790527 0.17343750596046448 0.15468750894069672
0 0.21406249701976776 0.3375000059604645 0.14687500894069672 0.13750000298023224
0 0.5062500238418579 0.38229167461395264 0.15625 0.14531250298023224
0 0.8828125 0.05312500149011612 0.15625 0.07656250149011612
0 0.938281238079071 0.37812501192092896 0.12343750149011612 0.15468750894069672
0 0.960156261920929 0.7208333611488342 0.07968749850988388 0.13125000894069672
0 0.91015625 0.9083333611488342 0.17343750596046448 0.13750000298023224
0 0.522656261920929 0.13750000298023224 0.19843749701976776 0.15000000596046448
1 0.4710937440395355 0.8458333611488342 0.2109375 0.23125000298023224
2 0.47343751788139343 0.6614583730697632 0.06562500447034836 0.06718750298023224
0 0.30937501788139343 0.7322916984558105 0.140625 0.1328125
0 0.27734375 0.9177083969116211 0.14531250298023224 0.12343750149011612
0 0.672656238079071 0.4802083671092987 0.16718749701976776 0.17031250894069672
0 0.828906238079071 0.6625000238418579 0.13906250894069672 0.13750000298023224
0 0.7421875 0.0781250074505806 0.12812499701976776 0.11406250298023224
0 0.8382812738418579 0.21770834922790527 0.17343750596046448 0.15468750894069672
0 0.21406249701976776 0.3375000059604645 0.14687500894069672 0.13750000298023224
0 0.5062500238418579 0.38229167461395264 0.15625 0.14531250298023224
0 0.8828125 0.05312500149011612 0.15625 0.07656250149011612
0 0.938281238079071 0.37812501192092896 0.12343750149011612 0.15468750894069672
0 0.960156261920929 0.7208333611488342 0.07968749850988388 0.13125000894069672
0 0.91015625 0.9083333611488342 0.17343750596046448 0.13750000298023224
0 0.522656261920929 0.13750000298023224 0.19843749701976776 0.15000000596046448
1 0.4710937440395355 0.8458333611488342 0.2109375 0.23125000298023224
2 0.47343751788139343 0.6614583730697632 0.06562500447034836 0.06718750298023224
0 0.30937501788139343 0.7322916984558105 0.140625 0.1328125
0 0.27734375 0.9177083969116211 0.14531250298023224 0.12343750149011612
0 0.672656238079071 0.4802083671092987 0.16718749701976776 0.17031250894069672
0 0.828906238079071 0.6625000238418579 0.13906250894069672 0.13750000298023224
0 0.7421875 0.0781250074505806 0.12812499701976776 0.11406250298023224
0 0.8382812738418579 0.21770834922790527 0.17343750596046448 0.15468750894069672
0 0.21406249701976776 0.3375000059604645 0.14687500894069672 0.13750000298023224
0 0.5062500238418579 0.38229167461395264 0.15625 0.14531250298023224
0 0.8828125 0.05312500149011612 0.15625 0.07656250149011612
0 0.938281238079071 0.37812501192092896 0.12343750149011612 0.15468750894069672
0 0.960156261920929 0.7208333611488342 0.07968749850988388 0.13125000894069672
0 0.91015625 0.9083333611488342 0.17343750596046448 0.13750000298023224
0 0.522656261920929 0.13750000298023224 0.19843749701976776 0.15000000596046448
1 0.4710937440395355 0.8458333611488342 0.2109375 0.23125000298023224
2 0.47343751788139343 0.6614583730697632 0.06562500447034836 0.06718750298023224
0 0.30937501788139343 0.7322916984558105 0.140625 0.1328125
0 0.27734375 0.9177083969116211 0.14531250298023224 0.12343750149011612
0 0.672656238079071 0.4802083671092987 0.16718749701976776 0.17031250894069672
0 0.828906238079071 0.6625000238418579 0.13906250894069672 0.13750000298023224
0 0.7421875 0.0781250074505806 0.12812499701976776 0.11406250298023224
0 0.8382812738418579 0.21770834922790527 0.17343750596046448 0.15468750894069672
0 0.21406249701976776 0.3375000059604645 0.14687500894069672 0.13750000298023224
0 0.5062500238418579 0.38229167461395264 0.15625 0.14531250298023224
0 0.8828125 0.05312500149011612 0.15625 0.07656250149011612
0 0.938281238079071 0.37812501192092896 0.12343750149011612 0.15468750894069672
0 0.960156261920929 0.7208333611488342 0.07968749850988388 0.13125000894069672
0 0.91015625 0.9083333611488342 0.17343750596046448 0.13750000298023224
0 0.522656261920929 0.13750000298023224 0.19843749701976776 0.15000000596046448
1 0.4710937440395355 0.8458333611488342 0.2109375 0.23125000298023224
2 0.47343751788139343 0.6614583730697632 0.06562500447034836 0.06718750298023224
0 0.30937501788139343 0.7322916984558105 0.140625 0.1328125
0 0.27734375 0.9177083969116211 0.14531250298023224 0.12343750149011612
0 0.672656238079071 0.4802083671092987 0.16718749701976776 0.17031250894069672
0 0.828906238079071 0.6625000238418579 0.13906250894069672 0.13750000298023224
0 0.7421875 0.0781250074505806 0.12812499701976776 0.11406250298023224
0 0.8382812738418579 0.21770834922790527 0.17343750596046448 0.15468750894069672
0 0.21406249701976776 0.3375000059604645 0.14687500894069672 0.13750000298023224
0 0.5062500238418579 0.38229167461395264 0.15625 0.14531250298023224
0 0.8828125 0.05312500149011612 0.15625 0.07656250149011612
0 0.938281238079071 0.37812501192092896 0.12343750149011612 0.15468750894069672
0 0.960156261920929 0.7208333611488342 0.07968749850988388 0.13125000894069672
0 0.91015625 0.9083333611488342 0.17343750596046448 0.13750000298023224
0 0.522656261920929 0.13750000298023224 0.19843749701976776 0.15000000596046448
1 0.4710937440395355 0.8458333611488342 0.2109375 0.23125000298023224
2 0.47343751788139343 0.6614583730697632 0.06562500447034836 0.06718750298023224
0 0.30937501788139343 0.7322916984558105 0.140625 0.1328125
0 0.27734375 0.9177083969116211 0.14531250298023224 0.12343750149011612
0 0.672656238079071 0.4802083671092987 0.16718749701976776 0.17031250894069672
0 0.828906238079071 0.6625000238418579 0.13906250894069672 0.13750000298023224
0 0.7421875 0.0781250074505806 0.12812499701976776 0.11406250298023224
0 0.8382812738418579 0.21770834922790527 0.17343750596046448 0.15468750894069672
0 0.21406249701976776 0.3375000059604645 0.14687500894069672 0.13750000298023224
0 0.5062500238418579 0.38229167461395264 0.15625 0.14531250298023224
0 0.8828125 0.05312500149011612 0.15625 0.07656250149011612
0 0.938281238079071 0.37812501192092896 0.12343750149011612 0.15468750894069672
0 0.960156261920929 0.7208333611488342 0.07968749850988388 0.13125000894069672
0 0.91015625 0.9083333611488342 0.17343750596046448 0.13750000298023224
0 0.522656261920929 0.13750000298023224 0.19843749701976776 0.15000000596046448
1 0.4710937440395355 0.8458333611488342 0.2109375 0.23125000298023224
2 0.47343751788139343 0.6614583730697632 0.06562500447034836 0.06718750298023224
