0 0.5648437584168278 0.24583334615454078 0.19218750286381692 0.15937500237487257
0 0.8242187622818165 0.2833333481103182 0.19218750286381692 0.15937500237487257
0 0.8117187620955519 0.4083333546295762 0.19218750286381692 0.15937500237487257
0 0.7421875110594556 0.6302083662012592 0.19062500284053385 0.13281250197906047
0 0.3687500054948032 0.5114583600079641 0.15000000223517418 0.16406250244472176
0 0.21250000316649675 0.6010416980134323 0.15000000223517418 0.16406250244472176
0 0.11875000176951289 0.2093750109197572 0.15000000223517418 0.16406250244472176
0 0.4367187565076165 0.9135417143115774 0.16093750239815563 0.12968750193249434
0 0.3937500058673322 0.30729168269317597 0.15937500237487257 0.14218750211875886
0 0.5257812578347512 0.6864583691349253 0.1671875024912879 0.1578125023515895
0 0.9367187639581971 0.8062500420492142 0.1265625018859282 0.17812500265426934
0 0.08906250132713467 0.8562500446569175 0.17187500256113708 0.1625000024214387
1 0.7039062604890205 0.8479167108889669 0.33593750500585884 0.22500000335276127
0 0.5648437584168278 0.24583334615454078 0.19218750286381692 0.15937500237487257
0 0.8242187622818165 0.2833333481103182 0.19218750286381692 0.15937500237487257
0 0.8117187620955519 0.4083333546295762 0.19218750286381692 0.15937500237487257
0 0.7421875110594556 0.6302083662012592 0.19062500284053385 0.13281250197906047
0 0.3687500054948032 0.5114583600079641 0.15000000223517418 0.16406250244472176
0 0.21250000316649675 0.6010416980134323 0.15000000223517418 0.16406250244472176
0 0.11875000176951289 0.2093750109197572 0.15000000223517418 0.16406250244472176
0 0.4367187565076165 0.9135417143115774 0.16093750239815563 0.12968750193249434
0 0.3937500058673322 0.30729168269317597 0.15937500237487257 0.14218750211875886
0 0.5257812578347512 0.6864583691349253 0.1671875024912879 0.1578125023515895
0 0.9367187639581971 0.8062500420492142 0.1265625018859282 0.17812500265426934
0 0.08906250132713467 0.8562500446569175 0.17187500256113708 0.1625000024214387
1 0.7039062604890205 0.8479167108889669 0.33593750500585884 0.22500000335276127
0 0.5648437584168278 0.24583334615454078 0.19218750286381692 0.15937500237487257
0 0.8242187622818165 0.2833333481103182 0.19218750286381692 0.15937500237487257
0 0.8117187620955519 0.4083333546295762 0.19218750286381692 0.15937500237487257
0 0.7421875110594556 0.6302083662012592 0.19062500284053385 0.13281250197906047
0 0.3687500054948032 0.5114583600079641 0.15000000223517418 0.16406250244472176
0 0.21250000316649675 0.6010416980134323 0.15000000223517418 0.16406250244472176
0 0.11875000176951289 0.2093750109197572 0.15000000223517418 0.16406250244472176
0 0.4367187565076165 0.9135417143115774 0.16093750239815563 0.12968750193249434
0 0.3937500058673322 0.30729168269317597 0.15937500237487257 0.14218750211875886
0 0.5257812578347512 0.6864583691349253 0.1671875024912879 0.1578125023515895
0 0.9367187639581971 0.8062500420492142 0.1265625018859282 0.17812500265426934
0 0.08906250132713467 0.8562500446569175 0.17187500256113708 0.1625000024214387
1 0.7039062604890205 0.8479167108889669 0.33593750500585884 0.22500000335276127
0 0.5648437584168278 0.24583334615454078 0.19218750286381692 0.15937500237487257
0 0.8242187622818165 0.2833333481103182 0.19218750286381692 0.15937500237487257
0 0.8117187620955519 0.4083333546295762 0.19218750286381692 0.15937500237487257
0 0.7421875110594556 0.6302083662012592 0.19062500284053385 0.13281250197906047
0 0.3687500054948032 0.5114583600079641 0.15000000223517418 0.16406250244472176
0 0.21250000316649675 0.6010416980134323 0.15000000223517418 0.16406250244472176
0 0.11875000176951289 0.2093750109197572 0.15000000223517418 0.16406250244472176
0 0.4367187565076165 0.9135417143115774 0.16093750239815563 0.12968750193249434
0 0.3937500058673322 0.30729168269317597 0.15937500237487257 0.14218750211875886
0 0.5257812578347512 0.6864583691349253 0.1671875024912879 0.1578125023515895
0 0.9367187639581971 0.8062500420492142 0.1265625018859282 0.17812500265426934
0 0.08906250132713467 0.8562500446569175 0.17187500256113708 0.1625000024214387
1 0.7039062604890205 0.8479167108889669 0.33593750500585884 0.22500000335276127
0 0.5648437584168278 0.24583334615454078 0.19218750286381692 0.15937500237487257
0 0.8242187622818165 0.2833333481103182 0.19218750286381692 0.15937500237487257
0 0.8117187620955519 0.4083333546295762 0.19218750286381692 0.15937500237487257
0 0.7421875110594556 0.6302083662012592 0.19062500284053385 0.13281250197906047
0 0.3687500054948032 0.5114583600079641 0.15000000223517418 0.16406250244472176
0 0.21250000316649675 0.6010416980134323 0.15000000223517418 0.16406250244472176
0 0.11875000176951289 0.2093750109197572 0.15000000223517418 0.16406250244472176
0 0.4367187565076165 0.9135417143115774 0.16093750239815563 0.12968750193249434
0 0.3937500058673322 0.30729168269317597 0.15937500237487257 0.14218750211875886
0 0.5257812578347512 0.6864583691349253 0.1671875024912879 0.1578125023515895
0 0.9367187639581971 0.8062500420492142 0.1265625018859282 0.17812500265426934
0 0.08906250132713467 0.8562500446569175 0.17187500256113708 0.1625000024214387
1 0.7039062604890205 0.8479167108889669 0.33593750500585884 0.22500000335276127
0 0.5648437584168278 0.24583334615454078 0.19218750286381692 0.15937500237487257
0 0.8242187622818165 0.2833333481103182 0.19218750286381692 0.15937500237487257
0 0.8117187620955519 0.4083333546295762 0.19218750286381692 0.15937500237487257
0 0.7421875110594556 0.6302083662012592 0.19062500284053385 0.13281250197906047
0 0.3687500054948032 0.5114583600079641 0.15000000223517418 0.16406250244472176
0 0.21250000316649675 0.6010416980134323 0.15000000223517418 0.16406250244472176
0 0.11875000176951289 0.2093750109197572 0.15000000223517418 0.16406250244472176
0 0.4367187565076165 0.9135417143115774 0.16093750239815563 0.12968750193249434
0 0.3937500058673322 0.30729168269317597 0.15937500237487257 0.14218750211875886
0 0.5257812578347512 0.6864583691349253 0.1671875024912879 0.1578125023515895
0 0.9367187639581971 0.8062500420492142 0.1265625018859282 0.17812500265426934
0 0.08906250132713467 0.8562500446569175 0.17187500256113708 0.1625000024214387
1 0.7039062604890205 0.8479167108889669 0.33593750500585884 0.22500000335276127
0 0.5648437584168278 0.24583334615454078 0.19218750286381692 0.15937500237487257
0 0.8242187622818165 0.2833333481103182 0.19218750286381692 0.15937500237487257
0 0.8117187620955519 0.4083333546295762 0.19218750286381692 0.15937500237487257
0 0.7421875110594556 0.6302083662012592 0.19062500284053385 0.13281250197906047
0 0.3687500054948032 0.5114583600079641 0.15000000223517418 0.16406250244472176
0 0.21250000316649675 0.6010416980134323 0.15000000223517418 0.16406250244472176
0 0.11875000176951289 0.2093750109197572 0.15000000223517418 0.16406250244472176
0 0.4367187565076165 0.9135417143115774 0.16093750239815563 0.12968750193249434
0 0.3937500058673322 0.30729168269317597 0.15937500237487257 0.14218750211875886
0 0.5257812578347512 0.6864583691349253 0.1671875024912879 0.1578125023515895
0 0.9367187639581971 0.8062500420492142 0.1265625018859282 0.17812500265426934
0 0.08906250132713467 0.8562500446569175 0.17187500256113708 0.1625000024214387
1 0.7039062604890205 0.8479167108889669 0.33593750500585884 0.22500000335276127
0 0.5648437584168278 0.24583334615454078 0.19218750286381692 0.15937500237487257
0 0.8242187622818165 0.2833333481103182 0.19218750286381692 0.15937500237487257
0 0.8117187620955519 0.4083333546295762 0.19218750286381692 0.15937500237487257
0 0.7421875110594556 0.6302083662012592 0.19062500284053385 0.13281250197906047
0 0.3687500054948032 0.5114583600079641 0.15000000223517418 0.16406250244472176
0 0.21250000316649675 0.6010416980134323 0.15000000223517418 0.16406250244472176
0 0.11875000176951289 0.2093750109197572 0.15000000223517418 0.16406250244472176
0 0.4367187565076165 0.9135417143115774 0.16093750239815563 0.12968750193249434
0 0.3937500058673322 0.30729168269317597 0.15937500237487257 0.14218750211875886
0 0.5257812578347512 0.6864583691349253 0.1671875024912879 0.1578125023515895
0 0.9367187639581971 0.8062500420492142 0.1265625018859282 0.17812500265426934
0 0.08906250132713467 0.8562500446569175 0.17187500256113708 0.1625000024214387
1 0.7039062604890205 0.8479167108889669 0.33593750500585884 0.22500000335276127
0 0.5648437584168278 0.24583334615454078 0.19218750286381692 0.15937500237487257
0 0.8242187622818165 0.2833333481103182 0.19218750286381692 0.15937500237487257
0 0.8117187620955519 0.4083333546295762 0.19218750286381692 0.15937500237487257
0 0.7421875110594556 0.6302083662012592 0.19062500284053385 0.13281250197906047
0 0.3687500054948032 0.5114583600079641 0.15000000223517418 0.16406250244472176
0 0.21250000316649675 0.6010416980134323 0.15000000223517418 0.16406250244472176
0 0.11875000176951289 0.2093750109197572 0.15000000223517418 0.16406250244472176
0 0.4367187565076165 0.9135417143115774 0.16093750239815563 0.12968750193249434
0 0.3937500058673322 0.30729168269317597 0.15937500237487257 0.14218750211875886
0 0.5257812578347512 0.6864583691349253 0.1671875024912879 0.1578125023515895
0 0.9367187639581971 0.8062500420492142 0.1265625018859282 0.17812500265426934
0 0.08906250132713467 0.8562500446569175 0.17187500256113708 0.1625000024214387
1 0.7039062604890205 0.8479167108889669 0.33593750500585884 0.22500000335276127
0 0.5648437584168278 0.24583334615454078 0.19218750286381692 0.15937500237487257
0 0.8242187622818165 0.2833333481103182 0.19218750286381692 0.15937500237487257
0 0.8117187620955519 0.4083333546295762 0.19218750286381692 0.15937500237487257
0 0.7421875110594556 0.6302083662012592 0.19062500284053385 0.13281250197906047
0 0.3687500054948032 0.5114583600079641 0.15000000223517418 0.16406250244472176
0 0.21250000316649675 0.6010416980134323 0.15000000223517418 0.16406250244472176
0 0.11875000176951289 0.2093750109197572 0.15000000223517418 0.16406250244472176
0 0.4367187565076165 0.9135417143115774 0.16093750239815563 0.12968750193249434
0 0.3937500058673322 0.30729168269317597 0.15937500237487257 0.14218750211875886
0 0.5257812578347512 0.6864583691349253 0.1671875024912879 0.1578125023515895
0 0.9367187639581971 0.8062500420492142 0.1265625018859282 0.17812500265426934
0 0.08906250132713467 0.8562500446569175 0.17187500256113708 0.1625000024214387
1 0.7039062604890205 0.8479167108889669 0.33593750500585884 0.22500000335276127
0 0.5648437584168278 0.24583334615454078 0.19218750286381692 0.15937500237487257
0 0.8242187622818165 0.2833333481103182 0.19218750286381692 0.15937500237487257
0 0.8117187620955519 0.4083333546295762 0.19218750286381692 0.15937500237487257
0 0.7421875110594556 0.6302083662012592 0.19062500284053385 0.13281250197906047
0 0.3687500054948032 0.5114583600079641 0.15000000223517418 0.16406250244472176
0 0.21250000316649675 0.6010416980134323 0.15000000223517418 0.16406250244472176
0 0.11875000176951289 0.2093750109197572 0.15000000223517418 0.16406250244472176
0 0.4367187565076165 0.9135417143115774 0.16093750239815563 0.12968750193249434
0 0.3937500058673322 0.30729168269317597 0.15937500237487257 0.14218750211875886
0 0.5257812578347512 0.6864583691349253 0.1671875024912879 0.1578125023515895
0 0.9367187639581971 0.8062500420492142 0.1265625018859282 0.17812500265426934
0 0.08906250132713467 0.8562500446569175 0.17187500256113708 0.1625000024214387
1 0.7039062604890205 0.8479167108889669 0.33593750500585884 0.22500000335276127
0 0.5648437584168278 0.24583334615454078 0.19218750286381692 0.15937500237487257
0 0.8242187622818165 0.2833333481103182 0.19218750286381692 0.15937500237487257
0 0.8117187620955519 0.4083333546295762 0.19218750286381692 0.15937500237487257
0 0.7421875110594556 0.6302083662012592 0.19062500284053385 0.13281250197906047
0 0.3687500054948032 0.5114583600079641 0.15000000223517418 0.16406250244472176
0 0.21250000316649675 0.6010416980134323 0.15000000223517418 0.16406250244472176
0 0.11875000176951289 0.2093750109197572 0.15000000223517418 0.16406250244472176
0 0.4367187565076165 0.9135417143115774 0.16093750239815563 0.12968750193249434
0 0.3937500058673322 0.30729168269317597 0.15937500237487257 0.14218750211875886
0 0.5257812578347512 0.6864583691349253 0.1671875024912879 0.1578125023515895
0 0.9367187639581971 0.8062500420492142 0.1265625018859282 0.17812500265426934
0 0.08906250132713467 0.8562500446569175 0.17187500256113708 0.1625000024214387
1 0.7039062604890205 0.8479167108889669 0.33593750500585884 0.22500000335276127
0 0.5648437584168278 0.24583334615454078 0.19218750286381692 0.15937500237487257
0 0.8242187622818165 0.2833333481103182 0.19218750286381692 0.15937500237487257
0 0.8117187620955519 0.4083333546295762 0.19218750286381692 0.15937500237487257
0 0.7421875110594556 0.6302083662012592 0.19062500284053385 0.13281250197906047
0 0.3687500054948032 0.5114583600079641 0.15000000223517418 0.16406250244472176
0 0.21250000316649675 0.6010416980134323 0.15000000223517418 0.16406250244472176
0 0.11875000176951289 0.2093750109197572 0.15000000223517418 0.16406250244472176
0 0.4367187565076165 0.9135417143115774 0.16093750239815563 0.12968750193249434
0 0.3937500058673322 0.30729168269317597 0.15937500237487257 0.14218750211875886
0 0.5257812578347512 0.6864583691349253 0.1671875024912879 0.1578125023515895
0 0.9367187639581971 0.8062500420492142 0.1265625018859282 0.17812500265426934
0 0.08906250132713467 0.8562500446569175 0.17187500256113708 0.1625000024214387
1 0.7039062604890205 0.8479167108889669 0.33593750500585884 0.22500000335276127
0 0.5648437584168278 0.24583334615454078 0.19218750286381692 0.15937500237487257
0 0.8242187622818165 0.2833333481103182 0.19218750286381692 0.15937500237487257
0 0.8117187620955519 0.4083333546295762 0.19218750286381692 0.15937500237487257
0 0.7421875110594556 0.6302083662012592 0.19062500284053385 0.13281250197906047
0 0.3687500054948032 0.5114583600079641 0.15000000223517418 0.16406250244472176
0 0.21250000316649675 0.6010416980134323 0.15000000223517418 0.16406250244472176
0 0.11875000176951289 0.2093750109197572 0.15000000223517418 0.16406250244472176
0 0.4367187565076165 0.9135417143115774 0.16093750239815563 0.12968750193249434
0 0.3937500058673322 0.30729168269317597 0.15937500237487257 0.14218750211875886
0 0.5257812578347512 0.6864583691349253 0.1671875024912879 0.1578125023515895
0 0.9367187639581971 0.8062500420492142 0.1265625018859282 0.17812500265426934
0 0.08906250132713467 0.8562500446569175 0.17187500256113708 0.1625000024214387
1 0.7039062604890205 0.8479167108889669 0.33593750500585884 0.22500000335276127
0 0.5648437584168278 0.24583334615454078 0.19218750286381692 0.15937500237487257
0 0.8242187622818165 0.2833333481103182 0.19218750286381692 0.15937500237487257
0 0.8117187620955519 0.4083333546295762 0.19218750286381692 0.15937500237487257
0 0.7421875110594556 0.6302083662012592 0.19062500284053385 0.13281250197906047
0 0.3687500054948032 0.5114583600079641 0.15000000223517418 0.16406250244472176
0 0.21250000316649675 0.6010416980134323 0.15000000223517418 0.16406250244472176
0 0.11875000176951289 0.2093750109197572 0.15000000223517418 0.16406250244472176
0 0.4367187565076165 0.9135417143115774 0.16093750239815563 0.12968750193249434
0 0.3937500058673322 0.30729168269317597 0.15937500237487257 0.14218750211875886
0 0.5257812578347512 0.6864583691349253 0.1671875024912879 0.1578125023515895
0 0.9367187639581971 0.8062500420492142 0.1265625018859282 0.17812500265426934
0 0.08906250132713467 0.8562500446569175 0.17187500256113708 0.1625000024214387
1 0.7039062604890205 0.8479167108889669 0.33593750500585884 0.22500000335276127
0 0.5648437738418579 0.2458333522081375 0.19218750298023224 0.15937499701976776
0 0.82421875 0.28333336114883423 0.19218750298023224 0.15937499701976776
0 0.811718761920929 0.40833336114883423 0.19218750298023224 0.15937499701976776
0 0.7421875 0.6302083730697632 0.19062499701976776 0.1328125
0 0.3687500059604645 0.5114583373069763 0.15000000596046448 0.1640625
0 0.21250000596046448 0.6010416746139526 0.15000000596046448 0.1640625
0 0.11874999850988388 0.20937500894069672 0.15000000596046448 0.1640625
0 0.43671876192092896 0.9135417342185974 0.16093750298023224 0.12968750298023224
0 0.39375001192092896 0.3072916865348816 0.15937499701976776 0.14218750596046448
0 0.5257812738418579 0.6864583492279053 0.16718749701976776 0.15781250596046448
0 0.936718761920929 0.8062500357627869 0.12656250596046448 0.17812500894069672
0 0.08906250447034836 0.8562500476837158 0.171875 0.16250000894069672
1 0.703906238079071 0.8479167222976685 0.3359375 0.22500000894069672
0 0.5648437738418579 0.2458333522081375 0.19218750298023224 0.15937499701976776
0 0.82421875 0.28333336114883423 0.19218750298023224 0.15937499701976776
0 0.811718761920929 0.40833336114883423 0.19218750298023224 0.15937499701976776
0 0.7421875 0.6302083730697632 0.19062499701976776 0.1328125
0 0.3687500059604645 0.5114583373069763 0.15000000596046448 0.1640625
0 0.21250000596046448 0.6010416746139526 0.15000000596046448 0.1640625
0 0.11874999850988388 0.20937500894069672 0.15000000596046448 0.1640625
0 0.43671876192092896 0.9135417342185974 0.16093750298023224 0.12968750298023224
0 0.39375001192092896 0.3072916865348816 0.15937499701976776 0.14218750596046448
0 0.5257812738418579 0.6864583492279053 0.16718749701976776 0.15781250596046448
0 0.936718761920929 0.8062500357627869 0.12656250596046448 0.17812500894069672
0 0.08906250447034836 0.8562500476837158 0.171875 0.16250000894069672
1 0.703906238079071 0.8479167222976685 0.3359375 0.22500000894069672
0 0.5648437738418579 0.2458333522081375 0.19218750298023224 0.15937499701976776
0 0.82421875 0.28333336114883423 0.19218750298023224 0.15937499701976776
0 0.811718761920929 0.40833336114883423 0.19218750298023224 0.15937499701976776
0 0.7421875 0.6302083730697632 0.19062499701976776 0.1328125
0 0.3687500059604645 0.5114583373069763 0.15000000596046448 0.1640625
0 0.21250000596046448 0.6010416746139526 0.15000000596046448 0.1640625
0 0.11874999850988388 0.20937500894069672 0.15000000596046448 0.1640625
0 0.43671876192092896 0.9135417342185974 0.16093750298023224 0.12968750298023224
0 0.39375001192092896 0.3072916865348816 0.15937499701976776 0.14218750596046448
0 0.5257812738418579 0.6864583492279053 0.16718749701976776 0.15781250596046448
0 0.936718761920929 0.8062500357627869 0.12656250596046448 0.17812500894069672
0 0.08906250447034836 0.8562500476837158 0.171875 0.16250000894069672
1 0.703906238079071 0.8479167222976685 0.3359375 0.22500000894069672
0 0.5648437738418579 0.2458333522081375 0.19218750298023224 0.15937499701976776
0 0.82421875 0.28333336114883423 0.19218750298023224 0.15937499701976776
0 0.811718761920929 0.40833336114883423 0.19218750298023224 0.15937499701976776
0 0.7421875 0.6302083730697632 0.19062499701976776 0.1328125
0 0.3687500059604645 0.5114583373069763 0.15000000596046448 0.1640625
0 0.21250000596046448 0.6010416746139526 0.15000000596046448 0.1640625
0 0.11874999850988388 0.20937500894069672 0.15000000596046448 0.1640625
0 0.43671876192092896 0.9135417342185974 0.16093750298023224 0.12968750298023224
0 0.39375001192092896 0.3072916865348816 0.15937499701976776 0.14218750596046448
0 0.5257812738418579 0.6864583492279053 0.16718749701976776 0.15781250596046448
0 0.936718761920929 0.8062500357627869 0.12656250596046448 0.17812500894069672
0 0.08906250447034836 0.8562500476837158 0.171875 0.16250000894069672
1 0.703906238079071 0.8479167222976685 0.3359375 0.22500000894069672
0 0.5648437738418579 0.2458333522081375 0.19218750298023224 0.15937499701976776
0 0.82421875 0.28333336114883423 0.19218750298023224 0.15937499701976776
0 0.811718761920929 0.40833336114883423 0.19218750298023224 0.15937499701976776
0 0.7421875 0.6302083730697632 0.19062499701976776 0.1328125
0 0.3687500059604645 0.5114583373069763 0.15000000596046448 0.1640625
0 0.21250000596046448 0.6010416746139526 0.15000000596046448 0.1640625
0 0.11874999850988388 0.20937500894069672 0.15000000596046448 0.1640625
0 0.43671876192092896 0.9135417342185974 0.16093750298023224 0.12968750298023224
0 0.39375001192092896 0.3072916865348816 0.15937499701976776 0.14218750596046448
0 0.5257812738418579 0.6864583492279053 0.16718749701976776 0.15781250596046448
0 0.936718761920929 0.8062500357627869 0.12656250596046448 0.17812500894069672
0 0.08906250447034836 0.8562500476837158 0.171875 0.16250000894069672
1 0.703906238079071 0.8479167222976685 0.3359375 0.22500000894069672
0 0.5648437738418579 0.2458333522081375 0.19218750298023224 0.15937499701976776
0 0.82421875 0.28333336114883423 0.19218750298023224 0.15937499701976776
0 0.811718761920929 0.40833336114883423 0.19218750298023224 0.15937499701976776
0 0.7421875 0.6302083730697632 0.19062499701976776 0.1328125
0 0.3687500059604645 0.5114583373069763 0.15000000596046448 0.1640625
0 0.21250000596046448 0.6010416746139526 0.15000000596046448 0.1640625
0 0.11874999850988388 0.20937500894069672 0.15000000596046448 0.1640625
0 0.43671876192092896 0.9135417342185974 0.16093750298023224 0.12968750298023224
0 0.39375001192092896 0.3072916865348816 0.15937499701976776 0.14218750596046448
0 0.5257812738418579 0.6864583492279053 0.16718749701976776 0.15781250596046448
0 0.936718761920929 0.8062500357627869 0.12656250596046448 0.17812500894069672
0 0.08906250447034836 0.8562500476837158 0.171875 0.16250000894069672
1 0.703906238079071 0.8479167222976685 0.3359375 0.22500000894069672
0 0.5648437738418579 0.2458333522081375 0.19218750298023224 0.15937499701976776
0 0.82421875 0.28333336114883423 0.19218750298023224 0.15937499701976776
0 0.811718761920929 0.40833336114883423 0.19218750298023224 0.15937499701976776
0 0.7421875 0.6302083730697632 0.19062499701976776 0.1328125
0 0.3687500059604645 0.5114583373069763 0.15000000596046448 0.1640625
0 0.21250000596046448 0.6010416746139526 0.15000000596046448 0.1640625
0 0.11874999850988388 0.20937500894069672 0.15000000596046448 0.1640625
0 0.43671876192092896 0.9135417342185974 0.16093750298023224 0.12968750298023224
0 0.39375001192092896 0.3072916865348816 0.15937499701976776 0.14218750596046448
0 0.5257812738418579 0.6864583492279053 0.16718749701976776 0.15781250596046448
0 0.936718761920929 0.8062500357627869 0.12656250596046448 0.17812500894069672
0 0.08906250447034836 0.8562500476837158 0.171875 0.16250000894069672
1 0.703906238079071 0.8479167222976685 0.3359375 0.22500000894069672
