0 0.30234375450527295 0.6645833679940552 0.14843750221189111 0.1625000024214387
0 0.1531250022817403 0.6375000332482159 0.16875000251457095 0.16562500246800482
0 0.31718750472646207 0.36875001923181117 0.16875000251457095 0.16562500246800482
0 0.7734375115251169 0.73958337190561 0.17187500256113708 0.1843750027474016
0 0.5062500075437129 0.3395833510439843 0.17187500256113708 0.1843750027474016
0 0.9132812636089511 0.3197916833451018 0.17031250253785402 0.14531250216532499
0 0.8945312633295543 0.4750000247731805 0.17031250253785402 0.17187500256113708
0 0.9148437636322342 0.1677083420800045 0.17031250253785402 0.15468750230502337
0 0.5039062575087883 0.11875000619329512 0.1671875024912879 0.15937500237487257
1 0.5257812578347512 0.6635417012730613 0.33906250505242497 0.35781250533182174
0 0.30234375450527295 0.6645833679940552 0.14843750221189111 0.1625000024214387
0 0.1531250022817403 0.6375000332482159 0.16875000251457095 0.16562500246800482
0 0.31718750472646207 0.36875001923181117 0.16875000251457095 0.16562500246800482
0 0.7734375115251169 0.73958337190561 0.17187500256113708 0.1843750027474016
0 0.5062500075437129 0.3395833510439843 0.17187500256113708 0.1843750027474016
0 0.9132812636089511 0.3197916833451018 0.17031250253785402 0.14531250216532499
0 0.8945312633295543 0.4750000247731805 0.17031250253785402 0.17187500256113708
0 0.9148437636322342 0.1677083420800045 0.17031250253785402 0.15468750230502337
0 0.5039062575087883 0.11875000619329512 0.1671875024912879 0.15937500237487257
1 0.5257812578347512 0.6635417012730613 0.33906250505242497 0.35781250533182174
0 0.30234375450527295 0.6645833679940552 0.14843750221189111 0.1625000024214387
0 0.1531250022817403 0.6375000332482159 0.16875000251457095 0.16562500246800482
0 0.31718750472646207 0.36875001923181117 0.16875000251457095 0.16562500246800482
0 0.7734375115251169 0.73958337190561 0.17187500256113708 0.1843750027474016
0 0.5062500075437129 0.3395833510439843 0.17187500256113708 0.1843750027474016
0 0.9132812636089511 0.3197916833451018 0.17031250253785402 0.14531250216532499
0 0.8945312633295543 0.4750000247731805 0.17031250253785402 0.17187500256113708
0 0.9148437636322342 0.1677083420800045 0.17031250253785402 0.15468750230502337
0 0.5039062575087883 0.11875000619329512 0.1671875024912879 0.15937500237487257
1 0.5257812578347512 0.6635417012730613 0.33906250505242497 0.35781250533182174
0 0.30234375450527295 0.6645833679940552 0.14843750221189111 0.1625000024214387
0 0.1531250022817403 0.6375000332482159 0.16875000251457095 0.16562500246800482
0 0.31718750472646207 0.36875001923181117 0.16875000251457095 0.16562500246800482
0 0.7734375115251169 0.73958337190561 0.17187500256113708 0.1843750027474016
0 0.5062500075437129 0.3395833510439843 0.17187500256113708 0.1843750027474016
0 0.9132812636089511 0.3197916833451018 0.17031250253785402 0.14531250216532499
0 0.8945312633295543 0.4750000247731805 0.17031250253785402 0.17187500256113708
0 0.9148437636322342 0.1677083420800045 0.17031250253785402 0.15468750230502337
0 0.5039062575087883 0.11875000619329512 0.1671875024912879 0.15937500237487257
1 0.5257812578347512 0.6635417012730613 0.33906250505242497 0.35781250533182174
0 0.30234375450527295 0.6645833679940552 0.14843750221189111 0.1625000024214387
0 0.1531250022817403 0.6375000332482159 0.16875000251457095 0.16562500246800482
0 0.31718750472646207 0.36875001923181117 0.16875000251457095 0.16562500246800482
0 0.7734375115251169 0.73958337190561 0.17187500256113708 0.1843750027474016
0 0.5062500075437129 0.3395833510439843 0.17187500256113708 0.1843750027474016
0 0.9132812636089511 0.3197916833451018 0.17031250253785402 0.14531250216532499
0 0.8945312633295543 0.4750000247731805 0.17031250253785402 0.17187500256113708
0 0.9148437636322342 0.1677083420800045 0.17031250253785402 0.15468750230502337
0 0.5039062575087883 0.11875000619329512 0.1671875024912879 0.15937500237487257
1 0.5257812578347512 0.6635417012730613 0.33906250505242497 0.35781250533182174
0 0.30234375450527295 0.6645833679940552 0.14843750221189111 0.1625000024214387
0 0.1531250022817403 0.6375000332482159 0.16875000251457095 0.16562500246800482
0 0.31718750472646207 0.36875001923181117 0.16875000251457095 0.16562500246800482
0 0.7734375115251169 0.73958337190561 0.17187500256113708 0.1843750027474016
0 0.5062500075437129 0.3395833510439843 0.17187500256113708 0.1843750027474016
0 0.9132812636089511 0.3197916833451018 0.17031250253785402 0.14531250216532499
0 0.8945312633295543 0.4750000247731805 0.17031250253785402 0.17187500256113708
0 0.9148437636322342 0.1677083420800045 0.17031250253785402 0.15468750230502337
0 0.5039062575087883 0.11875000619329512 0.1671875024912879 0.15937500237487257
1 0.5257812578347512 0.6635417012730613 0.33906250505242497 0.35781250533182174
0 0.30234375450527295 0.6645833679940552 0.14843750221189111 0.1625000024214387
0 0.1531250022817403 0.6375000332482159 0.16875000251457095 0.16562500246800482
0 0.31718750472646207 0.36875001923181117 0.16875000251457095 0.16562500246800482
0 0.7734375115251169 0.73958337190561 0.17187500256113708 0.1843750027474016
0 0.5062500075437129 0.3395833510439843 0.17187500256113708 0.1843750027474016
0 0.9132812636089511 0.3197916833451018 0.17031250253785402 0.14531250216532499
0 0.8945312633295543 0.4750000247731805 0.17031250253785402 0.17187500256113708
0 0.9148437636322342 0.1677083420800045 0.17031250253785402 0.15468750230502337
0 0.5039062575087883 0.11875000619329512 0.1671875024912879 0.15937500237487257
1 0.5257812578347512 0.6635417012730613 0.33906250505242497 0.35781250533182174
0 0.30234375450527295 0.6645833679940552 0.14843750221189111 0.1625000024214387
0 0.1531250022817403 0.6375000332482159 0.16875000251457095 0.16562500246800482
0 0.31718750472646207 0.36875001923181117 0.16875000251457095 0.16562500246800482
0 0.7734375115251169 0.73958337190561 0.17187500256113708 0.1843750027474016
0 0.5062500075437129 0.3395833510439843 0.17187500256113708 0.1843750027474016
0 0.9132812636089511 0.3197916833451018 0.17031250253785402 0.14531250216532499
0 0.8945312633295543 0.4750000247731805 0.17031250253785402 0.17187500256113708
0 0.9148437636322342 0.1677083420800045 0.17031250253785402 0.15468750230502337
0 0.5039062575087883 0.11875000619329512 0.1671875024912879 0.15937500237487257
1 0.5257812578347512 0.6635417012730613 0.33906250505242497 0.35781250533182174
0 0.30234375450527295 0.6645833679940552 0.14843750221189111 0.1625000024214387
0 0.1531250022817403 0.6375000332482159 0.16875000251457095 0.16562500246800482
0 0.31718750472646207 0.36875001923181117 0.16875000251457095 0.16562500246800482
0 0.7734375115251169 0.73958337190561 0.17187500256113708 0.1843750027474016
0 0.5062500075437129 0.3395833510439843 0.17187500256113708 0.1843750027474016
0 0.9132812636089511 0.3197916833451018 0.17031250253785402 0.14531250216532499
0 0.8945312633295543 0.4750000247731805 0.17031250253785402 0.17187500256113708
0 0.9148437636322342 0.1677083420800045 0.17031250253785402 0.15468750230502337
0 0.5039062575087883 0.11875000619329512 0.1671875024912879 0.15937500237487257
1 0.5257812578347512 0.6635417012730613 0.33906250505242497 0.35781250533182174
0 0.30234375450527295 0.6645833679940552 0.14843750221189111 0.1625000024214387
0 0.1531250022817403 0.6375000332482159 0.16875000251457095 0.16562500246800482
0 0.31718750472646207 0.36875001923181117 0.16875000251457095 0.16562500246800482
0 0.7734375115251169 0.73958337190561 0.17187500256113708 0.1843750027474016
0 0.5062500075437129 0.3395833510439843 0.17187500256113708 0.1843750027474016
0 0.9132812636089511 0.3197916833451018 0.17031250253785402 0.14531250216532499
0 0.8945312633295543 0.4750000247731805 0.17031250253785402 0.17187500256113708
0 0.9148437636322342 0.1677083420800045 0.17031250253785402 0.15468750230502337
0 0.5039062575087883 0.11875000619329512 0.1671875024912879 0.15937500237487257
1 0.5257812578347512 0.6635417012730613 0.33906250505242497 0.35781250533182174
0 0.30234375450527295 0.6645833679940552 0.14843750221189111 0.1625000024214387
0 0.1531250022817403 0.6375000332482159 0.16875000251457095 0.16562500246800482
0 0.31718750472646207 0.36875001923181117 0.16875000251457095 0.16562500246800482
0 0.7734375115251169 0.73958337190561 0.17187500256113708 0.1843750027474016
0 0.5062500075437129 0.3395833510439843 0.17187500256113708 0.1843750027474016
0 0.9132812636089511 0.3197916833451018 0.17031250253785402 0.14531250216532499
0 0.8945312633295543 0.4750000247731805 0.17031250253785402 0.17187500256113708
0 0.9148437636322342 0.1677083420800045 0.17031250253785402 0.15468750230502337
0 0.5039062575087883 0.11875000619329512 0.1671875024912879 0.15937500237487257
1 0.5257812578347512 0.6635417012730613 0.33906250505242497 0.35781250533182174
0 0.30234375450527295 0.6645833679940552 0.14843750221189111 0.1625000024214387
0 0.1531250022817403 0.6375000332482159 0.16875000251457095 0.16562500246800482
0 0.31718750472646207 0.36875001923181117 0.16875000251457095 0.16562500246800482
0 0.7734375115251169 0.73958337190561 0.17187500256113708 0.1843750027474016
0 0.5062500075437129 0.3395833510439843 0.17187500256113708 0.1843750027474016
0 0.9132812636089511 0.3197916833451018 0.17031250253785402 0.14531250216532499
0 0.8945312633295543 0.4750000247731805 0.17031250253785402 0.17187500256113708
0 0.9148437636322342 0.1677083420800045 0.17031250253785402 0.15468750230502337
0 0.5039062575087883 0.11875000619329512 0.1671875024912879 0.15937500237487257
1 0.5257812578347512 0.6635417012730613 0.33906250505242497 0.35781250533182174
0 0.30234375450527295 0.6645833679940552 0.14843750221189111 0.1625000024214387
0 0.1531250022817403 0.6375000332482159 0.16875000251457095 0.16562500246800482
0 0.31718750472646207 0.36875001923181117 0.16875000251457095 0.16562500246800482
0 0.7734375115251169 0.73958337190561 0.17187500256113708 0.1843750027474016
0 0.5062500075437129 0.3395833510439843 0.17187500256113708 0.1843750027474016
0 0.9132812636089511 0.3197916833451018 0.17031250253785402 0.14531250216532499
0 0.8945312633295543 0.4750000247731805 0.17031250253785402 0.17187500256113708
0 0.9148437636322342 0.1677083420800045 0.17031250253785402 0.15468750230502337
0 0.5039062575087883 0.11875000619329512 0.1671875024912879 0.15937500237487257
1 0.5257812578347512 0.6635417012730613 0.33906250505242497 0.35781250533182174
0 0.30234375450527295 0.6645833679940552 0.14843750221189111 0.1625000024214387
0 0.1531250022817403 0.6375000332482159 0.16875000251457095 0.16562500246800482
0 0.31718750472646207 0.36875001923181117 0.16875000251457095 0.16562500246800482
0 0.7734375115251169 0.73958337190561 0.17187500256113708 0.1843750027474016
0 0.5062500075437129 0.3395833510439843 0.17187500256113708 0.1843750027474016
0 0.9132812636089511 0.3197916833451018 0.17031250253785402 0.14531250216532499
0 0.8945312633295543 0.4750000247731805 0.17031250253785402 0.17187500256113708
0 0.9148437636322342 0.1677083420800045 0.17031250253785402 0.15468750230502337
0 0.5039062575087883 0.11875000619329512 0.1671875024912879 0.15937500237487257
1 0.5257812578347512 0.6635417012730613 0.33906250505242497 0.35781250533182174
0 0.30234375450527295 0.6645833679940552 0.14843750221189111 0.1625000024214387
0 0.1531250022817403 0.6375000332482159 0.16875000251457095 0.16562500246800482
0 0.31718750472646207 0.36875001923181117 0.16875000251457095 0.16562500246800482
0 0.7734375115251169 0.73958337190561 0.17187500256113708 0.1843750027474016
0 0.5062500075437129 0.3395833510439843 0.17187500256113708 0.1843750027474016
0 0.9132812636089511 0.3197916833451018 0.17031250253785402 0.14531250216532499
0 0.8945312633295543 0.4750000247731805 0.17031250253785402 0.17187500256113708
0 0.9148437636322342 0.1677083420800045 0.17031250253785402 0.15468750230502337
0 0.5039062575087883 0.11875000619329512 0.1671875024912879 0.15937500237487257
1 0.5257812578347512 0.6635417012730613 0.33906250505242497 0.35781250533182174
0 0.3023437559604645 0.6645833849906921 0.1484375 0.16250000894069672
0 0.15312500298023224 0.6375000476837158 0.16875000298023224 0.16562500596046448
0 0.31718751788139343 0.3687500059604645 0.16875000298023224 0.16562500596046448
0 0.7734375 0.7395833730697632 0.171875 0.18437500298023224
0 0.5062500238418579 0.3395833373069763 0.171875 0.18437500298023224
0 0.913281261920929 0.31979167461395264 0.17031250894069672 0.14531250298023224
0 0.89453125 0.4750000238418579 0.17031250894069672 0.171875
0 0.914843738079071 0.16770833730697632 0.17031250894069672 0.15468750894069672
0 0.50390625 0.11875000596046448 0.16718749701976776 0.15937499701976776
1 0.5257812738418579 0.6635416746139526 0.33906251192092896 0.3578124940395355
0 0.3023437559604645 0.6645833849906921 0.1484375 0.16250000894069672
0 0.15312500298023224 0.6375000476837158 0.16875000298023224 0.16562500596046448
0 0.31718751788139343 0.3687500059604645 0.16875000298023224 0.16562500596046448
0 0.7734375 0.7395833730697632 0.171875 0.18437500298023224
0 0.5062500238418579 0.3395833373069763 0.171875 0.18437500298023224
0 0.913281261920929 0.31979167461395264 0.17031250894069672 0.14531250298023224
0 0.89453125 0.4750000238418579 0.17031250894069672 0.171875
0 0.914843738079071 0.16770833730697632 0.17031250894069672 0.15468750894069672
0 0.50390625 0.11875000596046448 0.16718749701976776 0.15937499701976776
1 0.5257812738418579 0.6635416746139526 0.33906251192092896 0.3578124940395355
0 0.3023437559604645 0.6645833849906921 0.1484375 0.16250000894069672
0 0.15312500298023224 0.6375000476837158 0.16875000298023224 0.16562500596046448
0 0.31718751788139343 0.3687500059604645 0.16875000298023224 0.16562500596046448
0 0.7734375 0.7395833730697632 0.171875 0.18437500298023224
0 0.5062500238418579 0.3395833373069763 0.171875 0.18437500298023224
0 0.913281261920929 0.31979167461395264 0.17031250894069672 0.14531250298023224
0 0.89453125 0.4750000238418579 0.17031250894069672 0.171875
0 0.914843738079071 0.16770833730697632 0.17031250894069672 0.15468750894069672
0 0.50390625 0.11875000596046448 0.16718749701976776 0.15937499701976776
1 0.5257812738418579 0.6635416746139526 0.33906251192092896 0.3578124940395355
0 0.3023437559604645 0.6645833849906921 0.1484375 0.16250000894069672
0 0.15312500298023224 0.6375000476837158 0.16875000298023224 0.16562500596046448
0 0.31718751788139343 0.3687500059604645 0.16875000298023224 0.16562500596046448
0 0.7734375 0.7395833730697632 0.171875 0.18437500298023224
0 0.5062500238418579 0.3395833373069763 0.171875 0.18437500298023224
0 0.913281261920929 0.31979167461395264 0.17031250894069672 0.14531250298023224
0 0.89453125 0.4750000238418579 0.17031250894069672 0.171875
0 0.914843738079071 0.16770833730697632 0.17031250894069672 0.15468750894069672
0 0.50390625 0.11875000596046448 0.16718749701976776 0.15937499701976776
1 0.5257812738418579 0.6635416746139526 0.33906251192092896 0.3578124940395355
0 0.3023437559604645 0.6645833849906921 0.1484375 0.16250000894069672
0 0.15312500298023224 0.6375000476837158 0.16875000298023224 0.16562500596046448
0 0.31718751788139343 0.3687500059604645 0.16875000298023224 0.16562500596046448
0 0.7734375 0.7395833730697632 0.171875 0.18437500298023224
0 0.5062500238418579 0.3395833373069763 0.171875 0.18437500298023224
0 0.913281261920929 0.31979167461395264 0.17031250894069672 0.14531250298023224
0 0.89453125 0.4750000238418579 0.17031250894069672 0.171875
0 0.914843738079071 0.16770833730697632 0.17031250894069672 0.15468750894069672
0 0.50390625 0.11875000596046448 0.16718749701976776 0.15937499701976776
1 0.5257812738418579 0.6635416746139526 0.33906251192092896 0.3578124940395355
0 0.3023437559604645 0.6645833849906921 0.1484375 0.16250000894069672
0 0.15312500298023224 0.6375000476837158 0.16875000298023224 0.16562500596046448
0 0.31718751788139343 0.3687500059604645 0.16875000298023224 0.16562500596046448
0 0.7734375 0.7395833730697632 0.171875 0.18437500298023224
0 0.5062500238418579 0.3395833373069763 0.171875 0.18437500298023224
0 0.913281261920929 0.31979167461395264 0.17031250894069672 0.14531250298023224
0 0.89453125 0.4750000238418579 0.17031250894069672 0.171875
0 0.914843738079071 0.16770833730697632 0.17031250894069672 0.15468750894069672
0 0.50390625 0.11875000596046448 0.16718749701976776 0.15937499701976776
1 0.5257812738418579 0.6635416746139526 0.33906251192092896 0.3578124940395355
0 0.3023437559604645 0.6645833849906921 0.1484375 0.16250000894069672
0 0.15312500298023224 0.6375000476837158 0.16875000298023224 0.16562500596046448
0 0.31718751788139343 0.3687500059604645 0.16875000298023224 0.16562500596046448
0 0.7734375 0.7395833730697632 0.171875 0.18437500298023224
0 0.5062500238418579 0.3395833373069763 0.171875 0.18437500298023224
0 0.913281261920929 0.31979167461395264 0.17031250894069672 0.14531250298023224
0 0.89453125 0.4750000238418579 0.17031250894069672 0.171875
0 0.914843738079071 0.16770833730697632 0.17031250894069672 0.15468750894069672
0 0.50390625 0.11875000596046448 0.16718749701976776 0.15937499701976776
1 0.5257812738418579 0.6635416746139526 0.33906251192092896 0.3578124940395355
