0 0.6640625098953024 0.6895833692979068 0.1625000024214387 0.16875000251457095
0 0.3914062558324076 0.6843750356929377 0.19531250291038305 0.19218750286381692
0 0.5335937579511665 0.4385416895383969 0.19531250291038305 0.19218750286381692
0 0.3210937547846697 0.07500000391155481 0.2015625030035153 0.1093750016298145
0 0.19062500284053385 0.5854166971985251 0.15000000223517418 0.1406250020954758
0 0.1359375020256266 0.32500001695007086 0.15000000223517418 0.1406250020954758
0 0.30000000447034836 0.7416667053475976 0.15000000223517418 0.1406250020954758
0 0.7671875114319846 0.8520833777729422 0.15000000223517418 0.1406250020954758
1 0.5648437584168278 0.5958333644084632 0.05781250086147338 0.05000000074505806
1 0.7687500114552677 0.20104167715180665 0.3781250056345016 0.2984375044470653
0 0.6640625098953024 0.6895833692979068 0.1625000024214387 0.16875000251457095
0 0.3914062558324076 0.6843750356929377 0.19531250291038305 0.19218750286381692
0 0.5335937579511665 0.4385416895383969 0.19531250291038305 0.19218750286381692
0 0.3210937547846697 0.07500000391155481 0.2015625030035153 0.1093750016298145
0 0.19062500284053385 0.5854166971985251 0.15000000223517418 0.1406250020954758
0 0.1359375020256266 0.32500001695007086 0.15000000223517418 0.1406250020954758
0 0.30000000447034836 0.7416667053475976 0.15000000223517418 0.1406250020954758
0 0.7671875114319846 0.8520833777729422 0.15000000223517418 0.1406250020954758
1 0.5648437584168278 0.5958333644084632 0.05781250086147338 0.05000000074505806
1 0.7687500114552677 0.20104167715180665 0.3781250056345016 0.2984375044470653
0 0.6640625098953024 0.6895833692979068 0.1625000024214387 0.16875000251457095
0 0.3914062558324076 0.6843750356929377 0.19531250291038305 0.19218750286381692
0 0.5335937579511665 0.4385416895383969 0.19531250291038305 0.19218750286381692
0 0.3210937547846697 0.07500000391155481 0.2015625030035153 0.1093750016298145
0 0.19062500284053385 0.5854166971985251 0.15000000223517418 0.1406250020954758
0 0.1359375020256266 0.32500001695007086 0.15000000223517418 0.1406250020954758
0 0.30000000447034836 0.7416667053475976 0.15000000223517418 0.1406250020954758
0 0.7671875114319846 0.8520833777729422 0.15000000223517418 0.1406250020954758
1 0.5648437584168278 0.5958333644084632 0.05781250086147338 0.05000000074505806
1 0.7687500114552677 0.20104167715180665 0.3781250056345016 0.2984375044470653
0 0.6640625098953024 0.6895833692979068 0.1625000024214387 0.16875000251457095
0 0.3914062558324076 0.6843750356929377 0.19531250291038305 0.19218750286381692
0 0.5335937579511665 0.4385416895383969 0.19531250291038305 0.19218750286381692
0 0.3210937547846697 0.07500000391155481 0.2015625030035153 0.1093750016298145
0 0.19062500284053385 0.5854166971985251 0.15000000223517418 0.1406250020954758
0 0.1359375020256266 0.32500001695007086 0.15000000223517418 0.1406250020954758
0 0.30000000447034836 0.7416667053475976 0.15000000223517418 0.1406250020954758
0 0.7671875114319846 0.8520833777729422 0.15000000223517418 0.1406250020954758
1 0.5648437584168278 0.5958333644084632 0.05781250086147338 0.05000000074505806
1 0.7687500114552677 0.20104167715180665 0.3781250056345016 0.2984375044470653
0 0.6640625098953024 0.6895833692979068 0.1625000024214387 0.16875000251457095
0 0.3914062558324076 0.6843750356929377 0.19531250291038305 0.19218750286381692
0 0.5335937579511665 0.4385416895383969 0.19531250291038305 0.19218750286381692
0 0.3210937547846697 0.07500000391155481 0.2015625030035153 0.1093750016298145
0 0.19062500284053385 0.5854166971985251 0.15000000223517418 0.1406250020954758
0 0.1359375020256266 0.32500001695007086 0.15000000223517418 0.1406250020954758
0 0.30000000447034836 0.7416667053475976 0.15000000223517418 0.1406250020954758
0 0.7671875114319846 0.8520833777729422 0.15000000223517418 0.1406250020954758
1 0.5648437584168278 0.5958333644084632 0.05781250086147338 0.05000000074505806
1 0.7687500114552677 0.20104167715180665 0.3781250056345016 0.2984375044470653
0 0.6640625098953024 0.6895833692979068 0.1625000024214387 0.16875000251457095
0 0.3914062558324076 0.6843750356929377 0.19531250291038305 0.19218750286381692
0 0.5335937579511665 0.4385416895383969 0.19531250291038305 0.19218750286381692
0 0.3210937547846697 0.07500000391155481 0.2015625030035153 0.1093750016298145
0 0.19062500284053385 0.5854166971985251 0.15000000223517418 0.1406250020954758
0 0.1359375020256266 0.32500001695007086 0.15000000223517418 0.1406250020954758
0 0.30000000447034836 0.7416667053475976 0.15000000223517418 0.1406250020954758
0 0.7671875114319846 0.8520833777729422 0.15000000223517418 0.1406250020954758
1 0.5648437584168278 0.5958333644084632 0.05781250086147338 0.05000000074505806
1 0.7687500114552677 0.20104167715180665 0.3781250056345016 0.2984375044470653
0 0.6640625098953024 0.6895833692979068 0.1625000024214387 0.16875000251457095
0 0.3914062558324076 0.6843750356929377 0.19531250291038305 0.19218750286381692
0 0.5335937579511665 0.4385416895383969 0.19531250291038305 0.19218750286381692
0 0.3210937547846697 0.07500000391155481 0.2015625030035153 0.1093750016298145
0 0.19062500284053385 0.5854166971985251 0.15000000223517418 0.1406250020954758
0 0.1359375020256266 0.32500001695007086 0.15000000223517418 0.1406250020954758
0 0.30000000447034836 0.7416667053475976 0.15000000223517418 0.1406250020954758
0 0.7671875114319846 0.8520833777729422 0.15000000223517418 0.1406250020954758
1 0.5648437584168278 0.5958333644084632 0.05781250086147338 0.05000000074505806
1 0.7687500114552677 0.20104167715180665 0.3781250056345016 0.2984375044470653
0 0.6640625098953024 0.6895833692979068 0.1625000024214387 0.16875000251457095
0 0.3914062558324076 0.6843750356929377 0.19531250291038305 0.19218750286381692
0 0.5335937579511665 0.4385416895383969 0.19531250291038305 0.19218750286381692
0 0.3210937547846697 0.07500000391155481 0.2015625030035153 0.1093750016298145
0 0.19062500284053385 0.5854166971985251 0.15000000223517418 0.1406250020954758
0 0.1359375020256266 0.32500001695007086 0.15000000223517418 0.1406250020954758
0 0.30000000447034836 0.7416667053475976 0.15000000223517418 0.1406250020954758
0 0.7671875114319846 0.8520833777729422 0.15000000223517418 0.1406250020954758
1 0.5648437584168278 0.5958333644084632 0.05781250086147338 0.05000000074505806
1 0.7687500114552677 0.20104167715180665 0.3781250056345016 0.2984375044470653
0 0.6640625098953024 0.6895833692979068 0.1625000024214387 0.16875000251457095
0 0.3914062558324076 0.6843750356929377 0.19531250291038305 0.19218750286381692
0 0.5335937579511665 0.4385416895383969 0.19531250291038305 0.19218750286381692
0 0.3210937547846697 0.07500000391155481 0.2015625030035153 0.1093750016298145
0 0.19062500284053385 0.5854166971985251 0.15000000223517418 0.1406250020954758
0 0.1359375020256266 0.32500001695007086 0.15000000223517418 0.1406250020954758
0 0.30000000447034836 0.7416667053475976 0.15000000223517418 0.1406250020954758
0 0.7671875114319846 0.8520833777729422 0.15000000223517418 0.1406250020954758
1 0.5648437584168278 0.5958333644084632 0.05781250086147338 0.05000000074505806
1 0.7687500114552677 0.20104167715180665 0.3781250056345016 0.2984375044470653
0 0.6640625098953024 0.6895833692979068 0.1625000024214387 0.16875000251457095
0 0.3914062558324076 0.6843750356929377 0.19531250291038305 0.19218750286381692
0 0.5335937579511665 0.4385416895383969 0.19531250291038305 0.19218750286381692
0 0.3210937547846697 0.07500000391155481 0.2015625030035153 0.1093750016298145
0 0.19062500284053385 0.5854166971985251 0.15000000223517418 0.1406250020954758
0 0.1359375020256266 0.32500001695007086 0.15000000223517418 0.1406250020954758
0 0.30000000447034836 0.7416667053475976 0.15000000223517418 0.1406250020954758
0 0.7671875114319846 0.8520833777729422 0.15000000223517418 0.1406250020954758
1 0.5648437584168278 0.5958333644084632 0.05781250086147338 0.05000000074505806
1 0.7687500114552677 0.20104167715180665 0.3781250056345016 0.2984375044470653
0 0.6640625098953024 0.6895833692979068 0.1625000024214387 0.16875000251457095
0 0.3914062558324076 0.6843750356929377 0.19531250291038305 0.19218750286381692
0 0.5335937579511665 0.4385416895383969 0.19531250291038305 0.19218750286381692
0 0.3210937547846697 0.07500000391155481 0.2015625030035153 0.1093750016298145
0 0.19062500284053385 0.5854166971985251 0.15000000223517418 0.1406250020954758
0 0.1359375020256266 0.32500001695007086 0.15000000223517418 0.1406250020954758
0 0.30000000447034836 0.7416667053475976 0.15000000223517418 0.1406250020954758
0 0.7671875114319846 0.8520833777729422 0.15000000223517418 0.1406250020954758
1 0.5648437584168278 0.5958333644084632 0.05781250086147338 0.05000000074505806
1 0.7687500114552677 0.20104167715180665 0.3781250056345016 0.2984375044470653
0 0.6640625098953024 0.6895833692979068 0.1625000024214387 0.16875000251457095
0 0.3914062558324076 0.6843750356929377 0.19531250291038305 0.19218750286381692
0 0.5335937579511665 0.4385416895383969 0.19531250291038305 0.19218750286381692
0 0.3210937547846697 0.07500000391155481 0.2015625030035153 0.1093750016298145
0 0.19062500284053385 0.5854166971985251 0.15000000223517418 0.1406250020954758
0 0.1359375020256266 0.32500001695007086 0.15000000223517418 0.1406250020954758
0 0.30000000447034836 0.7416667053475976 0.15000000223517418 0.1406250020954758
0 0.7671875114319846 0.8520833777729422 0.15000000223517418 0.1406250020954758
1 0.5648437584168278 0.5958333644084632 0.05781250086147338 0.05000000074505806
1 0.7687500114552677 0.20104167715180665 0.3781250056345016 0.2984375044470653
0 0.6640625098953024 0.6895833692979068 0.1625000024214387 0.16875000251457095
0 0.3914062558324076 0.6843750356929377 0.19531250291038305 0.19218750286381692
0 0.5335937579511665 0.4385416895383969 0.19531250291038305 0.19218750286381692
0 0.3210937547846697 0.07500000391155481 0.2015625030035153 0.1093750016298145
0 0.19062500284053385 0.5854166971985251 0.15000000223517418 0.1406250020954758
0 0.1359375020256266 0.32500001695007086 0.15000000223517418 0.1406250020954758
0 0.30000000447034836 0.7416667053475976 0.15000000223517418 0.1406250020954758
0 0.7671875114319846 0.8520833777729422 0.15000000223517418 0.1406250020954758
1 0.5648437584168278 0.5958333644084632 0.05781250086147338 0.05000000074505806
1 0.7687500114552677 0.20104167715180665 0.3781250056345016 0.2984375044470653
0 0.6640625098953024 0.6895833692979068 0.1625000024214387 0.16875000251457095
0 0.3914062558324076 0.6843750356929377 0.19531250291038305 0.19218750286381692
0 0.5335937579511665 0.4385416895383969 0.19531250291038305 0.19218750286381692
0 0.3210937547846697 0.07500000391155481 0.2015625030035153 0.1093750016298145
0 0.19062500284053385 0.5854166971985251 0.15000000223517418 0.1406250020954758
0 0.1359375020256266 0.32500001695007086 0.15000000223517418 0.1406250020954758
0 0.30000000447034836 0.7416667053475976 0.15000000223517418 0.1406250020954758
0 0.7671875114319846 0.8520833777729422 0.15000000223517418 0.1406250020954758
2 0.5648437584168278 0.5958333644084632 0.05781250086147338 0.05000000074505806
1 0.7687500114552677 0.20104167715180665 0.3781250056345016 0.2984375044470653
0 0.6640625098953024 0.6895833692979068 0.1625000024214387 0.16875000251457095
0 0.3914062558324076 0.6843750356929377 0.19531250291038305 0.19218750286381692
0 0.5335937579511665 0.4385416895383969 0.19531250291038305 0.19218750286381692
0 0.3210937547846697 0.07500000391155481 0.2015625030035153 0.1093750016298145
0 0.19062500284053385 0.5854166971985251 0.15000000223517418 0.1406250020954758
0 0.1359375020256266 0.32500001695007086 0.15000000223517418 0.1406250020954758
0 0.30000000447034836 0.7416667053475976 0.15000000223517418 0.1406250020954758
0 0.7671875114319846 0.8520833777729422 0.15000000223517418 0.1406250020954758
2 0.5648437584168278 0.5958333644084632 0.05781250086147338 0.05000000074505806
1 0.7687500114552677 0.20104167715180665 0.3781250056345016 0.2984375044470653
0 0.6640625 0.6895833611488342 0.16250000894069672 0.16875000298023224
0 0.39140626788139343 0.6843750476837158 0.1953125 0.19218750298023224
0 0.5335937738418579 0.4385416805744171 0.1953125 0.19218750298023224
0 0.32109376788139343 0.07500000298023224 0.20156250894069672 0.109375
0 0.19062499701976776 0.5854166746139526 0.15000000596046448 0.140625
0 0.13593749701976776 0.32500001788139343 0.15000000596046448 0.140625
0 0.30000001192092896 0.7416667342185974 0.15000000596046448 0.140625
0 0.7671875357627869 0.8520833849906921 0.15000000596046448 0.140625
2 0.5648437738418579 0.5958333611488342 0.05781250074505806 0.05000000074505806
1 0.768750011920929 0.20104168355464935 0.37812501192092896 0.2984375059604645
0 0.6640625 0.6895833611488342 0.16250000894069672 0.16875000298023224
0 0.39140626788139343 0.6843750476837158 0.1953125 0.19218750298023224
0 0.5335937738418579 0.4385416805744171 0.1953125 0.19218750298023224
0 0.32109376788139343 0.07500000298023224 0.20156250894069672 0.109375
0 0.19062499701976776 0.5854166746139526 0.15000000596046448 0.140625
0 0.13593749701976776 0.32500001788139343 0.15000000596046448 0.140625
0 0.30000001192092896 0.7416667342185974 0.15000000596046448 0.140625
0 0.7671875357627869 0.8520833849906921 0.15000000596046448 0.140625
2 0.5648437738418579 0.5958333611488342 0.05781250074505806 0.05000000074505806
1 0.768750011920929 0.20104168355464935 0.37812501192092896 0.2984375059604645
0 0.6640625 0.6895833611488342 0.16250000894069672 0.16875000298023224
0 0.39140626788139343 0.6843750476837158 0.1953125 0.19218750298023224
0 0.5335937738418579 0.4385416805744171 0.1953125 0.19218750298023224
0 0.32109376788139343 0.07500000298023224 0.20156250894069672 0.109375
0 0.19062499701976776 0.5854166746139526 0.15000000596046448 0.140625
0 0.13593749701976776 0.32500001788139343 0.15000000596046448 0.140625
0 0.30000001192092896 0.7416667342185974 0.15000000596046448 0.140625
0 0.7671875357627869 0.8520833849906921 0.15000000596046448 0.140625
2 0.5648437738418579 0.5958333611488342 0.05781250074505806 0.05000000074505806
1 0.768750011920929 0.20104168355464935 0.37812501192092896 0.2984375059604645
0 0.6640625 0.6895833611488342 0.16250000894069672 0.16875000298023224
0 0.39140626788139343 0.6843750476837158 0.1953125 0.19218750298023224
0 0.5335937738418579 0.4385416805744171 0.1953125 0.19218750298023224
0 0.32109376788139343 0.07500000298023224 0.20156250894069672 0.109375
0 0.19062499701976776 0.5854166746139526 0.15000000596046448 0.140625
0 0.13593749701976776 0.32500001788139343 0.15000000596046448 0.140625
0 0.30000001192092896 0.7416667342185974 0.15000000596046448 0.140625
0 0.7671875357627869 0.8520833849906921 0.15000000596046448 0.140625
2 0.5648437738418579 0.5958333611488342 0.05781250074505806 0.05000000074505806
1 0.768750011920929 0.20104168355464935 0.37812501192092896 0.2984375059604645
0 0.6640625 0.6895833611488342 0.16250000894069672 0.16875000298023224
0 0.39140626788139343 0.6843750476837158 0.1953125 0.19218750298023224
0 0.5335937738418579 0.4385416805744171 0.1953125 0.19218750298023224
0 0.32109376788139343 0.07500000298023224 0.20156250894069672 0.109375
0 0.19062499701976776 0.5854166746139526 0.15000000596046448 0.140625
0 0.13593749701976776 0.32500001788139343 0.15000000596046448 0.140625
0 0.30000001192092896 0.7416667342185974 0.15000000596046448 0.140625
0 0.7671875357627869 0.8520833849906921 0.15000000596046448 0.140625
2 0.5648437738418579 0.5958333611488342 0.05781250074505806 0.05000000074505806
1 0.768750011920929 0.20104168355464935 0.37812501192092896 0.2984375059604645
0 0.6640625 0.6895833611488342 0.16250000894069672 0.16875000298023224
0 0.39140626788139343 0.6843750476837158 0.1953125 0.19218750298023224
0 0.5335937738418579 0.4385416805744171 0.1953125 0.19218750298023224
0 0.32109376788139343 0.07500000298023224 0.20156250894069672 0.109375
0 0.19062499701976776 0.5854166746139526 0.15000000596046448 0.140625
0 0.13593749701976776 0.32500001788139343 0.15000000596046448 0.140625
0 0.30000001192092896 0.7416667342185974 0.15000000596046448 0.140625
0 0.7671875357627869 0.8520833849906921 0.15000000596046448 0.140625
2 0.5648437738418579 0.5958333611488342 0.05781250074505806 0.05000000074505806
1 0.768750011920929 0.20104168355464935 0.37812501192092896 0.2984375059604645
0 0.6640625 0.6895833611488342 0.16250000894069672 0.16875000298023224
0 0.39140626788139343 0.6843750476837158 0.1953125 0.19218750298023224
0 0.5335937738418579 0.4385416805744171 0.1953125 0.19218750298023224
0 0.32109376788139343 0.07500000298023224 0.20156250894069672 0.109375
0 0.19062499701976776 0.5854166746139526 0.15000000596046448 0.140625
0 0.13593749701976776 0.32500001788139343 0.15000000596046448 0.140625
0 0.30000001192092896 0.7416667342185974 0.15000000596046448 0.140625
0 0.7671875357627869 0.8520833849906921 0.15000000596046448 0.140625
2 0.5648437738418579 0.5958333611488342 0.05781250074505806 0.05000000074505806
1 0.768750011920929 0.20104168355464935 0.37812501192092896 0.2984375059604645
