0 0.8195312622119673 0.17708334256894886 0.17343750258442014 0.1406250020954758
0 0.6742187600466423 0.21770834468770772 0.17656250263098627 0.15468750230502337
0 0.5554687582771294 0.5677083629416302 0.17656250263098627 0.15468750230502337
0 0.8242187622818165 0.5906250308034942 0.1578125023515895 0.13906250207219273
0 0.9289062638417818 0.43541668937541544 0.14218750211875886 0.1843750027474016
0 0.7218750107567757 0.4645833575632423 0.17812500265426934 0.18125000270083547
0 0.1554687523166649 0.8322917100740597 0.17656250263098627 0.15468750230502337
0 0.21640625322470441 0.10104167193640023 0.1671875024912879 0.14843750221189111
0 0.4851562572293915 0.8447917107259855 0.19218750286381692 0.1671875024912879
0 0.753125011222437 0.841666710563004 0.19375000288709998 0.20000000298023224
1 0.29453125438885763 0.36041668546386063 0.36093750537838787 0.34375000512227416
1 0.5523437582305633 0.3156250164611265 0.05468750081490725 0.048437500721774995
0 0.8195312622119673 0.17708334256894886 0.17343750258442014 0.1406250020954758
0 0.6742187600466423 0.21770834468770772 0.17656250263098627 0.15468750230502337
0 0.5554687582771294 0.5677083629416302 0.17656250263098627 0.15468750230502337
0 0.8242187622818165 0.5906250308034942 0.1578125023515895 0.13906250207219273
0 0.9289062638417818 0.43541668937541544 0.14218750211875886 0.1843750027474016
0 0.7218750107567757 0.4645833575632423 0.17812500265426934 0.18125000270083547
0 0.1554687523166649 0.8322917100740597 0.17656250263098627 0.15468750230502337
0 0.21640625322470441 0.10104167193640023 0.1671875024912879 0.14843750221189111
0 0.4851562572293915 0.8447917107259855 0.19218750286381692 0.1671875024912879
0 0.753125011222437 0.841666710563004 0.19375000288709998 0.20000000298023224
1 0.29453125438885763 0.36041668546386063 0.36093750537838787 0.34375000512227416
1 0.5523437582305633 0.3156250164611265 0.05468750081490725 0.048437500721774995
0 0.8195312622119673 0.17708334256894886 0.17343750258442014 0.1406250020954758
0 0.6742187600466423 0.21770834468770772 0.17656250263098627 0.15468750230502337
0 0.5554687582771294 0.5677083629416302 0.17656250263098627 0.15468750230502337
0 0.8242187622818165 0.5906250308034942 0.1578125023515895 0.13906250207219273
0 0.9289062638417818 0.43541668937541544 0.14218750211875886 0.1843750027474016
0 0.7218750107567757 0.4645833575632423 0.17812500265426934 0.18125000270083547
0 0.1554687523166649 0.8322917100740597 0.17656250263098627 0.15468750230502337
0 0.21640625322470441 0.10104167193640023 0.1671875024912879 0.14843750221189111
0 0.4851562572293915 0.8447917107259855 0.19218750286381692 0.1671875024912879
0 0.753125011222437 0.841666710563004 0.19375000288709998 0.20000000298023224
1 0.29453125438885763 0.36041668546386063 0.36093750537838787 0.34375000512227416
1 0.5523437582305633 0.3156250164611265 0.05468750081490725 0.048437500721774995
0 0.8195312622119673 0.17708334256894886 0.17343750258442014 0.1406250020954758
0 0.6742187600466423 0.21770834468770772 0.17656250263098627 0.15468750230502337
0 0.5554687582771294 0.5677083629416302 0.17656250263098627 0.15468750230502337
0 0.8242187622818165 0.5906250308034942 0.1578125023515895 0.13906250207219273
0 0.9289062638417818 0.43541668937541544 0.14218750211875886 0.1843750027474016
0 0.7218750107567757 0.4645833575632423 0.17812500265426934 0.18125000270083547
0 0.1554687523166649 0.8322917100740597 0.17656250263098627 0.15468750230502337
0 0.21640625322470441 0.10104167193640023 0.1671875024912879 0.14843750221189111
0 0.4851562572293915 0.8447917107259855 0.19218750286381692 0.1671875024912879
0 0.753125011222437 0.841666710563004 0.19375000288709998 0.20000000298023224
1 0.29453125438885763 0.36041668546386063 0.36093750537838787 0.34375000512227416
1 0.5523437582305633 0.3156250164611265 0.05468750081490725 0.048437500721774995
0 0.8195312622119673 0.17708334256894886 0.17343750258442014 0.1406250020954758
0 0.6742187600466423 0.21770834468770772 0.17656250263098627 0.15468750230502337
0 0.5554687582771294 0.5677083629416302 0.17656250263098627 0.15468750230502337
0 0.8242187622818165 0.5906250308034942 0.1578125023515895 0.13906250207219273
0 0.9289062638417818 0.43541668937541544 0.14218750211875886 0.1843750027474016
0 0.7218750107567757 0.4645833575632423 0.17812500265426934 0.18125000270083547
0 0.1554687523166649 0.8322917100740597 0.17656250263098627 0.15468750230502337
0 0.21640625322470441 0.10104167193640023 0.1671875024912879 0.14843750221189111
0 0.4851562572293915 0.8447917107259855 0.19218750286381692 0.1671875024912879
0 0.753125011222437 0.841666710563004 0.19375000288709998 0.20000000298023224
1 0.29453125438885763 0.36041668546386063 0.36093750537838787 0.34375000512227416
1 0.5523437582305633 0.3156250164611265 0.05468750081490725 0.048437500721774995
0 0.8195312622119673 0.17708334256894886 0.17343750258442014 0.1406250020954758
0 0.6742187600466423 0.21770834468770772 0.17656250263098627 0.15468750230502337
0 0.5554687582771294 0.5677083629416302 0.17656250263098627 0.15468750230502337
0 0.8242187622818165 0.5906250308034942 0.1578125023515895 0.13906250207219273
0 0.9289062638417818 0.43541668937541544 0.14218750211875886 0.1843750027474016
0 0.7218750107567757 0.4645833575632423 0.17812500265426934 0.18125000270083547
0 0.1554687523166649 0.8322917100740597 0.17656250263098627 0.15468750230502337
0 0.21640625322470441 0.10104167193640023 0.1671875024912879 0.14843750221189111
0 0.4851562572293915 0.8447917107259855 0.19218750286381692 0.1671875024912879
0 0.753125011222437 0.841666710563004 0.19375000288709998 0.20000000298023224
1 0.29453125438885763 0.36041668546386063 0.36093750537838787 0.34375000512227416
1 0.5523437582305633 0.3156250164611265 0.05468750081490725 0.048437500721774995
0 0.8195312622119673 0.17708334256894886 0.17343750258442014 0.1406250020954758
0 0.6742187600466423 0.21770834468770772 0.17656250263098627 0.15468750230502337
0 0.5554687582771294 0.5677083629416302 0.17656250263098627 0.15468750230502337
0 0.8242187622818165 0.5906250308034942 0.1578125023515895 0.13906250207219273
0 0.9289062638417818 0.43541668937541544 0.14218750211875886 0.1843750027474016
0 0.7218750107567757 0.4645833575632423 0.17812500265426934 0.18125000270083547
0 0.1554687523166649 0.8322917100740597 0.17656250263098627 0.15468750230502337
0 0.21640625322470441 0.10104167193640023 0.1671875024912879 0.14843750221189111
0 0.4851562572293915 0.8447917107259855 0.19218750286381692 0.1671875024912879
0 0.753125011222437 0.841666710563004 0.19375000288709998 0.20000000298023224
1 0.29453125438885763 0.36041668546386063 0.36093750537838787 0.34375000512227416
1 0.5523437582305633 0.3156250164611265 0.05468750081490725 0.048437500721774995
0 0.8195312622119673 0.17708334256894886 0.17343750258442014 0.1406250020954758
0 0.6742187600466423 0.21770834468770772 0.17656250263098627 0.15468750230502337
0 0.5554687582771294 0.5677083629416302 0.17656250263098627 0.15468750230502337
0 0.8242187622818165 0.5906250308034942 0.1578125023515895 0.13906250207219273
0 0.9289062638417818 0.43541668937541544 0.14218750211875886 0.1843750027474016
0 0.7218750107567757 0.4645833575632423 0.17812500265426934 0.18125000270083547
0 0.1554687523166649 0.8322917100740597 0.17656250263098627 0.15468750230502337
0 0.21640625322470441 0.10104167193640023 0.1671875024912879 0.14843750221189111
0 0.4851562572293915 0.8447917107259855 0.19218750286381692 0.1671875024912879
0 0.753125011222437 0.841666710563004 0.19375000288709998 0.20000000298023224
1 0.29453125438885763 0.36041668546386063 0.36093750537838787 0.34375000512227416
1 0.5523437582305633 0.3156250164611265 0.05468750081490725 0.048437500721774995
0 0.8195312622119673 0.17708334256894886 0.17343750258442014 0.1406250020954758
0 0.6742187600466423 0.21770834468770772 0.17656250263098627 0.15468750230502337
0 0.5554687582771294 0.5677083629416302 0.17656250263098627 0.15468750230502337
0 0.8242187622818165 0.5906250308034942 0.1578125023515895 0.13906250207219273
0 0.9289062638417818 0.43541668937541544 0.14218750211875886 0.1843750027474016
0 0.7218750107567757 0.4645833575632423 0.17812500265426934 0.18125000270083547
0 0.1554687523166649 0.8322917100740597 0.17656250263098627 0.15468750230502337
0 0.21640625322470441 0.10104167193640023 0.1671875024912879 0.14843750221189111
0 0.4851562572293915 0.8447917107259855 0.19218750286381692 0.1671875024912879
0 0.753125011222437 0.841666710563004 0.19375000288709998 0.20000000298023224
1 0.29453125438885763 0.36041668546386063 0.36093750537838787 0.34375000512227416
1 0.5523437582305633 0.3156250164611265 0.05468750081490725 0.048437500721774995
0 0.8195312622119673 0.17708334256894886 0.17343750258442014 0.1406250020954758
0 0.6742187600466423 0.21770834468770772 0.17656250263098627 0.15468750230502337
0 0.5554687582771294 0.5677083629416302 0.17656250263098627 0.15468750230502337
0 0.8242187622818165 0.5906250308034942 0.1578125023515895 0.13906250207219273
0 0.9289062638417818 0.43541668937541544 0.14218750211875886 0.1843750027474016
0 0.7218750107567757 0.4645833575632423 0.17812500265426934 0.18125000270083547
0 0.1554687523166649 0.8322917100740597 0.17656250263098627 0.15468750230502337
0 0.21640625322470441 0.10104167193640023 0.1671875024912879 0.14843750221189111
0 0.4851562572293915 0.8447917107259855 0.19218750286381692 0.1671875024912879
0 0.753125011222437 0.841666710563004 0.19375000288709998 0.20000000298023224
1 0.29453125438885763 0.36041668546386063 0.36093750537838787 0.34375000512227416
1 0.5523437582305633 0.3156250164611265 0.05468750081490725 0.048437500721774995
0 0.8195312622119673 0.17708334256894886 0.17343750258442014 0.1406250020954758
0 0.6742187600466423 0.21770834468770772 0.17656250263098627 0.15468750230502337
0 0.5554687582771294 0.5677083629416302 0.17656250263098627 0.15468750230502337
0 0.8242187622818165 0.5906250308034942 0.1578125023515895 0.13906250207219273
0 0.9289062638417818 0.43541668937541544 0.14218750211875886 0.1843750027474016
0 0.7218750107567757 0.4645833575632423 0.17812500265426934 0.18125000270083547
0 0.1554687523166649 0.8322917100740597 0.17656250263098627 0.15468750230502337
0 0.21640625322470441 0.10104167193640023 0.1671875024912879 0.14843750221189111
0 0.4851562572293915 0.8447917107259855 0.19218750286381692 0.1671875024912879
0 0.753125011222437 0.841666710563004 0.19375000288709998 0.20000000298023224
1 0.29453125438885763 0.36041668546386063 0.36093750537838787 0.34375000512227416
1 0.5523437582305633 0.3156250164611265 0.05468750081490725 0.048437500721774995
0 0.8195312622119673 0.17708334256894886 0.17343750258442014 0.1406250020954758
0 0.6742187600466423 0.21770834468770772 0.17656250263098627 0.15468750230502337
0 0.5554687582771294 0.5677083629416302 0.17656250263098627 0.15468750230502337
0 0.8242187622818165 0.5906250308034942 0.1578125023515895 0.13906250207219273
0 0.9289062638417818 0.43541668937541544 0.14218750211875886 0.1843750027474016
0 0.7218750107567757 0.4645833575632423 0.17812500265426934 0.18125000270083547
0 0.1554687523166649 0.8322917100740597 0.17656250263098627 0.15468750230502337
0 0.21640625322470441 0.10104167193640023 0.1671875024912879 0.14843750221189111
0 0.4851562572293915 0.8447917107259855 0.19218750286381692 0.1671875024912879
0 0.753125011222437 0.841666710563004 0.19375000288709998 0.20000000298023224
1 0.29453125438885763 0.36041668546386063 0.36093750537838787 0.34375000512227416
1 0.5523437582305633 0.3156250164611265 0.05468750081490725 0.048437500721774995
0 0.8195312622119673 0.17708334256894886 0.17343750258442014 0.1406250020954758
0 0.6742187600466423 0.21770834468770772 0.17656250263098627 0.15468750230502337
0 0.5554687582771294 0.5677083629416302 0.17656250263098627 0.15468750230502337
0 0.8242187622818165 0.5906250308034942 0.1578125023515895 0.13906250207219273
0 0.9289062638417818 0.43541668937541544 0.14218750211875886 0.1843750027474016
0 0.7218750107567757 0.4645833575632423 0.17812500265426934 0.18125000270083547
0 0.1554687523166649 0.8322917100740597 0.17656250263098627 0.15468750230502337
0 0.21640625322470441 0.10104167193640023 0.1671875024912879 0.14843750221189111
0 0.4851562572293915 0.8447917107259855 0.19218750286381692 0.1671875024912879
0 0.753125011222437 0.841666710563004 0.19375000288709998 0.20000000298023224
1 0.29453125438885763 0.36041668546386063 0.36093750537838787 0.34375000512227416
1 0.5523437582305633 0.3156250164611265 0.05468750081490725 0.048437500721774995
0 0.8195312622119673 0.17708334256894886 0.17343750258442014 0.1406250020954758
0 0.6742187600466423 0.21770834468770772 0.17656250263098627 0.15468750230502337
0 0.5554687582771294 0.5677083629416302 0.17656250263098627 0.15468750230502337
0 0.8242187622818165 0.5906250308034942 0.1578125023515895 0.13906250207219273
0 0.9289062638417818 0.43541668937541544 0.14218750211875886 0.1843750027474016
0 0.7218750107567757 0.4645833575632423 0.17812500265426934 0.18125000270083547
0 0.1554687523166649 0.8322917100740597 0.17656250263098627 0.15468750230502337
0 0.21640625322470441 0.10104167193640023 0.1671875024912879 0.14843750221189111
0 0.4851562572293915 0.8447917107259855 0.19218750286381692 0.1671875024912879
0 0.753125011222437 0.841666710563004 0.19375000288709998 0.20000000298023224
1 0.29453125438885763 0.36041668546386063 0.36093750537838787 0.34375000512227416
2 0.5523437582305633 0.3156250164611265 0.05468750081490725 0.048437500721774995
0 0.8195312622119673 0.17708334256894886 0.17343750258442014 0.1406250020954758
0 0.6742187600466423 0.21770834468770772 0.17656250263098627 0.15468750230502337
0 0.5554687582771294 0.5677083629416302 0.17656250263098627 0.15468750230502337
0 0.8242187622818165 0.5906250308034942 0.1578125023515895 0.13906250207219273
0 0.9289062638417818 0.43541668937541544 0.14218750211875886 0.1843750027474016
0 0.7218750107567757 0.4645833575632423 0.17812500265426934 0.18125000270083547
0 0.1554687523166649 0.8322917100740597 0.17656250263098627 0.15468750230502337
0 0.21640625322470441 0.10104167193640023 0.1671875024912879 0.14843750221189111
0 0.4851562572293915 0.8447917107259855 0.19218750286381692 0.1671875024912879
0 0.753125011222437 0.841666710563004 0.19375000288709998 0.20000000298023224
1 0.29453125438885763 0.36041668546386063 0.36093750537838787 0.34375000512227416
2 0.5523437582305633 0.3156250164611265 0.05468750081490725 0.048437500721774995
0 0.819531261920929 0.1770833432674408 0.17343750596046448 0.140625
0 0.6742187738418579 0.21770834922790527 0.17656250298023224 0.15468750894069672
0 0.555468738079071 0.5677083730697632 0.17656250298023224 0.15468750894069672
0 0.82421875 0.5906250476837158 0.15781250596046448 0.13906250894069672
0 0.928906261920929 0.43541669845581055 0.14218750596046448 0.18437500298023224
0 0.721875011920929 0.4645833671092987 0.17812500894069672 0.18125000596046448
0 0.15546874701976776 0.8322917222976685 0.17656250298023224 0.15468750894069672
0 0.21640625596046448 0.10104167461395264 0.16718749701976776 0.1484375
0 0.48515626788139343 0.8447917103767395 0.19218750298023224 0.16718749701976776
0 0.753125011920929 0.8416666984558105 0.19375000894069672 0.20000000298023224
1 0.2945312559604645 0.3604166805744171 0.3609375059604645 0.34375
2 0.5523437857627869 0.31562501192092896 0.0546875 0.04843750223517418
0 0.819531261920929 0.1770833432674408 0.17343750596046448 0.140625
0 0.6742187738418579 0.21770834922790527 0.17656250298023224 0.15468750894069672
0 0.555468738079071 0.5677083730697632 0.17656250298023224 0.15468750894069672
0 0.82421875 0.5906250476837158 0.15781250596046448 0.13906250894069672
0 0.928906261920929 0.43541669845581055 0.14218750596046448 0.18437500298023224
0 0.721875011920929 0.4645833671092987 0.17812500894069672 0.18125000596046448
0 0.15546874701976776 0.8322917222976685 0.17656250298023224 0.15468750894069672
0 0.21640625596046448 0.10104167461395264 0.16718749701976776 0.1484375
0 0.48515626788139343 0.8447917103767395 0.19218750298023224 0.16718749701976776
0 0.753125011920929 0.8416666984558105 0.19375000894069672 0.20000000298023224
1 0.2945312559604645 0.3604166805744171 0.3609375059604645 0.34375
2 0.5523437857627869 0.31562501192092896 0.0546875 0.04843750223517418
0 0.819531261920929 0.1770833432674408 0.17343750596046448 0.140625
0 0.6742187738418579 0.21770834922790527 0.17656250298023224 0.15468750894069672
0 0.555468738079071 0.5677083730697632 0.17656250298023224 0.15468750894069672
0 0.82421875 0.5906250476837158 0.15781250596046448 0.13906250894069672
0 0.928906261920929 0.43541669845581055 0.14218750596046448 0.18437500298023224
0 0.721875011920929 0.4645833671092987 0.17812500894069672 0.18125000596046448
0 0.15546874701976776 0.8322917222976685 0.17656250298023224 0.15468750894069672
0 0.21640625596046448 0.10104167461395264 0.16718749701976776 0.1484375
0 0.48515626788139343 0.8447917103767395 0.19218750298023224 0.16718749701976776
0 0.753125011920929 0.8416666984558105 0.19375000894069672 0.20000000298023224
1 0.2945312559604645 0.3604166805744171 0.3609375059604645 0.34375
2 0.5523437857627869 0.31562501192092896 0.0546875 0.04843750223517418
0 0.819531261920929 0.1770833432674408 0.17343750596046448 0.140625
0 0.6742187738418579 0.21770834922790527 0.17656250298023224 0.15468750894069672
0 0.555468738079071 0.5677083730697632 0.17656250298023224 0.15468750894069672
0 0.82421875 0.5906250476837158 0.15781250596046448 0.13906250894069672
0 0.928906261920929 0.43541669845581055 0.14218750596046448 0.18437500298023224
0 0.721875011920929 0.4645833671092987 0.17812500894069672 0.18125000596046448
0 0.15546874701976776 0.8322917222976685 0.17656250298023224 0.15468750894069672
0 0.21640625596046448 0.10104167461395264 0.16718749701976776 0.1484375
0 0.48515626788139343 0.8447917103767395 0.19218750298023224 0.16718749701976776
0 0.753125011920929 0.8416666984558105 0.19375000894069672 0.20000000298023224
1 0.2945312559604645 0.3604166805744171 0.3609375059604645 0.34375
2 0.5523437857627869 0.31562501192092896 0.0546875 0.04843750223517418
0 0.819531261920929 0.1770833432674408 0.17343750596046448 0.140625
0 0.6742187738418579 0.21770834922790527 0.17656250298023224 0.15468750894069672
0 0.555468738079071 0.5677083730697632 0.17656250298023224 0.15468750894069672
0 0.82421875 0.5906250476837158 0.15781250596046448 0.13906250894069672
0 0.928906261920929 0.43541669845581055 0.14218750596046448 0.18437500298023224
0 0.721875011920929 0.4645833671092987 0.17812500894069672 0.18125000596046448
0 0.15546874701976776 0.8322917222976685 0.17656250298023224 0.15468750894069672
0 0.21640625596046448 0.10104167461395264 0.16718749701976776 0.1484375
0 0.48515626788139343 0.8447917103767395 0.19218750298023224 0.16718749701976776
0 0.753125011920929 0.8416666984558105 0.19375000894069672 0.20000000298023224
1 0.2945312559604645 0.3604166805744171 0.3609375059604645 0.34375
2 0.5523437857627869 0.31562501192092896 0.0546875 0.04843750223517418
0 0.819531261920929 0.1770833432674408 0.17343750596046448 0.140625
0 0.6742187738418579 0.21770834922790527 0.17656250298023224 0.15468750894069672
0 0.555468738079071 0.5677083730697632 0.17656250298023224 0.15468750894069672
0 0.82421875 0.5906250476837158 0.15781250596046448 0.13906250894069672
0 0.928906261920929 0.43541669845581055 0.14218750596046448 0.18437500298023224
0 0.721875011920929 0.4645833671092987 0.17812500894069672 0.18125000596046448
0 0.15546874701976776 0.8322917222976685 0.17656250298023224 0.15468750894069672
0 0.21640625596046448 0.10104167461395264 0.16718749701976776 0.1484375
0 0.48515626788139343 0.8447917103767395 0.19218750298023224 0.16718749701976776
0 0.753125011920929 0.8416666984558105 0.19375000894069672 0.20000000298023224
1 0.2945312559604645 0.3604166805744171 0.3609375059604645 0.34375
2 0.5523437857627869 0.31562501192092896 0.0546875 0.04843750223517418
0 0.819531261920929 0.1770833432674408 0.17343750596046448 0.140625
0 0.6742187738418579 0.21770834922790527 0.17656250298023224 0.15468750894069672
0 0.555468738079071 0.5677083730697632 0.17656250298023224 0.15468750894069672
0 0.82421875 0.5906250476837158 0.15781250596046448 0.13906250894069672
0 0.928906261920929 0.43541669845581055 0.14218750596046448 0.18437500298023224
0 0.721875011920929 0.4645833671092987 0.17812500894069672 0.18125000596046448
0 0.15546874701976776 0.8322917222976685 0.17656250298023224 0.15468750894069672
0 0.21640625596046448 0.10104167461395264 0.16718749701976776 0.1484375
0 0.48515626788139343 0.8447917103767395 0.19218750298023224 0.16718749701976776
0 0.753125011920929 0.8416666984558105 0.19375000894069672 0.20000000298023224
1 0.2945312559604645 0.3604166805744171 0.3609375059604645 0.34375
2 0.5523437857627869 0.31562501192092896 0.0546875 0.04843750223517418
