1 0.1796875026775524 0.568750029662624 0.35312500526197255 0.26875000400468707
0 0.6437500095926225 0.4020833543036133 0.1968750029336661 0.14687500218860805
0 0.6718750100117177 0.54583336180076 0.16562500246800482 0.1625000024214387
0 0.7093750105705112 0.7312500381376594 0.16562500246800482 0.1625000024214387
0 0.532812507939525 0.6958333696238697 0.1406250020954758 0.16562500246800482
0 0.46484375692671165 0.7812500407453626 0.14531250216532499 0.20000000298023224
0 0.3375000050291419 0.7354167050216347 0.15000000223517418 0.1531250022817403
0 0.10859375161817297 0.8010417084442452 0.17343750258442014 0.15468750230502337
0 0.29453125438885763 0.9083333807066083 0.19531250291038305 0.13437500200234354
0 0.5789062586263753 0.8885417130077258 0.12968750193249434 0.1578125023515895
0 0.8914062632829882 0.8447917107259855 0.16093750239815563 0.15468750230502337
0 0.8242187622818165 0.6385416999692097 0.16093750239815563 0.15468750230502337
0 0.8445312625844963 0.5052083596820012 0.16093750239815563 0.15468750230502337
0 0.9406250140164047 0.5833333637565374 0.11875000176951289 0.15000000223517418
1 0.6875000102445483 0.8781250457977876 0.07187500107102096 0.05781250086147338
1 0.5843750087078661 0.1302083401242271 0.07187500107102096 0.05781250086147338
0 0.40859375608852133 0.13229167356621474 0.12968750193249434 0.1359375020256266
0 0.8593750128056854 0.2979166822042316 0.17187500256113708 0.19062500284053385
0 0.5312500079162419 0.9489583828253672 0.12812500190921128 0.07656250114087015
1 0.1796875026775524 0.568750029662624 0.35312500526197255 0.26875000400468707
0 0.6437500095926225 0.4020833543036133 0.1968750029336661 0.14687500218860805
0 0.6718750100117177 0.54583336180076 0.16562500246800482 0.1625000024214387
0 0.7093750105705112 0.7312500381376594 0.16562500246800482 0.1625000024214387
0 0.532812507939525 0.6958333696238697 0.1406250020954758 0.16562500246800482
0 0.46484375692671165 0.7812500407453626 0.14531250216532499 0.20000000298023224
0 0.3375000050291419 0.7354167050216347 0.15000000223517418 0.1531250022817403
0 0.10859375161817297 0.8010417084442452 0.17343750258442014 0.15468750230502337
0 0.29453125438885763 0.9083333807066083 0.19531250291038305 0.13437500200234354
0 0.5789062586263753 0.8885417130077258 0.12968750193249434 0.1578125023515895
0 0.8914062632829882 0.8447917107259855 0.16093750239815563 0.15468750230502337
0 0.8242187622818165 0.6385416999692097 0.16093750239815563 0.15468750230502337
0 0.8445312625844963 0.5052083596820012 0.16093750239815563 0.15468750230502337
0 0.9406250140164047 0.5833333637565374 0.11875000176951289 0.15000000223517418
1 0.6875000102445483 0.8781250457977876 0.07187500107102096 0.05781250086147338
1 0.5843750087078661 0.1302083401242271 0.07187500107102096 0.05781250086147338
0 0.40859375608852133 0.13229167356621474 0.12968750193249434 0.1359375020256266
0 0.8593750128056854 0.2979166822042316 0.17187500256113708 0.19062500284053385
0 0.5312500079162419 0.9489583828253672 0.12812500190921128 0.07656250114087015
1 0.1796875026775524 0.568750029662624 0.35312500526197255 0.26875000400468707
0 0.6437500095926225 0.4020833543036133 0.1968750029336661 0.14687500218860805
0 0.6718750100117177 0.54583336180076 0.16562500246800482 0.1625000024214387
0 0.7093750105705112 0.7312500381376594 0.16562500246800482 0.1625000024214387
0 0.532812507939525 0.6958333696238697 0.1406250020954758 0.16562500246800482
0 0.46484375692671165 0.7812500407453626 0.14531250216532499 0.20000000298023224
0 0.3375000050291419 0.7354167050216347 0.15000000223517418 0.1531250022817403
0 0.10859375161817297 0.8010417084442452 0.17343750258442014 0.15468750230502337
0 0.29453125438885763 0.9083333807066083 0.19531250291038305 0.13437500200234354
0 0.5789062586263753 0.8885417130077258 0.12968750193249434 0.1578125023515895
0 0.8914062632829882 0.8447917107259855 0.16093750239815563 0.15468750230502337
0 0.8242187622818165 0.6385416999692097 0.16093750239815563 0.15468750230502337
0 0.8445312625844963 0.5052083596820012 0.16093750239815563 0.15468750230502337
0 0.9406250140164047 0.5833333637565374 0.11875000176951289 0.15000000223517418
1 0.6875000102445483 0.8781250457977876 0.07187500107102096 0.05781250086147338
1 0.5843750087078661 0.1302083401242271 0.07187500107102096 0.05781250086147338
0 0.40859375608852133 0.13229167356621474 0.12968750193249434 0.1359375020256266
0 0.8593750128056854 0.2979166822042316 0.17187500256113708 0.19062500284053385
0 0.5312500079162419 0.9489583828253672 0.12812500190921128 0.07656250114087015
1 0.1796875026775524 0.568750029662624 0.35312500526197255 0.26875000400468707
0 0.6437500095926225 0.4020833543036133 0.1968750029336661 0.14687500218860805
0 0.6718750100117177 0.54583336180076 0.16562500246800482 0.1625000024214387
0 0.7093750105705112 0.7312500381376594 0.16562500246800482 0.1625000024214387
0 0.532812507939525 0.6958333696238697 0.1406250020954758 0.16562500246800482
0 0.46484375692671165 0.7812500407453626 0.14531250216532499 0.20000000298023224
0 0.3375000050291419 0.7354167050216347 0.15000000223517418 0.1531250022817403
0 0.10859375161817297 0.8010417084442452 0.17343750258442014 0.15468750230502337
0 0.29453125438885763 0.9083333807066083 0.19531250291038305 0.13437500200234354
0 0.5789062586263753 0.8885417130077258 0.12968750193249434 0.1578125023515895
0 0.8914062632829882 0.8447917107259855 0.16093750239815563 0.15468750230502337
0 0.8242187622818165 0.6385416999692097 0.16093750239815563 0.15468750230502337
0 0.8445312625844963 0.5052083596820012 0.16093750239815563 0.15468750230502337
0 0.9406250140164047 0.5833333637565374 0.11875000176951289 0.15000000223517418
1 0.6875000102445483 0.8781250457977876 0.07187500107102096 0.05781250086147338
1 0.5843750087078661 0.1302083401242271 0.07187500107102096 0.05781250086147338
0 0.40859375608852133 0.13229167356621474 0.12968750193249434 0.1359375020256266
0 0.8593750128056854 0.2979166822042316 0.17187500256113708 0.19062500284053385
0 0.5312500079162419 0.9489583828253672 0.12812500190921128 0.07656250114087015
1 0.1796875026775524 0.568750029662624 0.35312500526197255 0.26875000400468707
0 0.6437500095926225 0.4020833543036133 0.1968750029336661 0.14687500218860805
0 0.6718750100117177 0.54583336180076 0.16562500246800482 0.1625000024214387
0 0.7093750105705112 0.7312500381376594 0.16562500246800482 0.1625000024214387
0 0.532812507939525 0.6958333696238697 0.1406250020954758 0.16562500246800482
0 0.46484375692671165 0.7812500407453626 0.14531250216532499 0.20000000298023224
0 0.3375000050291419 0.7354167050216347 0.15000000223517418 0.1531250022817403
0 0.10859375161817297 0.8010417084442452 0.17343750258442014 0.15468750230502337
0 0.29453125438885763 0.9083333807066083 0.19531250291038305 0.13437500200234354
0 0.5789062586263753 0.8885417130077258 0.12968750193249434 0.1578125023515895
0 0.8914062632829882 0.8447917107259855 0.16093750239815563 0.15468750230502337
0 0.8242187622818165 0.6385416999692097 0.16093750239815563 0.15468750230502337
0 0.8445312625844963 0.5052083596820012 0.16093750239815563 0.15468750230502337
0 0.9406250140164047 0.5833333637565374 0.11875000176951289 0.15000000223517418
1 0.6875000102445483 0.8781250457977876 0.07187500107102096 0.05781250086147338
1 0.5843750087078661 0.1302083401242271 0.07187500107102096 0.05781250086147338
0 0.40859375608852133 0.13229167356621474 0.12968750193249434 0.1359375020256266
0 0.8593750128056854 0.2979166822042316 0.17187500256113708 0.19062500284053385
0 0.5312500079162419 0.9489583828253672 0.12812500190921128 0.07656250114087015
1 0.1796875026775524 0.568750029662624 0.35312500526197255 0.26875000400468707
0 0.6437500095926225 0.4020833543036133 0.1968750029336661 0.14687500218860805
0 0.6718750100117177 0.54583336180076 0.16562500246800482 0.1625000024214387
0 0.7093750105705112 0.7312500381376594 0.16562500246800482 0.1625000024214387
0 0.532812507939525 0.6958333696238697 0.1406250020954758 0.16562500246800482
0 0.46484375692671165 0.7812500407453626 0.14531250216532499 0.20000000298023224
0 0.3375000050291419 0.7354167050216347 0.15000000223517418 0.1531250022817403
0 0.10859375161817297 0.8010417084442452 0.17343750258442014 0.15468750230502337
0 0.29453125438885763 0.9083333807066083 0.19531250291038305 0.13437500200234354
0 0.5789062586263753 0.8885417130077258 0.12968750193249434 0.1578125023515895
0 0.8914062632829882 0.8447917107259855 0.16093750239815563 0.15468750230502337
0 0.8242187622818165 0.6385416999692097 0.16093750239815563 0.15468750230502337
0 0.8445312625844963 0.5052083596820012 0.16093750239815563 0.15468750230502337
0 0.9406250140164047 0.5833333637565374 0.11875000176951289 0.15000000223517418
1 0.6875000102445483 0.8781250457977876 0.07187500107102096 0.05781250086147338
1 0.5843750087078661 0.1302083401242271 0.07187500107102096 0.05781250086147338
0 0.40859375608852133 0.13229167356621474 0.12968750193249434 0.1359375020256266
0 0.8593750128056854 0.2979166822042316 0.17187500256113708 0.19062500284053385
0 0.5312500079162419 0.9489583828253672 0.12812500190921128 0.07656250114087015
1 0.1796875026775524 0.568750029662624 0.35312500526197255 0.26875000400468707
0 0.6437500095926225 0.4020833543036133 0.1968750029336661 0.14687500218860805
0 0.6718750100117177 0.54583336180076 0.16562500246800482 0.1625000024214387
0 0.7093750105705112 0.7312500381376594 0.16562500246800482 0.1625000024214387
0 0.532812507939525 0.6958333696238697 0.1406250020954758 0.16562500246800482
0 0.46484375692671165 0.7812500407453626 0.14531250216532499 0.20000000298023224
0 0.3375000050291419 0.7354167050216347 0.15000000223517418 0.1531250022817403
0 0.10859375161817297 0.8010417084442452 0.17343750258442014 0.15468750230502337
0 0.29453125438885763 0.9083333807066083 0.19531250291038305 0.13437500200234354
0 0.5789062586263753 0.8885417130077258 0.12968750193249434 0.1578125023515895
0 0.8914062632829882 0.8447917107259855 0.16093750239815563 0.15468750230502337
0 0.8242187622818165 0.6385416999692097 0.16093750239815563 0.15468750230502337
0 0.8445312625844963 0.5052083596820012 0.16093750239815563 0.15468750230502337
0 0.9406250140164047 0.5833333637565374 0.11875000176951289 0.15000000223517418
1 0.6875000102445483 0.8781250457977876 0.07187500107102096 0.05781250086147338
1 0.5843750087078661 0.1302083401242271 0.07187500107102096 0.05781250086147338
0 0.40859375608852133 0.13229167356621474 0.12968750193249434 0.1359375020256266
0 0.8593750128056854 0.2979166822042316 0.17187500256113708 0.19062500284053385
0 0.5312500079162419 0.9489583828253672 0.12812500190921128 0.07656250114087015
1 0.1796875026775524 0.568750029662624 0.35312500526197255 0.26875000400468707
0 0.6437500095926225 0.4020833543036133 0.1968750029336661 0.14687500218860805
0 0.6718750100117177 0.54583336180076 0.16562500246800482 0.1625000024214387
0 0.7093750105705112 0.7312500381376594 0.16562500246800482 0.1625000024214387
0 0.532812507939525 0.6958333696238697 0.1406250020954758 0.16562500246800482
0 0.46484375692671165 0.7812500407453626 0.14531250216532499 0.20000000298023224
0 0.3375000050291419 0.7354167050216347 0.15000000223517418 0.1531250022817403
0 0.10859375161817297 0.8010417084442452 0.17343750258442014 0.15468750230502337
0 0.29453125438885763 0.9083333807066083 0.19531250291038305 0.13437500200234354
0 0.5789062586263753 0.8885417130077258 0.12968750193249434 0.1578125023515895
0 0.8914062632829882 0.8447917107259855 0.16093750239815563 0.15468750230502337
0 0.8242187622818165 0.6385416999692097 0.16093750239815563 0.15468750230502337
0 0.8445312625844963 0.5052083596820012 0.16093750239815563 0.15468750230502337
0 0.9406250140164047 0.5833333637565374 0.11875000176951289 0.15000000223517418
1 0.6875000102445483 0.8781250457977876 0.07187500107102096 0.05781250086147338
1 0.5843750087078661 0.1302083401242271 0.07187500107102096 0.05781250086147338
0 0.40859375608852133 0.13229167356621474 0.12968750193249434 0.1359375020256266
0 0.8593750128056854 0.2979166822042316 0.17187500256113708 0.19062500284053385
0 0.5312500079162419 0.9489583828253672 0.12812500190921128 0.07656250114087015
1 0.1796875026775524 0.568750029662624 0.35312500526197255 0.26875000400468707
0 0.6437500095926225 0.4020833543036133 0.1968750029336661 0.14687500218860805
0 0.6718750100117177 0.54583336180076 0.16562500246800482 0.1625000024214387
0 0.7093750105705112 0.7312500381376594 0.16562500246800482 0.1625000024214387
0 0.532812507939525 0.6958333696238697 0.1406250020954758 0.16562500246800482
0 0.46484375692671165 0.7812500407453626 0.14531250216532499 0.20000000298023224
0 0.3375000050291419 0.7354167050216347 0.15000000223517418 0.1531250022817403
0 0.10859375161817297 0.8010417084442452 0.17343750258442014 0.15468750230502337
0 0.29453125438885763 0.9083333807066083 0.19531250291038305 0.13437500200234354
0 0.5789062586263753 0.8885417130077258 0.12968750193249434 0.1578125023515895
0 0.8914062632829882 0.8447917107259855 0.16093750239815563 0.15468750230502337
0 0.8242187622818165 0.6385416999692097 0.16093750239815563 0.15468750230502337
0 0.8445312625844963 0.5052083596820012 0.16093750239815563 0.15468750230502337
0 0.9406250140164047 0.5833333637565374 0.11875000176951289 0.15000000223517418
1 0.6875000102445483 0.8781250457977876 0.07187500107102096 0.05781250086147338
1 0.5843750087078661 0.1302083401242271 0.07187500107102096 0.05781250086147338
0 0.40859375608852133 0.13229167356621474 0.12968750193249434 0.1359375020256266
0 0.8593750128056854 0.2979166822042316 0.17187500256113708 0.19062500284053385
0 0.5312500079162419 0.9489583828253672 0.12812500190921128 0.07656250114087015
1 0.1796875026775524 0.568750029662624 0.35312500526197255 0.26875000400468707
0 0.6437500095926225 0.4020833543036133 0.1968750029336661 0.14687500218860805
0 0.6718750100117177 0.54583336180076 0.16562500246800482 0.1625000024214387
0 0.7093750105705112 0.7312500381376594 0.16562500246800482 0.1625000024214387
0 0.532812507939525 0.6958333696238697 0.1406250020954758 0.16562500246800482
0 0.46484375692671165 0.7812500407453626 0.14531250216532499 0.20000000298023224
0 0.3375000050291419 0.7354167050216347 0.15000000223517418 0.1531250022817403
0 0.10859375161817297 0.8010417084442452 0.17343750258442014 0.15468750230502337
0 0.29453125438885763 0.9083333807066083 0.19531250291038305 0.13437500200234354
0 0.5789062586263753 0.8885417130077258 0.12968750193249434 0.1578125023515895
0 0.8914062632829882 0.8447917107259855 0.16093750239815563 0.15468750230502337
0 0.8242187622818165 0.6385416999692097 0.16093750239815563 0.15468750230502337
0 0.8445312625844963 0.5052083596820012 0.16093750239815563 0.15468750230502337
0 0.9406250140164047 0.5833333637565374 0.11875000176951289 0.15000000223517418
1 0.6875000102445483 0.8781250457977876 0.07187500107102096 0.05781250086147338
1 0.5843750087078661 0.1302083401242271 0.07187500107102096 0.05781250086147338
0 0.40859375608852133 0.13229167356621474 0.12968750193249434 0.1359375020256266
0 0.8593750128056854 0.2979166822042316 0.17187500256113708 0.19062500284053385
0 0.5312500079162419 0.9489583828253672 0.12812500190921128 0.07656250114087015
1 0.1796875026775524 0.568750029662624 0.35312500526197255 0.26875000400468707
0 0.6437500095926225 0.4020833543036133 0.1968750029336661 0.14687500218860805
0 0.6718750100117177 0.54583336180076 0.16562500246800482 0.1625000024214387
0 0.7093750105705112 0.7312500381376594 0.16562500246800482 0.1625000024214387
0 0.532812507939525 0.6958333696238697 0.1406250020954758 0.16562500246800482
0 0.46484375692671165 0.7812500407453626 0.14531250216532499 0.20000000298023224
0 0.3375000050291419 0.7354167050216347 0.15000000223517418 0.1531250022817403
0 0.10859375161817297 0.8010417084442452 0.17343750258442014 0.15468750230502337
0 0.29453125438885763 0.9083333807066083 0.19531250291038305 0.13437500200234354
0 0.5789062586263753 0.8885417130077258 0.12968750193249434 0.1578125023515895
0 0.8914062632829882 0.8447917107259855 0.16093750239815563 0.15468750230502337
0 0.8242187622818165 0.6385416999692097 0.16093750239815563 0.15468750230502337
0 0.8445312625844963 0.5052083596820012 0.16093750239815563 0.15468750230502337
0 0.9406250140164047 0.5833333637565374 0.11875000176951289 0.15000000223517418
1 0.6875000102445483 0.8781250457977876 0.07187500107102096 0.05781250086147338
1 0.5843750087078661 0.1302083401242271 0.07187500107102096 0.05781250086147338
0 0.40859375608852133 0.13229167356621474 0.12968750193249434 0.1359375020256266
0 0.8593750128056854 0.2979166822042316 0.17187500256113708 0.19062500284053385
0 0.5312500079162419 0.9489583828253672 0.12812500190921128 0.07656250114087015
1 0.1796875026775524 0.568750029662624 0.35312500526197255 0.26875000400468707
0 0.6437500095926225 0.4020833543036133 0.1968750029336661 0.14687500218860805
0 0.6718750100117177 0.54583336180076 0.16562500246800482 0.1625000024214387
0 0.7093750105705112 0.7312500381376594 0.16562500246800482 0.1625000024214387
0 0.532812507939525 0.6958333696238697 0.1406250020954758 0.16562500246800482
0 0.46484375692671165 0.7812500407453626 0.14531250216532499 0.20000000298023224
0 0.3375000050291419 0.7354167050216347 0.15000000223517418 0.1531250022817403
0 0.10859375161817297 0.8010417084442452 0.17343750258442014 0.15468750230502337
0 0.29453125438885763 0.9083333807066083 0.19531250291038305 0.13437500200234354
0 0.5789062586263753 0.8885417130077258 0.12968750193249434 0.1578125023515895
0 0.8914062632829882 0.8447917107259855 0.16093750239815563 0.15468750230502337
0 0.8242187622818165 0.6385416999692097 0.16093750239815563 0.15468750230502337
0 0.8445312625844963 0.5052083596820012 0.16093750239815563 0.15468750230502337
0 0.9406250140164047 0.5833333637565374 0.11875000176951289 0.15000000223517418
1 0.6875000102445483 0.8781250457977876 0.07187500107102096 0.05781250086147338
1 0.5843750087078661 0.1302083401242271 0.07187500107102096 0.05781250086147338
0 0.40859375608852133 0.13229167356621474 0.12968750193249434 0.1359375020256266
0 0.8593750128056854 0.2979166822042316 0.17187500256113708 0.19062500284053385
0 0.5312500079162419 0.9489583828253672 0.12812500190921128 0.07656250114087015
1 0.1796875026775524 0.568750029662624 0.35312500526197255 0.26875000400468707
0 0.6437500095926225 0.4020833543036133 0.1968750029336661 0.14687500218860805
0 0.6718750100117177 0.54583336180076 0.16562500246800482 0.1625000024214387
0 0.7093750105705112 0.7312500381376594 0.16562500246800482 0.1625000024214387
0 0.532812507939525 0.6958333696238697 0.1406250020954758 0.16562500246800482
0 0.46484375692671165 0.7812500407453626 0.14531250216532499 0.20000000298023224
0 0.3375000050291419 0.7354167050216347 0.15000000223517418 0.1531250022817403
0 0.10859375161817297 0.8010417084442452 0.17343750258442014 0.15468750230502337
0 0.29453125438885763 0.9083333807066083 0.19531250291038305 0.13437500200234354
0 0.5789062586263753 0.8885417130077258 0.12968750193249434 0.1578125023515895
0 0.8914062632829882 0.8447917107259855 0.16093750239815563 0.15468750230502337
0 0.8242187622818165 0.6385416999692097 0.16093750239815563 0.15468750230502337
0 0.8445312625844963 0.5052083596820012 0.16093750239815563 0.15468750230502337
0 0.9406250140164047 0.5833333637565374 0.11875000176951289 0.15000000223517418
1 0.6875000102445483 0.8781250457977876 0.07187500107102096 0.05781250086147338
1 0.5843750087078661 0.1302083401242271 0.07187500107102096 0.05781250086147338
0 0.40859375608852133 0.13229167356621474 0.12968750193249434 0.1359375020256266
0 0.8593750128056854 0.2979166822042316 0.17187500256113708 0.19062500284053385
0 0.5312500079162419 0.9489583828253672 0.12812500190921128 0.07656250114087015
1 0.1796875026775524 0.568750029662624 0.35312500526197255 0.26875000400468707
0 0.6437500095926225 0.4020833543036133 0.1968750029336661 0.14687500218860805
0 0.6718750100117177 0.54583336180076 0.16562500246800482 0.1625000024214387
0 0.7093750105705112 0.7312500381376594 0.16562500246800482 0.1625000024214387
0 0.532812507939525 0.6958333696238697 0.1406250020954758 0.16562500246800482
0 0.46484375692671165 0.7812500407453626 0.14531250216532499 0.20000000298023224
0 0.3375000050291419 0.7354167050216347 0.15000000223517418 0.1531250022817403
0 0.10859375161817297 0.8010417084442452 0.17343750258442014 0.15468750230502337
0 0.29453125438885763 0.9083333807066083 0.19531250291038305 0.13437500200234354
0 0.5789062586263753 0.8885417130077258 0.12968750193249434 0.1578125023515895
0 0.8914062632829882 0.8447917107259855 0.16093750239815563 0.15468750230502337
0 0.8242187622818165 0.6385416999692097 0.16093750239815563 0.15468750230502337
0 0.8445312625844963 0.5052083596820012 0.16093750239815563 0.15468750230502337
0 0.9406250140164047 0.5833333637565374 0.11875000176951289 0.15000000223517418
2 0.6875000102445483 0.8781250457977876 0.07187500107102096 0.05781250086147338
2 0.5843750087078661 0.1302083401242271 0.07187500107102096 0.05781250086147338
0 0.40859375608852133 0.13229167356621474 0.12968750193249434 0.1359375020256266
0 0.8593750128056854 0.2979166822042316 0.17187500256113708 0.19062500284053385
0 0.5312500079162419 0.9489583828253672 0.12812500190921128 0.07656250114087015
1 0.1796875026775524 0.568750029662624 0.35312500526197255 0.26875000400468707
0 0.6437500095926225 0.4020833543036133 0.1968750029336661 0.14687500218860805
0 0.6718750100117177 0.54583336180076 0.16562500246800482 0.1625000024214387
0 0.7093750105705112 0.7312500381376594 0.16562500246800482 0.1625000024214387
0 0.532812507939525 0.6958333696238697 0.1406250020954758 0.16562500246800482
0 0.46484375692671165 0.7812500407453626 0.14531250216532499 0.20000000298023224
0 0.3375000050291419 0.7354167050216347 0.15000000223517418 0.1531250022817403
0 0.10859375161817297 0.8010417084442452 0.17343750258442014 0.15468750230502337
0 0.29453125438885763 0.9083333807066083 0.19531250291038305 0.13437500200234354
0 0.5789062586263753 0.8885417130077258 0.12968750193249434 0.1578125023515895
0 0.8914062632829882 0.8447917107259855 0.16093750239815563 0.15468750230502337
0 0.8242187622818165 0.6385416999692097 0.16093750239815563 0.15468750230502337
0 0.8445312625844963 0.5052083596820012 0.16093750239815563 0.15468750230502337
0 0.9406250140164047 0.5833333637565374 0.11875000176951289 0.15000000223517418
2 0.6875000102445483 0.8781250457977876 0.07187500107102096 0.05781250086147338
2 0.5843750087078661 0.1302083401242271 0.07187500107102096 0.05781250086147338
0 0.40859375608852133 0.13229167356621474 0.12968750193249434 0.1359375020256266
0 0.8593750128056854 0.2979166822042316 0.17187500256113708 0.19062500284053385
0 0.5312500079162419 0.9489583828253672 0.12812500190921128 0.07656250114087015
1 0.1796875 0.5687500238418579 0.3531250059604645 0.26875001192092896
0 0.643750011920929 0.4020833671092987 0.19687500596046448 0.14687500894069672
0 0.671875 0.5458333492279053 0.16562500596046448 0.16250000894069672
0 0.7093750238418579 0.7312500476837158 0.16562500596046448 0.16250000894069672
0 0.5328125357627869 0.6958333849906921 0.140625 0.16562500596046448
0 0.46484375 0.7812500596046448 0.14531250298023224 0.20000000298023224
0 0.3375000059604645 0.7354167103767395 0.15000000596046448 0.15312500298023224
0 0.10859375447034836 0.8010417222976685 0.17343750596046448 0.15468750894069672
0 0.2945312559604645 0.9083333611488342 0.1953125 0.13437500596046448
0 0.578906238079071 0.8885416984558105 0.12968750298023224 0.15781250596046448
0 0.891406238079071 0.8447917103767395 0.16093750298023224 0.15468750894069672
0 0.82421875 0.6385416984558105 0.16093750298023224 0.15468750894069672
0 0.844531238079071 0.5052083730697632 0.16093750298023224 0.15468750894069672
0 0.940625011920929 0.5833333730697632 0.11874999850988388 0.15000000596046448
2 0.6875 0.8781250715255737 0.07187499850988388 0.05781250074505806
2 0.5843750238418579 0.1302083432674408 0.07187499850988388 0.05781250074505806
0 0.4085937440395355 0.13229167461395264 0.12968750298023224 0.13593749701976776
0 0.859375 0.2979166805744171 0.171875 0.19062499701976776
0 0.53125 0.9489583969116211 0.12812499701976776 0.07656250149011612
1 0.1796875 0.5687500238418579 0.3531250059604645 0.26875001192092896
0 0.643750011920929 0.4020833671092987 0.19687500596046448 0.14687500894069672
0 0.671875 0.5458333492279053 0.16562500596046448 0.16250000894069672
0 0.7093750238418579 0.7312500476837158 0.16562500596046448 0.16250000894069672
0 0.5328125357627869 0.6958333849906921 0.140625 0.16562500596046448
0 0.46484375 0.7812500596046448 0.14531250298023224 0.20000000298023224
0 0.3375000059604645 0.7354167103767395 0.15000000596046448 0.15312500298023224
0 0.10859375447034836 0.8010417222976685 0.17343750596046448 0.15468750894069672
0 0.2945312559604645 0.9083333611488342 0.1953125 0.13437500596046448
0 0.578906238079071 0.8885416984558105 0.12968750298023224 0.15781250596046448
0 0.891406238079071 0.8447917103767395 0.16093750298023224 0.15468750894069672
0 0.82421875 0.6385416984558105 0.16093750298023224 0.15468750894069672
0 0.844531238079071 0.5052083730697632 0.16093750298023224 0.15468750894069672
0 0.940625011920929 0.5833333730697632 0.11874999850988388 0.15000000596046448
2 0.6875 0.8781250715255737 0.07187499850988388 0.05781250074505806
2 0.5843750238418579 0.1302083432674408 0.07187499850988388 0.05781250074505806
0 0.4085937440395355 0.13229167461395264 0.12968750298023224 0.13593749701976776
0 0.859375 0.2979166805744171 0.171875 0.19062499701976776
0 0.53125 0.9489583969116211 0.12812499701976776 0.07656250149011612
1 0.1796875 0.5687500238418579 0.3531250059604645 0.26875001192092896
0 0.643750011920929 0.4020833671092987 0.19687500596046448 0.14687500894069672
0 0.671875 0.5458333492279053 0.16562500596046448 0.16250000894069672
0 0.7093750238418579 0.7312500476837158 0.16562500596046448 0.16250000894069672
0 0.5328125357627869 0.6958333849906921 0.140625 0.16562500596046448
0 0.46484375 0.7812500596046448 0.14531250298023224 0.20000000298023224
0 0.3375000059604645 0.7354167103767395 0.15000000596046448 0.15312500298023224
0 0.10859375447034836 0.8010417222976685 0.17343750596046448 0.15468750894069672
0 0.2945312559604645 0.9083333611488342 0.1953125 0.13437500596046448
0 0.578906238079071 0.8885416984558105 0.12968750298023224 0.15781250596046448
0 0.891406238079071 0.8447917103767395 0.16093750298023224 0.15468750894069672
0 0.82421875 0.6385416984558105 0.16093750298023224 0.15468750894069672
0 0.844531238079071 0.5052083730697632 0.16093750298023224 0.15468750894069672
0 0.940625011920929 0.5833333730697632 0.11874999850988388 0.15000000596046448
2 0.6875 0.8781250715255737 0.07187499850988388 0.05781250074505806
2 0.5843750238418579 0.1302083432674408 0.07187499850988388 0.05781250074505806
0 0.4085937440395355 0.13229167461395264 0.12968750298023224 0.13593749701976776
0 0.859375 0.2979166805744171 0.171875 0.19062499701976776
0 0.53125 0.9489583969116211 0.12812499701976776 0.07656250149011612
1 0.1796875 0.5687500238418579 0.3531250059604645 0.26875001192092896
0 0.643750011920929 0.4020833671092987 0.19687500596046448 0.14687500894069672
0 0.671875 0.5458333492279053 0.16562500596046448 0.16250000894069672
0 0.7093750238418579 0.7312500476837158 0.16562500596046448 0.16250000894069672
0 0.5328125357627869 0.6958333849906921 0.140625 0.16562500596046448
0 0.46484375 0.7812500596046448 0.14531250298023224 0.20000000298023224
0 0.3375000059604645 0.7354167103767395 0.15000000596046448 0.15312500298023224
0 0.10859375447034836 0.8010417222976685 0.17343750596046448 0.15468750894069672
0 0.2945312559604645 0.9083333611488342 0.1953125 0.13437500596046448
0 0.578906238079071 0.8885416984558105 0.12968750298023224 0.15781250596046448
0 0.891406238079071 0.8447917103767395 0.16093750298023224 0.15468750894069672
0 0.82421875 0.6385416984558105 0.16093750298023224 0.15468750894069672
0 0.844531238079071 0.5052083730697632 0.16093750298023224 0.15468750894069672
0 0.940625011920929 0.5833333730697632 0.11874999850988388 0.15000000596046448
2 0.6875 0.8781250715255737 0.07187499850988388 0.05781250074505806
2 0.5843750238418579 0.1302083432674408 0.07187499850988388 0.05781250074505806
0 0.4085937440395355 0.13229167461395264 0.12968750298023224 0.13593749701976776
0 0.859375 0.2979166805744171 0.171875 0.19062499701976776
0 0.53125 0.9489583969116211 0.12812499701976776 0.07656250149011612
1 0.1796875 0.5687500238418579 0.3531250059604645 0.26875001192092896
0 0.643750011920929 0.4020833671092987 0.19687500596046448 0.14687500894069672
0 0.671875 0.5458333492279053 0.16562500596046448 0.16250000894069672
0 0.7093750238418579 0.7312500476837158 0.16562500596046448 0.16250000894069672
0 0.5328125357627869 0.6958333849906921 0.140625 0.16562500596046448
0 0.46484375 0.7812500596046448 0.14531250298023224 0.20000000298023224
0 0.3375000059604645 0.7354167103767395 0.15000000596046448 0.15312500298023224
0 0.10859375447034836 0.8010417222976685 0.17343750596046448 0.15468750894069672
0 0.2945312559604645 0.9083333611488342 0.1953125 0.13437500596046448
0 0.578906238079071 0.8885416984558105 0.12968750298023224 0.15781250596046448
0 0.891406238079071 0.8447917103767395 0.16093750298023224 0.15468750894069672
0 0.82421875 0.6385416984558105 0.16093750298023224 0.15468750894069672
0 0.844531238079071 0.5052083730697632 0.16093750298023224 0.15468750894069672
0 0.940625011920929 0.5833333730697632 0.11874999850988388 0.15000000596046448
2 0.6875 0.8781250715255737 0.07187499850988388 0.05781250074505806
2 0.5843750238418579 0.1302083432674408 0.07187499850988388 0.05781250074505806
0 0.4085937440395355 0.13229167461395264 0.12968750298023224 0.13593749701976776
0 0.859375 0.2979166805744171 0.171875 0.19062499701976776
0 0.53125 0.9489583969116211 0.12812499701976776 0.07656250149011612
1 0.1796875 0.5687500238418579 0.3531250059604645 0.26875001192092896
0 0.643750011920929 0.4020833671092987 0.19687500596046448 0.14687500894069672
0 0.671875 0.5458333492279053 0.16562500596046448 0.16250000894069672
0 0.7093750238418579 0.7312500476837158 0.16562500596046448 0.16250000894069672
0 0.5328125357627869 0.6958333849906921 0.140625 0.16562500596046448
0 0.46484375 0.7812500596046448 0.14531250298023224 0.20000000298023224
0 0.3375000059604645 0.7354167103767395 0.15000000596046448 0.15312500298023224
0 0.10859375447034836 0.8010417222976685 0.17343750596046448 0.15468750894069672
0 0.2945312559604645 0.9083333611488342 0.1953125 0.13437500596046448
0 0.578906238079071 0.8885416984558105 0.12968750298023224 0.15781250596046448
0 0.891406238079071 0.8447917103767395 0.16093750298023224 0.15468750894069672
0 0.82421875 0.6385416984558105 0.16093750298023224 0.15468750894069672
0 0.844531238079071 0.5052083730697632 0.16093750298023224 0.15468750894069672
0 0.940625011920929 0.5833333730697632 0.11874999850988388 0.15000000596046448
2 0.6875 0.8781250715255737 0.07187499850988388 0.05781250074505806
2 0.5843750238418579 0.1302083432674408 0.07187499850988388 0.05781250074505806
0 0.4085937440395355 0.13229167461395264 0.12968750298023224 0.13593749701976776
0 0.859375 0.2979166805744171 0.171875 0.19062499701976776
0 0.53125 0.9489583969116211 0.12812499701976776 0.07656250149011612
1 0.1796875 0.5687500238418579 0.3531250059604645 0.26875001192092896
0 0.643750011920929 0.4020833671092987 0.19687500596046448 0.14687500894069672
0 0.671875 0.5458333492279053 0.16562500596046448 0.16250000894069672
0 0.7093750238418579 0.7312500476837158 0.16562500596046448 0.16250000894069672
0 0.5328125357627869 0.6958333849906921 0.140625 0.16562500596046448
0 0.46484375 0.7812500596046448 0.14531250298023224 0.20000000298023224
0 0.3375000059604645 0.7354167103767395 0.15000000596046448 0.15312500298023224
0 0.10859375447034836 0.8010417222976685 0.17343750596046448 0.15468750894069672
0 0.2945312559604645 0.9083333611488342 0.1953125 0.13437500596046448
0 0.578906238079071 0.8885416984558105 0.12968750298023224 0.15781250596046448
0 0.891406238079071 0.8447917103767395 0.16093750298023224 0.15468750894069672
0 0.82421875 0.6385416984558105 0.16093750298023224 0.15468750894069672
0 0.844531238079071 0.5052083730697632 0.16093750298023224 0.15468750894069672
0 0.940625011920929 0.5833333730697632 0.11874999850988388 0.15000000596046448
2 0.6875 0.8781250715255737 0.07187499850988388 0.05781250074505806
2 0.5843750238418579 0.1302083432674408 0.07187499850988388 0.05781250074505806
0 0.4085937440395355 0.13229167461395264 0.12968750298023224 0.13593749701976776
0 0.859375 0.2979166805744171 0.171875 0.19062499701976776
0 0.53125 0.9489583969116211 0.12812499701976776 0.07656250149011612
