0 0.666406259930227 0.13333334028720856 0.16406250244472176 0.15000000223517418
0 0.8304687623749487 0.14583334093913436 0.16406250244472176 0.15000000223517418
0 0.6773437600932084 0.40000002086162567 0.16406250244472176 0.15000000223517418
0 0.4226562562980689 0.8031250418862328 0.17656250263098627 0.16406250244472176
0 0.3101562546216883 0.6000000312924385 0.18593750277068466 0.19062500284053385
0 0.2882812542957254 0.22500001173466444 0.14843750221189111 0.15625000232830644
0 0.7789062616066076 0.8375000436790287 0.18593750277068466 0.19062500284053385
0 0.6843750101979822 0.9291667151264846 0.15937500237487257 0.10312500153668225
0 0.8898437632597052 0.5416666949167848 0.18593750277068466 0.12500000186264515
0 0.1117187516647391 0.18854167649988085 0.18281250272411853 0.19843750295694917
0 0.42656250635627657 0.0864583378424868 0.1406250020954758 0.1265625018859282
0 0.3234375048195943 0.7656250399304554 0.1843750027474016 0.14218750211875886
0 0.6093750090803951 0.7864583743503317 0.16875000251457095 0.17656250263098627
1 0.4468750066589564 0.3958333539776504 0.31875000474974513 0.3281250048894435
0 0.666406259930227 0.13333334028720856 0.16406250244472176 0.15000000223517418
0 0.8304687623749487 0.14583334093913436 0.16406250244472176 0.15000000223517418
0 0.6773437600932084 0.40000002086162567 0.16406250244472176 0.15000000223517418
0 0.4226562562980689 0.8031250418862328 0.17656250263098627 0.16406250244472176
0 0.3101562546216883 0.6000000312924385 0.18593750277068466 0.19062500284053385
0 0.2882812542957254 0.22500001173466444 0.14843750221189111 0.15625000232830644
0 0.7789062616066076 0.8375000436790287 0.18593750277068466 0.19062500284053385
0 0.6843750101979822 0.9291667151264846 0.15937500237487257 0.10312500153668225
0 0.8898437632597052 0.5416666949167848 0.18593750277068466 0.12500000186264515
0 0.1117187516647391 0.18854167649988085 0.18281250272411853 0.19843750295694917
0 0.42656250635627657 0.0864583378424868 0.1406250020954758 0.1265625018859282
0 0.3234375048195943 0.7656250399304554 0.1843750027474016 0.14218750211875886
0 0.6093750090803951 0.7864583743503317 0.16875000251457095 0.17656250263098627
1 0.4468750066589564 0.3958333539776504 0.31875000474974513 0.3281250048894435
0 0.666406259930227 0.13333334028720856 0.16406250244472176 0.15000000223517418
0 0.8304687623749487 0.14583334093913436 0.16406250244472176 0.15000000223517418
0 0.6773437600932084 0.40000002086162567 0.16406250244472176 0.15000000223517418
0 0.4226562562980689 0.8031250418862328 0.17656250263098627 0.16406250244472176
0 0.3101562546216883 0.6000000312924385 0.18593750277068466 0.19062500284053385
0 0.2882812542957254 0.22500001173466444 0.14843750221189111 0.15625000232830644
0 0.7789062616066076 0.8375000436790287 0.18593750277068466 0.19062500284053385
0 0.6843750101979822 0.9291667151264846 0.15937500237487257 0.10312500153668225
0 0.8898437632597052 0.5416666949167848 0.18593750277068466 0.12500000186264515
0 0.1117187516647391 0.18854167649988085 0.18281250272411853 0.19843750295694917
0 0.42656250635627657 0.0864583378424868 0.1406250020954758 0.1265625018859282
0 0.3234375048195943 0.7656250399304554 0.1843750027474016 0.14218750211875886
0 0.6093750090803951 0.7864583743503317 0.16875000251457095 0.17656250263098627
1 0.4468750066589564 0.3958333539776504 0.31875000474974513 0.3281250048894435
0 0.666406259930227 0.13333334028720856 0.16406250244472176 0.15000000223517418
0 0.8304687623749487 0.14583334093913436 0.16406250244472176 0.15000000223517418
0 0.6773437600932084 0.40000002086162567 0.16406250244472176 0.15000000223517418
0 0.4226562562980689 0.8031250418862328 0.17656250263098627 0.16406250244472176
0 0.3101562546216883 0.6000000312924385 0.18593750277068466 0.19062500284053385
0 0.2882812542957254 0.22500001173466444 0.14843750221189111 0.15625000232830644
0 0.7789062616066076 0.8375000436790287 0.18593750277068466 0.19062500284053385
0 0.6843750101979822 0.9291667151264846 0.15937500237487257 0.10312500153668225
0 0.8898437632597052 0.5416666949167848 0.18593750277068466 0.12500000186264515
0 0.1117187516647391 0.18854167649988085 0.18281250272411853 0.19843750295694917
0 0.42656250635627657 0.0864583378424868 0.1406250020954758 0.1265625018859282
0 0.3234375048195943 0.7656250399304554 0.1843750027474016 0.14218750211875886
0 0.6093750090803951 0.7864583743503317 0.16875000251457095 0.17656250263098627
1 0.4468750066589564 0.3958333539776504 0.31875000474974513 0.3281250048894435
0 0.666406259930227 0.13333334028720856 0.16406250244472176 0.15000000223517418
0 0.8304687623749487 0.14583334093913436 0.16406250244472176 0.15000000223517418
0 0.6773437600932084 0.40000002086162567 0.16406250244472176 0.15000000223517418
0 0.4226562562980689 0.8031250418862328 0.17656250263098627 0.16406250244472176
0 0.3101562546216883 0.6000000312924385 0.18593750277068466 0.19062500284053385
0 0.2882812542957254 0.22500001173466444 0.14843750221189111 0.15625000232830644
0 0.7789062616066076 0.8375000436790287 0.18593750277068466 0.19062500284053385
0 0.6843750101979822 0.9291667151264846 0.15937500237487257 0.10312500153668225
0 0.8898437632597052 0.5416666949167848 0.18593750277068466 0.12500000186264515
0 0.1117187516647391 0.18854167649988085 0.18281250272411853 0.19843750295694917
0 0.42656250635627657 0.0864583378424868 0.1406250020954758 0.1265625018859282
0 0.3234375048195943 0.7656250399304554 0.1843750027474016 0.14218750211875886
0 0.6093750090803951 0.7864583743503317 0.16875000251457095 0.17656250263098627
1 0.4468750066589564 0.3958333539776504 0.31875000474974513 0.3281250048894435
0 0.666406259930227 0.13333334028720856 0.16406250244472176 0.15000000223517418
0 0.8304687623749487 0.14583334093913436 0.16406250244472176 0.15000000223517418
0 0.6773437600932084 0.40000002086162567 0.16406250244472176 0.15000000223517418
0 0.4226562562980689 0.8031250418862328 0.17656250263098627 0.16406250244472176
0 0.3101562546216883 0.6000000312924385 0.18593750277068466 0.19062500284053385
0 0.2882812542957254 0.22500001173466444 0.14843750221189111 0.15625000232830644
0 0.7789062616066076 0.8375000436790287 0.18593750277068466 0.19062500284053385
0 0.6843750101979822 0.9291667151264846 0.15937500237487257 0.10312500153668225
0 0.8898437632597052 0.5416666949167848 0.18593750277068466 0.12500000186264515
0 0.1117187516647391 0.18854167649988085 0.18281250272411853 0.19843750295694917
0 0.42656250635627657 0.0864583378424868 0.1406250020954758 0.1265625018859282
0 0.3234375048195943 0.7656250399304554 0.1843750027474016 0.14218750211875886
0 0.6093750090803951 0.7864583743503317 0.16875000251457095 0.17656250263098627
1 0.4468750066589564 0.3958333539776504 0.31875000474974513 0.3281250048894435
0 0.666406259930227 0.13333334028720856 0.16406250244472176 0.15000000223517418
0 0.8304687623749487 0.14583334093913436 0.16406250244472176 0.15000000223517418
0 0.6773437600932084 0.40000002086162567 0.16406250244472176 0.15000000223517418
0 0.4226562562980689 0.8031250418862328 0.17656250263098627 0.16406250244472176
0 0.3101562546216883 0.6000000312924385 0.18593750277068466 0.19062500284053385
0 0.2882812542957254 0.22500001173466444 0.14843750221189111 0.15625000232830644
0 0.7789062616066076 0.8375000436790287 0.18593750277068466 0.19062500284053385
0 0.6843750101979822 0.9291667151264846 0.15937500237487257 0.10312500153668225
0 0.8898437632597052 0.5416666949167848 0.18593750277068466 0.12500000186264515
0 0.1117187516647391 0.18854167649988085 0.18281250272411853 0.19843750295694917
0 0.42656250635627657 0.0864583378424868 0.1406250020954758 0.1265625018859282
0 0.3234375048195943 0.7656250399304554 0.1843750027474016 0.14218750211875886
0 0.6093750090803951 0.7864583743503317 0.16875000251457095 0.17656250263098627
1 0.4468750066589564 0.3958333539776504 0.31875000474974513 0.3281250048894435
0 0.666406259930227 0.13333334028720856 0.16406250244472176 0.15000000223517418
0 0.8304687623749487 0.14583334093913436 0.16406250244472176 0.15000000223517418
0 0.6773437600932084 0.40000002086162567 0.16406250244472176 0.15000000223517418
0 0.4226562562980689 0.8031250418862328 0.17656250263098627 0.16406250244472176
0 0.3101562546216883 0.6000000312924385 0.18593750277068466 0.19062500284053385
0 0.2882812542957254 0.22500001173466444 0.14843750221189111 0.15625000232830644
0 0.7789062616066076 0.8375000436790287 0.18593750277068466 0.19062500284053385
0 0.6843750101979822 0.9291667151264846 0.15937500237487257 0.10312500153668225
0 0.8898437632597052 0.5416666949167848 0.18593750277068466 0.12500000186264515
0 0.1117187516647391 0.18854167649988085 0.18281250272411853 0.19843750295694917
0 0.42656250635627657 0.0864583378424868 0.1406250020954758 0.1265625018859282
0 0.3234375048195943 0.7656250399304554 0.1843750027474016 0.14218750211875886
0 0.6093750090803951 0.7864583743503317 0.16875000251457095 0.17656250263098627
1 0.4468750066589564 0.3958333539776504 0.31875000474974513 0.3281250048894435
0 0.666406259930227 0.13333334028720856 0.16406250244472176 0.15000000223517418
0 0.8304687623749487 0.14583334093913436 0.16406250244472176 0.15000000223517418
0 0.6773437600932084 0.40000002086162567 0.16406250244472176 0.15000000223517418
0 0.4226562562980689 0.8031250418862328 0.17656250263098627 0.16406250244472176
0 0.3101562546216883 0.6000000312924385 0.18593750277068466 0.19062500284053385
0 0.2882812542957254 0.22500001173466444 0.14843750221189111 0.15625000232830644
0 0.7789062616066076 0.8375000436790287 0.18593750277068466 0.19062500284053385
0 0.6843750101979822 0.9291667151264846 0.15937500237487257 0.10312500153668225
0 0.8898437632597052 0.5416666949167848 0.18593750277068466 0.12500000186264515
0 0.1117187516647391 0.18854167649988085 0.18281250272411853 0.19843750295694917
0 0.42656250635627657 0.0864583378424868 0.1406250020954758 0.1265625018859282
0 0.3234375048195943 0.7656250399304554 0.1843750027474016 0.14218750211875886
0 0.6093750090803951 0.7864583743503317 0.16875000251457095 0.17656250263098627
1 0.4468750066589564 0.3958333539776504 0.31875000474974513 0.3281250048894435
0 0.666406259930227 0.13333334028720856 0.16406250244472176 0.15000000223517418
0 0.8304687623749487 0.14583334093913436 0.16406250244472176 0.15000000223517418
0 0.6773437600932084 0.40000002086162567 0.16406250244472176 0.15000000223517418
0 0.4226562562980689 0.8031250418862328 0.17656250263098627 0.16406250244472176
0 0.3101562546216883 0.6000000312924385 0.18593750277068466 0.19062500284053385
0 0.2882812542957254 0.22500001173466444 0.14843750221189111 0.15625000232830644
0 0.7789062616066076 0.8375000436790287 0.18593750277068466 0.19062500284053385
0 0.6843750101979822 0.9291667151264846 0.15937500237487257 0.10312500153668225
0 0.8898437632597052 0.5416666949167848 0.18593750277068466 0.12500000186264515
0 0.1117187516647391 0.18854167649988085 0.18281250272411853 0.19843750295694917
0 0.42656250635627657 0.0864583378424868 0.1406250020954758 0.1265625018859282
0 0.3234375048195943 0.7656250399304554 0.1843750027474016 0.14218750211875886
0 0.6093750090803951 0.7864583743503317 0.16875000251457095 0.17656250263098627
1 0.4468750066589564 0.3958333539776504 0.31875000474974513 0.3281250048894435
0 0.666406259930227 0.13333334028720856 0.16406250244472176 0.15000000223517418
0 0.8304687623749487 0.14583334093913436 0.16406250244472176 0.15000000223517418
0 0.6773437600932084 0.40000002086162567 0.16406250244472176 0.15000000223517418
0 0.4226562562980689 0.8031250418862328 0.17656250263098627 0.16406250244472176
0 0.3101562546216883 0.6000000312924385 0.18593750277068466 0.19062500284053385
0 0.2882812542957254 0.22500001173466444 0.14843750221189111 0.15625000232830644
0 0.7789062616066076 0.8375000436790287 0.18593750277068466 0.19062500284053385
0 0.6843750101979822 0.9291667151264846 0.15937500237487257 0.10312500153668225
0 0.8898437632597052 0.5416666949167848 0.18593750277068466 0.12500000186264515
0 0.1117187516647391 0.18854167649988085 0.18281250272411853 0.19843750295694917
0 0.42656250635627657 0.0864583378424868 0.1406250020954758 0.1265625018859282
0 0.3234375048195943 0.7656250399304554 0.1843750027474016 0.14218750211875886
0 0.6093750090803951 0.7864583743503317 0.16875000251457095 0.17656250263098627
1 0.4468750066589564 0.3958333539776504 0.31875000474974513 0.3281250048894435
0 0.666406259930227 0.13333334028720856 0.16406250244472176 0.15000000223517418
0 0.8304687623749487 0.14583334093913436 0.16406250244472176 0.15000000223517418
0 0.6773437600932084 0.40000002086162567 0.16406250244472176 0.15000000223517418
0 0.4226562562980689 0.8031250418862328 0.17656250263098627 0.16406250244472176
0 0.3101562546216883 0.6000000312924385 0.18593750277068466 0.19062500284053385
0 0.2882812542957254 0.22500001173466444 0.14843750221189111 0.15625000232830644
0 0.7789062616066076 0.8375000436790287 0.18593750277068466 0.19062500284053385
0 0.6843750101979822 0.9291667151264846 0.15937500237487257 0.10312500153668225
0 0.8898437632597052 0.5416666949167848 0.18593750277068466 0.12500000186264515
0 0.1117187516647391 0.18854167649988085 0.18281250272411853 0.19843750295694917
0 0.42656250635627657 0.0864583378424868 0.1406250020954758 0.1265625018859282
0 0.3234375048195943 0.7656250399304554 0.1843750027474016 0.14218750211875886
0 0.6093750090803951 0.7864583743503317 0.16875000251457095 0.17656250263098627
1 0.4468750066589564 0.3958333539776504 0.31875000474974513 0.3281250048894435
0 0.666406259930227 0.13333334028720856 0.16406250244472176 0.15000000223517418
0 0.8304687623749487 0.14583334093913436 0.16406250244472176 0.15000000223517418
0 0.6773437600932084 0.40000002086162567 0.16406250244472176 0.15000000223517418
0 0.4226562562980689 0.8031250418862328 0.17656250263098627 0.16406250244472176
0 0.3101562546216883 0.6000000312924385 0.18593750277068466 0.19062500284053385
0 0.2882812542957254 0.22500001173466444 0.14843750221189111 0.15625000232830644
0 0.7789062616066076 0.8375000436790287 0.18593750277068466 0.19062500284053385
0 0.6843750101979822 0.9291667151264846 0.15937500237487257 0.10312500153668225
0 0.8898437632597052 0.5416666949167848 0.18593750277068466 0.12500000186264515
0 0.1117187516647391 0.18854167649988085 0.18281250272411853 0.19843750295694917
0 0.42656250635627657 0.0864583378424868 0.1406250020954758 0.1265625018859282
0 0.3234375048195943 0.7656250399304554 0.1843750027474016 0.14218750211875886
0 0.6093750090803951 0.7864583743503317 0.16875000251457095 0.17656250263098627
1 0.4468750066589564 0.3958333539776504 0.31875000474974513 0.3281250048894435
0 0.666406259930227 0.13333334028720856 0.16406250244472176 0.15000000223517418
0 0.8304687623749487 0.14583334093913436 0.16406250244472176 0.15000000223517418
0 0.6773437600932084 0.40000002086162567 0.16406250244472176 0.15000000223517418
0 0.4226562562980689 0.8031250418862328 0.17656250263098627 0.16406250244472176
0 0.3101562546216883 0.6000000312924385 0.18593750277068466 0.19062500284053385
0 0.2882812542957254 0.22500001173466444 0.14843750221189111 0.15625000232830644
0 0.7789062616066076 0.8375000436790287 0.18593750277068466 0.19062500284053385
0 0.6843750101979822 0.9291667151264846 0.15937500237487257 0.10312500153668225
0 0.8898437632597052 0.5416666949167848 0.18593750277068466 0.12500000186264515
0 0.1117187516647391 0.18854167649988085 0.18281250272411853 0.19843750295694917
0 0.42656250635627657 0.0864583378424868 0.1406250020954758 0.1265625018859282
0 0.3234375048195943 0.7656250399304554 0.1843750027474016 0.14218750211875886
0 0.6093750090803951 0.7864583743503317 0.16875000251457095 0.17656250263098627
1 0.4468750066589564 0.3958333539776504 0.31875000474974513 0.3281250048894435
0 0.666406259930227 0.13333334028720856 0.16406250244472176 0.15000000223517418
0 0.8304687623749487 0.14583334093913436 0.16406250244472176 0.15000000223517418
0 0.6773437600932084 0.40000002086162567 0.16406250244472176 0.15000000223517418
0 0.4226562562980689 0.8031250418862328 0.17656250263098627 0.16406250244472176
0 0.3101562546216883 0.6000000312924385 0.18593750277068466 0.19062500284053385
0 0.2882812542957254 0.22500001173466444 0.14843750221189111 0.15625000232830644
0 0.7789062616066076 0.8375000436790287 0.18593750277068466 0.19062500284053385
0 0.6843750101979822 0.9291667151264846 0.15937500237487257 0.10312500153668225
0 0.8898437632597052 0.5416666949167848 0.18593750277068466 0.12500000186264515
0 0.1117187516647391 0.18854167649988085 0.18281250272411853 0.19843750295694917
0 0.42656250635627657 0.0864583378424868 0.1406250020954758 0.1265625018859282
0 0.3234375048195943 0.7656250399304554 0.1843750027474016 0.14218750211875886
0 0.6093750090803951 0.7864583743503317 0.16875000251457095 0.17656250263098627
1 0.4468750066589564 0.3958333539776504 0.31875000474974513 0.3281250048894435
0 0.6664062738418579 0.13333334028720856 0.1640625 0.15000000596046448
0 0.8304687738418579 0.1458333432674408 0.1640625 0.15000000596046448
0 0.6773437857627869 0.40000003576278687 0.1640625 0.15000000596046448
0 0.42265626788139343 0.8031250238418579 0.17656250298023224 0.1640625
0 0.3101562559604645 0.6000000238418579 0.18593750894069672 0.19062499701976776
0 0.28828126192092896 0.22500000894069672 0.1484375 0.15625
0 0.7789062857627869 0.8375000357627869 0.18593750894069672 0.19062499701976776
0 0.684374988079071 0.9291667342185974 0.15937499701976776 0.10312499850988388
0 0.889843761920929 0.5416666865348816 0.18593750894069672 0.125
0 0.11171875149011612 0.18854168057441711 0.18281249701976776 0.19843749701976776
0 0.42656251788139343 0.08645834028720856 0.140625 0.12656250596046448
0 0.32343751192092896 0.7656250596046448 0.18437500298023224 0.14218750596046448
0 0.609375 0.7864583730697632 0.16875000298023224 0.17656250298023224
1 0.4468750059604645 0.3958333432674408 0.3187499940395355 0.328125
0 0.6664062738418579 0.13333334028720856 0.1640625 0.15000000596046448
0 0.8304687738418579 0.1458333432674408 0.1640625 0.15000000596046448
0 0.6773437857627869 0.40000003576278687 0.1640625 0.15000000596046448
0 0.42265626788139343 0.8031250238418579 0.17656250298023224 0.1640625
0 0.3101562559604645 0.6000000238418579 0.18593750894069672 0.19062499701976776
0 0.28828126192092896 0.22500000894069672 0.1484375 0.15625
0 0.7789062857627869 0.8375000357627869 0.18593750894069672 0.19062499701976776
0 0.684374988079071 0.9291667342185974 0.15937499701976776 0.10312499850988388
0 0.889843761920929 0.5416666865348816 0.18593750894069672 0.125
0 0.11171875149011612 0.18854168057441711 0.18281249701976776 0.19843749701976776
0 0.42656251788139343 0.08645834028720856 0.140625 0.12656250596046448
0 0.32343751192092896 0.7656250596046448 0.18437500298023224 0.14218750596046448
0 0.609375 0.7864583730697632 0.16875000298023224 0.17656250298023224
1 0.4468750059604645 0.3958333432674408 0.3187499940395355 0.328125
0 0.6664062738418579 0.13333334028720856 0.1640625 0.15000000596046448
0 0.8304687738418579 0.1458333432674408 0.1640625 0.15000000596046448
0 0.6773437857627869 0.40000003576278687 0.1640625 0.15000000596046448
0 0.42265626788139343 0.8031250238418579 0.17656250298023224 0.1640625
0 0.3101562559604645 0.6000000238418579 0.18593750894069672 0.19062499701976776
0 0.28828126192092896 0.22500000894069672 0.1484375 0.15625
0 0.7789062857627869 0.8375000357627869 0.18593750894069672 0.19062499701976776
0 0.684374988079071 0.9291667342185974 0.15937499701976776 0.10312499850988388
0 0.889843761920929 0.5416666865348816 0.18593750894069672 0.125
0 0.11171875149011612 0.18854168057441711 0.18281249701976776 0.19843749701976776
0 0.42656251788139343 0.08645834028720856 0.140625 0.12656250596046448
0 0.32343751192092896 0.7656250596046448 0.18437500298023224 0.14218750596046448
0 0.609375 0.7864583730697632 0.16875000298023224 0.17656250298023224
1 0.4468750059604645 0.3958333432674408 0.3187499940395355 0.328125
0 0.6664062738418579 0.13333334028720856 0.1640625 0.15000000596046448
0 0.8304687738418579 0.1458333432674408 0.1640625 0.15000000596046448
0 0.6773437857627869 0.40000003576278687 0.1640625 0.15000000596046448
0 0.42265626788139343 0.8031250238418579 0.17656250298023224 0.1640625
0 0.3101562559604645 0.6000000238418579 0.18593750894069672 0.19062499701976776
0 0.28828126192092896 0.22500000894069672 0.1484375 0.15625
0 0.7789062857627869 0.8375000357627869 0.18593750894069672 0.19062499701976776
0 0.684374988079071 0.9291667342185974 0.15937499701976776 0.10312499850988388
0 0.889843761920929 0.5416666865348816 0.18593750894069672 0.125
0 0.11171875149011612 0.18854168057441711 0.18281249701976776 0.19843749701976776
0 0.42656251788139343 0.08645834028720856 0.140625 0.12656250596046448
0 0.32343751192092896 0.7656250596046448 0.18437500298023224 0.14218750596046448
0 0.609375 0.7864583730697632 0.16875000298023224 0.17656250298023224
1 0.4468750059604645 0.3958333432674408 0.3187499940395355 0.328125
0 0.6664062738418579 0.13333334028720856 0.1640625 0.15000000596046448
0 0.8304687738418579 0.1458333432674408 0.1640625 0.15000000596046448
0 0.6773437857627869 0.40000003576278687 0.1640625 0.15000000596046448
0 0.42265626788139343 0.8031250238418579 0.17656250298023224 0.1640625
0 0.3101562559604645 0.6000000238418579 0.18593750894069672 0.19062499701976776
0 0.28828126192092896 0.22500000894069672 0.1484375 0.15625
0 0.7789062857627869 0.8375000357627869 0.18593750894069672 0.19062499701976776
0 0.684374988079071 0.9291667342185974 0.15937499701976776 0.10312499850988388
0 0.889843761920929 0.5416666865348816 0.18593750894069672 0.125
0 0.11171875149011612 0.18854168057441711 0.18281249701976776 0.19843749701976776
0 0.42656251788139343 0.08645834028720856 0.140625 0.12656250596046448
0 0.32343751192092896 0.7656250596046448 0.18437500298023224 0.14218750596046448
0 0.609375 0.7864583730697632 0.16875000298023224 0.17656250298023224
1 0.4468750059604645 0.3958333432674408 0.3187499940395355 0.328125
0 0.6664062738418579 0.13333334028720856 0.1640625 0.15000000596046448
0 0.8304687738418579 0.1458333432674408 0.1640625 0.15000000596046448
0 0.6773437857627869 0.40000003576278687 0.1640625 0.15000000596046448
0 0.42265626788139343 0.8031250238418579 0.17656250298023224 0.1640625
0 0.3101562559604645 0.6000000238418579 0.18593750894069672 0.19062499701976776
0 0.28828126192092896 0.22500000894069672 0.1484375 0.15625
0 0.7789062857627869 0.8375000357627869 0.18593750894069672 0.19062499701976776
0 0.684374988079071 0.9291667342185974 0.15937499701976776 0.10312499850988388
0 0.889843761920929 0.5416666865348816 0.18593750894069672 0.125
0 0.11171875149011612 0.18854168057441711 0.18281249701976776 0.19843749701976776
0 0.42656251788139343 0.08645834028720856 0.140625 0.12656250596046448
0 0.32343751192092896 0.7656250596046448 0.18437500298023224 0.14218750596046448
0 0.609375 0.7864583730697632 0.16875000298023224 0.17656250298023224
1 0.4468750059604645 0.3958333432674408 0.3187499940395355 0.328125
0 0.6664062738418579 0.13333334028720856 0.1640625 0.15000000596046448
0 0.8304687738418579 0.1458333432674408 0.1640625 0.15000000596046448
0 0.6773437857627869 0.40000003576278687 0.1640625 0.15000000596046448
0 0.42265626788139343 0.8031250238418579 0.17656250298023224 0.1640625
0 0.3101562559604645 0.6000000238418579 0.18593750894069672 0.19062499701976776
0 0.28828126192092896 0.22500000894069672 0.1484375 0.15625
0 0.7789062857627869 0.8375000357627869 0.18593750894069672 0.19062499701976776
0 0.684374988079071 0.9291667342185974 0.15937499701976776 0.10312499850988388
0 0.889843761920929 0.5416666865348816 0.18593750894069672 0.125
0 0.11171875149011612 0.18854168057441711 0.18281249701976776 0.19843749701976776
0 0.42656251788139343 0.08645834028720856 0.140625 0.12656250596046448
0 0.32343751192092896 0.7656250596046448 0.18437500298023224 0.14218750596046448
0 0.609375 0.7864583730697632 0.16875000298023224 0.17656250298023224
1 0.4468750059604645 0.3958333432674408 0.3187499940395355 0.328125
