0 0.5765625085914508 0.7687500400934368 0.17187500256113708 0.16562500246800482
0 0.7632812613737769 0.7239583710907027 0.19843750295694917 0.17343750258442014
0 0.7390625110128894 0.9166667144745588 0.2062500030733645 0.12500000186264515
0 0.5523437582305633 0.4760416914941743 0.2015625030035153 0.17031250253785402
0 0.3179687547381036 0.23854167910758406 0.2015625030035153 0.17031250253785402
0 0.4906250073108822 0.20625001075677574 0.1531250022817403 0.15625000232830644
0 0.6117187591153197 0.2791666812263429 0.1578125023515895 0.14375000214204192
0 0.9242187637719326 0.10937500570435077 0.15156250225845724 0.16093750239815563
0 0.9242187637719326 0.35416668513789773 0.15156250225845724 0.1625000024214387
0 0.7945312618394382 0.4958333591930568 0.17343750258442014 0.1843750027474016
0 0.3476562551804818 0.9020833803806454 0.17343750258442014 0.14687500218860805
0 0.23125000344589353 0.7593750396044925 0.1750000026077032 0.17343750258442014
0 0.22187500330619514 0.5364583613118157 0.1750000026077032 0.17343750258442014
1 0.38984375580912456 0.6395833666902035 0.18593750277068466 0.1968750029336661
1 0.02109375031432137 0.10208333865739405 0.03906250058207661 0.0656250009778887
0 0.5765625085914508 0.7687500400934368 0.17187500256113708 0.16562500246800482
0 0.7632812613737769 0.7239583710907027 0.19843750295694917 0.17343750258442014
0 0.7390625110128894 0.9166667144745588 0.2062500030733645 0.12500000186264515
0 0.5523437582305633 0.4760416914941743 0.2015625030035153 0.17031250253785402
0 0.3179687547381036 0.23854167910758406 0.2015625030035153 0.17031250253785402
0 0.4906250073108822 0.20625001075677574 0.1531250022817403 0.15625000232830644
0 0.6117187591153197 0.2791666812263429 0.1578125023515895 0.14375000214204192
0 0.9242187637719326 0.10937500570435077 0.15156250225845724 0.16093750239815563
0 0.9242187637719326 0.35416668513789773 0.15156250225845724 0.1625000024214387
0 0.7945312618394382 0.4958333591930568 0.17343750258442014 0.1843750027474016
0 0.3476562551804818 0.9020833803806454 0.17343750258442014 0.14687500218860805
0 0.23125000344589353 0.7593750396044925 0.1750000026077032 0.17343750258442014
0 0.22187500330619514 0.5364583613118157 0.1750000026077032 0.17343750258442014
1 0.38984375580912456 0.6395833666902035 0.18593750277068466 0.1968750029336661
1 0.02109375031432137 0.10208333865739405 0.03906250058207661 0.0656250009778887
0 0.5765625085914508 0.7687500400934368 0.17187500256113708 0.16562500246800482
0 0.7632812613737769 0.7239583710907027 0.19843750295694917 0.17343750258442014
0 0.7390625110128894 0.9166667144745588 0.2062500030733645 0.12500000186264515
0 0.5523437582305633 0.4760416914941743 0.2015625030035153 0.17031250253785402
0 0.3179687547381036 0.23854167910758406 0.2015625030035153 0.17031250253785402
0 0.4906250073108822 0.20625001075677574 0.1531250022817403 0.15625000232830644
0 0.6117187591153197 0.2791666812263429 0.1578125023515895 0.14375000214204192
0 0.9242187637719326 0.10937500570435077 0.15156250225845724 0.16093750239815563
0 0.9242187637719326 0.35416668513789773 0.15156250225845724 0.1625000024214387
0 0.7945312618394382 0.4958333591930568 0.17343750258442014 0.1843750027474016
0 0.3476562551804818 0.9020833803806454 0.17343750258442014 0.14687500218860805
0 0.23125000344589353 0.7593750396044925 0.1750000026077032 0.17343750258442014
0 0.22187500330619514 0.5364583613118157 0.1750000026077032 0.17343750258442014
1 0.38984375580912456 0.6395833666902035 0.18593750277068466 0.1968750029336661
1 0.02109375031432137 0.10208333865739405 0.03906250058207661 0.0656250009778887
0 0.5765625085914508 0.7687500400934368 0.17187500256113708 0.16562500246800482
0 0.7632812613737769 0.7239583710907027 0.19843750295694917 0.17343750258442014
0 0.7390625110128894 0.9166667144745588 0.2062500030733645 0.12500000186264515
0 0.5523437582305633 0.4760416914941743 0.2015625030035153 0.17031250253785402
0 0.3179687547381036 0.23854167910758406 0.2015625030035153 0.17031250253785402
0 0.4906250073108822 0.20625001075677574 0.1531250022817403 0.15625000232830644
0 0.6117187591153197 0.2791666812263429 0.1578125023515895 0.14375000214204192
0 0.9242187637719326 0.10937500570435077 0.15156250225845724 0.16093750239815563
0 0.9242187637719326 0.35416668513789773 0.15156250225845724 0.1625000024214387
0 0.7945312618394382 0.4958333591930568 0.17343750258442014 0.1843750027474016
0 0.3476562551804818 0.9020833803806454 0.17343750258442014 0.14687500218860805
0 0.23125000344589353 0.7593750396044925 0.1750000026077032 0.17343750258442014
0 0.22187500330619514 0.5364583613118157 0.1750000026077032 0.17343750258442014
1 0.38984375580912456 0.6395833666902035 0.18593750277068466 0.1968750029336661
1 0.02109375031432137 0.10208333865739405 0.03906250058207661 0.0656250009778887
0 0.5765625085914508 0.7687500400934368 0.17187500256113708 0.16562500246800482
0 0.7632812613737769 0.7239583710907027 0.19843750295694917 0.17343750258442014
0 0.7390625110128894 0.9166667144745588 0.2062500030733645 0.12500000186264515
0 0.5523437582305633 0.4760416914941743 0.2015625030035153 0.17031250253785402
0 0.3179687547381036 0.23854167910758406 0.2015625030035153 0.17031250253785402
0 0.4906250073108822 0.20625001075677574 0.1531250022817403 0.15625000232830644
0 0.6117187591153197 0.2791666812263429 0.1578125023515895 0.14375000214204192
0 0.9242187637719326 0.10937500570435077 0.15156250225845724 0.16093750239815563
0 0.9242187637719326 0.35416668513789773 0.15156250225845724 0.1625000024214387
0 0.7945312618394382 0.4958333591930568 0.17343750258442014 0.1843750027474016
0 0.3476562551804818 0.9020833803806454 0.17343750258442014 0.14687500218860805
0 0.23125000344589353 0.7593750396044925 0.1750000026077032 0.17343750258442014
0 0.22187500330619514 0.5364583613118157 0.1750000026077032 0.17343750258442014
1 0.38984375580912456 0.6395833666902035 0.18593750277068466 0.1968750029336661
1 0.02109375031432137 0.10208333865739405 0.03906250058207661 0.0656250009778887
0 0.5765625085914508 0.7687500400934368 0.17187500256113708 0.16562500246800482
0 0.7632812613737769 0.7239583710907027 0.19843750295694917 0.17343750258442014
0 0.7390625110128894 0.9166667144745588 0.2062500030733645 0.12500000186264515
0 0.5523437582305633 0.4760416914941743 0.2015625030035153 0.17031250253785402
0 0.3179687547381036 0.23854167910758406 0.2015625030035153 0.17031250253785402
0 0.4906250073108822 0.20625001075677574 0.1531250022817403 0.15625000232830644
0 0.6117187591153197 0.2791666812263429 0.1578125023515895 0.14375000214204192
0 0.9242187637719326 0.10937500570435077 0.15156250225845724 0.16093750239815563
0 0.9242187637719326 0.35416668513789773 0.15156250225845724 0.1625000024214387
0 0.7945312618394382 0.4958333591930568 0.17343750258442014 0.1843750027474016
0 0.3476562551804818 0.9020833803806454 0.17343750258442014 0.14687500218860805
0 0.23125000344589353 0.7593750396044925 0.1750000026077032 0.17343750258442014
0 0.22187500330619514 0.5364583613118157 0.1750000026077032 0.17343750258442014
1 0.38984375580912456 0.6395833666902035 0.18593750277068466 0.1968750029336661
1 0.02109375031432137 0.10208333865739405 0.03906250058207661 0.0656250009778887
0 0.5765625085914508 0.7687500400934368 0.17187500256113708 0.16562500246800482
0 0.7632812613737769 0.7239583710907027 0.19843750295694917 0.17343750258442014
0 0.7390625110128894 0.9166667144745588 0.2062500030733645 0.12500000186264515
0 0.5523437582305633 0.4760416914941743 0.2015625030035153 0.17031250253785402
0 0.3179687547381036 0.23854167910758406 0.2015625030035153 0.17031250253785402
0 0.4906250073108822 0.20625001075677574 0.1531250022817403 0.15625000232830644
0 0.6117187591153197 0.2791666812263429 0.1578125023515895 0.14375000214204192
0 0.9242187637719326 0.10937500570435077 0.15156250225845724 0.16093750239815563
0 0.9242187637719326 0.35416668513789773 0.15156250225845724 0.1625000024214387
0 0.7945312618394382 0.4958333591930568 0.17343750258442014 0.1843750027474016
0 0.3476562551804818 0.9020833803806454 0.17343750258442014 0.14687500218860805
0 0.23125000344589353 0.7593750396044925 0.1750000026077032 0.17343750258442014
0 0.22187500330619514 0.5364583613118157 0.1750000026077032 0.17343750258442014
1 0.38984375580912456 0.6395833666902035 0.18593750277068466 0.1968750029336661
1 0.02109375031432137 0.10208333865739405 0.03906250058207661 0.0656250009778887
0 0.5765625085914508 0.7687500400934368 0.17187500256113708 0.16562500246800482
0 0.7632812613737769 0.7239583710907027 0.19843750295694917 0.17343750258442014
0 0.7390625110128894 0.9166667144745588 0.2062500030733645 0.12500000186264515
0 0.5523437582305633 0.4760416914941743 0.2015625030035153 0.17031250253785402
0 0.3179687547381036 0.23854167910758406 0.2015625030035153 0.17031250253785402
0 0.4906250073108822 0.20625001075677574 0.1531250022817403 0.15625000232830644
0 0.6117187591153197 0.2791666812263429 0.1578125023515895 0.14375000214204192
0 0.9242187637719326 0.10937500570435077 0.15156250225845724 0.16093750239815563
0 0.9242187637719326 0.35416668513789773 0.15156250225845724 0.1625000024214387
0 0.7945312618394382 0.4958333591930568 0.17343750258442014 0.1843750027474016
0 0.3476562551804818 0.9020833803806454 0.17343750258442014 0.14687500218860805
0 0.23125000344589353 0.7593750396044925 0.1750000026077032 0.17343750258442014
0 0.22187500330619514 0.5364583613118157 0.1750000026077032 0.17343750258442014
1 0.38984375580912456 0.6395833666902035 0.18593750277068466 0.1968750029336661
1 0.02109375031432137 0.10208333865739405 0.03906250058207661 0.0656250009778887
0 0.5765625085914508 0.7687500400934368 0.17187500256113708 0.16562500246800482
0 0.7632812613737769 0.7239583710907027 0.19843750295694917 0.17343750258442014
0 0.7390625110128894 0.9166667144745588 0.2062500030733645 0.12500000186264515
0 0.5523437582305633 0.4760416914941743 0.2015625030035153 0.17031250253785402
0 0.3179687547381036 0.23854167910758406 0.2015625030035153 0.17031250253785402
0 0.4906250073108822 0.20625001075677574 0.1531250022817403 0.15625000232830644
0 0.6117187591153197 0.2791666812263429 0.1578125023515895 0.14375000214204192
0 0.9242187637719326 0.10937500570435077 0.15156250225845724 0.16093750239815563
0 0.9242187637719326 0.35416668513789773 0.15156250225845724 0.1625000024214387
0 0.7945312618394382 0.4958333591930568 0.17343750258442014 0.1843750027474016
0 0.3476562551804818 0.9020833803806454 0.17343750258442014 0.14687500218860805
0 0.23125000344589353 0.7593750396044925 0.1750000026077032 0.17343750258442014
0 0.22187500330619514 0.5364583613118157 0.1750000026077032 0.17343750258442014
1 0.38984375580912456 0.6395833666902035 0.18593750277068466 0.1968750029336661
1 0.02109375031432137 0.10208333865739405 0.03906250058207661 0.0656250009778887
0 0.5765625085914508 0.7687500400934368 0.17187500256113708 0.16562500246800482
0 0.7632812613737769 0.7239583710907027 0.19843750295694917 0.17343750258442014
0 0.7390625110128894 0.9166667144745588 0.2062500030733645 0.12500000186264515
0 0.5523437582305633 0.4760416914941743 0.2015625030035153 0.17031250253785402
0 0.3179687547381036 0.23854167910758406 0.2015625030035153 0.17031250253785402
0 0.4906250073108822 0.20625001075677574 0.1531250022817403 0.15625000232830644
0 0.6117187591153197 0.2791666812263429 0.1578125023515895 0.14375000214204192
0 0.9242187637719326 0.10937500570435077 0.15156250225845724 0.16093750239815563
0 0.9242187637719326 0.35416668513789773 0.15156250225845724 0.1625000024214387
0 0.7945312618394382 0.4958333591930568 0.17343750258442014 0.1843750027474016
0 0.3476562551804818 0.9020833803806454 0.17343750258442014 0.14687500218860805
0 0.23125000344589353 0.7593750396044925 0.1750000026077032 0.17343750258442014
0 0.22187500330619514 0.5364583613118157 0.1750000026077032 0.17343750258442014
1 0.38984375580912456 0.6395833666902035 0.18593750277068466 0.1968750029336661
1 0.02109375031432137 0.10208333865739405 0.03906250058207661 0.0656250009778887
0 0.5765625085914508 0.7687500400934368 0.17187500256113708 0.16562500246800482
0 0.7632812613737769 0.7239583710907027 0.19843750295694917 0.17343750258442014
0 0.7390625110128894 0.9166667144745588 0.2062500030733645 0.12500000186264515
0 0.5523437582305633 0.4760416914941743 0.2015625030035153 0.17031250253785402
0 0.3179687547381036 0.23854167910758406 0.2015625030035153 0.17031250253785402
0 0.4906250073108822 0.20625001075677574 0.1531250022817403 0.15625000232830644
0 0.6117187591153197 0.2791666812263429 0.1578125023515895 0.14375000214204192
0 0.9242187637719326 0.10937500570435077 0.15156250225845724 0.16093750239815563
0 0.9242187637719326 0.35416668513789773 0.15156250225845724 0.1625000024214387
0 0.7945312618394382 0.4958333591930568 0.17343750258442014 0.1843750027474016
0 0.3476562551804818 0.9020833803806454 0.17343750258442014 0.14687500218860805
0 0.23125000344589353 0.7593750396044925 0.1750000026077032 0.17343750258442014
0 0.22187500330619514 0.5364583613118157 0.1750000026077032 0.17343750258442014
1 0.38984375580912456 0.6395833666902035 0.18593750277068466 0.1968750029336661
1 0.02109375031432137 0.10208333865739405 0.03906250058207661 0.0656250009778887
0 0.5765625085914508 0.7687500400934368 0.17187500256113708 0.16562500246800482
0 0.7632812613737769 0.7239583710907027 0.19843750295694917 0.17343750258442014
0 0.7390625110128894 0.9166667144745588 0.2062500030733645 0.12500000186264515
0 0.5523437582305633 0.4760416914941743 0.2015625030035153 0.17031250253785402
0 0.3179687547381036 0.23854167910758406 0.2015625030035153 0.17031250253785402
0 0.4906250073108822 0.20625001075677574 0.1531250022817403 0.15625000232830644
0 0.6117187591153197 0.2791666812263429 0.1578125023515895 0.14375000214204192
0 0.9242187637719326 0.10937500570435077 0.15156250225845724 0.16093750239815563
0 0.9242187637719326 0.35416668513789773 0.15156250225845724 0.1625000024214387
0 0.7945312618394382 0.4958333591930568 0.17343750258442014 0.1843750027474016
0 0.3476562551804818 0.9020833803806454 0.17343750258442014 0.14687500218860805
0 0.23125000344589353 0.7593750396044925 0.1750000026077032 0.17343750258442014
0 0.22187500330619514 0.5364583613118157 0.1750000026077032 0.17343750258442014
1 0.38984375580912456 0.6395833666902035 0.18593750277068466 0.1968750029336661
1 0.02109375031432137 0.10208333865739405 0.03906250058207661 0.0656250009778887
0 0.5765625085914508 0.7687500400934368 0.17187500256113708 0.16562500246800482
0 0.7632812613737769 0.7239583710907027 0.19843750295694917 0.17343750258442014
0 0.7390625110128894 0.9166667144745588 0.2062500030733645 0.12500000186264515
0 0.5523437582305633 0.4760416914941743 0.2015625030035153 0.17031250253785402
0 0.3179687547381036 0.23854167910758406 0.2015625030035153 0.17031250253785402
0 0.4906250073108822 0.20625001075677574 0.1531250022817403 0.15625000232830644
0 0.6117187591153197 0.2791666812263429 0.1578125023515895 0.14375000214204192
0 0.9242187637719326 0.10937500570435077 0.15156250225845724 0.16093750239815563
0 0.9242187637719326 0.35416668513789773 0.15156250225845724 0.1625000024214387
0 0.7945312618394382 0.4958333591930568 0.17343750258442014 0.1843750027474016
0 0.3476562551804818 0.9020833803806454 0.17343750258442014 0.14687500218860805
0 0.23125000344589353 0.7593750396044925 0.1750000026077032 0.17343750258442014
0 0.22187500330619514 0.5364583613118157 0.1750000026077032 0.17343750258442014
1 0.38984375580912456 0.6395833666902035 0.18593750277068466 0.1968750029336661
1 0.02109375031432137 0.10208333865739405 0.03906250058207661 0.0656250009778887
0 0.5765625085914508 0.7687500400934368 0.17187500256113708 0.16562500246800482
0 0.7632812613737769 0.7239583710907027 0.19843750295694917 0.17343750258442014
0 0.7390625110128894 0.9166667144745588 0.2062500030733645 0.12500000186264515
0 0.5523437582305633 0.4760416914941743 0.2015625030035153 0.17031250253785402
0 0.3179687547381036 0.23854167910758406 0.2015625030035153 0.17031250253785402
0 0.4906250073108822 0.20625001075677574 0.1531250022817403 0.15625000232830644
0 0.6117187591153197 0.2791666812263429 0.1578125023515895 0.14375000214204192
0 0.9242187637719326 0.10937500570435077 0.15156250225845724 0.16093750239815563
0 0.9242187637719326 0.35416668513789773 0.15156250225845724 0.1625000024214387
0 0.7945312618394382 0.4958333591930568 0.17343750258442014 0.1843750027474016
0 0.3476562551804818 0.9020833803806454 0.17343750258442014 0.14687500218860805
0 0.23125000344589353 0.7593750396044925 0.1750000026077032 0.17343750258442014
0 0.22187500330619514 0.5364583613118157 0.1750000026077032 0.17343750258442014
1 0.38984375580912456 0.6395833666902035 0.18593750277068466 0.1968750029336661
2 0.02109375031432137 0.10208333865739405 0.03906250058207661 0.0656250009778887
0 0.5765625085914508 0.7687500400934368 0.17187500256113708 0.16562500246800482
0 0.7632812613737769 0.7239583710907027 0.19843750295694917 0.17343750258442014
0 0.7390625110128894 0.9166667144745588 0.2062500030733645 0.12500000186264515
0 0.5523437582305633 0.4760416914941743 0.2015625030035153 0.17031250253785402
0 0.3179687547381036 0.23854167910758406 0.2015625030035153 0.17031250253785402
0 0.4906250073108822 0.20625001075677574 0.1531250022817403 0.15625000232830644
0 0.6117187591153197 0.2791666812263429 0.1578125023515895 0.14375000214204192
0 0.9242187637719326 0.10937500570435077 0.15156250225845724 0.16093750239815563
0 0.9242187637719326 0.35416668513789773 0.15156250225845724 0.1625000024214387
0 0.7945312618394382 0.4958333591930568 0.17343750258442014 0.1843750027474016
0 0.3476562551804818 0.9020833803806454 0.17343750258442014 0.14687500218860805
0 0.23125000344589353 0.7593750396044925 0.1750000026077032 0.17343750258442014
0 0.22187500330619514 0.5364583613118157 0.1750000026077032 0.17343750258442014
1 0.38984375580912456 0.6395833666902035 0.18593750277068466 0.1968750029336661
2 0.02109375031432137 0.10208333865739405 0.03906250058207661 0.0656250009778887
0 0.5765625238418579 0.768750011920929 0.171875 0.16562500596046448
0 0.7632812857627869 0.7239583730697632 0.19843749701976776 0.17343750596046448
0 0.739062488079071 0.9166666865348816 0.20624999701976776 0.125
0 0.5523437857627869 0.476041704416275 0.20156250894069672 0.17031250894069672
0 0.3179687559604645 0.23854167759418488 0.20156250894069672 0.17031250894069672
0 0.4906249940395355 0.20625001192092896 0.15312500298023224 0.15625
0 0.6117187738418579 0.27916666865348816 0.15781250596046448 0.14374999701976776
0 0.9242187738418579 0.1093750074505806 0.15156249701976776 0.16093750298023224
0 0.9242187738418579 0.3541666865348816 0.15156249701976776 0.16250000894069672
0 0.7945312857627869 0.4958333671092987 0.17343750596046448 0.18437500298023224
0 0.34765625 0.9020833969116211 0.17343750596046448 0.14687500894069672
0 0.23125000298023224 0.7593750357627869 0.17499999701976776 0.17343750596046448
0 0.22187499701976776 0.5364583730697632 0.17499999701976776 0.17343750596046448
1 0.38984376192092896 0.6395833492279053 0.18593750894069672 0.19687500596046448
2 0.02109375037252903 0.10208334028720856 0.0390625 0.06562500447034836
0 0.5765625238418579 0.768750011920929 0.171875 0.16562500596046448
0 0.7632812857627869 0.7239583730697632 0.19843749701976776 0.17343750596046448
0 0.739062488079071 0.9166666865348816 0.20624999701976776 0.125
0 0.5523437857627869 0.476041704416275 0.20156250894069672 0.17031250894069672
0 0.3179687559604645 0.23854167759418488 0.20156250894069672 0.17031250894069672
0 0.4906249940395355 0.20625001192092896 0.15312500298023224 0.15625
0 0.6117187738418579 0.27916666865348816 0.15781250596046448 0.14374999701976776
0 0.9242187738418579 0.1093750074505806 0.15156249701976776 0.16093750298023224
0 0.9242187738418579 0.3541666865348816 0.15156249701976776 0.16250000894069672
0 0.7945312857627869 0.4958333671092987 0.17343750596046448 0.18437500298023224
0 0.34765625 0.9020833969116211 0.17343750596046448 0.14687500894069672
0 0.23125000298023224 0.7593750357627869 0.17499999701976776 0.17343750596046448
0 0.22187499701976776 0.5364583730697632 0.17499999701976776 0.17343750596046448
1 0.38984376192092896 0.6395833492279053 0.18593750894069672 0.19687500596046448
2 0.02109375037252903 0.10208334028720856 0.0390625 0.06562500447034836
0 0.5765625238418579 0.768750011920929 0.171875 0.16562500596046448
0 0.7632812857627869 0.7239583730697632 0.19843749701976776 0.17343750596046448
0 0.739062488079071 0.9166666865348816 0.20624999701976776 0.125
0 0.5523437857627869 0.476041704416275 0.20156250894069672 0.17031250894069672
0 0.3179687559604645 0.23854167759418488 0.20156250894069672 0.17031250894069672
0 0.4906249940395355 0.20625001192092896 0.15312500298023224 0.15625
0 0.6117187738418579 0.27916666865348816 0.15781250596046448 0.14374999701976776
0 0.9242187738418579 0.1093750074505806 0.15156249701976776 0.16093750298023224
0 0.9242187738418579 0.3541666865348816 0.15156249701976776 0.16250000894069672
0 0.7945312857627869 0.4958333671092987 0.17343750596046448 0.18437500298023224
0 0.34765625 0.9020833969116211 0.17343750596046448 0.14687500894069672
0 0.23125000298023224 0.7593750357627869 0.17499999701976776 0.17343750596046448
0 0.22187499701976776 0.5364583730697632 0.17499999701976776 0.17343750596046448
1 0.38984376192092896 0.6395833492279053 0.18593750894069672 0.19687500596046448
2 0.02109375037252903 0.10208334028720856 0.0390625 0.06562500447034836
0 0.5765625238418579 0.768750011920929 0.171875 0.16562500596046448
0 0.7632812857627869 0.7239583730697632 0.19843749701976776 0.17343750596046448
0 0.739062488079071 0.9166666865348816 0.20624999701976776 0.125
0 0.5523437857627869 0.476041704416275 0.20156250894069672 0.17031250894069672
0 0.3179687559604645 0.23854167759418488 0.20156250894069672 0.17031250894069672
0 0.4906249940395355 0.20625001192092896 0.15312500298023224 0.15625
0 0.6117187738418579 0.27916666865348816 0.15781250596046448 0.14374999701976776
0 0.9242187738418579 0.1093750074505806 0.15156249701976776 0.16093750298023224
0 0.9242187738418579 0.3541666865348816 0.15156249701976776 0.16250000894069672
0 0.7945312857627869 0.4958333671092987 0.17343750596046448 0.18437500298023224
0 0.34765625 0.9020833969116211 0.17343750596046448 0.14687500894069672
0 0.23125000298023224 0.7593750357627869 0.17499999701976776 0.17343750596046448
0 0.22187499701976776 0.5364583730697632 0.17499999701976776 0.17343750596046448
1 0.38984376192092896 0.6395833492279053 0.18593750894069672 0.19687500596046448
2 0.02109375037252903 0.10208334028720856 0.0390625 0.06562500447034836
0 0.5765625238418579 0.768750011920929 0.171875 0.16562500596046448
0 0.7632812857627869 0.7239583730697632 0.19843749701976776 0.17343750596046448
0 0.739062488079071 0.9166666865348816 0.20624999701976776 0.125
0 0.5523437857627869 0.476041704416275 0.20156250894069672 0.17031250894069672
0 0.3179687559604645 0.23854167759418488 0.20156250894069672 0.17031250894069672
0 0.4906249940395355 0.20625001192092896 0.15312500298023224 0.15625
0 0.6117187738418579 0.27916666865348816 0.15781250596046448 0.14374999701976776
0 0.9242187738418579 0.1093750074505806 0.15156249701976776 0.16093750298023224
0 0.9242187738418579 0.3541666865348816 0.15156249701976776 0.16250000894069672
0 0.7945312857627869 0.4958333671092987 0.17343750596046448 0.18437500298023224
0 0.34765625 0.9020833969116211 0.17343750596046448 0.14687500894069672
0 0.23125000298023224 0.7593750357627869 0.17499999701976776 0.17343750596046448
0 0.22187499701976776 0.5364583730697632 0.17499999701976776 0.17343750596046448
1 0.38984376192092896 0.6395833492279053 0.18593750894069672 0.19687500596046448
2 0.02109375037252903 0.10208334028720856 0.0390625 0.06562500447034836
0 0.5765625238418579 0.768750011920929 0.171875 0.16562500596046448
0 0.7632812857627869 0.7239583730697632 0.19843749701976776 0.17343750596046448
0 0.739062488079071 0.9166666865348816 0.20624999701976776 0.125
0 0.5523437857627869 0.476041704416275 0.20156250894069672 0.17031250894069672
0 0.3179687559604645 0.23854167759418488 0.20156250894069672 0.17031250894069672
0 0.4906249940395355 0.20625001192092896 0.15312500298023224 0.15625
0 0.6117187738418579 0.27916666865348816 0.15781250596046448 0.14374999701976776
0 0.9242187738418579 0.1093750074505806 0.15156249701976776 0.16093750298023224
0 0.9242187738418579 0.3541666865348816 0.15156249701976776 0.16250000894069672
0 0.7945312857627869 0.4958333671092987 0.17343750596046448 0.18437500298023224
0 0.34765625 0.9020833969116211 0.17343750596046448 0.14687500894069672
0 0.23125000298023224 0.7593750357627869 0.17499999701976776 0.17343750596046448
0 0.22187499701976776 0.5364583730697632 0.17499999701976776 0.17343750596046448
1 0.38984376192092896 0.6395833492279053 0.18593750894069672 0.19687500596046448
2 0.02109375037252903 0.10208334028720856 0.0390625 0.06562500447034836
0 0.5765625238418579 0.768750011920929 0.171875 0.16562500596046448
0 0.7632812857627869 0.7239583730697632 0.19843749701976776 0.17343750596046448
0 0.739062488079071 0.9166666865348816 0.20624999701976776 0.125
0 0.5523437857627869 0.476041704416275 0.20156250894069672 0.17031250894069672
0 0.3179687559604645 0.23854167759418488 0.20156250894069672 0.17031250894069672
0 0.4906249940395355 0.20625001192092896 0.15312500298023224 0.15625
0 0.6117187738418579 0.27916666865348816 0.15781250596046448 0.14374999701976776
0 0.9242187738418579 0.1093750074505806 0.15156249701976776 0.16093750298023224
0 0.9242187738418579 0.3541666865348816 0.15156249701976776 0.16250000894069672
0 0.7945312857627869 0.4958333671092987 0.17343750596046448 0.18437500298023224
0 0.34765625 0.9020833969116211 0.17343750596046448 0.14687500894069672
0 0.23125000298023224 0.7593750357627869 0.17499999701976776 0.17343750596046448
0 0.22187499701976776 0.5364583730697632 0.17499999701976776 0.17343750596046448
1 0.38984376192092896 0.6395833492279053 0.18593750894069672 0.19687500596046448
2 0.02109375037252903 0.10208334028720856 0.0390625 0.06562500447034836
