0 0.7945312618394382 0.3281250171130523 0.1671875024912879 0.16093750239815563
0 0.8492187626543455 0.6260416993172839 0.1671875024912879 0.16093750239815563
0 0.9242187637719326 0.4520833569113165 0.15156250225845724 0.1625000024214387
0 0.9437500140629709 0.7822917074663565 0.11250000167638063 0.16406250244472176
0 0.5757812585798092 0.8708333787508309 0.18281250272411853 0.16562500246800482
0 0.559375008335337 0.21145834436174482 0.18750000279396772 0.17343750258442014
0 0.3937500058673322 0.17187500896397978 0.1531250022817403 0.18281250272411853
0 0.691406260302756 0.11250000586733222 0.15156250225845724 0.16562500246800482
0 0.06093750090803951 0.42916668904945254 0.11875000176951289 0.16562500246800482
0 0.05312500079162419 0.8947917133336887 0.10312500153668225 0.1578125023515895
0 0.07187500107102096 0.07916667079553008 0.1406250020954758 0.11562500172294676
0 0.23828125355066732 0.09791667177341878 0.1796875026775524 0.14375000214204192
0 0.14765625220024958 0.7572917061625049 0.1796875026775524 0.14531250216532499
1 0.45781250682193786 0.5510416954057291 0.3281250048894435 0.3234375048195943
1 0.4710937570198439 0.8854167128447443 0.04531250067520887 0.059375000884756446
0 0.7945312618394382 0.3281250171130523 0.1671875024912879 0.16093750239815563
0 0.8492187626543455 0.6260416993172839 0.1671875024912879 0.16093750239815563
0 0.9242187637719326 0.4520833569113165 0.15156250225845724 0.1625000024214387
0 0.9437500140629709 0.7822917074663565 0.11250000167638063 0.16406250244472176
0 0.5757812585798092 0.8708333787508309 0.18281250272411853 0.16562500246800482
0 0.559375008335337 0.21145834436174482 0.18750000279396772 0.17343750258442014
0 0.3937500058673322 0.17187500896397978 0.1531250022817403 0.18281250272411853
0 0.691406260302756 0.11250000586733222 0.15156250225845724 0.16562500246800482
0 0.06093750090803951 0.42916668904945254 0.11875000176951289 0.16562500246800482
0 0.05312500079162419 0.8947917133336887 0.10312500153668225 0.1578125023515895
0 0.07187500107102096 0.07916667079553008 0.1406250020954758 0.11562500172294676
0 0.23828125355066732 0.09791667177341878 0.1796875026775524 0.14375000214204192
0 0.14765625220024958 0.7572917061625049 0.1796875026775524 0.14531250216532499
1 0.45781250682193786 0.5510416954057291 0.3281250048894435 0.3234375048195943
1 0.4710937570198439 0.8854167128447443 0.04531250067520887 0.059375000884756446
0 0.7945312618394382 0.3281250171130523 0.1671875024912879 0.16093750239815563
0 0.8492187626543455 0.6260416993172839 0.1671875024912879 0.16093750239815563
0 0.9242187637719326 0.4520833569113165 0.15156250225845724 0.1625000024214387
0 0.9437500140629709 0.7822917074663565 0.11250000167638063 0.16406250244472176
0 0.5757812585798092 0.8708333787508309 0.18281250272411853 0.16562500246800482
0 0.559375008335337 0.21145834436174482 0.18750000279396772 0.17343750258442014
0 0.3937500058673322 0.17187500896397978 0.1531250022817403 0.18281250272411853
0 0.691406260302756 0.11250000586733222 0.15156250225845724 0.16562500246800482
0 0.06093750090803951 0.42916668904945254 0.11875000176951289 0.16562500246800482
0 0.05312500079162419 0.8947917133336887 0.10312500153668225 0.1578125023515895
0 0.07187500107102096 0.07916667079553008 0.1406250020954758 0.11562500172294676
0 0.23828125355066732 0.09791667177341878 0.1796875026775524 0.14375000214204192
0 0.14765625220024958 0.7572917061625049 0.1796875026775524 0.14531250216532499
1 0.45781250682193786 0.5510416954057291 0.3281250048894435 0.3234375048195943
1 0.4710937570198439 0.8854167128447443 0.04531250067520887 0.059375000884756446
0 0.7945312618394382 0.3281250171130523 0.1671875024912879 0.16093750239815563
0 0.8492187626543455 0.6260416993172839 0.1671875024912879 0.16093750239815563
0 0.9242187637719326 0.4520833569113165 0.15156250225845724 0.1625000024214387
0 0.9437500140629709 0.7822917074663565 0.11250000167638063 0.16406250244472176
0 0.5757812585798092 0.8708333787508309 0.18281250272411853 0.16562500246800482
0 0.559375008335337 0.21145834436174482 0.18750000279396772 0.17343750258442014
0 0.3937500058673322 0.17187500896397978 0.1531250022817403 0.18281250272411853
0 0.691406260302756 0.11250000586733222 0.15156250225845724 0.16562500246800482
0 0.06093750090803951 0.42916668904945254 0.11875000176951289 0.16562500246800482
0 0.05312500079162419 0.8947917133336887 0.10312500153668225 0.1578125023515895
0 0.07187500107102096 0.07916667079553008 0.1406250020954758 0.11562500172294676
0 0.23828125355066732 0.09791667177341878 0.1796875026775524 0.14375000214204192
0 0.14765625220024958 0.7572917061625049 0.1796875026775524 0.14531250216532499
1 0.45781250682193786 0.5510416954057291 0.3281250048894435 0.3234375048195943
1 0.4710937570198439 0.8854167128447443 0.04531250067520887 0.059375000884756446
0 0.7945312618394382 0.3281250171130523 0.1671875024912879 0.16093750239815563
0 0.8492187626543455 0.6260416993172839 0.1671875024912879 0.16093750239815563
0 0.9242187637719326 0.4520833569113165 0.15156250225845724 0.1625000024214387
0 0.9437500140629709 0.7822917074663565 0.11250000167638063 0.16406250244472176
0 0.5757812585798092 0.8708333787508309 0.18281250272411853 0.16562500246800482
0 0.559375008335337 0.21145834436174482 0.18750000279396772 0.17343750258442014
0 0.3937500058673322 0.17187500896397978 0.1531250022817403 0.18281250272411853
0 0.691406260302756 0.11250000586733222 0.15156250225845724 0.16562500246800482
0 0.06093750090803951 0.42916668904945254 0.11875000176951289 0.16562500246800482
0 0.05312500079162419 0.8947917133336887 0.10312500153668225 0.1578125023515895
0 0.07187500107102096 0.07916667079553008 0.1406250020954758 0.11562500172294676
0 0.23828125355066732 0.09791667177341878 0.1796875026775524 0.14375000214204192
0 0.14765625220024958 0.7572917061625049 0.1796875026775524 0.14531250216532499
1 0.45781250682193786 0.5510416954057291 0.3281250048894435 0.3234375048195943
1 0.4710937570198439 0.8854167128447443 0.04531250067520887 0.059375000884756446
0 0.7945312618394382 0.3281250171130523 0.1671875024912879 0.16093750239815563
0 0.8492187626543455 0.6260416993172839 0.1671875024912879 0.16093750239815563
0 0.9242187637719326 0.4520833569113165 0.15156250225845724 0.1625000024214387
0 0.9437500140629709 0.7822917074663565 0.11250000167638063 0.16406250244472176
0 0.5757812585798092 0.8708333787508309 0.18281250272411853 0.16562500246800482
0 0.559375008335337 0.21145834436174482 0.18750000279396772 0.17343750258442014
0 0.3937500058673322 0.17187500896397978 0.1531250022817403 0.18281250272411853
0 0.691406260302756 0.11250000586733222 0.15156250225845724 0.16562500246800482
0 0.06093750090803951 0.42916668904945254 0.11875000176951289 0.16562500246800482
0 0.05312500079162419 0.8947917133336887 0.10312500153668225 0.1578125023515895
0 0.07187500107102096 0.07916667079553008 0.1406250020954758 0.11562500172294676
0 0.23828125355066732 0.09791667177341878 0.1796875026775524 0.14375000214204192
0 0.14765625220024958 0.7572917061625049 0.1796875026775524 0.14531250216532499
1 0.45781250682193786 0.5510416954057291 0.3281250048894435 0.3234375048195943
1 0.4710937570198439 0.8854167128447443 0.04531250067520887 0.059375000884756446
0 0.7945312618394382 0.3281250171130523 0.1671875024912879 0.16093750239815563
0 0.8492187626543455 0.6260416993172839 0.1671875024912879 0.16093750239815563
0 0.9242187637719326 0.4520833569113165 0.15156250225845724 0.1625000024214387
0 0.9437500140629709 0.7822917074663565 0.11250000167638063 0.16406250244472176
0 0.5757812585798092 0.8708333787508309 0.18281250272411853 0.16562500246800482
0 0.559375008335337 0.21145834436174482 0.18750000279396772 0.17343750258442014
0 0.3937500058673322 0.17187500896397978 0.1531250022817403 0.18281250272411853
0 0.691406260302756 0.11250000586733222 0.15156250225845724 0.16562500246800482
0 0.06093750090803951 0.42916668904945254 0.11875000176951289 0.16562500246800482
0 0.05312500079162419 0.8947917133336887 0.10312500153668225 0.1578125023515895
0 0.07187500107102096 0.07916667079553008 0.1406250020954758 0.11562500172294676
0 0.23828125355066732 0.09791667177341878 0.1796875026775524 0.14375000214204192
0 0.14765625220024958 0.7572917061625049 0.1796875026775524 0.14531250216532499
1 0.45781250682193786 0.5510416954057291 0.3281250048894435 0.3234375048195943
1 0.4710937570198439 0.8854167128447443 0.04531250067520887 0.059375000884756446
0 0.7945312618394382 0.3281250171130523 0.1671875024912879 0.16093750239815563
0 0.8492187626543455 0.6260416993172839 0.1671875024912879 0.16093750239815563
0 0.9242187637719326 0.4520833569113165 0.15156250225845724 0.1625000024214387
0 0.9437500140629709 0.7822917074663565 0.11250000167638063 0.16406250244472176
0 0.5757812585798092 0.8708333787508309 0.18281250272411853 0.16562500246800482
0 0.559375008335337 0.21145834436174482 0.18750000279396772 0.17343750258442014
0 0.3937500058673322 0.17187500896397978 0.1531250022817403 0.18281250272411853
0 0.691406260302756 0.11250000586733222 0.15156250225845724 0.16562500246800482
0 0.06093750090803951 0.42916668904945254 0.11875000176951289 0.16562500246800482
0 0.05312500079162419 0.8947917133336887 0.10312500153668225 0.1578125023515895
0 0.07187500107102096 0.07916667079553008 0.1406250020954758 0.11562500172294676
0 0.23828125355066732 0.09791667177341878 0.1796875026775524 0.14375000214204192
0 0.14765625220024958 0.7572917061625049 0.1796875026775524 0.14531250216532499
1 0.45781250682193786 0.5510416954057291 0.3281250048894435 0.3234375048195943
1 0.4710937570198439 0.8854167128447443 0.04531250067520887 0.059375000884756446
0 0.7945312618394382 0.3281250171130523 0.1671875024912879 0.16093750239815563
0 0.8492187626543455 0.6260416993172839 0.1671875024912879 0.16093750239815563
0 0.9242187637719326 0.4520833569113165 0.15156250225845724 0.1625000024214387
0 0.9437500140629709 0.7822917074663565 0.11250000167638063 0.16406250244472176
0 0.5757812585798092 0.8708333787508309 0.18281250272411853 0.16562500246800482
0 0.559375008335337 0.21145834436174482 0.18750000279396772 0.17343750258442014
0 0.3937500058673322 0.17187500896397978 0.1531250022817403 0.18281250272411853
0 0.691406260302756 0.11250000586733222 0.15156250225845724 0.16562500246800482
0 0.06093750090803951 0.42916668904945254 0.11875000176951289 0.16562500246800482
0 0.05312500079162419 0.8947917133336887 0.10312500153668225 0.1578125023515895
0 0.07187500107102096 0.07916667079553008 0.1406250020954758 0.11562500172294676
0 0.23828125355066732 0.09791667177341878 0.1796875026775524 0.14375000214204192
0 0.14765625220024958 0.7572917061625049 0.1796875026775524 0.14531250216532499
1 0.45781250682193786 0.5510416954057291 0.3281250048894435 0.3234375048195943
1 0.4710937570198439 0.8854167128447443 0.04531250067520887 0.059375000884756446
0 0.7945312618394382 0.3281250171130523 0.1671875024912879 0.16093750239815563
0 0.8492187626543455 0.6260416993172839 0.1671875024912879 0.16093750239815563
0 0.9242187637719326 0.4520833569113165 0.15156250225845724 0.1625000024214387
0 0.9437500140629709 0.7822917074663565 0.11250000167638063 0.16406250244472176
0 0.5757812585798092 0.8708333787508309 0.18281250272411853 0.16562500246800482
0 0.559375008335337 0.21145834436174482 0.18750000279396772 0.17343750258442014
0 0.3937500058673322 0.17187500896397978 0.1531250022817403 0.18281250272411853
0 0.691406260302756 0.11250000586733222 0.15156250225845724 0.16562500246800482
0 0.06093750090803951 0.42916668904945254 0.11875000176951289 0.16562500246800482
0 0.05312500079162419 0.8947917133336887 0.10312500153668225 0.1578125023515895
0 0.07187500107102096 0.07916667079553008 0.1406250020954758 0.11562500172294676
0 0.23828125355066732 0.09791667177341878 0.1796875026775524 0.14375000214204192
0 0.14765625220024958 0.7572917061625049 0.1796875026775524 0.14531250216532499
1 0.45781250682193786 0.5510416954057291 0.3281250048894435 0.3234375048195943
1 0.4710937570198439 0.8854167128447443 0.04531250067520887 0.059375000884756446
0 0.7945312618394382 0.3281250171130523 0.1671875024912879 0.16093750239815563
0 0.8492187626543455 0.6260416993172839 0.1671875024912879 0.16093750239815563
0 0.9242187637719326 0.4520833569113165 0.15156250225845724 0.1625000024214387
0 0.9437500140629709 0.7822917074663565 0.11250000167638063 0.16406250244472176
0 0.5757812585798092 0.8708333787508309 0.18281250272411853 0.16562500246800482
0 0.559375008335337 0.21145834436174482 0.18750000279396772 0.17343750258442014
0 0.3937500058673322 0.17187500896397978 0.1531250022817403 0.18281250272411853
0 0.691406260302756 0.11250000586733222 0.15156250225845724 0.16562500246800482
0 0.06093750090803951 0.42916668904945254 0.11875000176951289 0.16562500246800482
0 0.05312500079162419 0.8947917133336887 0.10312500153668225 0.1578125023515895
0 0.07187500107102096 0.07916667079553008 0.1406250020954758 0.11562500172294676
0 0.23828125355066732 0.09791667177341878 0.1796875026775524 0.14375000214204192
0 0.14765625220024958 0.7572917061625049 0.1796875026775524 0.14531250216532499
1 0.45781250682193786 0.5510416954057291 0.3281250048894435 0.3234375048195943
1 0.4710937570198439 0.8854167128447443 0.04531250067520887 0.059375000884756446
0 0.7945312618394382 0.3281250171130523 0.1671875024912879 0.16093750239815563
0 0.8492187626543455 0.6260416993172839 0.1671875024912879 0.16093750239815563
0 0.9242187637719326 0.4520833569113165 0.15156250225845724 0.1625000024214387
0 0.9437500140629709 0.7822917074663565 0.11250000167638063 0.16406250244472176
0 0.5757812585798092 0.8708333787508309 0.18281250272411853 0.16562500246800482
0 0.559375008335337 0.21145834436174482 0.18750000279396772 0.17343750258442014
0 0.3937500058673322 0.17187500896397978 0.1531250022817403 0.18281250272411853
0 0.691406260302756 0.11250000586733222 0.15156250225845724 0.16562500246800482
0 0.06093750090803951 0.42916668904945254 0.11875000176951289 0.16562500246800482
0 0.05312500079162419 0.8947917133336887 0.10312500153668225 0.1578125023515895
0 0.07187500107102096 0.07916667079553008 0.1406250020954758 0.11562500172294676
0 0.23828125355066732 0.09791667177341878 0.1796875026775524 0.14375000214204192
0 0.14765625220024958 0.7572917061625049 0.1796875026775524 0.14531250216532499
1 0.45781250682193786 0.5510416954057291 0.3281250048894435 0.3234375048195943
1 0.4710937570198439 0.8854167128447443 0.04531250067520887 0.059375000884756446
0 0.7945312618394382 0.3281250171130523 0.1671875024912879 0.16093750239815563
0 0.8492187626543455 0.6260416993172839 0.1671875024912879 0.16093750239815563
0 0.9242187637719326 0.4520833569113165 0.15156250225845724 0.1625000024214387
0 0.9437500140629709 0.7822917074663565 0.11250000167638063 0.16406250244472176
0 0.5757812585798092 0.8708333787508309 0.18281250272411853 0.16562500246800482
0 0.559375008335337 0.21145834436174482 0.18750000279396772 0.17343750258442014
0 0.3937500058673322 0.17187500896397978 0.1531250022817403 0.18281250272411853
0 0.691406260302756 0.11250000586733222 0.15156250225845724 0.16562500246800482
0 0.06093750090803951 0.42916668904945254 0.11875000176951289 0.16562500246800482
0 0.05312500079162419 0.8947917133336887 0.10312500153668225 0.1578125023515895
0 0.07187500107102096 0.07916667079553008 0.1406250020954758 0.11562500172294676
0 0.23828125355066732 0.09791667177341878 0.1796875026775524 0.14375000214204192
0 0.14765625220024958 0.7572917061625049 0.1796875026775524 0.14531250216532499
1 0.45781250682193786 0.5510416954057291 0.3281250048894435 0.3234375048195943
1 0.4710937570198439 0.8854167128447443 0.04531250067520887 0.059375000884756446
0 0.7945312618394382 0.3281250171130523 0.1671875024912879 0.16093750239815563
0 0.8492187626543455 0.6260416993172839 0.1671875024912879 0.16093750239815563
0 0.9242187637719326 0.4520833569113165 0.15156250225845724 0.1625000024214387
0 0.9437500140629709 0.7822917074663565 0.11250000167638063 0.16406250244472176
0 0.5757812585798092 0.8708333787508309 0.18281250272411853 0.16562500246800482
0 0.559375008335337 0.21145834436174482 0.18750000279396772 0.17343750258442014
0 0.3937500058673322 0.17187500896397978 0.1531250022817403 0.18281250272411853
0 0.691406260302756 0.11250000586733222 0.15156250225845724 0.16562500246800482
0 0.06093750090803951 0.42916668904945254 0.11875000176951289 0.16562500246800482
0 0.05312500079162419 0.8947917133336887 0.10312500153668225 0.1578125023515895
0 0.07187500107102096 0.07916667079553008 0.1406250020954758 0.11562500172294676
0 0.23828125355066732 0.09791667177341878 0.1796875026775524 0.14375000214204192
0 0.14765625220024958 0.7572917061625049 0.1796875026775524 0.14531250216532499
1 0.45781250682193786 0.5510416954057291 0.3281250048894435 0.3234375048195943
2 0.4710937570198439 0.8854167128447443 0.04531250067520887 0.059375000884756446
0 0.7945312618394382 0.3281250171130523 0.1671875024912879 0.16093750239815563
0 0.8492187626543455 0.6260416993172839 0.1671875024912879 0.16093750239815563
0 0.9242187637719326 0.4520833569113165 0.15156250225845724 0.1625000024214387
0 0.9437500140629709 0.7822917074663565 0.11250000167638063 0.16406250244472176
0 0.5757812585798092 0.8708333787508309 0.18281250272411853 0.16562500246800482
0 0.559375008335337 0.21145834436174482 0.18750000279396772 0.17343750258442014
0 0.3937500058673322 0.17187500896397978 0.1531250022817403 0.18281250272411853
0 0.691406260302756 0.11250000586733222 0.15156250225845724 0.16562500246800482
0 0.06093750090803951 0.42916668904945254 0.11875000176951289 0.16562500246800482
0 0.05312500079162419 0.8947917133336887 0.10312500153668225 0.1578125023515895
0 0.07187500107102096 0.07916667079553008 0.1406250020954758 0.11562500172294676
0 0.23828125355066732 0.09791667177341878 0.1796875026775524 0.14375000214204192
0 0.14765625220024958 0.7572917061625049 0.1796875026775524 0.14531250216532499
1 0.45781250682193786 0.5510416954057291 0.3281250048894435 0.3234375048195943
2 0.4710937570198439 0.8854167128447443 0.04531250067520887 0.059375000884756446
0 0.7945312857627869 0.3281250298023224 0.16718749701976776 0.16093750298023224
0 0.8492187857627869 0.6260417103767395 0.16718749701976776 0.16093750298023224
0 0.9242187738418579 0.4520833492279053 0.15156249701976776 0.16250000894069672
0 0.9437500238418579 0.7822917103767395 0.11250000447034836 0.1640625
0 0.5757812857627869 0.8708333969116211 0.18281249701976776 0.16562500596046448
0 0.559374988079071 0.21145834028720856 0.1875 0.17343750596046448
0 0.39375001192092896 0.1718750149011612 0.15312500298023224 0.18281249701976776
0 0.69140625 0.11250000447034836 0.15156249701976776 0.16562500596046448
0 0.06093750149011612 0.42916667461395264 0.11874999850988388 0.16562500596046448
0 0.05312500149011612 0.8947917222976685 0.10312499850988388 0.15781250596046448
0 0.07187499850988388 0.07916667312383652 0.140625 0.11562500149011612
0 0.23828125 0.09791667014360428 0.1796875 0.14374999701976776
0 0.14765624701976776 0.7572917342185974 0.1796875 0.14531250298023224
1 0.45781251788139343 0.5510417222976685 0.328125 0.32343751192092896
2 0.4710937440395355 0.8854166865348816 0.04531250149011612 0.05937499925494194
0 0.7945312857627869 0.3281250298023224 0.16718749701976776 0.16093750298023224
0 0.8492187857627869 0.6260417103767395 0.16718749701976776 0.16093750298023224
0 0.9242187738418579 0.4520833492279053 0.15156249701976776 0.16250000894069672
0 0.9437500238418579 0.7822917103767395 0.11250000447034836 0.1640625
0 0.5757812857627869 0.8708333969116211 0.18281249701976776 0.16562500596046448
0 0.559374988079071 0.21145834028720856 0.1875 0.17343750596046448
0 0.39375001192092896 0.1718750149011612 0.15312500298023224 0.18281249701976776
0 0.69140625 0.11250000447034836 0.15156249701976776 0.16562500596046448
0 0.06093750149011612 0.42916667461395264 0.11874999850988388 0.16562500596046448
0 0.05312500149011612 0.8947917222976685 0.10312499850988388 0.15781250596046448
0 0.07187499850988388 0.07916667312383652 0.140625 0.11562500149011612
0 0.23828125 0.09791667014360428 0.1796875 0.14374999701976776
0 0.14765624701976776 0.7572917342185974 0.1796875 0.14531250298023224
1 0.45781251788139343 0.5510417222976685 0.328125 0.32343751192092896
2 0.4710937440395355 0.8854166865348816 0.04531250149011612 0.05937499925494194
0 0.7945312857627869 0.3281250298023224 0.16718749701976776 0.16093750298023224
0 0.8492187857627869 0.6260417103767395 0.16718749701976776 0.16093750298023224
0 0.9242187738418579 0.4520833492279053 0.15156249701976776 0.16250000894069672
0 0.9437500238418579 0.7822917103767395 0.11250000447034836 0.1640625
0 0.5757812857627869 0.8708333969116211 0.18281249701976776 0.16562500596046448
0 0.559374988079071 0.21145834028720856 0.1875 0.17343750596046448
0 0.39375001192092896 0.1718750149011612 0.15312500298023224 0.18281249701976776
0 0.69140625 0.11250000447034836 0.15156249701976776 0.16562500596046448
0 0.06093750149011612 0.42916667461395264 0.11874999850988388 0.16562500596046448
0 0.05312500149011612 0.8947917222976685 0.10312499850988388 0.15781250596046448
0 0.07187499850988388 0.07916667312383652 0.140625 0.11562500149011612
0 0.23828125 0.09791667014360428 0.1796875 0.14374999701976776
0 0.14765624701976776 0.7572917342185974 0.1796875 0.14531250298023224
1 0.45781251788139343 0.5510417222976685 0.328125 0.32343751192092896
2 0.4710937440395355 0.8854166865348816 0.04531250149011612 0.05937499925494194
0 0.7945312857627869 0.3281250298023224 0.16718749701976776 0.16093750298023224
0 0.8492187857627869 0.6260417103767395 0.16718749701976776 0.16093750298023224
0 0.9242187738418579 0.4520833492279053 0.15156249701976776 0.16250000894069672
0 0.9437500238418579 0.7822917103767395 0.11250000447034836 0.1640625
0 0.5757812857627869 0.8708333969116211 0.18281249701976776 0.16562500596046448
0 0.559374988079071 0.21145834028720856 0.1875 0.17343750596046448
0 0.39375001192092896 0.1718750149011612 0.15312500298023224 0.18281249701976776
0 0.69140625 0.11250000447034836 0.15156249701976776 0.16562500596046448
0 0.06093750149011612 0.42916667461395264 0.11874999850988388 0.16562500596046448
0 0.05312500149011612 0.8947917222976685 0.10312499850988388 0.15781250596046448
0 0.07187499850988388 0.07916667312383652 0.140625 0.11562500149011612
0 0.23828125 0.09791667014360428 0.1796875 0.14374999701976776
0 0.14765624701976776 0.7572917342185974 0.1796875 0.14531250298023224
1 0.45781251788139343 0.5510417222976685 0.328125 0.32343751192092896
2 0.4710937440395355 0.8854166865348816 0.04531250149011612 0.05937499925494194
0 0.7945312857627869 0.3281250298023224 0.16718749701976776 0.16093750298023224
0 0.8492187857627869 0.6260417103767395 0.16718749701976776 0.16093750298023224
0 0.9242187738418579 0.4520833492279053 0.15156249701976776 0.16250000894069672
0 0.9437500238418579 0.7822917103767395 0.11250000447034836 0.1640625
0 0.5757812857627869 0.8708333969116211 0.18281249701976776 0.16562500596046448
0 0.559374988079071 0.21145834028720856 0.1875 0.17343750596046448
0 0.39375001192092896 0.1718750149011612 0.15312500298023224 0.18281249701976776
0 0.69140625 0.11250000447034836 0.15156249701976776 0.16562500596046448
0 0.06093750149011612 0.42916667461395264 0.11874999850988388 0.16562500596046448
0 0.05312500149011612 0.8947917222976685 0.10312499850988388 0.15781250596046448
0 0.07187499850988388 0.07916667312383652 0.140625 0.11562500149011612
0 0.23828125 0.09791667014360428 0.1796875 0.14374999701976776
0 0.14765624701976776 0.7572917342185974 0.1796875 0.14531250298023224
1 0.45781251788139343 0.5510417222976685 0.328125 0.32343751192092896
2 0.4710937440395355 0.8854166865348816 0.04531250149011612 0.05937499925494194
0 0.7945312857627869 0.3281250298023224 0.16718749701976776 0.16093750298023224
0 0.8492187857627869 0.6260417103767395 0.16718749701976776 0.16093750298023224
0 0.9242187738418579 0.4520833492279053 0.15156249701976776 0.16250000894069672
0 0.9437500238418579 0.7822917103767395 0.11250000447034836 0.1640625
0 0.5757812857627869 0.8708333969116211 0.18281249701976776 0.16562500596046448
0 0.559374988079071 0.21145834028720856 0.1875 0.17343750596046448
0 0.39375001192092896 0.1718750149011612 0.15312500298023224 0.18281249701976776
0 0.69140625 0.11250000447034836 0.15156249701976776 0.16562500596046448
0 0.06093750149011612 0.42916667461395264 0.11874999850988388 0.16562500596046448
0 0.05312500149011612 0.8947917222976685 0.10312499850988388 0.15781250596046448
0 0.07187499850988388 0.07916667312383652 0.140625 0.11562500149011612
0 0.23828125 0.09791667014360428 0.1796875 0.14374999701976776
0 0.14765624701976776 0.7572917342185974 0.1796875 0.14531250298023224
1 0.45781251788139343 0.5510417222976685 0.328125 0.32343751192092896
2 0.4710937440395355 0.8854166865348816 0.04531250149011612 0.05937499925494194
0 0.7945312857627869 0.3281250298023224 0.16718749701976776 0.16093750298023224
0 0.8492187857627869 0.6260417103767395 0.16718749701976776 0.16093750298023224
0 0.9242187738418579 0.4520833492279053 0.15156249701976776 0.16250000894069672
0 0.9437500238418579 0.7822917103767395 0.11250000447034836 0.1640625
0 0.5757812857627869 0.8708333969116211 0.18281249701976776 0.16562500596046448
0 0.559374988079071 0.21145834028720856 0.1875 0.17343750596046448
0 0.39375001192092896 0.1718750149011612 0.15312500298023224 0.18281249701976776
0 0.69140625 0.11250000447034836 0.15156249701976776 0.16562500596046448
0 0.06093750149011612 0.42916667461395264 0.11874999850988388 0.16562500596046448
0 0.05312500149011612 0.8947917222976685 0.10312499850988388 0.15781250596046448
0 0.07187499850988388 0.07916667312383652 0.140625 0.11562500149011612
0 0.23828125 0.09791667014360428 0.1796875 0.14374999701976776
0 0.14765624701976776 0.7572917342185974 0.1796875 0.14531250298023224
1 0.45781251788139343 0.5510417222976685 0.328125 0.32343751192092896
2 0.4710937440395355 0.8854166865348816 0.04531250149011612 0.05937499925494194
