0 0.4679687569732778 0.3208333500660956 0.18281250272411853 0.1843750027474016
0 0.6960937603726052 0.73958337190561 0.18281250272411853 0.1843750027474016
0 0.8492187626543455 0.8145833758171648 0.18281250272411853 0.1843750027474016
0 0.9109375135740265 0.36770835251081735 0.17812500265426934 0.15468750230502337
0 0.933593763911631 0.5927083642454818 0.13281250197906047 0.18593750277068466
0 0.7679687614436261 0.5218750272179022 0.16406250244472176 0.15156250225845724
0 0.7179687606985681 0.28645834827329963 0.16406250244472176 0.15156250225845724
0 0.7601562613272108 0.1052083388203755 0.16406250244472176 0.15156250225845724
0 0.24921875371364877 0.15937500831205398 0.16406250244472176 0.15156250225845724
1 0.4593750068452209 0.7937500413972884 0.34062500507570803 0.30937500461004674
1 0.16953125252621248 0.5229166939388961 0.33593750500585884 0.3937500058673322
0 0.4679687569732778 0.3208333500660956 0.18281250272411853 0.1843750027474016
0 0.6960937603726052 0.73958337190561 0.18281250272411853 0.1843750027474016
0 0.8492187626543455 0.8145833758171648 0.18281250272411853 0.1843750027474016
0 0.9109375135740265 0.36770835251081735 0.17812500265426934 0.15468750230502337
0 0.933593763911631 0.5927083642454818 0.13281250197906047 0.18593750277068466
0 0.7679687614436261 0.5218750272179022 0.16406250244472176 0.15156250225845724
0 0.7179687606985681 0.28645834827329963 0.16406250244472176 0.15156250225845724
0 0.7601562613272108 0.1052083388203755 0.16406250244472176 0.15156250225845724
0 0.24921875371364877 0.15937500831205398 0.16406250244472176 0.15156250225845724
1 0.4593750068452209 0.7937500413972884 0.34062500507570803 0.30937500461004674
1 0.16953125252621248 0.5229166939388961 0.33593750500585884 0.3937500058673322
0 0.4679687569732778 0.3208333500660956 0.18281250272411853 0.1843750027474016
0 0.6960937603726052 0.73958337190561 0.18281250272411853 0.1843750027474016
0 0.8492187626543455 0.8145833758171648 0.18281250272411853 0.1843750027474016
0 0.9109375135740265 0.36770835251081735 0.17812500265426934 0.15468750230502337
0 0.933593763911631 0.5927083642454818 0.13281250197906047 0.18593750277068466
0 0.7679687614436261 0.5218750272179022 0.16406250244472176 0.15156250225845724
0 0.7179687606985681 0.28645834827329963 0.16406250244472176 0.15156250225845724
0 0.7601562613272108 0.1052083388203755 0.16406250244472176 0.15156250225845724
0 0.24921875371364877 0.15937500831205398 0.16406250244472176 0.15156250225845724
1 0.4593750068452209 0.7937500413972884 0.34062500507570803 0.30937500461004674
1 0.16953125252621248 0.5229166939388961 0.33593750500585884 0.3937500058673322
0 0.4679687569732778 0.3208333500660956 0.18281250272411853 0.1843750027474016
0 0.6960937603726052 0.73958337190561 0.18281250272411853 0.1843750027474016
0 0.8492187626543455 0.8145833758171648 0.18281250272411853 0.1843750027474016
0 0.9109375135740265 0.36770835251081735 0.17812500265426934 0.15468750230502337
0 0.933593763911631 0.5927083642454818 0.13281250197906047 0.18593750277068466
0 0.7679687614436261 0.5218750272179022 0.16406250244472176 0.15156250225845724
0 0.7179687606985681 0.28645834827329963 0.16406250244472176 0.15156250225845724
0 0.7601562613272108 0.1052083388203755 0.16406250244472176 0.15156250225845724
0 0.24921875371364877 0.15937500831205398 0.16406250244472176 0.15156250225845724
1 0.4593750068452209 0.7937500413972884 0.34062500507570803 0.30937500461004674
1 0.16953125252621248 0.5229166939388961 0.33593750500585884 0.3937500058673322
0 0.4679687569732778 0.3208333500660956 0.18281250272411853 0.1843750027474016
0 0.6960937603726052 0.73958337190561 0.18281250272411853 0.1843750027474016
0 0.8492187626543455 0.8145833758171648 0.18281250272411853 0.1843750027474016
0 0.9109375135740265 0.36770835251081735 0.17812500265426934 0.15468750230502337
0 0.933593763911631 0.5927083642454818 0.13281250197906047 0.18593750277068466
0 0.7679687614436261 0.5218750272179022 0.16406250244472176 0.15156250225845724
0 0.7179687606985681 0.28645834827329963 0.16406250244472176 0.15156250225845724
0 0.7601562613272108 0.1052083388203755 0.16406250244472176 0.15156250225845724
0 0.24921875371364877 0.15937500831205398 0.16406250244472176 0.15156250225845724
1 0.4593750068452209 0.7937500413972884 0.34062500507570803 0.30937500461004674
1 0.16953125252621248 0.5229166939388961 0.33593750500585884 0.3937500058673322
0 0.4679687569732778 0.3208333500660956 0.18281250272411853 0.1843750027474016
0 0.6960937603726052 0.73958337190561 0.18281250272411853 0.1843750027474016
0 0.8492187626543455 0.8145833758171648 0.18281250272411853 0.1843750027474016
0 0.9109375135740265 0.36770835251081735 0.17812500265426934 0.15468750230502337
0 0.933593763911631 0.5927083642454818 0.13281250197906047 0.18593750277068466
0 0.7679687614436261 0.5218750272179022 0.16406250244472176 0.15156250225845724
0 0.7179687606985681 0.28645834827329963 0.16406250244472176 0.15156250225845724
0 0.7601562613272108 0.1052083388203755 0.16406250244472176 0.15156250225845724
0 0.24921875371364877 0.15937500831205398 0.16406250244472176 0.15156250225845724
1 0.4593750068452209 0.7937500413972884 0.34062500507570803 0.30937500461004674
1 0.16953125252621248 0.5229166939388961 0.33593750500585884 0.3937500058673322
0 0.4679687569732778 0.3208333500660956 0.18281250272411853 0.1843750027474016
0 0.6960937603726052 0.73958337190561 0.18281250272411853 0.1843750027474016
0 0.8492187626543455 0.8145833758171648 0.18281250272411853 0.1843750027474016
0 0.9109375135740265 0.36770835251081735 0.17812500265426934 0.15468750230502337
0 0.933593763911631 0.5927083642454818 0.13281250197906047 0.18593750277068466
0 0.7679687614436261 0.5218750272179022 0.16406250244472176 0.15156250225845724
0 0.7179687606985681 0.28645834827329963 0.16406250244472176 0.15156250225845724
0 0.7601562613272108 0.1052083388203755 0.16406250244472176 0.15156250225845724
0 0.24921875371364877 0.15937500831205398 0.16406250244472176 0.15156250225845724
1 0.4593750068452209 0.7937500413972884 0.34062500507570803 0.30937500461004674
1 0.16953125252621248 0.5229166939388961 0.33593750500585884 0.3937500058673322
0 0.4679687569732778 0.3208333500660956 0.18281250272411853 0.1843750027474016
0 0.6960937603726052 0.73958337190561 0.18281250272411853 0.1843750027474016
0 0.8492187626543455 0.8145833758171648 0.18281250272411853 0.1843750027474016
0 0.9109375135740265 0.36770835251081735 0.17812500265426934 0.15468750230502337
0 0.933593763911631 0.5927083642454818 0.13281250197906047 0.18593750277068466
0 0.7679687614436261 0.5218750272179022 0.16406250244472176 0.15156250225845724
0 0.7179687606985681 0.28645834827329963 0.16406250244472176 0.15156250225845724
0 0.7601562613272108 0.1052083388203755 0.16406250244472176 0.15156250225845724
0 0.24921875371364877 0.15937500831205398 0.16406250244472176 0.15156250225845724
1 0.4593750068452209 0.7937500413972884 0.34062500507570803 0.30937500461004674
1 0.16953125252621248 0.5229166939388961 0.33593750500585884 0.3937500058673322
0 0.4679687569732778 0.3208333500660956 0.18281250272411853 0.1843750027474016
0 0.6960937603726052 0.73958337190561 0.18281250272411853 0.1843750027474016
0 0.8492187626543455 0.8145833758171648 0.18281250272411853 0.1843750027474016
0 0.9109375135740265 0.36770835251081735 0.17812500265426934 0.15468750230502337
0 0.933593763911631 0.5927083642454818 0.13281250197906047 0.18593750277068466
0 0.7679687614436261 0.5218750272179022 0.16406250244472176 0.15156250225845724
0 0.7179687606985681 0.28645834827329963 0.16406250244472176 0.15156250225845724
0 0.7601562613272108 0.1052083388203755 0.16406250244472176 0.15156250225845724
0 0.24921875371364877 0.15937500831205398 0.16406250244472176 0.15156250225845724
1 0.4593750068452209 0.7937500413972884 0.34062500507570803 0.30937500461004674
1 0.16953125252621248 0.5229166939388961 0.33593750500585884 0.3937500058673322
0 0.4679687569732778 0.3208333500660956 0.18281250272411853 0.1843750027474016
0 0.6960937603726052 0.73958337190561 0.18281250272411853 0.1843750027474016
0 0.8492187626543455 0.8145833758171648 0.18281250272411853 0.1843750027474016
0 0.9109375135740265 0.36770835251081735 0.17812500265426934 0.15468750230502337
0 0.933593763911631 0.5927083642454818 0.13281250197906047 0.18593750277068466
0 0.7679687614436261 0.5218750272179022 0.16406250244472176 0.15156250225845724
0 0.7179687606985681 0.28645834827329963 0.16406250244472176 0.15156250225845724
0 0.7601562613272108 0.1052083388203755 0.16406250244472176 0.15156250225845724
0 0.24921875371364877 0.15937500831205398 0.16406250244472176 0.15156250225845724
1 0.4593750068452209 0.7937500413972884 0.34062500507570803 0.30937500461004674
1 0.16953125252621248 0.5229166939388961 0.33593750500585884 0.3937500058673322
0 0.4679687569732778 0.3208333500660956 0.18281250272411853 0.1843750027474016
0 0.6960937603726052 0.73958337190561 0.18281250272411853 0.1843750027474016
0 0.8492187626543455 0.8145833758171648 0.18281250272411853 0.1843750027474016
0 0.9109375135740265 0.36770835251081735 0.17812500265426934 0.15468750230502337
0 0.933593763911631 0.5927083642454818 0.13281250197906047 0.18593750277068466
0 0.7679687614436261 0.5218750272179022 0.16406250244472176 0.15156250225845724
0 0.7179687606985681 0.28645834827329963 0.16406250244472176 0.15156250225845724
0 0.7601562613272108 0.1052083388203755 0.16406250244472176 0.15156250225845724
0 0.24921875371364877 0.15937500831205398 0.16406250244472176 0.15156250225845724
1 0.4593750068452209 0.7937500413972884 0.34062500507570803 0.30937500461004674
1 0.16953125252621248 0.5229166939388961 0.33593750500585884 0.3937500058673322
0 0.4679687569732778 0.3208333500660956 0.18281250272411853 0.1843750027474016
0 0.6960937603726052 0.73958337190561 0.18281250272411853 0.1843750027474016
0 0.8492187626543455 0.8145833758171648 0.18281250272411853 0.1843750027474016
0 0.9109375135740265 0.36770835251081735 0.17812500265426934 0.15468750230502337
0 0.933593763911631 0.5927083642454818 0.13281250197906047 0.18593750277068466
0 0.7679687614436261 0.5218750272179022 0.16406250244472176 0.15156250225845724
0 0.7179687606985681 0.28645834827329963 0.16406250244472176 0.15156250225845724
0 0.7601562613272108 0.1052083388203755 0.16406250244472176 0.15156250225845724
0 0.24921875371364877 0.15937500831205398 0.16406250244472176 0.15156250225845724
1 0.4593750068452209 0.7937500413972884 0.34062500507570803 0.30937500461004674
1 0.16953125252621248 0.5229166939388961 0.33593750500585884 0.3937500058673322
0 0.4679687569732778 0.3208333500660956 0.18281250272411853 0.1843750027474016
0 0.6960937603726052 0.73958337190561 0.18281250272411853 0.1843750027474016
0 0.8492187626543455 0.8145833758171648 0.18281250272411853 0.1843750027474016
0 0.9109375135740265 0.36770835251081735 0.17812500265426934 0.15468750230502337
0 0.933593763911631 0.5927083642454818 0.13281250197906047 0.18593750277068466
0 0.7679687614436261 0.5218750272179022 0.16406250244472176 0.15156250225845724
0 0.7179687606985681 0.28645834827329963 0.16406250244472176 0.15156250225845724
0 0.7601562613272108 0.1052083388203755 0.16406250244472176 0.15156250225845724
0 0.24921875371364877 0.15937500831205398 0.16406250244472176 0.15156250225845724
1 0.4593750068452209 0.7937500413972884 0.34062500507570803 0.30937500461004674
1 0.16953125252621248 0.5229166939388961 0.33593750500585884 0.3937500058673322
0 0.4679687569732778 0.3208333500660956 0.18281250272411853 0.1843750027474016
0 0.6960937603726052 0.73958337190561 0.18281250272411853 0.1843750027474016
0 0.8492187626543455 0.8145833758171648 0.18281250272411853 0.1843750027474016
0 0.9109375135740265 0.36770835251081735 0.17812500265426934 0.15468750230502337
0 0.933593763911631 0.5927083642454818 0.13281250197906047 0.18593750277068466
0 0.7679687614436261 0.5218750272179022 0.16406250244472176 0.15156250225845724
0 0.7179687606985681 0.28645834827329963 0.16406250244472176 0.15156250225845724
0 0.7601562613272108 0.1052083388203755 0.16406250244472176 0.15156250225845724
0 0.24921875371364877 0.15937500831205398 0.16406250244472176 0.15156250225845724
1 0.4593750068452209 0.7937500413972884 0.34062500507570803 0.30937500461004674
1 0.16953125252621248 0.5229166939388961 0.33593750500585884 0.3937500058673322
0 0.4679687569732778 0.3208333500660956 0.18281250272411853 0.1843750027474016
0 0.6960937603726052 0.73958337190561 0.18281250272411853 0.1843750027474016
0 0.8492187626543455 0.8145833758171648 0.18281250272411853 0.1843750027474016
0 0.9109375135740265 0.36770835251081735 0.17812500265426934 0.15468750230502337
0 0.933593763911631 0.5927083642454818 0.13281250197906047 0.18593750277068466
0 0.7679687614436261 0.5218750272179022 0.16406250244472176 0.15156250225845724
0 0.7179687606985681 0.28645834827329963 0.16406250244472176 0.15156250225845724
0 0.7601562613272108 0.1052083388203755 0.16406250244472176 0.15156250225845724
0 0.24921875371364877 0.15937500831205398 0.16406250244472176 0.15156250225845724
1 0.4593750068452209 0.7937500413972884 0.34062500507570803 0.30937500461004674
1 0.16953125252621248 0.5229166939388961 0.33593750500585884 0.3937500058673322
0 0.46796876192092896 0.32083335518836975 0.18281249701976776 0.18437500298023224
0 0.696093738079071 0.7395833730697632 0.18281249701976776 0.18437500298023224
0 0.8492187857627869 0.8145833611488342 0.18281249701976776 0.18437500298023224
0 0.910937488079071 0.36770835518836975 0.17812500894069672 0.15468750894069672
0 0.93359375 0.5927083492279053 0.1328125 0.18593750894069672
0 0.7679687738418579 0.5218750238418579 0.1640625 0.15156249701976776
0 0.717968761920929 0.2864583432674408 0.1640625 0.15156249701976776
0 0.7601562738418579 0.10520833730697632 0.1640625 0.15156249701976776
0 0.24921874701976776 0.15937501192092896 0.1640625 0.15156249701976776
1 0.4593749940395355 0.7937500476837158 0.34062501788139343 0.30937501788139343
1 0.16953125596046448 0.5229166746139526 0.3359375 0.39375001192092896
0 0.46796876192092896 0.32083335518836975 0.18281249701976776 0.18437500298023224
0 0.696093738079071 0.7395833730697632 0.18281249701976776 0.18437500298023224
0 0.8492187857627869 0.8145833611488342 0.18281249701976776 0.18437500298023224
0 0.910937488079071 0.36770835518836975 0.17812500894069672 0.15468750894069672
0 0.93359375 0.5927083492279053 0.1328125 0.18593750894069672
0 0.7679687738418579 0.5218750238418579 0.1640625 0.15156249701976776
0 0.717968761920929 0.2864583432674408 0.1640625 0.15156249701976776
0 0.7601562738418579 0.10520833730697632 0.1640625 0.15156249701976776
0 0.24921874701976776 0.15937501192092896 0.1640625 0.15156249701976776
1 0.4593749940395355 0.7937500476837158 0.34062501788139343 0.30937501788139343
1 0.16953125596046448 0.5229166746139526 0.3359375 0.39375001192092896
0 0.46796876192092896 0.32083335518836975 0.18281249701976776 0.18437500298023224
0 0.696093738079071 0.7395833730697632 0.18281249701976776 0.18437500298023224
0 0.8492187857627869 0.8145833611488342 0.18281249701976776 0.18437500298023224
0 0.910937488079071 0.36770835518836975 0.17812500894069672 0.15468750894069672
0 0.93359375 0.5927083492279053 0.1328125 0.18593750894069672
0 0.7679687738418579 0.5218750238418579 0.1640625 0.15156249701976776
0 0.717968761920929 0.2864583432674408 0.1640625 0.15156249701976776
0 0.7601562738418579 0.10520833730697632 0.1640625 0.15156249701976776
0 0.24921874701976776 0.15937501192092896 0.1640625 0.15156249701976776
1 0.4593749940395355 0.7937500476837158 0.34062501788139343 0.30937501788139343
1 0.16953125596046448 0.5229166746139526 0.3359375 0.39375001192092896
0 0.46796876192092896 0.32083335518836975 0.18281249701976776 0.18437500298023224
0 0.696093738079071 0.7395833730697632 0.18281249701976776 0.18437500298023224
0 0.8492187857627869 0.8145833611488342 0.18281249701976776 0.18437500298023224
0 0.910937488079071 0.36770835518836975 0.17812500894069672 0.15468750894069672
0 0.93359375 0.5927083492279053 0.1328125 0.18593750894069672
0 0.7679687738418579 0.5218750238418579 0.1640625 0.15156249701976776
0 0.717968761920929 0.2864583432674408 0.1640625 0.15156249701976776
0 0.7601562738418579 0.10520833730697632 0.1640625 0.15156249701976776
0 0.24921874701976776 0.15937501192092896 0.1640625 0.15156249701976776
1 0.4593749940395355 0.7937500476837158 0.34062501788139343 0.30937501788139343
1 0.16953125596046448 0.5229166746139526 0.3359375 0.39375001192092896
0 0.46796876192092896 0.32083335518836975 0.18281249701976776 0.18437500298023224
0 0.696093738079071 0.7395833730697632 0.18281249701976776 0.18437500298023224
0 0.8492187857627869 0.8145833611488342 0.18281249701976776 0.18437500298023224
0 0.910937488079071 0.36770835518836975 0.17812500894069672 0.15468750894069672
0 0.93359375 0.5927083492279053 0.1328125 0.18593750894069672
0 0.7679687738418579 0.5218750238418579 0.1640625 0.15156249701976776
0 0.717968761920929 0.2864583432674408 0.1640625 0.15156249701976776
0 0.7601562738418579 0.10520833730697632 0.1640625 0.15156249701976776
0 0.24921874701976776 0.15937501192092896 0.1640625 0.15156249701976776
1 0.4593749940395355 0.7937500476837158 0.34062501788139343 0.30937501788139343
1 0.16953125596046448 0.5229166746139526 0.3359375 0.39375001192092896
0 0.46796876192092896 0.32083335518836975 0.18281249701976776 0.18437500298023224
0 0.696093738079071 0.7395833730697632 0.18281249701976776 0.18437500298023224
0 0.8492187857627869 0.8145833611488342 0.18281249701976776 0.18437500298023224
0 0.910937488079071 0.36770835518836975 0.17812500894069672 0.15468750894069672
0 0.93359375 0.5927083492279053 0.1328125 0.18593750894069672
0 0.7679687738418579 0.5218750238418579 0.1640625 0.15156249701976776
0 0.717968761920929 0.2864583432674408 0.1640625 0.15156249701976776
0 0.7601562738418579 0.10520833730697632 0.1640625 0.15156249701976776
0 0.24921874701976776 0.15937501192092896 0.1640625 0.15156249701976776
1 0.4593749940395355 0.7937500476837158 0.34062501788139343 0.30937501788139343
1 0.16953125596046448 0.5229166746139526 0.3359375 0.39375001192092896
0 0.46796876192092896 0.32083335518836975 0.18281249701976776 0.18437500298023224
0 0.696093738079071 0.7395833730697632 0.18281249701976776 0.18437500298023224
0 0.8492187857627869 0.8145833611488342 0.18281249701976776 0.18437500298023224
0 0.910937488079071 0.36770835518836975 0.17812500894069672 0.15468750894069672
0 0.93359375 0.5927083492279053 0.1328125 0.18593750894069672
0 0.7679687738418579 0.5218750238418579 0.1640625 0.15156249701976776
0 0.717968761920929 0.2864583432674408 0.1640625 0.15156249701976776
0 0.7601562738418579 0.10520833730697632 0.1640625 0.15156249701976776
0 0.24921874701976776 0.15937501192092896 0.1640625 0.15156249701976776
1 0.4593749940395355 0.7937500476837158 0.34062501788139343 0.30937501788139343
1 0.16953125596046448 0.5229166746139526 0.3359375 0.39375001192092896
