0 0.8593750128056854 0.29895834892522544 0.17187500256113708 0.1359375020256266
0 0.7210937607451342 0.2781250145053491 0.17031250253785402 0.14218750211875886
0 0.6375000094994903 0.5229166939388961 0.17812500265426934 0.1750000026077032
0 0.6656250099185854 0.9020833803806454 0.16562500246800482 0.14687500218860805
0 0.2812500041909516 0.09791667177341878 0.16562500246800482 0.14375000214204192
0 0.5453125081257895 0.27604168106336147 0.16562500246800482 0.14531250216532499
0 0.2843750042375177 0.8197917094221339 0.16562500246800482 0.14531250216532499
1 0.3812500056810677 0.5750000299885869 0.1625000024214387 0.16562500246800482
0 0.8593750128056854 0.29895834892522544 0.17187500256113708 0.1359375020256266
0 0.7210937607451342 0.2781250145053491 0.17031250253785402 0.14218750211875886
0 0.6375000094994903 0.5229166939388961 0.17812500265426934 0.1750000026077032
0 0.6656250099185854 0.9020833803806454 0.16562500246800482 0.14687500218860805
0 0.2812500041909516 0.09791667177341878 0.16562500246800482 0.14375000214204192
0 0.5453125081257895 0.27604168106336147 0.16562500246800482 0.14531250216532499
0 0.2843750042375177 0.8197917094221339 0.16562500246800482 0.14531250216532499
1 0.3812500056810677 0.5750000299885869 0.1625000024214387 0.16562500246800482
0 0.8593750128056854 0.29895834892522544 0.17187500256113708 0.1359375020256266
0 0.7210937607451342 0.2781250145053491 0.17031250253785402 0.14218750211875886
0 0.6375000094994903 0.5229166939388961 0.17812500265426934 0.1750000026077032
0 0.6656250099185854 0.9020833803806454 0.16562500246800482 0.14687500218860805
0 0.2812500041909516 0.09791667177341878 0.16562500246800482 0.14375000214204192
0 0.5453125081257895 0.27604168106336147 0.16562500246800482 0.14531250216532499
0 0.2843750042375177 0.8197917094221339 0.16562500246800482 0.14531250216532499
1 0.3812500056810677 0.5750000299885869 0.1625000024214387 0.16562500246800482
0 0.8593750128056854 0.29895834892522544 0.17187500256113708 0.1359375020256266
0 0.7210937607451342 0.2781250145053491 0.17031250253785402 0.14218750211875886
0 0.6375000094994903 0.5229166939388961 0.17812500265426934 0.1750000026077032
0 0.6656250099185854 0.9020833803806454 0.16562500246800482 0.14687500218860805
0 0.2812500041909516 0.09791667177341878 0.16562500246800482 0.14375000214204192
0 0.5453125081257895 0.27604168106336147 0.16562500246800482 0.14531250216532499
0 0.2843750042375177 0.8197917094221339 0.16562500246800482 0.14531250216532499
1 0.3812500056810677 0.5750000299885869 0.1625000024214387 0.16562500246800482
0 0.8593750128056854 0.29895834892522544 0.17187500256113708 0.1359375020256266
0 0.7210937607451342 0.2781250145053491 0.17031250253785402 0.14218750211875886
0 0.6375000094994903 0.5229166939388961 0.17812500265426934 0.1750000026077032
0 0.6656250099185854 0.9020833803806454 0.16562500246800482 0.14687500218860805
0 0.2812500041909516 0.09791667177341878 0.16562500246800482 0.14375000214204192
0 0.5453125081257895 0.27604168106336147 0.16562500246800482 0.14531250216532499
0 0.2843750042375177 0.8197917094221339 0.16562500246800482 0.14531250216532499
1 0.3812500056810677 0.5750000299885869 0.1625000024214387 0.16562500246800482
0 0.8593750128056854 0.29895834892522544 0.17187500256113708 0.1359375020256266
0 0.7210937607451342 0.2781250145053491 0.17031250253785402 0.14218750211875886
0 0.6375000094994903 0.5229166939388961 0.17812500265426934 0.1750000026077032
0 0.6656250099185854 0.9020833803806454 0.16562500246800482 0.14687500218860805
0 0.2812500041909516 0.09791667177341878 0.16562500246800482 0.14375000214204192
0 0.5453125081257895 0.27604168106336147 0.16562500246800482 0.14531250216532499
0 0.2843750042375177 0.8197917094221339 0.16562500246800482 0.14531250216532499
1 0.3812500056810677 0.5750000299885869 0.1625000024214387 0.16562500246800482
0 0.8593750128056854 0.29895834892522544 0.17187500256113708 0.1359375020256266
0 0.7210937607451342 0.2781250145053491 0.17031250253785402 0.14218750211875886
0 0.6375000094994903 0.5229166939388961 0.17812500265426934 0.1750000026077032
0 0.6656250099185854 0.9020833803806454 0.16562500246800482 0.14687500218860805
0 0.2812500041909516 0.09791667177341878 0.16562500246800482 0.14375000214204192
0 0.5453125081257895 0.27604168106336147 0.16562500246800482 0.14531250216532499
0 0.2843750042375177 0.8197917094221339 0.16562500246800482 0.14531250216532499
1 0.3812500056810677 0.5750000299885869 0.1625000024214387 0.16562500246800482
0 0.8593750128056854 0.29895834892522544 0.17187500256113708 0.1359375020256266
0 0.7210937607451342 0.2781250145053491 0.17031250253785402 0.14218750211875886
0 0.6375000094994903 0.5229166939388961 0.17812500265426934 0.1750000026077032
0 0.6656250099185854 0.9020833803806454 0.16562500246800482 0.14687500218860805
0 0.2812500041909516 0.09791667177341878 0.16562500246800482 0.14375000214204192
0 0.5453125081257895 0.27604168106336147 0.16562500246800482 0.14531250216532499
0 0.2843750042375177 0.8197917094221339 0.16562500246800482 0.14531250216532499
1 0.3812500056810677 0.5750000299885869 0.1625000024214387 0.16562500246800482
0 0.8593750128056854 0.29895834892522544 0.17187500256113708 0.1359375020256266
0 0.7210937607451342 0.2781250145053491 0.17031250253785402 0.14218750211875886
0 0.6375000094994903 0.5229166939388961 0.17812500265426934 0.1750000026077032
0 0.6656250099185854 0.9020833803806454 0.16562500246800482 0.14687500218860805
0 0.2812500041909516 0.09791667177341878 0.16562500246800482 0.14375000214204192
0 0.5453125081257895 0.27604168106336147 0.16562500246800482 0.14531250216532499
0 0.2843750042375177 0.8197917094221339 0.16562500246800482 0.14531250216532499
1 0.3812500056810677 0.5750000299885869 0.1625000024214387 0.16562500246800482
0 0.8593750128056854 0.29895834892522544 0.17187500256113708 0.1359375020256266
0 0.7210937607451342 0.2781250145053491 0.17031250253785402 0.14218750211875886
0 0.6375000094994903 0.5229166939388961 0.17812500265426934 0.1750000026077032
0 0.6656250099185854 0.9020833803806454 0.16562500246800482 0.14687500218860805
0 0.2812500041909516 0.09791667177341878 0.16562500246800482 0.14375000214204192
0 0.5453125081257895 0.27604168106336147 0.16562500246800482 0.14531250216532499
0 0.2843750042375177 0.8197917094221339 0.16562500246800482 0.14531250216532499
1 0.3812500056810677 0.5750000299885869 0.1625000024214387 0.16562500246800482
0 0.8593750128056854 0.29895834892522544 0.17187500256113708 0.1359375020256266
0 0.7210937607451342 0.2781250145053491 0.17031250253785402 0.14218750211875886
0 0.6375000094994903 0.5229166939388961 0.17812500265426934 0.1750000026077032
0 0.6656250099185854 0.9020833803806454 0.16562500246800482 0.14687500218860805
0 0.2812500041909516 0.09791667177341878 0.16562500246800482 0.14375000214204192
0 0.5453125081257895 0.27604168106336147 0.16562500246800482 0.14531250216532499
0 0.2843750042375177 0.8197917094221339 0.16562500246800482 0.14531250216532499
1 0.3812500056810677 0.5750000299885869 0.1625000024214387 0.16562500246800482
0 0.8593750128056854 0.29895834892522544 0.17187500256113708 0.1359375020256266
0 0.7210937607451342 0.2781250145053491 0.17031250253785402 0.14218750211875886
0 0.6375000094994903 0.5229166939388961 0.17812500265426934 0.1750000026077032
0 0.6656250099185854 0.9020833803806454 0.16562500246800482 0.14687500218860805
0 0.2812500041909516 0.09791667177341878 0.16562500246800482 0.14375000214204192
0 0.5453125081257895 0.27604168106336147 0.16562500246800482 0.14531250216532499
0 0.2843750042375177 0.8197917094221339 0.16562500246800482 0.14531250216532499
1 0.3812500056810677 0.5750000299885869 0.1625000024214387 0.16562500246800482
0 0.8593750128056854 0.29895834892522544 0.17187500256113708 0.1359375020256266
0 0.7210937607451342 0.2781250145053491 0.17031250253785402 0.14218750211875886
0 0.6375000094994903 0.5229166939388961 0.17812500265426934 0.1750000026077032
0 0.6656250099185854 0.9020833803806454 0.16562500246800482 0.14687500218860805
0 0.2812500041909516 0.09791667177341878 0.16562500246800482 0.14375000214204192
0 0.5453125081257895 0.27604168106336147 0.16562500246800482 0.14531250216532499
0 0.2843750042375177 0.8197917094221339 0.16562500246800482 0.14531250216532499
1 0.3812500056810677 0.5750000299885869 0.1625000024214387 0.16562500246800482
0 0.8593750128056854 0.29895834892522544 0.17187500256113708 0.1359375020256266
0 0.7210937607451342 0.2781250145053491 0.17031250253785402 0.14218750211875886
0 0.6375000094994903 0.5229166939388961 0.17812500265426934 0.1750000026077032
0 0.6656250099185854 0.9020833803806454 0.16562500246800482 0.14687500218860805
0 0.2812500041909516 0.09791667177341878 0.16562500246800482 0.14375000214204192
0 0.5453125081257895 0.27604168106336147 0.16562500246800482 0.14531250216532499
0 0.2843750042375177 0.8197917094221339 0.16562500246800482 0.14531250216532499
1 0.3812500056810677 0.5750000299885869 0.1625000024214387 0.16562500246800482
0 0.8593750128056854 0.29895834892522544 0.17187500256113708 0.1359375020256266
0 0.7210937607451342 0.2781250145053491 0.17031250253785402 0.14218750211875886
0 0.6375000094994903 0.5229166939388961 0.17812500265426934 0.1750000026077032
0 0.6656250099185854 0.9020833803806454 0.16562500246800482 0.14687500218860805
0 0.2812500041909516 0.09791667177341878 0.16562500246800482 0.14375000214204192
0 0.5453125081257895 0.27604168106336147 0.16562500246800482 0.14531250216532499
0 0.2843750042375177 0.8197917094221339 0.16562500246800482 0.14531250216532499
1 0.3812500056810677 0.5750000299885869 0.1625000024214387 0.16562500246800482
0 0.859375 0.29895836114883423 0.171875 0.13593749701976776
0 0.7210937738418579 0.27812501788139343 0.17031250894069672 0.14218750596046448
0 0.637499988079071 0.5229166746139526 0.17812500894069672 0.17499999701976776
0 0.6656250357627869 0.9020833969116211 0.16562500596046448 0.14687500894069672
0 0.28125 0.09791667014360428 0.16562500596046448 0.14374999701976776
0 0.5453125238418579 0.2760416865348816 0.16562500596046448 0.14531250298023224
0 0.28437501192092896 0.8197917342185974 0.16562500596046448 0.14531250298023224
1 0.3812499940395355 0.5750000476837158 0.16250000894069672 0.16562500596046448
0 0.859375 0.29895836114883423 0.171875 0.13593749701976776
0 0.7210937738418579 0.27812501788139343 0.17031250894069672 0.14218750596046448
0 0.637499988079071 0.5229166746139526 0.17812500894069672 0.17499999701976776
0 0.6656250357627869 0.9020833969116211 0.16562500596046448 0.14687500894069672
0 0.28125 0.09791667014360428 0.16562500596046448 0.14374999701976776
0 0.5453125238418579 0.2760416865348816 0.16562500596046448 0.14531250298023224
0 0.28437501192092896 0.8197917342185974 0.16562500596046448 0.14531250298023224
1 0.3812499940395355 0.5750000476837158 0.16250000894069672 0.16562500596046448
0 0.859375 0.29895836114883423 0.171875 0.13593749701976776
0 0.7210937738418579 0.27812501788139343 0.17031250894069672 0.14218750596046448
0 0.637499988079071 0.5229166746139526 0.17812500894069672 0.17499999701976776
0 0.6656250357627869 0.9020833969116211 0.16562500596046448 0.14687500894069672
0 0.28125 0.09791667014360428 0.16562500596046448 0.14374999701976776
0 0.5453125238418579 0.2760416865348816 0.16562500596046448 0.14531250298023224
0 0.28437501192092896 0.8197917342185974 0.16562500596046448 0.14531250298023224
1 0.3812499940395355 0.5750000476837158 0.16250000894069672 0.16562500596046448
0 0.859375 0.29895836114883423 0.171875 0.13593749701976776
0 0.7210937738418579 0.27812501788139343 0.17031250894069672 0.14218750596046448
0 0.637499988079071 0.5229166746139526 0.17812500894069672 0.17499999701976776
0 0.6656250357627869 0.9020833969116211 0.16562500596046448 0.14687500894069672
0 0.28125 0.09791667014360428 0.16562500596046448 0.14374999701976776
0 0.5453125238418579 0.2760416865348816 0.16562500596046448 0.14531250298023224
0 0.28437501192092896 0.8197917342185974 0.16562500596046448 0.14531250298023224
1 0.3812499940395355 0.5750000476837158 0.16250000894069672 0.16562500596046448
0 0.859375 0.29895836114883423 0.171875 0.13593749701976776
0 0.7210937738418579 0.27812501788139343 0.17031250894069672 0.14218750596046448
0 0.637499988079071 0.5229166746139526 0.17812500894069672 0.17499999701976776
0 0.6656250357627869 0.9020833969116211 0.16562500596046448 0.14687500894069672
0 0.28125 0.09791667014360428 0.16562500596046448 0.14374999701976776
0 0.5453125238418579 0.2760416865348816 0.16562500596046448 0.14531250298023224
0 0.28437501192092896 0.8197917342185974 0.16562500596046448 0.14531250298023224
1 0.3812499940395355 0.5750000476837158 0.16250000894069672 0.16562500596046448
0 0.859375 0.29895836114883423 0.171875 0.13593749701976776
0 0.7210937738418579 0.27812501788139343 0.17031250894069672 0.14218750596046448
0 0.637499988079071 0.5229166746139526 0.17812500894069672 0.17499999701976776
0 0.6656250357627869 0.9020833969116211 0.16562500596046448 0.14687500894069672
0 0.28125 0.09791667014360428 0.16562500596046448 0.14374999701976776
0 0.5453125238418579 0.2760416865348816 0.16562500596046448 0.14531250298023224
0 0.28437501192092896 0.8197917342185974 0.16562500596046448 0.14531250298023224
1 0.3812499940395355 0.5750000476837158 0.16250000894069672 0.16562500596046448
0 0.859375 0.29895836114883423 0.171875 0.13593749701976776
0 0.7210937738418579 0.27812501788139343 0.17031250894069672 0.14218750596046448
0 0.637499988079071 0.5229166746139526 0.17812500894069672 0.17499999701976776
0 0.6656250357627869 0.9020833969116211 0.16562500596046448 0.14687500894069672
0 0.28125 0.09791667014360428 0.16562500596046448 0.14374999701976776
0 0.5453125238418579 0.2760416865348816 0.16562500596046448 0.14531250298023224
0 0.28437501192092896 0.8197917342185974 0.16562500596046448 0.14531250298023224
1 0.3812499940395355 0.5750000476837158 0.16250000894069672 0.16562500596046448
