0 0.6804687601397745 0.26979168073739856 0.19843750295694917 0.20468750305008143
0 0.7546875112457201 0.6604167011100799 0.19375000288709998 0.15625000232830644
0 0.23906250356230885 0.4625000241212547 0.18125000270083547 0.15000000223517418
0 0.5406250080559403 0.49791669263504446 0.16562500246800482 0.1406250020954758
0 0.6125000091269612 0.07500000391155481 0.20000000298023224 0.1093750016298145
0 0.21718750323634595 0.22395834501367062 0.15937500237487257 0.1578125023515895
0 0.9164062636555173 0.1552083414280787 0.16406250244472176 0.16406250244472176
0 0.8320312623982318 0.335416684160009 0.15468750230502337 0.19062500284053385
0 0.898437513387762 0.9281250484054908 0.14375000214204192 0.10781250160653144
0 0.3398437550640665 0.11041667242534459 0.13906250207219273 0.15625000232830644
1 0.1750000026077032 0.8906250464497134 0.07812500116415322 0.06718750100117177
1 0.522656257788185 0.7781250405823812 0.39218750584404916 0.3328125049592927
0 0.6804687601397745 0.26979168073739856 0.19843750295694917 0.20468750305008143
0 0.7546875112457201 0.6604167011100799 0.19375000288709998 0.15625000232830644
0 0.23906250356230885 0.4625000241212547 0.18125000270083547 0.15000000223517418
0 0.5406250080559403 0.49791669263504446 0.16562500246800482 0.1406250020954758
0 0.6125000091269612 0.07500000391155481 0.20000000298023224 0.1093750016298145
0 0.21718750323634595 0.22395834501367062 0.15937500237487257 0.1578125023515895
0 0.9164062636555173 0.1552083414280787 0.16406250244472176 0.16406250244472176
0 0.8320312623982318 0.335416684160009 0.15468750230502337 0.19062500284053385
0 0.898437513387762 0.9281250484054908 0.14375000214204192 0.10781250160653144
0 0.3398437550640665 0.11041667242534459 0.13906250207219273 0.15625000232830644
1 0.1750000026077032 0.8906250464497134 0.07812500116415322 0.06718750100117177
1 0.522656257788185 0.7781250405823812 0.39218750584404916 0.3328125049592927
0 0.6804687601397745 0.26979168073739856 0.19843750295694917 0.20468750305008143
0 0.7546875112457201 0.6604167011100799 0.19375000288709998 0.15625000232830644
0 0.23906250356230885 0.4625000241212547 0.18125000270083547 0.15000000223517418
0 0.5406250080559403 0.49791669263504446 0.16562500246800482 0.1406250020954758
0 0.6125000091269612 0.07500000391155481 0.20000000298023224 0.1093750016298145
0 0.21718750323634595 0.22395834501367062 0.15937500237487257 0.1578125023515895
0 0.9164062636555173 0.1552083414280787 0.16406250244472176 0.16406250244472176
0 0.8320312623982318 0.335416684160009 0.15468750230502337 0.19062500284053385
0 0.898437513387762 0.9281250484054908 0.14375000214204192 0.10781250160653144
0 0.3398437550640665 0.11041667242534459 0.13906250207219273 0.15625000232830644
1 0.1750000026077032 0.8906250464497134 0.07812500116415322 0.06718750100117177
1 0.522656257788185 0.7781250405823812 0.39218750584404916 0.3328125049592927
0 0.6804687601397745 0.26979168073739856 0.19843750295694917 0.20468750305008143
0 0.7546875112457201 0.6604167011100799 0.19375000288709998 0.15625000232830644
0 0.23906250356230885 0.4625000241212547 0.18125000270083547 0.15000000223517418
0 0.5406250080559403 0.49791669263504446 0.16562500246800482 0.1406250020954758
0 0.6125000091269612 0.07500000391155481 0.20000000298023224 0.1093750016298145
0 0.21718750323634595 0.22395834501367062 0.15937500237487257 0.1578125023515895
0 0.9164062636555173 0.1552083414280787 0.16406250244472176 0.16406250244472176
0 0.8320312623982318 0.335416684160009 0.15468750230502337 0.19062500284053385
0 0.898437513387762 0.9281250484054908 0.14375000214204192 0.10781250160653144
0 0.3398437550640665 0.11041667242534459 0.13906250207219273 0.15625000232830644
1 0.1750000026077032 0.8906250464497134 0.07812500116415322 0.06718750100117177
1 0.522656257788185 0.7781250405823812 0.39218750584404916 0.3328125049592927
0 0.6804687601397745 0.26979168073739856 0.19843750295694917 0.20468750305008143
0 0.7546875112457201 0.6604167011100799 0.19375000288709998 0.15625000232830644
0 0.23906250356230885 0.4625000241212547 0.18125000270083547 0.15000000223517418
0 0.5406250080559403 0.49791669263504446 0.16562500246800482 0.1406250020954758
0 0.6125000091269612 0.07500000391155481 0.20000000298023224 0.1093750016298145
0 0.21718750323634595 0.22395834501367062 0.15937500237487257 0.1578125023515895
0 0.9164062636555173 0.1552083414280787 0.16406250244472176 0.16406250244472176
0 0.8320312623982318 0.335416684160009 0.15468750230502337 0.19062500284053385
0 0.898437513387762 0.9281250484054908 0.14375000214204192 0.10781250160653144
0 0.3398437550640665 0.11041667242534459 0.13906250207219273 0.15625000232830644
1 0.1750000026077032 0.8906250464497134 0.07812500116415322 0.06718750100117177
1 0.522656257788185 0.7781250405823812 0.39218750584404916 0.3328125049592927
0 0.6804687601397745 0.26979168073739856 0.19843750295694917 0.20468750305008143
0 0.7546875112457201 0.6604167011100799 0.19375000288709998 0.15625000232830644
0 0.23906250356230885 0.4625000241212547 0.18125000270083547 0.15000000223517418
0 0.5406250080559403 0.49791669263504446 0.16562500246800482 0.1406250020954758
0 0.6125000091269612 0.07500000391155481 0.20000000298023224 0.1093750016298145
0 0.21718750323634595 0.22395834501367062 0.15937500237487257 0.1578125023515895
0 0.9164062636555173 0.1552083414280787 0.16406250244472176 0.16406250244472176
0 0.8320312623982318 0.335416684160009 0.15468750230502337 0.19062500284053385
0 0.898437513387762 0.9281250484054908 0.14375000214204192 0.10781250160653144
0 0.3398437550640665 0.11041667242534459 0.13906250207219273 0.15625000232830644
1 0.1750000026077032 0.8906250464497134 0.07812500116415322 0.06718750100117177
1 0.522656257788185 0.7781250405823812 0.39218750584404916 0.3328125049592927
0 0.6804687601397745 0.26979168073739856 0.19843750295694917 0.20468750305008143
0 0.7546875112457201 0.6604167011100799 0.19375000288709998 0.15625000232830644
0 0.23906250356230885 0.4625000241212547 0.18125000270083547 0.15000000223517418
0 0.5406250080559403 0.49791669263504446 0.16562500246800482 0.1406250020954758
0 0.6125000091269612 0.07500000391155481 0.20000000298023224 0.1093750016298145
0 0.21718750323634595 0.22395834501367062 0.15937500237487257 0.1578125023515895
0 0.9164062636555173 0.1552083414280787 0.16406250244472176 0.16406250244472176
0 0.8320312623982318 0.335416684160009 0.15468750230502337 0.19062500284053385
0 0.898437513387762 0.9281250484054908 0.14375000214204192 0.10781250160653144
0 0.3398437550640665 0.11041667242534459 0.13906250207219273 0.15625000232830644
1 0.1750000026077032 0.8906250464497134 0.07812500116415322 0.06718750100117177
1 0.522656257788185 0.7781250405823812 0.39218750584404916 0.3328125049592927
0 0.6804687601397745 0.26979168073739856 0.19843750295694917 0.20468750305008143
0 0.7546875112457201 0.6604167011100799 0.19375000288709998 0.15625000232830644
0 0.23906250356230885 0.4625000241212547 0.18125000270083547 0.15000000223517418
0 0.5406250080559403 0.49791669263504446 0.16562500246800482 0.1406250020954758
0 0.6125000091269612 0.07500000391155481 0.20000000298023224 0.1093750016298145
0 0.21718750323634595 0.22395834501367062 0.15937500237487257 0.1578125023515895
0 0.9164062636555173 0.1552083414280787 0.16406250244472176 0.16406250244472176
0 0.8320312623982318 0.335416684160009 0.15468750230502337 0.19062500284053385
0 0.898437513387762 0.9281250484054908 0.14375000214204192 0.10781250160653144
0 0.3398437550640665 0.11041667242534459 0.13906250207219273 0.15625000232830644
1 0.1750000026077032 0.8906250464497134 0.07812500116415322 0.06718750100117177
1 0.522656257788185 0.7781250405823812 0.39218750584404916 0.3328125049592927
0 0.6804687601397745 0.26979168073739856 0.19843750295694917 0.20468750305008143
0 0.7546875112457201 0.6604167011100799 0.19375000288709998 0.15625000232830644
0 0.23906250356230885 0.4625000241212547 0.18125000270083547 0.15000000223517418
0 0.5406250080559403 0.49791669263504446 0.16562500246800482 0.1406250020954758
0 0.6125000091269612 0.07500000391155481 0.20000000298023224 0.1093750016298145
0 0.21718750323634595 0.22395834501367062 0.15937500237487257 0.1578125023515895
0 0.9164062636555173 0.1552083414280787 0.16406250244472176 0.16406250244472176
0 0.8320312623982318 0.335416684160009 0.15468750230502337 0.19062500284053385
0 0.898437513387762 0.9281250484054908 0.14375000214204192 0.10781250160653144
0 0.3398437550640665 0.11041667242534459 0.13906250207219273 0.15625000232830644
1 0.1750000026077032 0.8906250464497134 0.07812500116415322 0.06718750100117177
1 0.522656257788185 0.7781250405823812 0.39218750584404916 0.3328125049592927
0 0.6804687601397745 0.26979168073739856 0.19843750295694917 0.20468750305008143
0 0.7546875112457201 0.6604167011100799 0.19375000288709998 0.15625000232830644
0 0.23906250356230885 0.4625000241212547 0.18125000270083547 0.15000000223517418
0 0.5406250080559403 0.49791669263504446 0.16562500246800482 0.1406250020954758
0 0.6125000091269612 0.07500000391155481 0.20000000298023224 0.1093750016298145
0 0.21718750323634595 0.22395834501367062 0.15937500237487257 0.1578125023515895
0 0.9164062636555173 0.1552083414280787 0.16406250244472176 0.16406250244472176
0 0.8320312623982318 0.335416684160009 0.15468750230502337 0.19062500284053385
0 0.898437513387762 0.9281250484054908 0.14375000214204192 0.10781250160653144
0 0.3398437550640665 0.11041667242534459 0.13906250207219273 0.15625000232830644
1 0.1750000026077032 0.8906250464497134 0.07812500116415322 0.06718750100117177
1 0.522656257788185 0.7781250405823812 0.39218750584404916 0.3328125049592927
0 0.6804687601397745 0.26979168073739856 0.19843750295694917 0.20468750305008143
0 0.7546875112457201 0.6604167011100799 0.19375000288709998 0.15625000232830644
0 0.23906250356230885 0.4625000241212547 0.18125000270083547 0.15000000223517418
0 0.5406250080559403 0.49791669263504446 0.16562500246800482 0.1406250020954758
0 0.6125000091269612 0.07500000391155481 0.20000000298023224 0.1093750016298145
0 0.21718750323634595 0.22395834501367062 0.15937500237487257 0.1578125023515895
0 0.9164062636555173 0.1552083414280787 0.16406250244472176 0.16406250244472176
0 0.8320312623982318 0.335416684160009 0.15468750230502337 0.19062500284053385
0 0.898437513387762 0.9281250484054908 0.14375000214204192 0.10781250160653144
0 0.3398437550640665 0.11041667242534459 0.13906250207219273 0.15625000232830644
1 0.1750000026077032 0.8906250464497134 0.07812500116415322 0.06718750100117177
1 0.522656257788185 0.7781250405823812 0.39218750584404916 0.3328125049592927
0 0.6804687601397745 0.26979168073739856 0.19843750295694917 0.20468750305008143
0 0.7546875112457201 0.6604167011100799 0.19375000288709998 0.15625000232830644
0 0.23906250356230885 0.4625000241212547 0.18125000270083547 0.15000000223517418
0 0.5406250080559403 0.49791669263504446 0.16562500246800482 0.1406250020954758
0 0.6125000091269612 0.07500000391155481 0.20000000298023224 0.1093750016298145
0 0.21718750323634595 0.22395834501367062 0.15937500237487257 0.1578125023515895
0 0.9164062636555173 0.1552083414280787 0.16406250244472176 0.16406250244472176
0 0.8320312623982318 0.335416684160009 0.15468750230502337 0.19062500284053385
0 0.898437513387762 0.9281250484054908 0.14375000214204192 0.10781250160653144
0 0.3398437550640665 0.11041667242534459 0.13906250207219273 0.15625000232830644
1 0.1750000026077032 0.8906250464497134 0.07812500116415322 0.06718750100117177
1 0.522656257788185 0.7781250405823812 0.39218750584404916 0.3328125049592927
0 0.6804687601397745 0.26979168073739856 0.19843750295694917 0.20468750305008143
0 0.7546875112457201 0.6604167011100799 0.19375000288709998 0.15625000232830644
0 0.23906250356230885 0.4625000241212547 0.18125000270083547 0.15000000223517418
0 0.5406250080559403 0.49791669263504446 0.16562500246800482 0.1406250020954758
0 0.6125000091269612 0.07500000391155481 0.20000000298023224 0.1093750016298145
0 0.21718750323634595 0.22395834501367062 0.15937500237487257 0.1578125023515895
0 0.9164062636555173 0.1552083414280787 0.16406250244472176 0.16406250244472176
0 0.8320312623982318 0.335416684160009 0.15468750230502337 0.19062500284053385
0 0.898437513387762 0.9281250484054908 0.14375000214204192 0.10781250160653144
0 0.3398437550640665 0.11041667242534459 0.13906250207219273 0.15625000232830644
1 0.1750000026077032 0.8906250464497134 0.07812500116415322 0.06718750100117177
1 0.522656257788185 0.7781250405823812 0.39218750584404916 0.3328125049592927
0 0.6804687601397745 0.26979168073739856 0.19843750295694917 0.20468750305008143
0 0.7546875112457201 0.6604167011100799 0.19375000288709998 0.15625000232830644
0 0.23906250356230885 0.4625000241212547 0.18125000270083547 0.15000000223517418
0 0.5406250080559403 0.49791669263504446 0.16562500246800482 0.1406250020954758
0 0.6125000091269612 0.07500000391155481 0.20000000298023224 0.1093750016298145
0 0.21718750323634595 0.22395834501367062 0.15937500237487257 0.1578125023515895
0 0.9164062636555173 0.1552083414280787 0.16406250244472176 0.16406250244472176
0 0.8320312623982318 0.335416684160009 0.15468750230502337 0.19062500284053385
0 0.898437513387762 0.9281250484054908 0.14375000214204192 0.10781250160653144
0 0.3398437550640665 0.11041667242534459 0.13906250207219273 0.15625000232830644
2 0.1750000026077032 0.8906250464497134 0.07812500116415322 0.06718750100117177
1 0.522656257788185 0.7781250405823812 0.39218750584404916 0.3328125049592927
0 0.6804687601397745 0.26979168073739856 0.19843750295694917 0.20468750305008143
0 0.7546875112457201 0.6604167011100799 0.19375000288709998 0.15625000232830644
0 0.23906250356230885 0.4625000241212547 0.18125000270083547 0.15000000223517418
0 0.5406250080559403 0.49791669263504446 0.16562500246800482 0.1406250020954758
0 0.6125000091269612 0.07500000391155481 0.20000000298023224 0.1093750016298145
0 0.21718750323634595 0.22395834501367062 0.15937500237487257 0.1578125023515895
0 0.9164062636555173 0.1552083414280787 0.16406250244472176 0.16406250244472176
0 0.8320312623982318 0.335416684160009 0.15468750230502337 0.19062500284053385
0 0.898437513387762 0.9281250484054908 0.14375000214204192 0.10781250160653144
0 0.3398437550640665 0.11041667242534459 0.13906250207219273 0.15625000232830644
2 0.1750000026077032 0.8906250464497134 0.07812500116415322 0.06718750100117177
1 0.522656257788185 0.7781250405823812 0.39218750584404916 0.3328125049592927
0 0.680468738079071 0.26979169249534607 0.19843749701976776 0.20468750596046448
0 0.754687488079071 0.6604167222976685 0.19375000894069672 0.15625
0 0.23906250298023224 0.46250003576278687 0.18125000596046448 0.15000000596046448
0 0.5406250357627869 0.49791669845581055 0.16562500596046448 0.140625
0 0.612500011920929 0.07500000298023224 0.20000000298023224 0.109375
0 0.21718750894069672 0.2239583432674408 0.15937499701976776 0.15781250596046448
0 0.9164062738418579 0.15520833432674408 0.1640625 0.1640625
0 0.83203125 0.33541667461395264 0.15468750894069672 0.19062499701976776
0 0.8984375 0.9281250238418579 0.14374999701976776 0.10781250149011612
0 0.33984375 0.11041667312383652 0.13906250894069672 0.15625
2 0.17499999701976776 0.8906250596046448 0.078125 0.06718750298023224
1 0.522656261920929 0.7781250476837158 0.3921875059604645 0.33281251788139343
0 0.680468738079071 0.26979169249534607 0.19843749701976776 0.20468750596046448
0 0.754687488079071 0.6604167222976685 0.19375000894069672 0.15625
0 0.23906250298023224 0.46250003576278687 0.18125000596046448 0.15000000596046448
0 0.5406250357627869 0.49791669845581055 0.16562500596046448 0.140625
0 0.612500011920929 0.07500000298023224 0.20000000298023224 0.109375
0 0.21718750894069672 0.2239583432674408 0.15937499701976776 0.15781250596046448
0 0.9164062738418579 0.15520833432674408 0.1640625 0.1640625
0 0.83203125 0.33541667461395264 0.15468750894069672 0.19062499701976776
0 0.8984375 0.9281250238418579 0.14374999701976776 0.10781250149011612
0 0.33984375 0.11041667312383652 0.13906250894069672 0.15625
2 0.17499999701976776 0.8906250596046448 0.078125 0.06718750298023224
1 0.522656261920929 0.7781250476837158 0.3921875059604645 0.33281251788139343
0 0.680468738079071 0.26979169249534607 0.19843749701976776 0.20468750596046448
0 0.754687488079071 0.6604167222976685 0.19375000894069672 0.15625
0 0.23906250298023224 0.46250003576278687 0.18125000596046448 0.15000000596046448
0 0.5406250357627869 0.49791669845581055 0.16562500596046448 0.140625
0 0.612500011920929 0.07500000298023224 0.20000000298023224 0.109375
0 0.21718750894069672 0.2239583432674408 0.15937499701976776 0.15781250596046448
0 0.9164062738418579 0.15520833432674408 0.1640625 0.1640625
0 0.83203125 0.33541667461395264 0.15468750894069672 0.19062499701976776
0 0.8984375 0.9281250238418579 0.14374999701976776 0.10781250149011612
0 0.33984375 0.11041667312383652 0.13906250894069672 0.15625
2 0.17499999701976776 0.8906250596046448 0.078125 0.06718750298023224
1 0.522656261920929 0.7781250476837158 0.3921875059604645 0.33281251788139343
0 0.680468738079071 0.26979169249534607 0.19843749701976776 0.20468750596046448
0 0.754687488079071 0.6604167222976685 0.19375000894069672 0.15625
0 0.23906250298023224 0.46250003576278687 0.18125000596046448 0.15000000596046448
0 0.5406250357627869 0.49791669845581055 0.16562500596046448 0.140625
0 0.612500011920929 0.07500000298023224 0.20000000298023224 0.109375
0 0.21718750894069672 0.2239583432674408 0.15937499701976776 0.15781250596046448
0 0.9164062738418579 0.15520833432674408 0.1640625 0.1640625
0 0.83203125 0.33541667461395264 0.15468750894069672 0.19062499701976776
0 0.8984375 0.9281250238418579 0.14374999701976776 0.10781250149011612
0 0.33984375 0.11041667312383652 0.13906250894069672 0.15625
2 0.17499999701976776 0.8906250596046448 0.078125 0.06718750298023224
1 0.522656261920929 0.7781250476837158 0.3921875059604645 0.33281251788139343
0 0.680468738079071 0.26979169249534607 0.19843749701976776 0.20468750596046448
0 0.754687488079071 0.6604167222976685 0.19375000894069672 0.15625
0 0.23906250298023224 0.46250003576278687 0.18125000596046448 0.15000000596046448
0 0.5406250357627869 0.49791669845581055 0.16562500596046448 0.140625
0 0.612500011920929 0.07500000298023224 0.20000000298023224 0.109375
0 0.21718750894069672 0.2239583432674408 0.15937499701976776 0.15781250596046448
0 0.9164062738418579 0.15520833432674408 0.1640625 0.1640625
0 0.83203125 0.33541667461395264 0.15468750894069672 0.19062499701976776
0 0.8984375 0.9281250238418579 0.14374999701976776 0.10781250149011612
0 0.33984375 0.11041667312383652 0.13906250894069672 0.15625
2 0.17499999701976776 0.8906250596046448 0.078125 0.06718750298023224
1 0.522656261920929 0.7781250476837158 0.3921875059604645 0.33281251788139343
0 0.680468738079071 0.26979169249534607 0.19843749701976776 0.20468750596046448
0 0.754687488079071 0.6604167222976685 0.19375000894069672 0.15625
0 0.23906250298023224 0.46250003576278687 0.18125000596046448 0.15000000596046448
0 0.5406250357627869 0.49791669845581055 0.16562500596046448 0.140625
0 0.612500011920929 0.07500000298023224 0.20000000298023224 0.109375
0 0.21718750894069672 0.2239583432674408 0.15937499701976776 0.15781250596046448
0 0.9164062738418579 0.15520833432674408 0.1640625 0.1640625
0 0.83203125 0.33541667461395264 0.15468750894069672 0.19062499701976776
0 0.8984375 0.9281250238418579 0.14374999701976776 0.10781250149011612
0 0.33984375 0.11041667312383652 0.13906250894069672 0.15625
2 0.17499999701976776 0.8906250596046448 0.078125 0.06718750298023224
1 0.522656261920929 0.7781250476837158 0.3921875059604645 0.33281251788139343
0 0.680468738079071 0.26979169249534607 0.19843749701976776 0.20468750596046448
0 0.754687488079071 0.6604167222976685 0.19375000894069672 0.15625
0 0.23906250298023224 0.46250003576278687 0.18125000596046448 0.15000000596046448
0 0.5406250357627869 0.49791669845581055 0.16562500596046448 0.140625
0 0.612500011920929 0.07500000298023224 0.20000000298023224 0.109375
0 0.21718750894069672 0.2239583432674408 0.15937499701976776 0.15781250596046448
0 0.9164062738418579 0.15520833432674408 0.1640625 0.1640625
0 0.83203125 0.33541667461395264 0.15468750894069672 0.19062499701976776
0 0.8984375 0.9281250238418579 0.14374999701976776 0.10781250149011612
0 0.33984375 0.11041667312383652 0.13906250894069672 0.15625
2 0.17499999701976776 0.8906250596046448 0.078125 0.06718750298023224
1 0.522656261920929 0.7781250476837158 0.3921875059604645 0.33281251788139343
