0 0.8960937633528374 0.4520833569113165 0.13906250207219273 0.13437500200234354
0 0.6218750092666596 0.7260417045326903 0.15937500237487257 0.18281250272411853
0 0.08125000121071935 0.8166667092591524 0.15000000223517418 0.1406250020954758
0 0.7023437604657374 0.9281250484054908 0.20781250309664756 0.10156250151339918
0 0.48906250728759915 0.9072917139856145 0.1843750027474016 0.13906250207219273
0 0.4679687569732778 0.7270833712536842 0.1671875024912879 0.1625000024214387
0 0.6484375096624717 0.10937500570435077 0.21250000316649675 0.16093750239815563
0 0.8757812630501576 0.8510417110519484 0.17343750258442014 0.14531250216532499
0 0.13281250197906047 0.1677083420800045 0.13750000204890966 0.21406250318977982
0 0.5929687588359229 0.34375001792795956 0.19218750286381692 0.15000000223517418
0 0.1382812520605512 0.5885416973615065 0.18281250272411853 0.14531250216532499
0 0.21562500321306288 0.7645833732094616 0.16875000251457095 0.14375000214204192
1 0.08515625126892701 0.4260416888864711 0.08281250123400241 0.06718750100117177
1 0.3203125047730282 0.48645835870411247 0.40937500610016286 0.39218750584404916
0 0.8960937633528374 0.4520833569113165 0.13906250207219273 0.13437500200234354
0 0.6218750092666596 0.7260417045326903 0.15937500237487257 0.18281250272411853
0 0.08125000121071935 0.8166667092591524 0.15000000223517418 0.1406250020954758
0 0.7023437604657374 0.9281250484054908 0.20781250309664756 0.10156250151339918
0 0.48906250728759915 0.9072917139856145 0.1843750027474016 0.13906250207219273
0 0.4679687569732778 0.7270833712536842 0.1671875024912879 0.1625000024214387
0 0.6484375096624717 0.10937500570435077 0.21250000316649675 0.16093750239815563
0 0.8757812630501576 0.8510417110519484 0.17343750258442014 0.14531250216532499
0 0.13281250197906047 0.1677083420800045 0.13750000204890966 0.21406250318977982
0 0.5929687588359229 0.34375001792795956 0.19218750286381692 0.15000000223517418
0 0.1382812520605512 0.5885416973615065 0.18281250272411853 0.14531250216532499
0 0.21562500321306288 0.7645833732094616 0.16875000251457095 0.14375000214204192
1 0.08515625126892701 0.4260416888864711 0.08281250123400241 0.06718750100117177
1 0.3203125047730282 0.48645835870411247 0.40937500610016286 0.39218750584404916
0 0.8960937633528374 0.4520833569113165 0.13906250207219273 0.13437500200234354
0 0.6218750092666596 0.7260417045326903 0.15937500237487257 0.18281250272411853
0 0.08125000121071935 0.8166667092591524 0.15000000223517418 0.1406250020954758
0 0.7023437604657374 0.9281250484054908 0.20781250309664756 0.10156250151339918
0 0.48906250728759915 0.9072917139856145 0.1843750027474016 0.13906250207219273
0 0.4679687569732778 0.7270833712536842 0.1671875024912879 0.1625000024214387
0 0.6484375096624717 0.10937500570435077 0.21250000316649675 0.16093750239815563
0 0.8757812630501576 0.8510417110519484 0.17343750258442014 0.14531250216532499
0 0.13281250197906047 0.1677083420800045 0.13750000204890966 0.21406250318977982
0 0.5929687588359229 0.34375001792795956 0.19218750286381692 0.15000000223517418
0 0.1382812520605512 0.5885416973615065 0.18281250272411853 0.14531250216532499
0 0.21562500321306288 0.7645833732094616 0.16875000251457095 0.14375000214204192
1 0.08515625126892701 0.4260416888864711 0.08281250123400241 0.06718750100117177
1 0.3203125047730282 0.48645835870411247 0.40937500610016286 0.39218750584404916
0 0.8960937633528374 0.4520833569113165 0.13906250207219273 0.13437500200234354
0 0.6218750092666596 0.7260417045326903 0.15937500237487257 0.18281250272411853
0 0.08125000121071935 0.8166667092591524 0.15000000223517418 0.1406250020954758
0 0.7023437604657374 0.9281250484054908 0.20781250309664756 0.10156250151339918
0 0.48906250728759915 0.9072917139856145 0.1843750027474016 0.13906250207219273
0 0.4679687569732778 0.7270833712536842 0.1671875024912879 0.1625000024214387
0 0.6484375096624717 0.10937500570435077 0.21250000316649675 0.16093750239815563
0 0.8757812630501576 0.8510417110519484 0.17343750258442014 0.14531250216532499
0 0.13281250197906047 0.1677083420800045 0.13750000204890966 0.21406250318977982
0 0.5929687588359229 0.34375001792795956 0.19218750286381692 0.15000000223517418
0 0.1382812520605512 0.5885416973615065 0.18281250272411853 0.14531250216532499
0 0.21562500321306288 0.7645833732094616 0.16875000251457095 0.14375000214204192
1 0.08515625126892701 0.4260416888864711 0.08281250123400241 0.06718750100117177
1 0.3203125047730282 0.48645835870411247 0.40937500610016286 0.39218750584404916
0 0.8960937633528374 0.4520833569113165 0.13906250207219273 0.13437500200234354
0 0.6218750092666596 0.7260417045326903 0.15937500237487257 0.18281250272411853
0 0.08125000121071935 0.8166667092591524 0.15000000223517418 0.1406250020954758
0 0.7023437604657374 0.9281250484054908 0.20781250309664756 0.10156250151339918
0 0.48906250728759915 0.9072917139856145 0.1843750027474016 0.13906250207219273
0 0.4679687569732778 0.7270833712536842 0.1671875024912879 0.1625000024214387
0 0.6484375096624717 0.10937500570435077 0.21250000316649675 0.16093750239815563
0 0.8757812630501576 0.8510417110519484 0.17343750258442014 0.14531250216532499
0 0.13281250197906047 0.1677083420800045 0.13750000204890966 0.21406250318977982
0 0.5929687588359229 0.34375001792795956 0.19218750286381692 0.15000000223517418
0 0.1382812520605512 0.5885416973615065 0.18281250272411853 0.14531250216532499
0 0.21562500321306288 0.7645833732094616 0.16875000251457095 0.14375000214204192
1 0.08515625126892701 0.4260416888864711 0.08281250123400241 0.06718750100117177
1 0.3203125047730282 0.48645835870411247 0.40937500610016286 0.39218750584404916
0 0.8960937633528374 0.4520833569113165 0.13906250207219273 0.13437500200234354
0 0.6218750092666596 0.7260417045326903 0.15937500237487257 0.18281250272411853
0 0.08125000121071935 0.8166667092591524 0.15000000223517418 0.1406250020954758
0 0.7023437604657374 0.9281250484054908 0.20781250309664756 0.10156250151339918
0 0.48906250728759915 0.9072917139856145 0.1843750027474016 0.13906250207219273
0 0.4679687569732778 0.7270833712536842 0.1671875024912879 0.1625000024214387
0 0.6484375096624717 0.10937500570435077 0.21250000316649675 0.16093750239815563
0 0.8757812630501576 0.8510417110519484 0.17343750258442014 0.14531250216532499
0 0.13281250197906047 0.1677083420800045 0.13750000204890966 0.21406250318977982
0 0.5929687588359229 0.34375001792795956 0.19218750286381692 0.15000000223517418
0 0.1382812520605512 0.5885416973615065 0.18281250272411853 0.14531250216532499
0 0.21562500321306288 0.7645833732094616 0.16875000251457095 0.14375000214204192
1 0.08515625126892701 0.4260416888864711 0.08281250123400241 0.06718750100117177
1 0.3203125047730282 0.48645835870411247 0.40937500610016286 0.39218750584404916
0 0.8960937633528374 0.4520833569113165 0.13906250207219273 0.13437500200234354
0 0.6218750092666596 0.7260417045326903 0.15937500237487257 0.18281250272411853
0 0.08125000121071935 0.8166667092591524 0.15000000223517418 0.1406250020954758
0 0.7023437604657374 0.9281250484054908 0.20781250309664756 0.10156250151339918
0 0.48906250728759915 0.9072917139856145 0.1843750027474016 0.13906250207219273
0 0.4679687569732778 0.7270833712536842 0.1671875024912879 0.1625000024214387
0 0.6484375096624717 0.10937500570435077 0.21250000316649675 0.16093750239815563
0 0.8757812630501576 0.8510417110519484 0.17343750258442014 0.14531250216532499
0 0.13281250197906047 0.1677083420800045 0.13750000204890966 0.21406250318977982
0 0.5929687588359229 0.34375001792795956 0.19218750286381692 0.15000000223517418
0 0.1382812520605512 0.5885416973615065 0.18281250272411853 0.14531250216532499
0 0.21562500321306288 0.7645833732094616 0.16875000251457095 0.14375000214204192
1 0.08515625126892701 0.4260416888864711 0.08281250123400241 0.06718750100117177
1 0.3203125047730282 0.48645835870411247 0.40937500610016286 0.39218750584404916
0 0.8960937633528374 0.4520833569113165 0.13906250207219273 0.13437500200234354
0 0.6218750092666596 0.7260417045326903 0.15937500237487257 0.18281250272411853
0 0.08125000121071935 0.8166667092591524 0.15000000223517418 0.1406250020954758
0 0.7023437604657374 0.9281250484054908 0.20781250309664756 0.10156250151339918
0 0.48906250728759915 0.9072917139856145 0.1843750027474016 0.13906250207219273
0 0.4679687569732778 0.7270833712536842 0.1671875024912879 0.1625000024214387
0 0.6484375096624717 0.10937500570435077 0.21250000316649675 0.16093750239815563
0 0.8757812630501576 0.8510417110519484 0.17343750258442014 0.14531250216532499
0 0.13281250197906047 0.1677083420800045 0.13750000204890966 0.21406250318977982
0 0.5929687588359229 0.34375001792795956 0.19218750286381692 0.15000000223517418
0 0.1382812520605512 0.5885416973615065 0.18281250272411853 0.14531250216532499
0 0.21562500321306288 0.7645833732094616 0.16875000251457095 0.14375000214204192
1 0.08515625126892701 0.4260416888864711 0.08281250123400241 0.06718750100117177
1 0.3203125047730282 0.48645835870411247 0.40937500610016286 0.39218750584404916
0 0.8960937633528374 0.4520833569113165 0.13906250207219273 0.13437500200234354
0 0.6218750092666596 0.7260417045326903 0.15937500237487257 0.18281250272411853
0 0.08125000121071935 0.8166667092591524 0.15000000223517418 0.1406250020954758
0 0.7023437604657374 0.9281250484054908 0.20781250309664756 0.10156250151339918
0 0.48906250728759915 0.9072917139856145 0.1843750027474016 0.13906250207219273
0 0.4679687569732778 0.7270833712536842 0.1671875024912879 0.1625000024214387
0 0.6484375096624717 0.10937500570435077 0.21250000316649675 0.16093750239815563
0 0.8757812630501576 0.8510417110519484 0.17343750258442014 0.14531250216532499
0 0.13281250197906047 0.1677083420800045 0.13750000204890966 0.21406250318977982
0 0.5929687588359229 0.34375001792795956 0.19218750286381692 0.15000000223517418
0 0.1382812520605512 0.5885416973615065 0.18281250272411853 0.14531250216532499
0 0.21562500321306288 0.7645833732094616 0.16875000251457095 0.14375000214204192
1 0.08515625126892701 0.4260416888864711 0.08281250123400241 0.06718750100117177
1 0.3203125047730282 0.48645835870411247 0.40937500610016286 0.39218750584404916
0 0.8960937633528374 0.4520833569113165 0.13906250207219273 0.13437500200234354
0 0.6218750092666596 0.7260417045326903 0.15937500237487257 0.18281250272411853
0 0.08125000121071935 0.8166667092591524 0.15000000223517418 0.1406250020954758
0 0.7023437604657374 0.9281250484054908 0.20781250309664756 0.10156250151339918
0 0.48906250728759915 0.9072917139856145 0.1843750027474016 0.13906250207219273
0 0.4679687569732778 0.7270833712536842 0.1671875024912879 0.1625000024214387
0 0.6484375096624717 0.10937500570435077 0.21250000316649675 0.16093750239815563
0 0.8757812630501576 0.8510417110519484 0.17343750258442014 0.14531250216532499
0 0.13281250197906047 0.1677083420800045 0.13750000204890966 0.21406250318977982
0 0.5929687588359229 0.34375001792795956 0.19218750286381692 0.15000000223517418
0 0.1382812520605512 0.5885416973615065 0.18281250272411853 0.14531250216532499
0 0.21562500321306288 0.7645833732094616 0.16875000251457095 0.14375000214204192
1 0.08515625126892701 0.4260416888864711 0.08281250123400241 0.06718750100117177
1 0.3203125047730282 0.48645835870411247 0.40937500610016286 0.39218750584404916
0 0.8960937633528374 0.4520833569113165 0.13906250207219273 0.13437500200234354
0 0.6218750092666596 0.7260417045326903 0.15937500237487257 0.18281250272411853
0 0.08125000121071935 0.8166667092591524 0.15000000223517418 0.1406250020954758
0 0.7023437604657374 0.9281250484054908 0.20781250309664756 0.10156250151339918
0 0.48906250728759915 0.9072917139856145 0.1843750027474016 0.13906250207219273
0 0.4679687569732778 0.7270833712536842 0.1671875024912879 0.1625000024214387
0 0.6484375096624717 0.10937500570435077 0.21250000316649675 0.16093750239815563
0 0.8757812630501576 0.8510417110519484 0.17343750258442014 0.14531250216532499
0 0.13281250197906047 0.1677083420800045 0.13750000204890966 0.21406250318977982
0 0.5929687588359229 0.34375001792795956 0.19218750286381692 0.15000000223517418
0 0.1382812520605512 0.5885416973615065 0.18281250272411853 0.14531250216532499
0 0.21562500321306288 0.7645833732094616 0.16875000251457095 0.14375000214204192
1 0.08515625126892701 0.4260416888864711 0.08281250123400241 0.06718750100117177
1 0.3203125047730282 0.48645835870411247 0.40937500610016286 0.39218750584404916
0 0.8960937633528374 0.4520833569113165 0.13906250207219273 0.13437500200234354
0 0.6218750092666596 0.7260417045326903 0.15937500237487257 0.18281250272411853
0 0.08125000121071935 0.8166667092591524 0.15000000223517418 0.1406250020954758
0 0.7023437604657374 0.9281250484054908 0.20781250309664756 0.10156250151339918
0 0.48906250728759915 0.9072917139856145 0.1843750027474016 0.13906250207219273
0 0.4679687569732778 0.7270833712536842 0.1671875024912879 0.1625000024214387
0 0.6484375096624717 0.10937500570435077 0.21250000316649675 0.16093750239815563
0 0.8757812630501576 0.8510417110519484 0.17343750258442014 0.14531250216532499
0 0.13281250197906047 0.1677083420800045 0.13750000204890966 0.21406250318977982
0 0.5929687588359229 0.34375001792795956 0.19218750286381692 0.15000000223517418
0 0.1382812520605512 0.5885416973615065 0.18281250272411853 0.14531250216532499
0 0.21562500321306288 0.7645833732094616 0.16875000251457095 0.14375000214204192
1 0.08515625126892701 0.4260416888864711 0.08281250123400241 0.06718750100117177
1 0.3203125047730282 0.48645835870411247 0.40937500610016286 0.39218750584404916
0 0.8960937633528374 0.4520833569113165 0.13906250207219273 0.13437500200234354
0 0.6218750092666596 0.7260417045326903 0.15937500237487257 0.18281250272411853
0 0.08125000121071935 0.8166667092591524 0.15000000223517418 0.1406250020954758
0 0.7023437604657374 0.9281250484054908 0.20781250309664756 0.10156250151339918
0 0.48906250728759915 0.9072917139856145 0.1843750027474016 0.13906250207219273
0 0.4679687569732778 0.7270833712536842 0.1671875024912879 0.1625000024214387
0 0.6484375096624717 0.10937500570435077 0.21250000316649675 0.16093750239815563
0 0.8757812630501576 0.8510417110519484 0.17343750258442014 0.14531250216532499
0 0.13281250197906047 0.1677083420800045 0.13750000204890966 0.21406250318977982
0 0.5929687588359229 0.34375001792795956 0.19218750286381692 0.15000000223517418
0 0.1382812520605512 0.5885416973615065 0.18281250272411853 0.14531250216532499
0 0.21562500321306288 0.7645833732094616 0.16875000251457095 0.14375000214204192
1 0.08515625126892701 0.4260416888864711 0.08281250123400241 0.06718750100117177
1 0.3203125047730282 0.48645835870411247 0.40937500610016286 0.39218750584404916
0 0.8960937633528374 0.4520833569113165 0.13906250207219273 0.13437500200234354
0 0.6218750092666596 0.7260417045326903 0.15937500237487257 0.18281250272411853
0 0.08125000121071935 0.8166667092591524 0.15000000223517418 0.1406250020954758
0 0.7023437604657374 0.9281250484054908 0.20781250309664756 0.10156250151339918
0 0.48906250728759915 0.9072917139856145 0.1843750027474016 0.13906250207219273
0 0.4679687569732778 0.7270833712536842 0.1671875024912879 0.1625000024214387
0 0.6484375096624717 0.10937500570435077 0.21250000316649675 0.16093750239815563
0 0.8757812630501576 0.8510417110519484 0.17343750258442014 0.14531250216532499
0 0.13281250197906047 0.1677083420800045 0.13750000204890966 0.21406250318977982
0 0.5929687588359229 0.34375001792795956 0.19218750286381692 0.15000000223517418
0 0.1382812520605512 0.5885416973615065 0.18281250272411853 0.14531250216532499
0 0.21562500321306288 0.7645833732094616 0.16875000251457095 0.14375000214204192
2 0.08515625126892701 0.4260416888864711 0.08281250123400241 0.06718750100117177
1 0.3203125047730282 0.48645835870411247 0.40937500610016286 0.39218750584404916
0 0.8960937633528374 0.4520833569113165 0.13906250207219273 0.13437500200234354
0 0.6218750092666596 0.7260417045326903 0.15937500237487257 0.18281250272411853
0 0.08125000121071935 0.8166667092591524 0.15000000223517418 0.1406250020954758
0 0.7023437604657374 0.9281250484054908 0.20781250309664756 0.10156250151339918
0 0.48906250728759915 0.9072917139856145 0.1843750027474016 0.13906250207219273
0 0.4679687569732778 0.7270833712536842 0.1671875024912879 0.1625000024214387
0 0.6484375096624717 0.10937500570435077 0.21250000316649675 0.16093750239815563
0 0.8757812630501576 0.8510417110519484 0.17343750258442014 0.14531250216532499
0 0.13281250197906047 0.1677083420800045 0.13750000204890966 0.21406250318977982
0 0.5929687588359229 0.34375001792795956 0.19218750286381692 0.15000000223517418
0 0.1382812520605512 0.5885416973615065 0.18281250272411853 0.14531250216532499
0 0.21562500321306288 0.7645833732094616 0.16875000251457095 0.14375000214204192
2 0.08515625126892701 0.4260416888864711 0.08281250123400241 0.06718750100117177
1 0.3203125047730282 0.48645835870411247 0.40937500610016286 0.39218750584404916
0 0.8960937857627869 0.4520833492279053 0.13906250894069672 0.13437500596046448
0 0.621874988079071 0.7260417342185974 0.15937499701976776 0.18281249701976776
0 0.08125000447034836 0.8166667222976685 0.15000000596046448 0.140625
0 0.702343761920929 0.9281250238418579 0.20781250298023224 0.1015625
0 0.48906251788139343 0.9072917103767395 0.18437500298023224 0.13906250894069672
0 0.46796876192092896 0.7270833849906921 0.16718749701976776 0.16250000894069672
0 0.6484375 0.1093750074505806 0.21250000596046448 0.16093750298023224
0 0.875781238079071 0.8510417342185974 0.17343750596046448 0.14531250298023224
0 0.1328125 0.16770833730697632 0.13750000298023224 0.21406249701976776
0 0.592968761920929 0.3437500298023224 0.19218750298023224 0.15000000596046448
0 0.13828125596046448 0.5885416865348816 0.18281249701976776 0.14531250298023224
0 0.21562500298023224 0.7645833492279053 0.16875000298023224 0.14374999701976776
2 0.08515625447034836 0.42604169249534607 0.08281250298023224 0.06718750298023224
1 0.3203125 0.48645836114883423 0.40937501192092896 0.3921875059604645
0 0.8960937857627869 0.4520833492279053 0.13906250894069672 0.13437500596046448
0 0.621874988079071 0.7260417342185974 0.15937499701976776 0.18281249701976776
0 0.08125000447034836 0.8166667222976685 0.15000000596046448 0.140625
0 0.702343761920929 0.9281250238418579 0.20781250298023224 0.1015625
0 0.48906251788139343 0.9072917103767395 0.18437500298023224 0.13906250894069672
0 0.46796876192092896 0.7270833849906921 0.16718749701976776 0.16250000894069672
0 0.6484375 0.1093750074505806 0.21250000596046448 0.16093750298023224
0 0.875781238079071 0.8510417342185974 0.17343750596046448 0.14531250298023224
0 0.1328125 0.16770833730697632 0.13750000298023224 0.21406249701976776
0 0.592968761920929 0.3437500298023224 0.19218750298023224 0.15000000596046448
0 0.13828125596046448 0.5885416865348816 0.18281249701976776 0.14531250298023224
0 0.21562500298023224 0.7645833492279053 0.16875000298023224 0.14374999701976776
2 0.08515625447034836 0.42604169249534607 0.08281250298023224 0.06718750298023224
1 0.3203125 0.48645836114883423 0.40937501192092896 0.3921875059604645
0 0.8960937857627869 0.4520833492279053 0.13906250894069672 0.13437500596046448
0 0.621874988079071 0.7260417342185974 0.15937499701976776 0.18281249701976776
0 0.08125000447034836 0.8166667222976685 0.15000000596046448 0.140625
0 0.702343761920929 0.9281250238418579 0.20781250298023224 0.1015625
0 0.48906251788139343 0.9072917103767395 0.18437500298023224 0.13906250894069672
0 0.46796876192092896 0.7270833849906921 0.16718749701976776 0.16250000894069672
0 0.6484375 0.1093750074505806 0.21250000596046448 0.16093750298023224
0 0.875781238079071 0.8510417342185974 0.17343750596046448 0.14531250298023224
0 0.1328125 0.16770833730697632 0.13750000298023224 0.21406249701976776
0 0.592968761920929 0.3437500298023224 0.19218750298023224 0.15000000596046448
0 0.13828125596046448 0.5885416865348816 0.18281249701976776 0.14531250298023224
0 0.21562500298023224 0.7645833492279053 0.16875000298023224 0.14374999701976776
2 0.08515625447034836 0.42604169249534607 0.08281250298023224 0.06718750298023224
1 0.3203125 0.48645836114883423 0.40937501192092896 0.3921875059604645
0 0.8960937857627869 0.4520833492279053 0.13906250894069672 0.13437500596046448
0 0.621874988079071 0.7260417342185974 0.15937499701976776 0.18281249701976776
0 0.08125000447034836 0.8166667222976685 0.15000000596046448 0.140625
0 0.702343761920929 0.9281250238418579 0.20781250298023224 0.1015625
0 0.48906251788139343 0.9072917103767395 0.18437500298023224 0.13906250894069672
0 0.46796876192092896 0.7270833849906921 0.16718749701976776 0.16250000894069672
0 0.6484375 0.1093750074505806 0.21250000596046448 0.16093750298023224
0 0.875781238079071 0.8510417342185974 0.17343750596046448 0.14531250298023224
0 0.1328125 0.16770833730697632 0.13750000298023224 0.21406249701976776
0 0.592968761920929 0.3437500298023224 0.19218750298023224 0.15000000596046448
0 0.13828125596046448 0.5885416865348816 0.18281249701976776 0.14531250298023224
0 0.21562500298023224 0.7645833492279053 0.16875000298023224 0.14374999701976776
2 0.08515625447034836 0.42604169249534607 0.08281250298023224 0.06718750298023224
1 0.3203125 0.48645836114883423 0.40937501192092896 0.3921875059604645
0 0.8960937857627869 0.4520833492279053 0.13906250894069672 0.13437500596046448
0 0.621874988079071 0.7260417342185974 0.15937499701976776 0.18281249701976776
0 0.08125000447034836 0.8166667222976685 0.15000000596046448 0.140625
0 0.702343761920929 0.9281250238418579 0.20781250298023224 0.1015625
0 0.48906251788139343 0.9072917103767395 0.18437500298023224 0.13906250894069672
0 0.46796876192092896 0.7270833849906921 0.16718749701976776 0.16250000894069672
0 0.6484375 0.1093750074505806 0.21250000596046448 0.16093750298023224
0 0.875781238079071 0.8510417342185974 0.17343750596046448 0.14531250298023224
0 0.1328125 0.16770833730697632 0.13750000298023224 0.21406249701976776
0 0.592968761920929 0.3437500298023224 0.19218750298023224 0.15000000596046448
0 0.13828125596046448 0.5885416865348816 0.18281249701976776 0.14531250298023224
0 0.21562500298023224 0.7645833492279053 0.16875000298023224 0.14374999701976776
2 0.08515625447034836 0.42604169249534607 0.08281250298023224 0.06718750298023224
1 0.3203125 0.48645836114883423 0.40937501192092896 0.3921875059604645
0 0.8960937857627869 0.4520833492279053 0.13906250894069672 0.13437500596046448
0 0.621874988079071 0.7260417342185974 0.15937499701976776 0.18281249701976776
0 0.08125000447034836 0.8166667222976685 0.15000000596046448 0.140625
0 0.702343761920929 0.9281250238418579 0.20781250298023224 0.1015625
0 0.48906251788139343 0.9072917103767395 0.18437500298023224 0.13906250894069672
0 0.46796876192092896 0.7270833849906921 0.16718749701976776 0.16250000894069672
0 0.6484375 0.1093750074505806 0.21250000596046448 0.16093750298023224
0 0.875781238079071 0.8510417342185974 0.17343750596046448 0.14531250298023224
0 0.1328125 0.16770833730697632 0.13750000298023224 0.21406249701976776
0 0.592968761920929 0.3437500298023224 0.19218750298023224 0.15000000596046448
0 0.13828125596046448 0.5885416865348816 0.18281249701976776 0.14531250298023224
0 0.21562500298023224 0.7645833492279053 0.16875000298023224 0.14374999701976776
2 0.08515625447034836 0.42604169249534607 0.08281250298023224 0.06718750298023224
1 0.3203125 0.48645836114883423 0.40937501192092896 0.3921875059604645
0 0.8960937857627869 0.4520833492279053 0.13906250894069672 0.13437500596046448
0 0.621874988079071 0.7260417342185974 0.15937499701976776 0.18281249701976776
0 0.08125000447034836 0.8166667222976685 0.15000000596046448 0.140625
0 0.702343761920929 0.9281250238418579 0.20781250298023224 0.1015625
0 0.48906251788139343 0.9072917103767395 0.18437500298023224 0.13906250894069672
0 0.46796876192092896 0.7270833849906921 0.16718749701976776 0.16250000894069672
0 0.6484375 0.1093750074505806 0.21250000596046448 0.16093750298023224
0 0.875781238079071 0.8510417342185974 0.17343750596046448 0.14531250298023224
0 0.1328125 0.16770833730697632 0.13750000298023224 0.21406249701976776
0 0.592968761920929 0.3437500298023224 0.19218750298023224 0.15000000596046448
0 0.13828125596046448 0.5885416865348816 0.18281249701976776 0.14531250298023224
0 0.21562500298023224 0.7645833492279053 0.16875000298023224 0.14374999701976776
2 0.08515625447034836 0.42604169249534607 0.08281250298023224 0.06718750298023224
1 0.3203125 0.48645836114883423 0.40937501192092896 0.3921875059604645
