0 0.7007812604424544 0.23333334550261497 0.15156250225845724 0.20000000298023224
0 0.8914062632829882 0.5010416927980259 0.1578125023515895 0.16406250244472176
0 0.8179687621886842 0.0927083381684497 0.1671875024912879 0.1359375020256266
0 0.3015625044936314 0.47291669133119285 0.16875000251457095 0.15000000223517418
0 0.3882812557858415 0.8437500440049917 0.17031250253785402 0.17812500265426934
0 0.6171875091968104 0.8500000443309546 0.15937500237487257 0.14375000214204192
0 0.2937500043772161 0.6625000345520675 0.16875000251457095 0.15000000223517418
0 0.2429687536205165 0.8770833790767938 0.17343750258442014 0.18125000270083547
0 0.4804687571595423 0.31875001662410796 0.17343750258442014 0.11562500172294676
0 0.41640625620493665 0.12083333963528275 0.10156250151339918 0.17812500265426934
0 0.8718750129919499 0.2604166802484542 0.14375000214204192 0.1406250020954758
0 0.7804687616298907 0.8312500433530658 0.14843750221189111 0.1531250022817403
0 0.07265625108266249 0.6114583652233705 0.14218750211875886 0.16406250244472176
1 0.4851562572293915 0.5968750311294571 0.33906250505242497 0.3296875049127266
0 0.7007812604424544 0.23333334550261497 0.15156250225845724 0.20000000298023224
0 0.8914062632829882 0.5010416927980259 0.1578125023515895 0.16406250244472176
0 0.8179687621886842 0.0927083381684497 0.1671875024912879 0.1359375020256266
0 0.3015625044936314 0.47291669133119285 0.16875000251457095 0.15000000223517418
0 0.3882812557858415 0.8437500440049917 0.17031250253785402 0.17812500265426934
0 0.6171875091968104 0.8500000443309546 0.15937500237487257 0.14375000214204192
0 0.2937500043772161 0.6625000345520675 0.16875000251457095 0.15000000223517418
0 0.2429687536205165 0.8770833790767938 0.17343750258442014 0.18125000270083547
0 0.4804687571595423 0.31875001662410796 0.17343750258442014 0.11562500172294676
0 0.41640625620493665 0.12083333963528275 0.10156250151339918 0.17812500265426934
0 0.8718750129919499 0.2604166802484542 0.14375000214204192 0.1406250020954758
0 0.7804687616298907 0.8312500433530658 0.14843750221189111 0.1531250022817403
0 0.07265625108266249 0.6114583652233705 0.14218750211875886 0.16406250244472176
1 0.4851562572293915 0.5968750311294571 0.33906250505242497 0.3296875049127266
0 0.7007812604424544 0.23333334550261497 0.15156250225845724 0.20000000298023224
0 0.8914062632829882 0.5010416927980259 0.1578125023515895 0.16406250244472176
0 0.8179687621886842 0.0927083381684497 0.1671875024912879 0.1359375020256266
0 0.3015625044936314 0.47291669133119285 0.16875000251457095 0.15000000223517418
0 0.3882812557858415 0.8437500440049917 0.17031250253785402 0.17812500265426934
0 0.6171875091968104 0.8500000443309546 0.15937500237487257 0.14375000214204192
0 0.2937500043772161 0.6625000345520675 0.16875000251457095 0.15000000223517418
0 0.2429687536205165 0.8770833790767938 0.17343750258442014 0.18125000270083547
0 0.4804687571595423 0.31875001662410796 0.17343750258442014 0.11562500172294676
0 0.41640625620493665 0.12083333963528275 0.10156250151339918 0.17812500265426934
0 0.8718750129919499 0.2604166802484542 0.14375000214204192 0.1406250020954758
0 0.7804687616298907 0.8312500433530658 0.14843750221189111 0.1531250022817403
0 0.07265625108266249 0.6114583652233705 0.14218750211875886 0.16406250244472176
1 0.4851562572293915 0.5968750311294571 0.33906250505242497 0.3296875049127266
0 0.7007812604424544 0.23333334550261497 0.15156250225845724 0.20000000298023224
0 0.8914062632829882 0.5010416927980259 0.1578125023515895 0.16406250244472176
0 0.8179687621886842 0.0927083381684497 0.1671875024912879 0.1359375020256266
0 0.3015625044936314 0.47291669133119285 0.16875000251457095 0.15000000223517418
0 0.3882812557858415 0.8437500440049917 0.17031250253785402 0.17812500265426934
0 0.6171875091968104 0.8500000443309546 0.15937500237487257 0.14375000214204192
0 0.2937500043772161 0.6625000345520675 0.16875000251457095 0.15000000223517418
0 0.2429687536205165 0.8770833790767938 0.17343750258442014 0.18125000270083547
0 0.4804687571595423 0.31875001662410796 0.17343750258442014 0.11562500172294676
0 0.41640625620493665 0.12083333963528275 0.10156250151339918 0.17812500265426934
0 0.8718750129919499 0.2604166802484542 0.14375000214204192 0.1406250020954758
0 0.7804687616298907 0.8312500433530658 0.14843750221189111 0.1531250022817403
0 0.07265625108266249 0.6114583652233705 0.14218750211875886 0.16406250244472176
1 0.4851562572293915 0.5968750311294571 0.33906250505242497 0.3296875049127266
0 0.7007812604424544 0.23333334550261497 0.15156250225845724 0.20000000298023224
0 0.8914062632829882 0.5010416927980259 0.1578125023515895 0.16406250244472176
0 0.8179687621886842 0.0927083381684497 0.1671875024912879 0.1359375020256266
0 0.3015625044936314 0.47291669133119285 0.16875000251457095 0.15000000223517418
0 0.3882812557858415 0.8437500440049917 0.17031250253785402 0.17812500265426934
0 0.6171875091968104 0.8500000443309546 0.15937500237487257 0.14375000214204192
0 0.2937500043772161 0.6625000345520675 0.16875000251457095 0.15000000223517418
0 0.2429687536205165 0.8770833790767938 0.17343750258442014 0.18125000270083547
0 0.4804687571595423 0.31875001662410796 0.17343750258442014 0.11562500172294676
0 0.41640625620493665 0.12083333963528275 0.10156250151339918 0.17812500265426934
0 0.8718750129919499 0.2604166802484542 0.14375000214204192 0.1406250020954758
0 0.7804687616298907 0.8312500433530658 0.14843750221189111 0.1531250022817403
0 0.07265625108266249 0.6114583652233705 0.14218750211875886 0.16406250244472176
1 0.4851562572293915 0.5968750311294571 0.33906250505242497 0.3296875049127266
0 0.7007812604424544 0.23333334550261497 0.15156250225845724 0.20000000298023224
0 0.8914062632829882 0.5010416927980259 0.1578125023515895 0.16406250244472176
0 0.8179687621886842 0.0927083381684497 0.1671875024912879 0.1359375020256266
0 0.3015625044936314 0.47291669133119285 0.16875000251457095 0.15000000223517418
0 0.3882812557858415 0.8437500440049917 0.17031250253785402 0.17812500265426934
0 0.6171875091968104 0.8500000443309546 0.15937500237487257 0.14375000214204192
0 0.2937500043772161 0.6625000345520675 0.16875000251457095 0.15000000223517418
0 0.2429687536205165 0.8770833790767938 0.17343750258442014 0.18125000270083547
0 0.4804687571595423 0.31875001662410796 0.17343750258442014 0.11562500172294676
0 0.41640625620493665 0.12083333963528275 0.10156250151339918 0.17812500265426934
0 0.8718750129919499 0.2604166802484542 0.14375000214204192 0.1406250020954758
0 0.7804687616298907 0.8312500433530658 0.14843750221189111 0.1531250022817403
0 0.07265625108266249 0.6114583652233705 0.14218750211875886 0.16406250244472176
1 0.4851562572293915 0.5968750311294571 0.33906250505242497 0.3296875049127266
0 0.7007812604424544 0.23333334550261497 0.15156250225845724 0.20000000298023224
0 0.8914062632829882 0.5010416927980259 0.1578125023515895 0.16406250244472176
0 0.8179687621886842 0.0927083381684497 0.1671875024912879 0.1359375020256266
0 0.3015625044936314 0.47291669133119285 0.16875000251457095 0.15000000223517418
0 0.3882812557858415 0.8437500440049917 0.17031250253785402 0.17812500265426934
0 0.6171875091968104 0.8500000443309546 0.15937500237487257 0.14375000214204192
0 0.2937500043772161 0.6625000345520675 0.16875000251457095 0.15000000223517418
0 0.2429687536205165 0.8770833790767938 0.17343750258442014 0.18125000270083547
0 0.4804687571595423 0.31875001662410796 0.17343750258442014 0.11562500172294676
0 0.41640625620493665 0.12083333963528275 0.10156250151339918 0.17812500265426934
0 0.8718750129919499 0.2604166802484542 0.14375000214204192 0.1406250020954758
0 0.7804687616298907 0.8312500433530658 0.14843750221189111 0.1531250022817403
0 0.07265625108266249 0.6114583652233705 0.14218750211875886 0.16406250244472176
1 0.4851562572293915 0.5968750311294571 0.33906250505242497 0.3296875049127266
0 0.7007812604424544 0.23333334550261497 0.15156250225845724 0.20000000298023224
0 0.8914062632829882 0.5010416927980259 0.1578125023515895 0.16406250244472176
0 0.8179687621886842 0.0927083381684497 0.1671875024912879 0.1359375020256266
0 0.3015625044936314 0.47291669133119285 0.16875000251457095 0.15000000223517418
0 0.3882812557858415 0.8437500440049917 0.17031250253785402 0.17812500265426934
0 0.6171875091968104 0.8500000443309546 0.15937500237487257 0.14375000214204192
0 0.2937500043772161 0.6625000345520675 0.16875000251457095 0.15000000223517418
0 0.2429687536205165 0.8770833790767938 0.17343750258442014 0.18125000270083547
0 0.4804687571595423 0.31875001662410796 0.17343750258442014 0.11562500172294676
0 0.41640625620493665 0.12083333963528275 0.10156250151339918 0.17812500265426934
0 0.8718750129919499 0.2604166802484542 0.14375000214204192 0.1406250020954758
0 0.7804687616298907 0.8312500433530658 0.14843750221189111 0.1531250022817403
0 0.07265625108266249 0.6114583652233705 0.14218750211875886 0.16406250244472176
1 0.4851562572293915 0.5968750311294571 0.33906250505242497 0.3296875049127266
0 0.7007812604424544 0.23333334550261497 0.15156250225845724 0.20000000298023224
0 0.8914062632829882 0.5010416927980259 0.1578125023515895 0.16406250244472176
0 0.8179687621886842 0.0927083381684497 0.1671875024912879 0.1359375020256266
0 0.3015625044936314 0.47291669133119285 0.16875000251457095 0.15000000223517418
0 0.3882812557858415 0.8437500440049917 0.17031250253785402 0.17812500265426934
0 0.6171875091968104 0.8500000443309546 0.15937500237487257 0.14375000214204192
0 0.2937500043772161 0.6625000345520675 0.16875000251457095 0.15000000223517418
0 0.2429687536205165 0.8770833790767938 0.17343750258442014 0.18125000270083547
0 0.4804687571595423 0.31875001662410796 0.17343750258442014 0.11562500172294676
0 0.41640625620493665 0.12083333963528275 0.10156250151339918 0.17812500265426934
0 0.8718750129919499 0.2604166802484542 0.14375000214204192 0.1406250020954758
0 0.7804687616298907 0.8312500433530658 0.14843750221189111 0.1531250022817403
0 0.07265625108266249 0.6114583652233705 0.14218750211875886 0.16406250244472176
1 0.4851562572293915 0.5968750311294571 0.33906250505242497 0.3296875049127266
0 0.7007812604424544 0.23333334550261497 0.15156250225845724 0.20000000298023224
0 0.8914062632829882 0.5010416927980259 0.1578125023515895 0.16406250244472176
0 0.8179687621886842 0.0927083381684497 0.1671875024912879 0.1359375020256266
0 0.3015625044936314 0.47291669133119285 0.16875000251457095 0.15000000223517418
0 0.3882812557858415 0.8437500440049917 0.17031250253785402 0.17812500265426934
0 0.6171875091968104 0.8500000443309546 0.15937500237487257 0.14375000214204192
0 0.2937500043772161 0.6625000345520675 0.16875000251457095 0.15000000223517418
0 0.2429687536205165 0.8770833790767938 0.17343750258442014 0.18125000270083547
0 0.4804687571595423 0.31875001662410796 0.17343750258442014 0.11562500172294676
0 0.41640625620493665 0.12083333963528275 0.10156250151339918 0.17812500265426934
0 0.8718750129919499 0.2604166802484542 0.14375000214204192 0.1406250020954758
0 0.7804687616298907 0.8312500433530658 0.14843750221189111 0.1531250022817403
0 0.07265625108266249 0.6114583652233705 0.14218750211875886 0.16406250244472176
1 0.4851562572293915 0.5968750311294571 0.33906250505242497 0.3296875049127266
0 0.7007812604424544 0.23333334550261497 0.15156250225845724 0.20000000298023224
0 0.8914062632829882 0.5010416927980259 0.1578125023515895 0.16406250244472176
0 0.8179687621886842 0.0927083381684497 0.1671875024912879 0.1359375020256266
0 0.3015625044936314 0.47291669133119285 0.16875000251457095 0.15000000223517418
0 0.3882812557858415 0.8437500440049917 0.17031250253785402 0.17812500265426934
0 0.6171875091968104 0.8500000443309546 0.15937500237487257 0.14375000214204192
0 0.2937500043772161 0.6625000345520675 0.16875000251457095 0.15000000223517418
0 0.2429687536205165 0.8770833790767938 0.17343750258442014 0.18125000270083547
0 0.4804687571595423 0.31875001662410796 0.17343750258442014 0.11562500172294676
0 0.41640625620493665 0.12083333963528275 0.10156250151339918 0.17812500265426934
0 0.8718750129919499 0.2604166802484542 0.14375000214204192 0.1406250020954758
0 0.7804687616298907 0.8312500433530658 0.14843750221189111 0.1531250022817403
0 0.07265625108266249 0.6114583652233705 0.14218750211875886 0.16406250244472176
1 0.4851562572293915 0.5968750311294571 0.33906250505242497 0.3296875049127266
0 0.7007812604424544 0.23333334550261497 0.15156250225845724 0.20000000298023224
0 0.8914062632829882 0.5010416927980259 0.1578125023515895 0.16406250244472176
0 0.8179687621886842 0.0927083381684497 0.1671875024912879 0.1359375020256266
0 0.3015625044936314 0.47291669133119285 0.16875000251457095 0.15000000223517418
0 0.3882812557858415 0.8437500440049917 0.17031250253785402 0.17812500265426934
0 0.6171875091968104 0.8500000443309546 0.15937500237487257 0.14375000214204192
0 0.2937500043772161 0.6625000345520675 0.16875000251457095 0.15000000223517418
0 0.2429687536205165 0.8770833790767938 0.17343750258442014 0.18125000270083547
0 0.4804687571595423 0.31875001662410796 0.17343750258442014 0.11562500172294676
0 0.41640625620493665 0.12083333963528275 0.10156250151339918 0.17812500265426934
0 0.8718750129919499 0.2604166802484542 0.14375000214204192 0.1406250020954758
0 0.7804687616298907 0.8312500433530658 0.14843750221189111 0.1531250022817403
0 0.07265625108266249 0.6114583652233705 0.14218750211875886 0.16406250244472176
1 0.4851562572293915 0.5968750311294571 0.33906250505242497 0.3296875049127266
0 0.7007812604424544 0.23333334550261497 0.15156250225845724 0.20000000298023224
0 0.8914062632829882 0.5010416927980259 0.1578125023515895 0.16406250244472176
0 0.8179687621886842 0.0927083381684497 0.1671875024912879 0.1359375020256266
0 0.3015625044936314 0.47291669133119285 0.16875000251457095 0.15000000223517418
0 0.3882812557858415 0.8437500440049917 0.17031250253785402 0.17812500265426934
0 0.6171875091968104 0.8500000443309546 0.15937500237487257 0.14375000214204192
0 0.2937500043772161 0.6625000345520675 0.16875000251457095 0.15000000223517418
0 0.2429687536205165 0.8770833790767938 0.17343750258442014 0.18125000270083547
0 0.4804687571595423 0.31875001662410796 0.17343750258442014 0.11562500172294676
0 0.41640625620493665 0.12083333963528275 0.10156250151339918 0.17812500265426934
0 0.8718750129919499 0.2604166802484542 0.14375000214204192 0.1406250020954758
0 0.7804687616298907 0.8312500433530658 0.14843750221189111 0.1531250022817403
0 0.07265625108266249 0.6114583652233705 0.14218750211875886 0.16406250244472176
1 0.4851562572293915 0.5968750311294571 0.33906250505242497 0.3296875049127266
0 0.7007812604424544 0.23333334550261497 0.15156250225845724 0.20000000298023224
0 0.8914062632829882 0.5010416927980259 0.1578125023515895 0.16406250244472176
0 0.8179687621886842 0.0927083381684497 0.1671875024912879 0.1359375020256266
0 0.3015625044936314 0.47291669133119285 0.16875000251457095 0.15000000223517418
0 0.3882812557858415 0.8437500440049917 0.17031250253785402 0.17812500265426934
0 0.6171875091968104 0.8500000443309546 0.15937500237487257 0.14375000214204192
0 0.2937500043772161 0.6625000345520675 0.16875000251457095 0.15000000223517418
0 0.2429687536205165 0.8770833790767938 0.17343750258442014 0.18125000270083547
0 0.4804687571595423 0.31875001662410796 0.17343750258442014 0.11562500172294676
0 0.41640625620493665 0.12083333963528275 0.10156250151339918 0.17812500265426934
0 0.8718750129919499 0.2604166802484542 0.14375000214204192 0.1406250020954758
0 0.7804687616298907 0.8312500433530658 0.14843750221189111 0.1531250022817403
0 0.07265625108266249 0.6114583652233705 0.14218750211875886 0.16406250244472176
1 0.4851562572293915 0.5968750311294571 0.33906250505242497 0.3296875049127266
0 0.7007812604424544 0.23333334550261497 0.15156250225845724 0.20000000298023224
0 0.8914062632829882 0.5010416927980259 0.1578125023515895 0.16406250244472176
0 0.8179687621886842 0.0927083381684497 0.1671875024912879 0.1359375020256266
0 0.3015625044936314 0.47291669133119285 0.16875000251457095 0.15000000223517418
0 0.3882812557858415 0.8437500440049917 0.17031250253785402 0.17812500265426934
0 0.6171875091968104 0.8500000443309546 0.15937500237487257 0.14375000214204192
0 0.2937500043772161 0.6625000345520675 0.16875000251457095 0.15000000223517418
0 0.2429687536205165 0.8770833790767938 0.17343750258442014 0.18125000270083547
0 0.4804687571595423 0.31875001662410796 0.17343750258442014 0.11562500172294676
0 0.41640625620493665 0.12083333963528275 0.10156250151339918 0.17812500265426934
0 0.8718750129919499 0.2604166802484542 0.14375000214204192 0.1406250020954758
0 0.7804687616298907 0.8312500433530658 0.14843750221189111 0.1531250022817403
0 0.07265625108266249 0.6114583652233705 0.14218750211875886 0.16406250244472176
1 0.4851562572293915 0.5968750311294571 0.33906250505242497 0.3296875049127266
0 0.7007812857627869 0.23333334922790527 0.15156249701976776 0.20000000298023224
0 0.891406238079071 0.5010417103767395 0.15781250596046448 0.1640625
0 0.8179687857627869 0.09270834177732468 0.16718749701976776 0.13593749701976776
0 0.30156251788139343 0.47291669249534607 0.16875000298023224 0.15000000596046448
0 0.3882812559604645 0.8437500596046448 0.17031250894069672 0.17812500894069672
0 0.6171875 0.8500000238418579 0.15937499701976776 0.14374999701976776
0 0.29375001788139343 0.6625000238418579 0.16875000298023224 0.15000000596046448
0 0.24296875298023224 0.8770833611488342 0.17343750596046448 0.18125000596046448
0 0.48046875 0.3187500238418579 0.17343750596046448 0.11562500149011612
0 0.4164062440395355 0.12083333730697632 0.1015625 0.17812500894069672
0 0.871874988079071 0.2604166865348816 0.14374999701976776 0.140625
0 0.780468761920929 0.8312500715255737 0.1484375 0.15312500298023224
0 0.07265625149011612 0.6114583611488342 0.14218750596046448 0.1640625
1 0.48515626788139343 0.596875011920929 0.33906251192092896 0.3296875059604645
0 0.7007812857627869 0.23333334922790527 0.15156249701976776 0.20000000298023224
0 0.891406238079071 0.5010417103767395 0.15781250596046448 0.1640625
0 0.8179687857627869 0.09270834177732468 0.16718749701976776 0.13593749701976776
0 0.30156251788139343 0.47291669249534607 0.16875000298023224 0.15000000596046448
0 0.3882812559604645 0.8437500596046448 0.17031250894069672 0.17812500894069672
0 0.6171875 0.8500000238418579 0.15937499701976776 0.14374999701976776
0 0.29375001788139343 0.6625000238418579 0.16875000298023224 0.15000000596046448
0 0.24296875298023224 0.8770833611488342 0.17343750596046448 0.18125000596046448
0 0.48046875 0.3187500238418579 0.17343750596046448 0.11562500149011612
0 0.4164062440395355 0.12083333730697632 0.1015625 0.17812500894069672
0 0.871874988079071 0.2604166865348816 0.14374999701976776 0.140625
0 0.780468761920929 0.8312500715255737 0.1484375 0.15312500298023224
0 0.07265625149011612 0.6114583611488342 0.14218750596046448 0.1640625
1 0.48515626788139343 0.596875011920929 0.33906251192092896 0.3296875059604645
0 0.7007812857627869 0.23333334922790527 0.15156249701976776 0.20000000298023224
0 0.891406238079071 0.5010417103767395 0.15781250596046448 0.1640625
0 0.8179687857627869 0.09270834177732468 0.16718749701976776 0.13593749701976776
0 0.30156251788139343 0.47291669249534607 0.16875000298023224 0.15000000596046448
0 0.3882812559604645 0.8437500596046448 0.17031250894069672 0.17812500894069672
0 0.6171875 0.8500000238418579 0.15937499701976776 0.14374999701976776
0 0.29375001788139343 0.6625000238418579 0.16875000298023224 0.15000000596046448
0 0.24296875298023224 0.8770833611488342 0.17343750596046448 0.18125000596046448
0 0.48046875 0.3187500238418579 0.17343750596046448 0.11562500149011612
0 0.4164062440395355 0.12083333730697632 0.1015625 0.17812500894069672
0 0.871874988079071 0.2604166865348816 0.14374999701976776 0.140625
0 0.780468761920929 0.8312500715255737 0.1484375 0.15312500298023224
0 0.07265625149011612 0.6114583611488342 0.14218750596046448 0.1640625
1 0.48515626788139343 0.596875011920929 0.33906251192092896 0.3296875059604645
0 0.7007812857627869 0.23333334922790527 0.15156249701976776 0.20000000298023224
0 0.891406238079071 0.5010417103767395 0.15781250596046448 0.1640625
0 0.8179687857627869 0.09270834177732468 0.16718749701976776 0.13593749701976776
0 0.30156251788139343 0.47291669249534607 0.16875000298023224 0.15000000596046448
0 0.3882812559604645 0.8437500596046448 0.17031250894069672 0.17812500894069672
0 0.6171875 0.8500000238418579 0.15937499701976776 0.14374999701976776
0 0.29375001788139343 0.6625000238418579 0.16875000298023224 0.15000000596046448
0 0.24296875298023224 0.8770833611488342 0.17343750596046448 0.18125000596046448
0 0.48046875 0.3187500238418579 0.17343750596046448 0.11562500149011612
0 0.4164062440395355 0.12083333730697632 0.1015625 0.17812500894069672
0 0.871874988079071 0.2604166865348816 0.14374999701976776 0.140625
0 0.780468761920929 0.8312500715255737 0.1484375 0.15312500298023224
0 0.07265625149011612 0.6114583611488342 0.14218750596046448 0.1640625
1 0.48515626788139343 0.596875011920929 0.33906251192092896 0.3296875059604645
0 0.7007812857627869 0.23333334922790527 0.15156249701976776 0.20000000298023224
0 0.891406238079071 0.5010417103767395 0.15781250596046448 0.1640625
0 0.8179687857627869 0.09270834177732468 0.16718749701976776 0.13593749701976776
0 0.30156251788139343 0.47291669249534607 0.16875000298023224 0.15000000596046448
0 0.3882812559604645 0.8437500596046448 0.17031250894069672 0.17812500894069672
0 0.6171875 0.8500000238418579 0.15937499701976776 0.14374999701976776
0 0.29375001788139343 0.6625000238418579 0.16875000298023224 0.15000000596046448
0 0.24296875298023224 0.8770833611488342 0.17343750596046448 0.18125000596046448
0 0.48046875 0.3187500238418579 0.17343750596046448 0.11562500149011612
0 0.4164062440395355 0.12083333730697632 0.1015625 0.17812500894069672
0 0.871874988079071 0.2604166865348816 0.14374999701976776 0.140625
0 0.780468761920929 0.8312500715255737 0.1484375 0.15312500298023224
0 0.07265625149011612 0.6114583611488342 0.14218750596046448 0.1640625
1 0.48515626788139343 0.596875011920929 0.33906251192092896 0.3296875059604645
0 0.7007812857627869 0.23333334922790527 0.15156249701976776 0.20000000298023224
0 0.891406238079071 0.5010417103767395 0.15781250596046448 0.1640625
0 0.8179687857627869 0.09270834177732468 0.16718749701976776 0.13593749701976776
0 0.30156251788139343 0.47291669249534607 0.16875000298023224 0.15000000596046448
0 0.3882812559604645 0.8437500596046448 0.17031250894069672 0.17812500894069672
0 0.6171875 0.8500000238418579 0.15937499701976776 0.14374999701976776
0 0.29375001788139343 0.6625000238418579 0.16875000298023224 0.15000000596046448
0 0.24296875298023224 0.8770833611488342 0.17343750596046448 0.18125000596046448
0 0.48046875 0.3187500238418579 0.17343750596046448 0.11562500149011612
0 0.4164062440395355 0.12083333730697632 0.1015625 0.17812500894069672
0 0.871874988079071 0.2604166865348816 0.14374999701976776 0.140625
0 0.780468761920929 0.8312500715255737 0.1484375 0.15312500298023224
0 0.07265625149011612 0.6114583611488342 0.14218750596046448 0.1640625
1 0.48515626788139343 0.596875011920929 0.33906251192092896 0.3296875059604645
0 0.7007812857627869 0.23333334922790527 0.15156249701976776 0.20000000298023224
0 0.891406238079071 0.5010417103767395 0.15781250596046448 0.1640625
0 0.8179687857627869 0.09270834177732468 0.16718749701976776 0.13593749701976776
0 0.30156251788139343 0.47291669249534607 0.16875000298023224 0.15000000596046448
0 0.3882812559604645 0.8437500596046448 0.17031250894069672 0.17812500894069672
0 0.6171875 0.8500000238418579 0.15937499701976776 0.14374999701976776
0 0.29375001788139343 0.6625000238418579 0.16875000298023224 0.15000000596046448
0 0.24296875298023224 0.8770833611488342 0.17343750596046448 0.18125000596046448
0 0.48046875 0.3187500238418579 0.17343750596046448 0.11562500149011612
0 0.4164062440395355 0.12083333730697632 0.1015625 0.17812500894069672
0 0.871874988079071 0.2604166865348816 0.14374999701976776 0.140625
0 0.780468761920929 0.8312500715255737 0.1484375 0.15312500298023224
0 0.07265625149011612 0.6114583611488342 0.14218750596046448 0.1640625
1 0.48515626788139343 0.596875011920929 0.33906251192092896 0.3296875059604645
