0 0.8359375124564394 0.35520835185889155 0.19062500284053385 0.1890625028172508
0 0.7546875112457201 0.6677083681570366 0.16875000251457095 0.19218750286381692
0 0.2617187538999133 0.4020833543036133 0.14531250216532499 0.1625000024214387
0 0.5335937579511665 0.1604166750330478 0.14531250216532499 0.1625000024214387
0 0.8148437621421181 0.10729167226236314 0.1578125023515895 0.1578125023515895
0 0.07968750118743628 0.7000000365078449 0.15625000232830644 0.15937500237487257
0 0.33359375497093424 0.5979166978504509 0.1578125023515895 0.15937500237487257
0 0.24609375366708264 0.7541667059995234 0.17656250263098627 0.1531250022817403
0 0.42109375627478585 0.7708333735354245 0.17656250263098627 0.1531250022817403
0 0.9242187637719326 0.7000000365078449 0.15156250225845724 0.15625000232830644
0 0.6976562603958882 0.22708334517665207 0.15156250225845724 0.15625000232830644
0 0.23750000353902578 0.8833333794027567 0.14375000214204192 0.11562500172294676
0 0.10234375152504072 0.14583334093913436 0.19843750295694917 0.15625000232830644
0 0.38750000577419996 0.34270835120696574 0.1093750016298145 0.20781250309664756
0 0.6218750092666596 0.8510417110519484 0.15937500237487257 0.16093750239815563
0 0.10468750155996531 0.4697916911682114 0.15937500237487257 0.16093750239815563
0 0.9210937637253664 0.9187500479165465 0.1578125023515895 0.12187500181607902
1 0.7257812608149834 0.9427083824994043 0.08593750128056854 0.08281250123400241
1 0.49921875743893906 0.8572917113779113 0.05468750081490725 0.03593750053551048
1 0.5562500082887709 0.5135416934499517 0.3781250056345016 0.33906250505242497
0 0.8359375124564394 0.35520835185889155 0.19062500284053385 0.1890625028172508
0 0.7546875112457201 0.6677083681570366 0.16875000251457095 0.19218750286381692
0 0.2617187538999133 0.4020833543036133 0.14531250216532499 0.1625000024214387
0 0.5335937579511665 0.1604166750330478 0.14531250216532499 0.1625000024214387
0 0.8148437621421181 0.10729167226236314 0.1578125023515895 0.1578125023515895
0 0.07968750118743628 0.7000000365078449 0.15625000232830644 0.15937500237487257
0 0.33359375497093424 0.5979166978504509 0.1578125023515895 0.15937500237487257
0 0.24609375366708264 0.7541667059995234 0.17656250263098627 0.1531250022817403
0 0.42109375627478585 0.7708333735354245 0.17656250263098627 0.1531250022817403
0 0.9242187637719326 0.7000000365078449 0.15156250225845724 0.15625000232830644
0 0.6976562603958882 0.22708334517665207 0.15156250225845724 0.15625000232830644
0 0.23750000353902578 0.8833333794027567 0.14375000214204192 0.11562500172294676
0 0.10234375152504072 0.14583334093913436 0.19843750295694917 0.15625000232830644
0 0.38750000577419996 0.34270835120696574 0.1093750016298145 0.20781250309664756
0 0.6218750092666596 0.8510417110519484 0.15937500237487257 0.16093750239815563
0 0.10468750155996531 0.4697916911682114 0.15937500237487257 0.16093750239815563
0 0.9210937637253664 0.9187500479165465 0.1578125023515895 0.12187500181607902
1 0.7257812608149834 0.9427083824994043 0.08593750128056854 0.08281250123400241
1 0.49921875743893906 0.8572917113779113 0.05468750081490725 0.03593750053551048
1 0.5562500082887709 0.5135416934499517 0.3781250056345016 0.33906250505242497
0 0.8359375124564394 0.35520835185889155 0.19062500284053385 0.1890625028172508
0 0.7546875112457201 0.6677083681570366 0.16875000251457095 0.19218750286381692
0 0.2617187538999133 0.4020833543036133 0.14531250216532499 0.1625000024214387
0 0.5335937579511665 0.1604166750330478 0.14531250216532499 0.1625000024214387
0 0.8148437621421181 0.10729167226236314 0.1578125023515895 0.1578125023515895
0 0.07968750118743628 0.7000000365078449 0.15625000232830644 0.15937500237487257
0 0.33359375497093424 0.5979166978504509 0.1578125023515895 0.15937500237487257
0 0.24609375366708264 0.7541667059995234 0.17656250263098627 0.1531250022817403
0 0.42109375627478585 0.7708333735354245 0.17656250263098627 0.1531250022817403
0 0.9242187637719326 0.7000000365078449 0.15156250225845724 0.15625000232830644
0 0.6976562603958882 0.22708334517665207 0.15156250225845724 0.15625000232830644
0 0.23750000353902578 0.8833333794027567 0.14375000214204192 0.11562500172294676
0 0.10234375152504072 0.14583334093913436 0.19843750295694917 0.15625000232830644
0 0.38750000577419996 0.34270835120696574 0.1093750016298145 0.20781250309664756
0 0.6218750092666596 0.8510417110519484 0.15937500237487257 0.16093750239815563
0 0.10468750155996531 0.4697916911682114 0.15937500237487257 0.16093750239815563
0 0.9210937637253664 0.9187500479165465 0.1578125023515895 0.12187500181607902
1 0.7257812608149834 0.9427083824994043 0.08593750128056854 0.08281250123400241
1 0.49921875743893906 0.8572917113779113 0.05468750081490725 0.03593750053551048
1 0.5562500082887709 0.5135416934499517 0.3781250056345016 0.33906250505242497
0 0.8359375124564394 0.35520835185889155 0.19062500284053385 0.1890625028172508
0 0.7546875112457201 0.6677083681570366 0.16875000251457095 0.19218750286381692
0 0.2617187538999133 0.4020833543036133 0.14531250216532499 0.1625000024214387
0 0.5335937579511665 0.1604166750330478 0.14531250216532499 0.1625000024214387
0 0.8148437621421181 0.10729167226236314 0.1578125023515895 0.1578125023515895
0 0.07968750118743628 0.7000000365078449 0.15625000232830644 0.15937500237487257
0 0.33359375497093424 0.5979166978504509 0.1578125023515895 0.15937500237487257
0 0.24609375366708264 0.7541667059995234 0.17656250263098627 0.1531250022817403
0 0.42109375627478585 0.7708333735354245 0.17656250263098627 0.1531250022817403
0 0.9242187637719326 0.7000000365078449 0.15156250225845724 0.15625000232830644
0 0.6976562603958882 0.22708334517665207 0.15156250225845724 0.15625000232830644
0 0.23750000353902578 0.8833333794027567 0.14375000214204192 0.11562500172294676
0 0.10234375152504072 0.14583334093913436 0.19843750295694917 0.15625000232830644
0 0.38750000577419996 0.34270835120696574 0.1093750016298145 0.20781250309664756
0 0.6218750092666596 0.8510417110519484 0.15937500237487257 0.16093750239815563
0 0.10468750155996531 0.4697916911682114 0.15937500237487257 0.16093750239815563
0 0.9210937637253664 0.9187500479165465 0.1578125023515895 0.12187500181607902
1 0.7257812608149834 0.9427083824994043 0.08593750128056854 0.08281250123400241
1 0.49921875743893906 0.8572917113779113 0.05468750081490725 0.03593750053551048
1 0.5562500082887709 0.5135416934499517 0.3781250056345016 0.33906250505242497
0 0.8359375124564394 0.35520835185889155 0.19062500284053385 0.1890625028172508
0 0.7546875112457201 0.6677083681570366 0.16875000251457095 0.19218750286381692
0 0.2617187538999133 0.4020833543036133 0.14531250216532499 0.1625000024214387
0 0.5335937579511665 0.1604166750330478 0.14531250216532499 0.1625000024214387
0 0.8148437621421181 0.10729167226236314 0.1578125023515895 0.1578125023515895
0 0.07968750118743628 0.7000000365078449 0.15625000232830644 0.15937500237487257
0 0.33359375497093424 0.5979166978504509 0.1578125023515895 0.15937500237487257
0 0.24609375366708264 0.7541667059995234 0.17656250263098627 0.1531250022817403
0 0.42109375627478585 0.7708333735354245 0.17656250263098627 0.1531250022817403
0 0.9242187637719326 0.7000000365078449 0.15156250225845724 0.15625000232830644
0 0.6976562603958882 0.22708334517665207 0.15156250225845724 0.15625000232830644
0 0.23750000353902578 0.8833333794027567 0.14375000214204192 0.11562500172294676
0 0.10234375152504072 0.14583334093913436 0.19843750295694917 0.15625000232830644
0 0.38750000577419996 0.34270835120696574 0.1093750016298145 0.20781250309664756
0 0.6218750092666596 0.8510417110519484 0.15937500237487257 0.16093750239815563
0 0.10468750155996531 0.4697916911682114 0.15937500237487257 0.16093750239815563
0 0.9210937637253664 0.9187500479165465 0.1578125023515895 0.12187500181607902
1 0.7257812608149834 0.9427083824994043 0.08593750128056854 0.08281250123400241
1 0.49921875743893906 0.8572917113779113 0.05468750081490725 0.03593750053551048
1 0.5562500082887709 0.5135416934499517 0.3781250056345016 0.33906250505242497
0 0.8359375124564394 0.35520835185889155 0.19062500284053385 0.1890625028172508
0 0.7546875112457201 0.6677083681570366 0.16875000251457095 0.19218750286381692
0 0.2617187538999133 0.4020833543036133 0.14531250216532499 0.1625000024214387
0 0.5335937579511665 0.1604166750330478 0.14531250216532499 0.1625000024214387
0 0.8148437621421181 0.10729167226236314 0.1578125023515895 0.1578125023515895
0 0.07968750118743628 0.7000000365078449 0.15625000232830644 0.15937500237487257
0 0.33359375497093424 0.5979166978504509 0.1578125023515895 0.15937500237487257
0 0.24609375366708264 0.7541667059995234 0.17656250263098627 0.1531250022817403
0 0.42109375627478585 0.7708333735354245 0.17656250263098627 0.1531250022817403
0 0.9242187637719326 0.7000000365078449 0.15156250225845724 0.15625000232830644
0 0.6976562603958882 0.22708334517665207 0.15156250225845724 0.15625000232830644
0 0.23750000353902578 0.8833333794027567 0.14375000214204192 0.11562500172294676
0 0.10234375152504072 0.14583334093913436 0.19843750295694917 0.15625000232830644
0 0.38750000577419996 0.34270835120696574 0.1093750016298145 0.20781250309664756
0 0.6218750092666596 0.8510417110519484 0.15937500237487257 0.16093750239815563
0 0.10468750155996531 0.4697916911682114 0.15937500237487257 0.16093750239815563
0 0.9210937637253664 0.9187500479165465 0.1578125023515895 0.12187500181607902
1 0.7257812608149834 0.9427083824994043 0.08593750128056854 0.08281250123400241
1 0.49921875743893906 0.8572917113779113 0.05468750081490725 0.03593750053551048
1 0.5562500082887709 0.5135416934499517 0.3781250056345016 0.33906250505242497
0 0.8359375124564394 0.35520835185889155 0.19062500284053385 0.1890625028172508
0 0.7546875112457201 0.6677083681570366 0.16875000251457095 0.19218750286381692
0 0.2617187538999133 0.4020833543036133 0.14531250216532499 0.1625000024214387
0 0.5335937579511665 0.1604166750330478 0.14531250216532499 0.1625000024214387
0 0.8148437621421181 0.10729167226236314 0.1578125023515895 0.1578125023515895
0 0.07968750118743628 0.7000000365078449 0.15625000232830644 0.15937500237487257
0 0.33359375497093424 0.5979166978504509 0.1578125023515895 0.15937500237487257
0 0.24609375366708264 0.7541667059995234 0.17656250263098627 0.1531250022817403
0 0.42109375627478585 0.7708333735354245 0.17656250263098627 0.1531250022817403
0 0.9242187637719326 0.7000000365078449 0.15156250225845724 0.15625000232830644
0 0.6976562603958882 0.22708334517665207 0.15156250225845724 0.15625000232830644
0 0.23750000353902578 0.8833333794027567 0.14375000214204192 0.11562500172294676
0 0.10234375152504072 0.14583334093913436 0.19843750295694917 0.15625000232830644
0 0.38750000577419996 0.34270835120696574 0.1093750016298145 0.20781250309664756
0 0.6218750092666596 0.8510417110519484 0.15937500237487257 0.16093750239815563
0 0.10468750155996531 0.4697916911682114 0.15937500237487257 0.16093750239815563
0 0.9210937637253664 0.9187500479165465 0.1578125023515895 0.12187500181607902
1 0.7257812608149834 0.9427083824994043 0.08593750128056854 0.08281250123400241
1 0.49921875743893906 0.8572917113779113 0.05468750081490725 0.03593750053551048
1 0.5562500082887709 0.5135416934499517 0.3781250056345016 0.33906250505242497
0 0.8359375124564394 0.35520835185889155 0.19062500284053385 0.1890625028172508
0 0.7546875112457201 0.6677083681570366 0.16875000251457095 0.19218750286381692
0 0.2617187538999133 0.4020833543036133 0.14531250216532499 0.1625000024214387
0 0.5335937579511665 0.1604166750330478 0.14531250216532499 0.1625000024214387
0 0.8148437621421181 0.10729167226236314 0.1578125023515895 0.1578125023515895
0 0.07968750118743628 0.7000000365078449 0.15625000232830644 0.15937500237487257
0 0.33359375497093424 0.5979166978504509 0.1578125023515895 0.15937500237487257
0 0.24609375366708264 0.7541667059995234 0.17656250263098627 0.1531250022817403
0 0.42109375627478585 0.7708333735354245 0.17656250263098627 0.1531250022817403
0 0.9242187637719326 0.7000000365078449 0.15156250225845724 0.15625000232830644
0 0.6976562603958882 0.22708334517665207 0.15156250225845724 0.15625000232830644
0 0.23750000353902578 0.8833333794027567 0.14375000214204192 0.11562500172294676
0 0.10234375152504072 0.14583334093913436 0.19843750295694917 0.15625000232830644
0 0.38750000577419996 0.34270835120696574 0.1093750016298145 0.20781250309664756
0 0.6218750092666596 0.8510417110519484 0.15937500237487257 0.16093750239815563
0 0.10468750155996531 0.4697916911682114 0.15937500237487257 0.16093750239815563
0 0.9210937637253664 0.9187500479165465 0.1578125023515895 0.12187500181607902
1 0.7257812608149834 0.9427083824994043 0.08593750128056854 0.08281250123400241
1 0.49921875743893906 0.8572917113779113 0.05468750081490725 0.03593750053551048
1 0.5562500082887709 0.5135416934499517 0.3781250056345016 0.33906250505242497
0 0.8359375124564394 0.35520835185889155 0.19062500284053385 0.1890625028172508
0 0.7546875112457201 0.6677083681570366 0.16875000251457095 0.19218750286381692
0 0.2617187538999133 0.4020833543036133 0.14531250216532499 0.1625000024214387
0 0.5335937579511665 0.1604166750330478 0.14531250216532499 0.1625000024214387
0 0.8148437621421181 0.10729167226236314 0.1578125023515895 0.1578125023515895
0 0.07968750118743628 0.7000000365078449 0.15625000232830644 0.15937500237487257
0 0.33359375497093424 0.5979166978504509 0.1578125023515895 0.15937500237487257
0 0.24609375366708264 0.7541667059995234 0.17656250263098627 0.1531250022817403
0 0.42109375627478585 0.7708333735354245 0.17656250263098627 0.1531250022817403
0 0.9242187637719326 0.7000000365078449 0.15156250225845724 0.15625000232830644
0 0.6976562603958882 0.22708334517665207 0.15156250225845724 0.15625000232830644
0 0.23750000353902578 0.8833333794027567 0.14375000214204192 0.11562500172294676
0 0.10234375152504072 0.14583334093913436 0.19843750295694917 0.15625000232830644
0 0.38750000577419996 0.34270835120696574 0.1093750016298145 0.20781250309664756
0 0.6218750092666596 0.8510417110519484 0.15937500237487257 0.16093750239815563
0 0.10468750155996531 0.4697916911682114 0.15937500237487257 0.16093750239815563
0 0.9210937637253664 0.9187500479165465 0.1578125023515895 0.12187500181607902
1 0.7257812608149834 0.9427083824994043 0.08593750128056854 0.08281250123400241
1 0.49921875743893906 0.8572917113779113 0.05468750081490725 0.03593750053551048
1 0.5562500082887709 0.5135416934499517 0.3781250056345016 0.33906250505242497
0 0.8359375124564394 0.35520835185889155 0.19062500284053385 0.1890625028172508
0 0.7546875112457201 0.6677083681570366 0.16875000251457095 0.19218750286381692
0 0.2617187538999133 0.4020833543036133 0.14531250216532499 0.1625000024214387
0 0.5335937579511665 0.1604166750330478 0.14531250216532499 0.1625000024214387
0 0.8148437621421181 0.10729167226236314 0.1578125023515895 0.1578125023515895
0 0.07968750118743628 0.7000000365078449 0.15625000232830644 0.15937500237487257
0 0.33359375497093424 0.5979166978504509 0.1578125023515895 0.15937500237487257
0 0.24609375366708264 0.7541667059995234 0.17656250263098627 0.1531250022817403
0 0.42109375627478585 0.7708333735354245 0.17656250263098627 0.1531250022817403
0 0.9242187637719326 0.7000000365078449 0.15156250225845724 0.15625000232830644
0 0.6976562603958882 0.22708334517665207 0.15156250225845724 0.15625000232830644
0 0.23750000353902578 0.8833333794027567 0.14375000214204192 0.11562500172294676
0 0.10234375152504072 0.14583334093913436 0.19843750295694917 0.15625000232830644
0 0.38750000577419996 0.34270835120696574 0.1093750016298145 0.20781250309664756
0 0.6218750092666596 0.8510417110519484 0.15937500237487257 0.16093750239815563
0 0.10468750155996531 0.4697916911682114 0.15937500237487257 0.16093750239815563
0 0.9210937637253664 0.9187500479165465 0.1578125023515895 0.12187500181607902
1 0.7257812608149834 0.9427083824994043 0.08593750128056854 0.08281250123400241
1 0.49921875743893906 0.8572917113779113 0.05468750081490725 0.03593750053551048
1 0.5562500082887709 0.5135416934499517 0.3781250056345016 0.33906250505242497
0 0.8359375124564394 0.35520835185889155 0.19062500284053385 0.1890625028172508
0 0.7546875112457201 0.6677083681570366 0.16875000251457095 0.19218750286381692
0 0.2617187538999133 0.4020833543036133 0.14531250216532499 0.1625000024214387
0 0.5335937579511665 0.1604166750330478 0.14531250216532499 0.1625000024214387
0 0.8148437621421181 0.10729167226236314 0.1578125023515895 0.1578125023515895
0 0.07968750118743628 0.7000000365078449 0.15625000232830644 0.15937500237487257
0 0.33359375497093424 0.5979166978504509 0.1578125023515895 0.15937500237487257
0 0.24609375366708264 0.7541667059995234 0.17656250263098627 0.1531250022817403
0 0.42109375627478585 0.7708333735354245 0.17656250263098627 0.1531250022817403
0 0.9242187637719326 0.7000000365078449 0.15156250225845724 0.15625000232830644
0 0.6976562603958882 0.22708334517665207 0.15156250225845724 0.15625000232830644
0 0.23750000353902578 0.8833333794027567 0.14375000214204192 0.11562500172294676
0 0.10234375152504072 0.14583334093913436 0.19843750295694917 0.15625000232830644
0 0.38750000577419996 0.34270835120696574 0.1093750016298145 0.20781250309664756
0 0.6218750092666596 0.8510417110519484 0.15937500237487257 0.16093750239815563
0 0.10468750155996531 0.4697916911682114 0.15937500237487257 0.16093750239815563
0 0.9210937637253664 0.9187500479165465 0.1578125023515895 0.12187500181607902
1 0.7257812608149834 0.9427083824994043 0.08593750128056854 0.08281250123400241
1 0.49921875743893906 0.8572917113779113 0.05468750081490725 0.03593750053551048
1 0.5562500082887709 0.5135416934499517 0.3781250056345016 0.33906250505242497
0 0.8359375124564394 0.35520835185889155 0.19062500284053385 0.1890625028172508
0 0.7546875112457201 0.6677083681570366 0.16875000251457095 0.19218750286381692
0 0.2617187538999133 0.4020833543036133 0.14531250216532499 0.1625000024214387
0 0.5335937579511665 0.1604166750330478 0.14531250216532499 0.1625000024214387
0 0.8148437621421181 0.10729167226236314 0.1578125023515895 0.1578125023515895
0 0.07968750118743628 0.7000000365078449 0.15625000232830644 0.15937500237487257
0 0.33359375497093424 0.5979166978504509 0.1578125023515895 0.15937500237487257
0 0.24609375366708264 0.7541667059995234 0.17656250263098627 0.1531250022817403
0 0.42109375627478585 0.7708333735354245 0.17656250263098627 0.1531250022817403
0 0.9242187637719326 0.7000000365078449 0.15156250225845724 0.15625000232830644
0 0.6976562603958882 0.22708334517665207 0.15156250225845724 0.15625000232830644
0 0.23750000353902578 0.8833333794027567 0.14375000214204192 0.11562500172294676
0 0.10234375152504072 0.14583334093913436 0.19843750295694917 0.15625000232830644
0 0.38750000577419996 0.34270835120696574 0.1093750016298145 0.20781250309664756
0 0.6218750092666596 0.8510417110519484 0.15937500237487257 0.16093750239815563
0 0.10468750155996531 0.4697916911682114 0.15937500237487257 0.16093750239815563
0 0.9210937637253664 0.9187500479165465 0.1578125023515895 0.12187500181607902
1 0.7257812608149834 0.9427083824994043 0.08593750128056854 0.08281250123400241
1 0.49921875743893906 0.8572917113779113 0.05468750081490725 0.03593750053551048
1 0.5562500082887709 0.5135416934499517 0.3781250056345016 0.33906250505242497
0 0.8359375124564394 0.35520835185889155 0.19062500284053385 0.1890625028172508
0 0.7546875112457201 0.6677083681570366 0.16875000251457095 0.19218750286381692
0 0.2617187538999133 0.4020833543036133 0.14531250216532499 0.1625000024214387
0 0.5335937579511665 0.1604166750330478 0.14531250216532499 0.1625000024214387
0 0.8148437621421181 0.10729167226236314 0.1578125023515895 0.1578125023515895
0 0.07968750118743628 0.7000000365078449 0.15625000232830644 0.15937500237487257
0 0.33359375497093424 0.5979166978504509 0.1578125023515895 0.15937500237487257
0 0.24609375366708264 0.7541667059995234 0.17656250263098627 0.1531250022817403
0 0.42109375627478585 0.7708333735354245 0.17656250263098627 0.1531250022817403
0 0.9242187637719326 0.7000000365078449 0.15156250225845724 0.15625000232830644
0 0.6976562603958882 0.22708334517665207 0.15156250225845724 0.15625000232830644
0 0.23750000353902578 0.8833333794027567 0.14375000214204192 0.11562500172294676
0 0.10234375152504072 0.14583334093913436 0.19843750295694917 0.15625000232830644
0 0.38750000577419996 0.34270835120696574 0.1093750016298145 0.20781250309664756
0 0.6218750092666596 0.8510417110519484 0.15937500237487257 0.16093750239815563
0 0.10468750155996531 0.4697916911682114 0.15937500237487257 0.16093750239815563
0 0.9210937637253664 0.9187500479165465 0.1578125023515895 0.12187500181607902
1 0.7257812608149834 0.9427083824994043 0.08593750128056854 0.08281250123400241
1 0.49921875743893906 0.8572917113779113 0.05468750081490725 0.03593750053551048
1 0.5562500082887709 0.5135416934499517 0.3781250056345016 0.33906250505242497
0 0.8359375124564394 0.35520835185889155 0.19062500284053385 0.1890625028172508
0 0.7546875112457201 0.6677083681570366 0.16875000251457095 0.19218750286381692
0 0.2617187538999133 0.4020833543036133 0.14531250216532499 0.1625000024214387
0 0.5335937579511665 0.1604166750330478 0.14531250216532499 0.1625000024214387
0 0.8148437621421181 0.10729167226236314 0.1578125023515895 0.1578125023515895
0 0.07968750118743628 0.7000000365078449 0.15625000232830644 0.15937500237487257
0 0.33359375497093424 0.5979166978504509 0.1578125023515895 0.15937500237487257
0 0.24609375366708264 0.7541667059995234 0.17656250263098627 0.1531250022817403
0 0.42109375627478585 0.7708333735354245 0.17656250263098627 0.1531250022817403
0 0.9242187637719326 0.7000000365078449 0.15156250225845724 0.15625000232830644
0 0.6976562603958882 0.22708334517665207 0.15156250225845724 0.15625000232830644
0 0.23750000353902578 0.8833333794027567 0.14375000214204192 0.11562500172294676
0 0.10234375152504072 0.14583334093913436 0.19843750295694917 0.15625000232830644
0 0.38750000577419996 0.34270835120696574 0.1093750016298145 0.20781250309664756
0 0.6218750092666596 0.8510417110519484 0.15937500237487257 0.16093750239815563
0 0.10468750155996531 0.4697916911682114 0.15937500237487257 0.16093750239815563
0 0.9210937637253664 0.9187500479165465 0.1578125023515895 0.12187500181607902
2 0.7257812608149834 0.9427083824994043 0.08593750128056854 0.08281250123400241
2 0.49921875743893906 0.8572917113779113 0.05468750081490725 0.03593750053551048
1 0.5562500082887709 0.5135416934499517 0.3781250056345016 0.33906250505242497
0 0.8359375124564394 0.35520835185889155 0.19062500284053385 0.1890625028172508
0 0.7546875112457201 0.6677083681570366 0.16875000251457095 0.19218750286381692
0 0.2617187538999133 0.4020833543036133 0.14531250216532499 0.1625000024214387
0 0.5335937579511665 0.1604166750330478 0.14531250216532499 0.1625000024214387
0 0.8148437621421181 0.10729167226236314 0.1578125023515895 0.1578125023515895
0 0.07968750118743628 0.7000000365078449 0.15625000232830644 0.15937500237487257
0 0.33359375497093424 0.5979166978504509 0.1578125023515895 0.15937500237487257
0 0.24609375366708264 0.7541667059995234 0.17656250263098627 0.1531250022817403
0 0.42109375627478585 0.7708333735354245 0.17656250263098627 0.1531250022817403
0 0.9242187637719326 0.7000000365078449 0.15156250225845724 0.15625000232830644
0 0.6976562603958882 0.22708334517665207 0.15156250225845724 0.15625000232830644
0 0.23750000353902578 0.8833333794027567 0.14375000214204192 0.11562500172294676
0 0.10234375152504072 0.14583334093913436 0.19843750295694917 0.15625000232830644
0 0.38750000577419996 0.34270835120696574 0.1093750016298145 0.20781250309664756
0 0.6218750092666596 0.8510417110519484 0.15937500237487257 0.16093750239815563
0 0.10468750155996531 0.4697916911682114 0.15937500237487257 0.16093750239815563
0 0.9210937637253664 0.9187500479165465 0.1578125023515895 0.12187500181607902
2 0.7257812608149834 0.9427083824994043 0.08593750128056854 0.08281250123400241
2 0.49921875743893906 0.8572917113779113 0.05468750081490725 0.03593750053551048
1 0.5562500082887709 0.5135416934499517 0.3781250056345016 0.33906250505242497
0 0.8359375 0.3552083373069763 0.19062499701976776 0.18906250596046448
0 0.754687488079071 0.6677083969116211 0.16875000298023224 0.19218750298023224
0 0.26171875 0.4020833671092987 0.14531250298023224 0.16250000894069672
0 0.5335937738418579 0.16041667759418488 0.14531250298023224 0.16250000894069672
0 0.8148437738418579 0.10729166865348816 0.15781250596046448 0.15781250596046448
0 0.07968749850988388 0.7000000476837158 0.15625 0.15937499701976776
0 0.3335937559604645 0.5979167222976685 0.15781250596046448 0.15937499701976776
0 0.24609375 0.7541667222976685 0.17656250298023224 0.15312500298023224
0 0.42109376192092896 0.7708333730697632 0.17656250298023224 0.15312500298023224
0 0.9242187738418579 0.7000000476837158 0.15156249701976776 0.15625
0 0.6976562738418579 0.22708334028720856 0.15156249701976776 0.15625
0 0.23749999701976776 0.8833333849906921 0.14374999701976776 0.11562500149011612
0 0.10234375298023224 0.1458333432674408 0.19843749701976776 0.15625
0 0.38750001788139343 0.3427083492279053 0.109375 0.20781250298023224
0 0.621874988079071 0.8510417342185974 0.15937499701976776 0.16093750298023224
0 0.10468750447034836 0.4697916805744171 0.15937499701976776 0.16093750298023224
0 0.921093761920929 0.9187500476837158 0.15781250596046448 0.12187500298023224
2 0.725781261920929 0.9427083730697632 0.0859375 0.08281250298023224
2 0.49921876192092896 0.8572916984558105 0.0546875 0.03593749925494194
1 0.5562500357627869 0.5135416984558105 0.37812501192092896 0.33906251192092896
0 0.8359375 0.3552083373069763 0.19062499701976776 0.18906250596046448
0 0.754687488079071 0.6677083969116211 0.16875000298023224 0.19218750298023224
0 0.26171875 0.4020833671092987 0.14531250298023224 0.16250000894069672
0 0.5335937738418579 0.16041667759418488 0.14531250298023224 0.16250000894069672
0 0.8148437738418579 0.10729166865348816 0.15781250596046448 0.15781250596046448
0 0.07968749850988388 0.7000000476837158 0.15625 0.15937499701976776
0 0.3335937559604645 0.5979167222976685 0.15781250596046448 0.15937499701976776
0 0.24609375 0.7541667222976685 0.17656250298023224 0.15312500298023224
0 0.42109376192092896 0.7708333730697632 0.17656250298023224 0.15312500298023224
0 0.9242187738418579 0.7000000476837158 0.15156249701976776 0.15625
0 0.6976562738418579 0.22708334028720856 0.15156249701976776 0.15625
0 0.23749999701976776 0.8833333849906921 0.14374999701976776 0.11562500149011612
0 0.10234375298023224 0.1458333432674408 0.19843749701976776 0.15625
0 0.38750001788139343 0.3427083492279053 0.109375 0.20781250298023224
0 0.621874988079071 0.8510417342185974 0.15937499701976776 0.16093750298023224
0 0.10468750447034836 0.4697916805744171 0.15937499701976776 0.16093750298023224
0 0.921093761920929 0.9187500476837158 0.15781250596046448 0.12187500298023224
2 0.725781261920929 0.9427083730697632 0.0859375 0.08281250298023224
2 0.49921876192092896 0.8572916984558105 0.0546875 0.03593749925494194
1 0.5562500357627869 0.5135416984558105 0.37812501192092896 0.33906251192092896
0 0.8359375 0.3552083373069763 0.19062499701976776 0.18906250596046448
0 0.754687488079071 0.6677083969116211 0.16875000298023224 0.19218750298023224
0 0.26171875 0.4020833671092987 0.14531250298023224 0.16250000894069672
0 0.5335937738418579 0.16041667759418488 0.14531250298023224 0.16250000894069672
0 0.8148437738418579 0.10729166865348816 0.15781250596046448 0.15781250596046448
0 0.07968749850988388 0.7000000476837158 0.15625 0.15937499701976776
0 0.3335937559604645 0.5979167222976685 0.15781250596046448 0.15937499701976776
0 0.24609375 0.7541667222976685 0.17656250298023224 0.15312500298023224
0 0.42109376192092896 0.7708333730697632 0.17656250298023224 0.15312500298023224
0 0.9242187738418579 0.7000000476837158 0.15156249701976776 0.15625
0 0.6976562738418579 0.22708334028720856 0.15156249701976776 0.15625
0 0.23749999701976776 0.8833333849906921 0.14374999701976776 0.11562500149011612
0 0.10234375298023224 0.1458333432674408 0.19843749701976776 0.15625
0 0.38750001788139343 0.3427083492279053 0.109375 0.20781250298023224
0 0.621874988079071 0.8510417342185974 0.15937499701976776 0.16093750298023224
0 0.10468750447034836 0.4697916805744171 0.15937499701976776 0.16093750298023224
0 0.921093761920929 0.9187500476837158 0.15781250596046448 0.12187500298023224
2 0.725781261920929 0.9427083730697632 0.0859375 0.08281250298023224
2 0.49921876192092896 0.8572916984558105 0.0546875 0.03593749925494194
1 0.5562500357627869 0.5135416984558105 0.37812501192092896 0.33906251192092896
0 0.8359375 0.3552083373069763 0.19062499701976776 0.18906250596046448
0 0.754687488079071 0.6677083969116211 0.16875000298023224 0.19218750298023224
0 0.26171875 0.4020833671092987 0.14531250298023224 0.16250000894069672
0 0.5335937738418579 0.16041667759418488 0.14531250298023224 0.16250000894069672
0 0.8148437738418579 0.10729166865348816 0.15781250596046448 0.15781250596046448
0 0.07968749850988388 0.7000000476837158 0.15625 0.15937499701976776
0 0.3335937559604645 0.5979167222976685 0.15781250596046448 0.15937499701976776
0 0.24609375 0.7541667222976685 0.17656250298023224 0.15312500298023224
0 0.42109376192092896 0.7708333730697632 0.17656250298023224 0.15312500298023224
0 0.9242187738418579 0.7000000476837158 0.15156249701976776 0.15625
0 0.6976562738418579 0.22708334028720856 0.15156249701976776 0.15625
0 0.23749999701976776 0.8833333849906921 0.14374999701976776 0.11562500149011612
0 0.10234375298023224 0.1458333432674408 0.19843749701976776 0.15625
0 0.38750001788139343 0.3427083492279053 0.109375 0.20781250298023224
0 0.621874988079071 0.8510417342185974 0.15937499701976776 0.16093750298023224
0 0.10468750447034836 0.4697916805744171 0.15937499701976776 0.16093750298023224
0 0.921093761920929 0.9187500476837158 0.15781250596046448 0.12187500298023224
2 0.725781261920929 0.9427083730697632 0.0859375 0.08281250298023224
2 0.49921876192092896 0.8572916984558105 0.0546875 0.03593749925494194
1 0.5562500357627869 0.5135416984558105 0.37812501192092896 0.33906251192092896
0 0.8359375 0.3552083373069763 0.19062499701976776 0.18906250596046448
0 0.754687488079071 0.6677083969116211 0.16875000298023224 0.19218750298023224
0 0.26171875 0.4020833671092987 0.14531250298023224 0.16250000894069672
0 0.5335937738418579 0.16041667759418488 0.14531250298023224 0.16250000894069672
0 0.8148437738418579 0.10729166865348816 0.15781250596046448 0.15781250596046448
0 0.07968749850988388 0.7000000476837158 0.15625 0.15937499701976776
0 0.3335937559604645 0.5979167222976685 0.15781250596046448 0.15937499701976776
0 0.24609375 0.7541667222976685 0.17656250298023224 0.15312500298023224
0 0.42109376192092896 0.7708333730697632 0.17656250298023224 0.15312500298023224
0 0.9242187738418579 0.7000000476837158 0.15156249701976776 0.15625
0 0.6976562738418579 0.22708334028720856 0.15156249701976776 0.15625
0 0.23749999701976776 0.8833333849906921 0.14374999701976776 0.11562500149011612
0 0.10234375298023224 0.1458333432674408 0.19843749701976776 0.15625
0 0.38750001788139343 0.3427083492279053 0.109375 0.20781250298023224
0 0.621874988079071 0.8510417342185974 0.15937499701976776 0.16093750298023224
0 0.10468750447034836 0.4697916805744171 0.15937499701976776 0.16093750298023224
0 0.921093761920929 0.9187500476837158 0.15781250596046448 0.12187500298023224
2 0.725781261920929 0.9427083730697632 0.0859375 0.08281250298023224
2 0.49921876192092896 0.8572916984558105 0.0546875 0.03593749925494194
1 0.5562500357627869 0.5135416984558105 0.37812501192092896 0.33906251192092896
0 0.8359375 0.3552083373069763 0.19062499701976776 0.18906250596046448
0 0.754687488079071 0.6677083969116211 0.16875000298023224 0.19218750298023224
0 0.26171875 0.4020833671092987 0.14531250298023224 0.16250000894069672
0 0.5335937738418579 0.16041667759418488 0.14531250298023224 0.16250000894069672
0 0.8148437738418579 0.10729166865348816 0.15781250596046448 0.15781250596046448
0 0.07968749850988388 0.7000000476837158 0.15625 0.15937499701976776
0 0.3335937559604645 0.5979167222976685 0.15781250596046448 0.15937499701976776
0 0.24609375 0.7541667222976685 0.17656250298023224 0.15312500298023224
0 0.42109376192092896 0.7708333730697632 0.17656250298023224 0.15312500298023224
0 0.9242187738418579 0.7000000476837158 0.15156249701976776 0.15625
0 0.6976562738418579 0.22708334028720856 0.15156249701976776 0.15625
0 0.23749999701976776 0.8833333849906921 0.14374999701976776 0.11562500149011612
0 0.10234375298023224 0.1458333432674408 0.19843749701976776 0.15625
0 0.38750001788139343 0.3427083492279053 0.109375 0.20781250298023224
0 0.621874988079071 0.8510417342185974 0.15937499701976776 0.16093750298023224
0 0.10468750447034836 0.4697916805744171 0.15937499701976776 0.16093750298023224
0 0.921093761920929 0.9187500476837158 0.15781250596046448 0.12187500298023224
2 0.725781261920929 0.9427083730697632 0.0859375 0.08281250298023224
2 0.49921876192092896 0.8572916984558105 0.0546875 0.03593749925494194
1 0.5562500357627869 0.5135416984558105 0.37812501192092896 0.33906251192092896
0 0.8359375 0.3552083373069763 0.19062499701976776 0.18906250596046448
0 0.754687488079071 0.6677083969116211 0.16875000298023224 0.19218750298023224
0 0.26171875 0.4020833671092987 0.14531250298023224 0.16250000894069672
0 0.5335937738418579 0.16041667759418488 0.14531250298023224 0.16250000894069672
0 0.8148437738418579 0.10729166865348816 0.15781250596046448 0.15781250596046448
0 0.07968749850988388 0.7000000476837158 0.15625 0.15937499701976776
0 0.3335937559604645 0.5979167222976685 0.15781250596046448 0.15937499701976776
0 0.24609375 0.7541667222976685 0.17656250298023224 0.15312500298023224
0 0.42109376192092896 0.7708333730697632 0.17656250298023224 0.15312500298023224
0 0.9242187738418579 0.7000000476837158 0.15156249701976776 0.15625
0 0.6976562738418579 0.22708334028720856 0.15156249701976776 0.15625
0 0.23749999701976776 0.8833333849906921 0.14374999701976776 0.11562500149011612
0 0.10234375298023224 0.1458333432674408 0.19843749701976776 0.15625
0 0.38750001788139343 0.3427083492279053 0.109375 0.20781250298023224
0 0.621874988079071 0.8510417342185974 0.15937499701976776 0.16093750298023224
0 0.10468750447034836 0.4697916805744171 0.15937499701976776 0.16093750298023224
0 0.921093761920929 0.9187500476837158 0.15781250596046448 0.12187500298023224
2 0.725781261920929 0.9427083730697632 0.0859375 0.08281250298023224
2 0.49921876192092896 0.8572916984558105 0.0546875 0.03593749925494194
1 0.5562500357627869 0.5135416984558105 0.37812501192092896 0.33906251192092896
