0 0.21484375320142135 0.13854167389217764 0.17656250263098627 0.15156250225845724
0 0.14609375217696652 0.6354166998062283 0.1578125023515895 0.14375000214204192
0 0.6210937592550181 0.8354167102370411 0.1578125023515895 0.14375000214204192
0 0.230468753434252 0.8500000443309546 0.1578125023515895 0.14375000214204192
0 0.38437500572763383 0.4625000241212547 0.15937500237487257 0.17187500256113708
0 0.703125010477379 0.5979166978504509 0.15937500237487257 0.17187500256113708
0 0.9171875136671588 0.6854167024139315 0.15937500237487257 0.17187500256113708
0 0.9367187639581971 0.3968750206986442 0.1265625018859282 0.17031250253785402
0 0.17109375254949555 0.39270835381466895 0.1359375020256266 0.16406250244472176
0 0.4953125073807314 0.49166669230908155 0.15937500237487257 0.17187500256113708
0 0.47656250710133463 0.6729167017620057 0.15937500237487257 0.17187500256113708
0 0.4320312564377673 0.8489583776099607 0.16093750239815563 0.15468750230502337
1 0.6203125092433766 0.2791666812263429 0.3500000052154064 0.3250000048428774
1 0.7812500116415322 0.8864583795657381 0.07187500107102096 0.04531250067520887
0 0.21484375320142135 0.13854167389217764 0.17656250263098627 0.15156250225845724
0 0.14609375217696652 0.6354166998062283 0.1578125023515895 0.14375000214204192
0 0.6210937592550181 0.8354167102370411 0.1578125023515895 0.14375000214204192
0 0.230468753434252 0.8500000443309546 0.1578125023515895 0.14375000214204192
0 0.38437500572763383 0.4625000241212547 0.15937500237487257 0.17187500256113708
0 0.703125010477379 0.5979166978504509 0.15937500237487257 0.17187500256113708
0 0.9171875136671588 0.6854167024139315 0.15937500237487257 0.17187500256113708
0 0.9367187639581971 0.3968750206986442 0.1265625018859282 0.17031250253785402
0 0.17109375254949555 0.39270835381466895 0.1359375020256266 0.16406250244472176
0 0.4953125073807314 0.49166669230908155 0.15937500237487257 0.17187500256113708
0 0.47656250710133463 0.6729167017620057 0.15937500237487257 0.17187500256113708
0 0.4320312564377673 0.8489583776099607 0.16093750239815563 0.15468750230502337
1 0.6203125092433766 0.2791666812263429 0.3500000052154064 0.3250000048428774
1 0.7812500116415322 0.8864583795657381 0.07187500107102096 0.04531250067520887
0 0.21484375320142135 0.13854167389217764 0.17656250263098627 0.15156250225845724
0 0.14609375217696652 0.6354166998062283 0.1578125023515895 0.14375000214204192
0 0.6210937592550181 0.8354167102370411 0.1578125023515895 0.14375000214204192
0 0.230468753434252 0.8500000443309546 0.1578125023515895 0.14375000214204192
0 0.38437500572763383 0.4625000241212547 0.15937500237487257 0.17187500256113708
0 0.703125010477379 0.5979166978504509 0.15937500237487257 0.17187500256113708
0 0.9171875136671588 0.6854167024139315 0.15937500237487257 0.17187500256113708
0 0.9367187639581971 0.3968750206986442 0.1265625018859282 0.17031250253785402
0 0.17109375254949555 0.39270835381466895 0.1359375020256266 0.16406250244472176
0 0.4953125073807314 0.49166669230908155 0.15937500237487257 0.17187500256113708
0 0.47656250710133463 0.6729167017620057 0.15937500237487257 0.17187500256113708
0 0.4320312564377673 0.8489583776099607 0.16093750239815563 0.15468750230502337
1 0.6203125092433766 0.2791666812263429 0.3500000052154064 0.3250000048428774
1 0.7812500116415322 0.8864583795657381 0.07187500107102096 0.04531250067520887
0 0.21484375320142135 0.13854167389217764 0.17656250263098627 0.15156250225845724
0 0.14609375217696652 0.6354166998062283 0.1578125023515895 0.14375000214204192
0 0.6210937592550181 0.8354167102370411 0.1578125023515895 0.14375000214204192
0 0.230468753434252 0.8500000443309546 0.1578125023515895 0.14375000214204192
0 0.38437500572763383 0.4625000241212547 0.15937500237487257 0.17187500256113708
0 0.703125010477379 0.5979166978504509 0.15937500237487257 0.17187500256113708
0 0.9171875136671588 0.6854167024139315 0.15937500237487257 0.17187500256113708
0 0.9367187639581971 0.3968750206986442 0.1265625018859282 0.17031250253785402
0 0.17109375254949555 0.39270835381466895 0.1359375020256266 0.16406250244472176
0 0.4953125073807314 0.49166669230908155 0.15937500237487257 0.17187500256113708
0 0.47656250710133463 0.6729167017620057 0.15937500237487257 0.17187500256113708
0 0.4320312564377673 0.8489583776099607 0.16093750239815563 0.15468750230502337
1 0.6203125092433766 0.2791666812263429 0.3500000052154064 0.3250000048428774
1 0.7812500116415322 0.8864583795657381 0.07187500107102096 0.04531250067520887
0 0.21484375320142135 0.13854167389217764 0.17656250263098627 0.15156250225845724
0 0.14609375217696652 0.6354166998062283 0.1578125023515895 0.14375000214204192
0 0.6210937592550181 0.8354167102370411 0.1578125023515895 0.14375000214204192
0 0.230468753434252 0.8500000443309546 0.1578125023515895 0.14375000214204192
0 0.38437500572763383 0.4625000241212547 0.15937500237487257 0.17187500256113708
0 0.703125010477379 0.5979166978504509 0.15937500237487257 0.17187500256113708
0 0.9171875136671588 0.6854167024139315 0.15937500237487257 0.17187500256113708
0 0.9367187639581971 0.3968750206986442 0.1265625018859282 0.17031250253785402
0 0.17109375254949555 0.39270835381466895 0.1359375020256266 0.16406250244472176
0 0.4953125073807314 0.49166669230908155 0.15937500237487257 0.17187500256113708
0 0.47656250710133463 0.6729167017620057 0.15937500237487257 0.17187500256113708
0 0.4320312564377673 0.8489583776099607 0.16093750239815563 0.15468750230502337
1 0.6203125092433766 0.2791666812263429 0.3500000052154064 0.3250000048428774
1 0.7812500116415322 0.8864583795657381 0.07187500107102096 0.04531250067520887
0 0.21484375320142135 0.13854167389217764 0.17656250263098627 0.15156250225845724
0 0.14609375217696652 0.6354166998062283 0.1578125023515895 0.14375000214204192
0 0.6210937592550181 0.8354167102370411 0.1578125023515895 0.14375000214204192
0 0.230468753434252 0.8500000443309546 0.1578125023515895 0.14375000214204192
0 0.38437500572763383 0.4625000241212547 0.15937500237487257 0.17187500256113708
0 0.703125010477379 0.5979166978504509 0.15937500237487257 0.17187500256113708
0 0.9171875136671588 0.6854167024139315 0.15937500237487257 0.17187500256113708
0 0.9367187639581971 0.3968750206986442 0.1265625018859282 0.17031250253785402
0 0.17109375254949555 0.39270835381466895 0.1359375020256266 0.16406250244472176
0 0.4953125073807314 0.49166669230908155 0.15937500237487257 0.17187500256113708
0 0.47656250710133463 0.6729167017620057 0.15937500237487257 0.17187500256113708
0 0.4320312564377673 0.8489583776099607 0.16093750239815563 0.15468750230502337
1 0.6203125092433766 0.2791666812263429 0.3500000052154064 0.3250000048428774
1 0.7812500116415322 0.8864583795657381 0.07187500107102096 0.04531250067520887
0 0.21484375320142135 0.13854167389217764 0.17656250263098627 0.15156250225845724
0 0.14609375217696652 0.6354166998062283 0.1578125023515895 0.14375000214204192
0 0.6210937592550181 0.8354167102370411 0.1578125023515895 0.14375000214204192
0 0.230468753434252 0.8500000443309546 0.1578125023515895 0.14375000214204192
0 0.38437500572763383 0.4625000241212547 0.15937500237487257 0.17187500256113708
0 0.703125010477379 0.5979166978504509 0.15937500237487257 0.17187500256113708
0 0.9171875136671588 0.6854167024139315 0.15937500237487257 0.17187500256113708
0 0.9367187639581971 0.3968750206986442 0.1265625018859282 0.17031250253785402
0 0.17109375254949555 0.39270835381466895 0.1359375020256266 0.16406250244472176
0 0.4953125073807314 0.49166669230908155 0.15937500237487257 0.17187500256113708
0 0.47656250710133463 0.6729167017620057 0.15937500237487257 0.17187500256113708
0 0.4320312564377673 0.8489583776099607 0.16093750239815563 0.15468750230502337
1 0.6203125092433766 0.2791666812263429 0.3500000052154064 0.3250000048428774
1 0.7812500116415322 0.8864583795657381 0.07187500107102096 0.04531250067520887
0 0.21484375320142135 0.13854167389217764 0.17656250263098627 0.15156250225845724
0 0.14609375217696652 0.6354166998062283 0.1578125023515895 0.14375000214204192
0 0.6210937592550181 0.8354167102370411 0.1578125023515895 0.14375000214204192
0 0.230468753434252 0.8500000443309546 0.1578125023515895 0.14375000214204192
0 0.38437500572763383 0.4625000241212547 0.15937500237487257 0.17187500256113708
0 0.703125010477379 0.5979166978504509 0.15937500237487257 0.17187500256113708
0 0.9171875136671588 0.6854167024139315 0.15937500237487257 0.17187500256113708
0 0.9367187639581971 0.3968750206986442 0.1265625018859282 0.17031250253785402
0 0.17109375254949555 0.39270835381466895 0.1359375020256266 0.16406250244472176
0 0.4953125073807314 0.49166669230908155 0.15937500237487257 0.17187500256113708
0 0.47656250710133463 0.6729167017620057 0.15937500237487257 0.17187500256113708
0 0.4320312564377673 0.8489583776099607 0.16093750239815563 0.15468750230502337
1 0.6203125092433766 0.2791666812263429 0.3500000052154064 0.3250000048428774
1 0.7812500116415322 0.8864583795657381 0.07187500107102096 0.04531250067520887
0 0.21484375320142135 0.13854167389217764 0.17656250263098627 0.15156250225845724
0 0.14609375217696652 0.6354166998062283 0.1578125023515895 0.14375000214204192
0 0.6210937592550181 0.8354167102370411 0.1578125023515895 0.14375000214204192
0 0.230468753434252 0.8500000443309546 0.1578125023515895 0.14375000214204192
0 0.38437500572763383 0.4625000241212547 0.15937500237487257 0.17187500256113708
0 0.703125010477379 0.5979166978504509 0.15937500237487257 0.17187500256113708
0 0.9171875136671588 0.6854167024139315 0.15937500237487257 0.17187500256113708
0 0.9367187639581971 0.3968750206986442 0.1265625018859282 0.17031250253785402
0 0.17109375254949555 0.39270835381466895 0.1359375020256266 0.16406250244472176
0 0.4953125073807314 0.49166669230908155 0.15937500237487257 0.17187500256113708
0 0.47656250710133463 0.6729167017620057 0.15937500237487257 0.17187500256113708
0 0.4320312564377673 0.8489583776099607 0.16093750239815563 0.15468750230502337
1 0.6203125092433766 0.2791666812263429 0.3500000052154064 0.3250000048428774
1 0.7812500116415322 0.8864583795657381 0.07187500107102096 0.04531250067520887
0 0.21484375320142135 0.13854167389217764 0.17656250263098627 0.15156250225845724
0 0.14609375217696652 0.6354166998062283 0.1578125023515895 0.14375000214204192
0 0.6210937592550181 0.8354167102370411 0.1578125023515895 0.14375000214204192
0 0.230468753434252 0.8500000443309546 0.1578125023515895 0.14375000214204192
0 0.38437500572763383 0.4625000241212547 0.15937500237487257 0.17187500256113708
0 0.703125010477379 0.5979166978504509 0.15937500237487257 0.17187500256113708
0 0.9171875136671588 0.6854167024139315 0.15937500237487257 0.17187500256113708
0 0.9367187639581971 0.3968750206986442 0.1265625018859282 0.17031250253785402
0 0.17109375254949555 0.39270835381466895 0.1359375020256266 0.16406250244472176
0 0.4953125073807314 0.49166669230908155 0.15937500237487257 0.17187500256113708
0 0.47656250710133463 0.6729167017620057 0.15937500237487257 0.17187500256113708
0 0.4320312564377673 0.8489583776099607 0.16093750239815563 0.15468750230502337
1 0.6203125092433766 0.2791666812263429 0.3500000052154064 0.3250000048428774
1 0.7812500116415322 0.8864583795657381 0.07187500107102096 0.04531250067520887
0 0.21484375320142135 0.13854167389217764 0.17656250263098627 0.15156250225845724
0 0.14609375217696652 0.6354166998062283 0.1578125023515895 0.14375000214204192
0 0.6210937592550181 0.8354167102370411 0.1578125023515895 0.14375000214204192
0 0.230468753434252 0.8500000443309546 0.1578125023515895 0.14375000214204192
0 0.38437500572763383 0.4625000241212547 0.15937500237487257 0.17187500256113708
0 0.703125010477379 0.5979166978504509 0.15937500237487257 0.17187500256113708
0 0.9171875136671588 0.6854167024139315 0.15937500237487257 0.17187500256113708
0 0.9367187639581971 0.3968750206986442 0.1265625018859282 0.17031250253785402
0 0.17109375254949555 0.39270835381466895 0.1359375020256266 0.16406250244472176
0 0.4953125073807314 0.49166669230908155 0.15937500237487257 0.17187500256113708
0 0.47656250710133463 0.6729167017620057 0.15937500237487257 0.17187500256113708
0 0.4320312564377673 0.8489583776099607 0.16093750239815563 0.15468750230502337
1 0.6203125092433766 0.2791666812263429 0.3500000052154064 0.3250000048428774
1 0.7812500116415322 0.8864583795657381 0.07187500107102096 0.04531250067520887
0 0.21484375320142135 0.13854167389217764 0.17656250263098627 0.15156250225845724
0 0.14609375217696652 0.6354166998062283 0.1578125023515895 0.14375000214204192
0 0.6210937592550181 0.8354167102370411 0.1578125023515895 0.14375000214204192
0 0.230468753434252 0.8500000443309546 0.1578125023515895 0.14375000214204192
0 0.38437500572763383 0.4625000241212547 0.15937500237487257 0.17187500256113708
0 0.703125010477379 0.5979166978504509 0.15937500237487257 0.17187500256113708
0 0.9171875136671588 0.6854167024139315 0.15937500237487257 0.17187500256113708
0 0.9367187639581971 0.3968750206986442 0.1265625018859282 0.17031250253785402
0 0.17109375254949555 0.39270835381466895 0.1359375020256266 0.16406250244472176
0 0.4953125073807314 0.49166669230908155 0.15937500237487257 0.17187500256113708
0 0.47656250710133463 0.6729167017620057 0.15937500237487257 0.17187500256113708
0 0.4320312564377673 0.8489583776099607 0.16093750239815563 0.15468750230502337
1 0.6203125092433766 0.2791666812263429 0.3500000052154064 0.3250000048428774
1 0.7812500116415322 0.8864583795657381 0.07187500107102096 0.04531250067520887
0 0.21484375320142135 0.13854167389217764 0.17656250263098627 0.15156250225845724
0 0.14609375217696652 0.6354166998062283 0.1578125023515895 0.14375000214204192
0 0.6210937592550181 0.8354167102370411 0.1578125023515895 0.14375000214204192
0 0.230468753434252 0.8500000443309546 0.1578125023515895 0.14375000214204192
0 0.38437500572763383 0.4625000241212547 0.15937500237487257 0.17187500256113708
0 0.703125010477379 0.5979166978504509 0.15937500237487257 0.17187500256113708
0 0.9171875136671588 0.6854167024139315 0.15937500237487257 0.17187500256113708
0 0.9367187639581971 0.3968750206986442 0.1265625018859282 0.17031250253785402
0 0.17109375254949555 0.39270835381466895 0.1359375020256266 0.16406250244472176
0 0.4953125073807314 0.49166669230908155 0.15937500237487257 0.17187500256113708
0 0.47656250710133463 0.6729167017620057 0.15937500237487257 0.17187500256113708
0 0.4320312564377673 0.8489583776099607 0.16093750239815563 0.15468750230502337
1 0.6203125092433766 0.2791666812263429 0.3500000052154064 0.3250000048428774
1 0.7812500116415322 0.8864583795657381 0.07187500107102096 0.04531250067520887
0 0.21484375320142135 0.13854167389217764 0.17656250263098627 0.15156250225845724
0 0.14609375217696652 0.6354166998062283 0.1578125023515895 0.14375000214204192
0 0.6210937592550181 0.8354167102370411 0.1578125023515895 0.14375000214204192
0 0.230468753434252 0.8500000443309546 0.1578125023515895 0.14375000214204192
0 0.38437500572763383 0.4625000241212547 0.15937500237487257 0.17187500256113708
0 0.703125010477379 0.5979166978504509 0.15937500237487257 0.17187500256113708
0 0.9171875136671588 0.6854167024139315 0.15937500237487257 0.17187500256113708
0 0.9367187639581971 0.3968750206986442 0.1265625018859282 0.17031250253785402
0 0.17109375254949555 0.39270835381466895 0.1359375020256266 0.16406250244472176
0 0.4953125073807314 0.49166669230908155 0.15937500237487257 0.17187500256113708
0 0.47656250710133463 0.6729167017620057 0.15937500237487257 0.17187500256113708
0 0.4320312564377673 0.8489583776099607 0.16093750239815563 0.15468750230502337
1 0.6203125092433766 0.2791666812263429 0.3500000052154064 0.3250000048428774
2 0.7812500116415322 0.8864583795657381 0.07187500107102096 0.04531250067520887
0 0.21484375320142135 0.13854167389217764 0.17656250263098627 0.15156250225845724
0 0.14609375217696652 0.6354166998062283 0.1578125023515895 0.14375000214204192
0 0.6210937592550181 0.8354167102370411 0.1578125023515895 0.14375000214204192
0 0.230468753434252 0.8500000443309546 0.1578125023515895 0.14375000214204192
0 0.38437500572763383 0.4625000241212547 0.15937500237487257 0.17187500256113708
0 0.703125010477379 0.5979166978504509 0.15937500237487257 0.17187500256113708
0 0.9171875136671588 0.6854167024139315 0.15937500237487257 0.17187500256113708
0 0.9367187639581971 0.3968750206986442 0.1265625018859282 0.17031250253785402
0 0.17109375254949555 0.39270835381466895 0.1359375020256266 0.16406250244472176
0 0.4953125073807314 0.49166669230908155 0.15937500237487257 0.17187500256113708
0 0.47656250710133463 0.6729167017620057 0.15937500237487257 0.17187500256113708
0 0.4320312564377673 0.8489583776099607 0.16093750239815563 0.15468750230502337
1 0.6203125092433766 0.2791666812263429 0.3500000052154064 0.3250000048428774
2 0.7812500116415322 0.8864583795657381 0.07187500107102096 0.04531250067520887
0 0.21484375 0.13854166865348816 0.17656250298023224 0.15156249701976776
0 0.14609375596046448 0.6354166865348816 0.15781250596046448 0.14374999701976776
0 0.62109375 0.8354167342185974 0.15781250596046448 0.14374999701976776
0 0.23046875 0.8500000238418579 0.15781250596046448 0.14374999701976776
0 0.3843750059604645 0.46250003576278687 0.15937499701976776 0.171875
0 0.703125 0.5979167222976685 0.15937499701976776 0.171875
0 0.917187511920929 0.6854166984558105 0.15937499701976776 0.171875
0 0.936718761920929 0.3968750238418579 0.12656250596046448 0.17031250894069672
0 0.17109374701976776 0.39270836114883423 0.13593749701976776 0.1640625
0 0.49531251192092896 0.491666704416275 0.15937499701976776 0.171875
0 0.4765625 0.6729167103767395 0.15937499701976776 0.171875
0 0.4320312440395355 0.8489583730697632 0.16093750298023224 0.15468750894069672
1 0.620312511920929 0.27916666865348816 0.3499999940395355 0.32500001788139343
2 0.78125 0.8864583969116211 0.07187499850988388 0.04531250149011612
0 0.21484375 0.13854166865348816 0.17656250298023224 0.15156249701976776
0 0.14609375596046448 0.6354166865348816 0.15781250596046448 0.14374999701976776
0 0.62109375 0.8354167342185974 0.15781250596046448 0.14374999701976776
0 0.23046875 0.8500000238418579 0.15781250596046448 0.14374999701976776
0 0.3843750059604645 0.46250003576278687 0.15937499701976776 0.171875
0 0.703125 0.5979167222976685 0.15937499701976776 0.171875
0 0.917187511920929 0.6854166984558105 0.15937499701976776 0.171875
0 0.936718761920929 0.3968750238418579 0.12656250596046448 0.17031250894069672
0 0.17109374701976776 0.39270836114883423 0.13593749701976776 0.1640625
0 0.49531251192092896 0.491666704416275 0.15937499701976776 0.171875
0 0.4765625 0.6729167103767395 0.15937499701976776 0.171875
0 0.4320312440395355 0.8489583730697632 0.16093750298023224 0.15468750894069672
1 0.620312511920929 0.27916666865348816 0.3499999940395355 0.32500001788139343
2 0.78125 0.8864583969116211 0.07187499850988388 0.04531250149011612
0 0.21484375 0.13854166865348816 0.17656250298023224 0.15156249701976776
0 0.14609375596046448 0.6354166865348816 0.15781250596046448 0.14374999701976776
0 0.62109375 0.8354167342185974 0.15781250596046448 0.14374999701976776
0 0.23046875 0.8500000238418579 0.15781250596046448 0.14374999701976776
0 0.3843750059604645 0.46250003576278687 0.15937499701976776 0.171875
0 0.703125 0.5979167222976685 0.15937499701976776 0.171875
0 0.917187511920929 0.6854166984558105 0.15937499701976776 0.171875
0 0.936718761920929 0.3968750238418579 0.12656250596046448 0.17031250894069672
0 0.17109374701976776 0.39270836114883423 0.13593749701976776 0.1640625
0 0.49531251192092896 0.491666704416275 0.15937499701976776 0.171875
0 0.4765625 0.6729167103767395 0.15937499701976776 0.171875
0 0.4320312440395355 0.8489583730697632 0.16093750298023224 0.15468750894069672
1 0.620312511920929 0.27916666865348816 0.3499999940395355 0.32500001788139343
2 0.78125 0.8864583969116211 0.07187499850988388 0.04531250149011612
0 0.21484375 0.13854166865348816 0.17656250298023224 0.15156249701976776
0 0.14609375596046448 0.6354166865348816 0.15781250596046448 0.14374999701976776
0 0.62109375 0.8354167342185974 0.15781250596046448 0.14374999701976776
0 0.23046875 0.8500000238418579 0.15781250596046448 0.14374999701976776
0 0.3843750059604645 0.46250003576278687 0.15937499701976776 0.171875
0 0.703125 0.5979167222976685 0.15937499701976776 0.171875
0 0.917187511920929 0.6854166984558105 0.15937499701976776 0.171875
0 0.936718761920929 0.3968750238418579 0.12656250596046448 0.17031250894069672
0 0.17109374701976776 0.39270836114883423 0.13593749701976776 0.1640625
0 0.49531251192092896 0.491666704416275 0.15937499701976776 0.171875
0 0.4765625 0.6729167103767395 0.15937499701976776 0.171875
0 0.4320312440395355 0.8489583730697632 0.16093750298023224 0.15468750894069672
1 0.620312511920929 0.27916666865348816 0.3499999940395355 0.32500001788139343
2 0.78125 0.8864583969116211 0.07187499850988388 0.04531250149011612
0 0.21484375 0.13854166865348816 0.17656250298023224 0.15156249701976776
0 0.14609375596046448 0.6354166865348816 0.15781250596046448 0.14374999701976776
0 0.62109375 0.8354167342185974 0.15781250596046448 0.14374999701976776
0 0.23046875 0.8500000238418579 0.15781250596046448 0.14374999701976776
0 0.3843750059604645 0.46250003576278687 0.15937499701976776 0.171875
0 0.703125 0.5979167222976685 0.15937499701976776 0.171875
0 0.917187511920929 0.6854166984558105 0.15937499701976776 0.171875
0 0.936718761920929 0.3968750238418579 0.12656250596046448 0.17031250894069672
0 0.17109374701976776 0.39270836114883423 0.13593749701976776 0.1640625
0 0.49531251192092896 0.491666704416275 0.15937499701976776 0.171875
0 0.4765625 0.6729167103767395 0.15937499701976776 0.171875
0 0.4320312440395355 0.8489583730697632 0.16093750298023224 0.15468750894069672
1 0.620312511920929 0.27916666865348816 0.3499999940395355 0.32500001788139343
2 0.78125 0.8864583969116211 0.07187499850988388 0.04531250149011612
0 0.21484375 0.13854166865348816 0.17656250298023224 0.15156249701976776
0 0.14609375596046448 0.6354166865348816 0.15781250596046448 0.14374999701976776
0 0.62109375 0.8354167342185974 0.15781250596046448 0.14374999701976776
0 0.23046875 0.8500000238418579 0.15781250596046448 0.14374999701976776
0 0.3843750059604645 0.46250003576278687 0.15937499701976776 0.171875
0 0.703125 0.5979167222976685 0.15937499701976776 0.171875
0 0.917187511920929 0.6854166984558105 0.15937499701976776 0.171875
0 0.936718761920929 0.3968750238418579 0.12656250596046448 0.17031250894069672
0 0.17109374701976776 0.39270836114883423 0.13593749701976776 0.1640625
0 0.49531251192092896 0.491666704416275 0.15937499701976776 0.171875
0 0.4765625 0.6729167103767395 0.15937499701976776 0.171875
0 0.4320312440395355 0.8489583730697632 0.16093750298023224 0.15468750894069672
1 0.620312511920929 0.27916666865348816 0.3499999940395355 0.32500001788139343
2 0.78125 0.8864583969116211 0.07187499850988388 0.04531250149011612
0 0.21484375 0.13854166865348816 0.17656250298023224 0.15156249701976776
0 0.14609375596046448 0.6354166865348816 0.15781250596046448 0.14374999701976776
0 0.62109375 0.8354167342185974 0.15781250596046448 0.14374999701976776
0 0.23046875 0.8500000238418579 0.15781250596046448 0.14374999701976776
0 0.3843750059604645 0.46250003576278687 0.15937499701976776 0.171875
0 0.703125 0.5979167222976685 0.15937499701976776 0.171875
0 0.917187511920929 0.6854166984558105 0.15937499701976776 0.171875
0 0.936718761920929 0.3968750238418579 0.12656250596046448 0.17031250894069672
0 0.17109374701976776 0.39270836114883423 0.13593749701976776 0.1640625
0 0.49531251192092896 0.491666704416275 0.15937499701976776 0.171875
0 0.4765625 0.6729167103767395 0.15937499701976776 0.171875
0 0.4320312440395355 0.8489583730697632 0.16093750298023224 0.15468750894069672
1 0.620312511920929 0.27916666865348816 0.3499999940395355 0.32500001788139343
2 0.78125 0.8864583969116211 0.07187499850988388 0.04531250149011612
