0 0.16796875250292942 0.6739583684829995 0.1671875024912879 0.19218750286381692
0 0.5179687577183358 0.23020834533963352 0.1671875024912879 0.19218750286381692
0 0.3375000050291419 0.4343750226544216 0.20937500311993062 0.15468750230502337
0 0.788281261746306 0.5520833621267229 0.15156250225845724 0.15625000232830644
0 0.8695312629570253 0.4145833549555391 0.15156250225845724 0.15625000232830644
0 0.7640625113854185 0.17083334224298596 0.15937500237487257 0.20312500302679837
0 0.08906250132713467 0.2781250145053491 0.1750000026077032 0.19531250291038305
0 0.18125000270083547 0.0989583384944126 0.1625000024214387 0.14531250216532499
0 0.9242187637719326 0.23958334582857788 0.15156250225845724 0.15625000232830644
0 0.9242187637719326 0.6479167004581541 0.15156250225845724 0.16562500246800482
1 0.49375000735744834 0.7437500387895852 0.3562500053085387 0.3781250056345016
1 0.2914062543422915 0.7770833738613874 0.06093750090803951 0.05625000083819032
1 0.1382812520605512 0.41770835511852056 0.08281250123400241 0.07343750109430403
0 0.16796875250292942 0.6739583684829995 0.1671875024912879 0.19218750286381692
0 0.5179687577183358 0.23020834533963352 0.1671875024912879 0.19218750286381692
0 0.3375000050291419 0.4343750226544216 0.20937500311993062 0.15468750230502337
0 0.788281261746306 0.5520833621267229 0.15156250225845724 0.15625000232830644
0 0.8695312629570253 0.4145833549555391 0.15156250225845724 0.15625000232830644
0 0.7640625113854185 0.17083334224298596 0.15937500237487257 0.20312500302679837
0 0.08906250132713467 0.2781250145053491 0.1750000026077032 0.19531250291038305
0 0.18125000270083547 0.0989583384944126 0.1625000024214387 0.14531250216532499
0 0.9242187637719326 0.23958334582857788 0.15156250225845724 0.15625000232830644
0 0.9242187637719326 0.6479167004581541 0.15156250225845724 0.16562500246800482
1 0.49375000735744834 0.7437500387895852 0.3562500053085387 0.3781250056345016
1 0.2914062543422915 0.7770833738613874 0.06093750090803951 0.05625000083819032
1 0.1382812520605512 0.41770835511852056 0.08281250123400241 0.07343750109430403
0 0.16796875250292942 0.6739583684829995 0.1671875024912879 0.19218750286381692
0 0.5179687577183358 0.23020834533963352 0.1671875024912879 0.19218750286381692
0 0.3375000050291419 0.4343750226544216 0.20937500311993062 0.15468750230502337
0 0.788281261746306 0.5520833621267229 0.15156250225845724 0.15625000232830644
0 0.8695312629570253 0.4145833549555391 0.15156250225845724 0.15625000232830644
0 0.7640625113854185 0.17083334224298596 0.15937500237487257 0.20312500302679837
0 0.08906250132713467 0.2781250145053491 0.1750000026077032 0.19531250291038305
0 0.18125000270083547 0.0989583384944126 0.1625000024214387 0.14531250216532499
0 0.9242187637719326 0.23958334582857788 0.15156250225845724 0.15625000232830644
0 0.9242187637719326 0.6479167004581541 0.15156250225845724 0.16562500246800482
1 0.49375000735744834 0.7437500387895852 0.3562500053085387 0.3781250056345016
1 0.2914062543422915 0.7770833738613874 0.06093750090803951 0.05625000083819032
1 0.1382812520605512 0.41770835511852056 0.08281250123400241 0.07343750109430403
0 0.16796875250292942 0.6739583684829995 0.1671875024912879 0.19218750286381692
0 0.5179687577183358 0.23020834533963352 0.1671875024912879 0.19218750286381692
0 0.3375000050291419 0.4343750226544216 0.20937500311993062 0.15468750230502337
0 0.788281261746306 0.5520833621267229 0.15156250225845724 0.15625000232830644
0 0.8695312629570253 0.4145833549555391 0.15156250225845724 0.15625000232830644
0 0.7640625113854185 0.17083334224298596 0.15937500237487257 0.20312500302679837
0 0.08906250132713467 0.2781250145053491 0.1750000026077032 0.19531250291038305
0 0.18125000270083547 0.0989583384944126 0.1625000024214387 0.14531250216532499
0 0.9242187637719326 0.23958334582857788 0.15156250225845724 0.15625000232830644
0 0.9242187637719326 0.6479167004581541 0.15156250225845724 0.16562500246800482
1 0.49375000735744834 0.7437500387895852 0.3562500053085387 0.3781250056345016
1 0.2914062543422915 0.7770833738613874 0.06093750090803951 0.05625000083819032
1 0.1382812520605512 0.41770835511852056 0.08281250123400241 0.07343750109430403
0 0.16796875250292942 0.6739583684829995 0.1671875024912879 0.19218750286381692
0 0.5179687577183358 0.23020834533963352 0.1671875024912879 0.19218750286381692
0 0.3375000050291419 0.4343750226544216 0.20937500311993062 0.15468750230502337
0 0.788281261746306 0.5520833621267229 0.15156250225845724 0.15625000232830644
0 0.8695312629570253 0.4145833549555391 0.15156250225845724 0.15625000232830644
0 0.7640625113854185 0.17083334224298596 0.15937500237487257 0.20312500302679837
0 0.08906250132713467 0.2781250145053491 0.1750000026077032 0.19531250291038305
0 0.18125000270083547 0.0989583384944126 0.1625000024214387 0.14531250216532499
0 0.9242187637719326 0.23958334582857788 0.15156250225845724 0.15625000232830644
0 0.9242187637719326 0.6479167004581541 0.15156250225845724 0.16562500246800482
1 0.49375000735744834 0.7437500387895852 0.3562500053085387 0.3781250056345016
1 0.2914062543422915 0.7770833738613874 0.06093750090803951 0.05625000083819032
1 0.1382812520605512 0.41770835511852056 0.08281250123400241 0.07343750109430403
0 0.16796875250292942 0.6739583684829995 0.1671875024912879 0.19218750286381692
0 0.5179687577183358 0.23020834533963352 0.1671875024912879 0.19218750286381692
0 0.3375000050291419 0.4343750226544216 0.20937500311993062 0.15468750230502337
0 0.788281261746306 0.5520833621267229 0.15156250225845724 0.15625000232830644
0 0.8695312629570253 0.4145833549555391 0.15156250225845724 0.15625000232830644
0 0.7640625113854185 0.17083334224298596 0.15937500237487257 0.20312500302679837
0 0.08906250132713467 0.2781250145053491 0.1750000026077032 0.19531250291038305
0 0.18125000270083547 0.0989583384944126 0.1625000024214387 0.14531250216532499
0 0.9242187637719326 0.23958334582857788 0.15156250225845724 0.15625000232830644
0 0.9242187637719326 0.6479167004581541 0.15156250225845724 0.16562500246800482
1 0.49375000735744834 0.7437500387895852 0.3562500053085387 0.3781250056345016
1 0.2914062543422915 0.7770833738613874 0.06093750090803951 0.05625000083819032
1 0.1382812520605512 0.41770835511852056 0.08281250123400241 0.07343750109430403
0 0.16796875250292942 0.6739583684829995 0.1671875024912879 0.19218750286381692
0 0.5179687577183358 0.23020834533963352 0.1671875024912879 0.19218750286381692
0 0.3375000050291419 0.4343750226544216 0.20937500311993062 0.15468750230502337
0 0.788281261746306 0.5520833621267229 0.15156250225845724 0.15625000232830644
0 0.8695312629570253 0.4145833549555391 0.15156250225845724 0.15625000232830644
0 0.7640625113854185 0.17083334224298596 0.15937500237487257 0.20312500302679837
0 0.08906250132713467 0.2781250145053491 0.1750000026077032 0.19531250291038305
0 0.18125000270083547 0.0989583384944126 0.1625000024214387 0.14531250216532499
0 0.9242187637719326 0.23958334582857788 0.15156250225845724 0.15625000232830644
0 0.9242187637719326 0.6479167004581541 0.15156250225845724 0.16562500246800482
1 0.49375000735744834 0.7437500387895852 0.3562500053085387 0.3781250056345016
1 0.2914062543422915 0.7770833738613874 0.06093750090803951 0.05625000083819032
1 0.1382812520605512 0.41770835511852056 0.08281250123400241 0.07343750109430403
0 0.16796875250292942 0.6739583684829995 0.1671875024912879 0.19218750286381692
0 0.5179687577183358 0.23020834533963352 0.1671875024912879 0.19218750286381692
0 0.3375000050291419 0.4343750226544216 0.20937500311993062 0.15468750230502337
0 0.788281261746306 0.5520833621267229 0.15156250225845724 0.15625000232830644
0 0.8695312629570253 0.4145833549555391 0.15156250225845724 0.15625000232830644
0 0.7640625113854185 0.17083334224298596 0.15937500237487257 0.20312500302679837
0 0.08906250132713467 0.2781250145053491 0.1750000026077032 0.19531250291038305
0 0.18125000270083547 0.0989583384944126 0.1625000024214387 0.14531250216532499
0 0.9242187637719326 0.23958334582857788 0.15156250225845724 0.15625000232830644
0 0.9242187637719326 0.6479167004581541 0.15156250225845724 0.16562500246800482
1 0.49375000735744834 0.7437500387895852 0.3562500053085387 0.3781250056345016
1 0.2914062543422915 0.7770833738613874 0.06093750090803951 0.05625000083819032
1 0.1382812520605512 0.41770835511852056 0.08281250123400241 0.07343750109430403
0 0.16796875250292942 0.6739583684829995 0.1671875024912879 0.19218750286381692
0 0.5179687577183358 0.23020834533963352 0.1671875024912879 0.19218750286381692
0 0.3375000050291419 0.4343750226544216 0.20937500311993062 0.15468750230502337
0 0.788281261746306 0.5520833621267229 0.15156250225845724 0.15625000232830644
0 0.8695312629570253 0.4145833549555391 0.15156250225845724 0.15625000232830644
0 0.7640625113854185 0.17083334224298596 0.15937500237487257 0.20312500302679837
0 0.08906250132713467 0.2781250145053491 0.1750000026077032 0.19531250291038305
0 0.18125000270083547 0.0989583384944126 0.1625000024214387 0.14531250216532499
0 0.9242187637719326 0.23958334582857788 0.15156250225845724 0.15625000232830644
0 0.9242187637719326 0.6479167004581541 0.15156250225845724 0.16562500246800482
1 0.49375000735744834 0.7437500387895852 0.3562500053085387 0.3781250056345016
1 0.2914062543422915 0.7770833738613874 0.06093750090803951 0.05625000083819032
1 0.1382812520605512 0.41770835511852056 0.08281250123400241 0.07343750109430403
0 0.16796875250292942 0.6739583684829995 0.1671875024912879 0.19218750286381692
0 0.5179687577183358 0.23020834533963352 0.1671875024912879 0.19218750286381692
0 0.3375000050291419 0.4343750226544216 0.20937500311993062 0.15468750230502337
0 0.788281261746306 0.5520833621267229 0.15156250225845724 0.15625000232830644
0 0.8695312629570253 0.4145833549555391 0.15156250225845724 0.15625000232830644
0 0.7640625113854185 0.17083334224298596 0.15937500237487257 0.20312500302679837
0 0.08906250132713467 0.2781250145053491 0.1750000026077032 0.19531250291038305
0 0.18125000270083547 0.0989583384944126 0.1625000024214387 0.14531250216532499
0 0.9242187637719326 0.23958334582857788 0.15156250225845724 0.15625000232830644
0 0.9242187637719326 0.6479167004581541 0.15156250225845724 0.16562500246800482
1 0.49375000735744834 0.7437500387895852 0.3562500053085387 0.3781250056345016
1 0.2914062543422915 0.7770833738613874 0.06093750090803951 0.05625000083819032
1 0.1382812520605512 0.41770835511852056 0.08281250123400241 0.07343750109430403
0 0.16796875250292942 0.6739583684829995 0.1671875024912879 0.19218750286381692
0 0.5179687577183358 0.23020834533963352 0.1671875024912879 0.19218750286381692
0 0.3375000050291419 0.4343750226544216 0.20937500311993062 0.15468750230502337
0 0.788281261746306 0.5520833621267229 0.15156250225845724 0.15625000232830644
0 0.8695312629570253 0.4145833549555391 0.15156250225845724 0.15625000232830644
0 0.7640625113854185 0.17083334224298596 0.15937500237487257 0.20312500302679837
0 0.08906250132713467 0.2781250145053491 0.1750000026077032 0.19531250291038305
0 0.18125000270083547 0.0989583384944126 0.1625000024214387 0.14531250216532499
0 0.9242187637719326 0.23958334582857788 0.15156250225845724 0.15625000232830644
0 0.9242187637719326 0.6479167004581541 0.15156250225845724 0.16562500246800482
1 0.49375000735744834 0.7437500387895852 0.3562500053085387 0.3781250056345016
1 0.2914062543422915 0.7770833738613874 0.06093750090803951 0.05625000083819032
1 0.1382812520605512 0.41770835511852056 0.08281250123400241 0.07343750109430403
0 0.16796875250292942 0.6739583684829995 0.1671875024912879 0.19218750286381692
0 0.5179687577183358 0.23020834533963352 0.1671875024912879 0.19218750286381692
0 0.3375000050291419 0.4343750226544216 0.20937500311993062 0.15468750230502337
0 0.788281261746306 0.5520833621267229 0.15156250225845724 0.15625000232830644
0 0.8695312629570253 0.4145833549555391 0.15156250225845724 0.15625000232830644
0 0.7640625113854185 0.17083334224298596 0.15937500237487257 0.20312500302679837
0 0.08906250132713467 0.2781250145053491 0.1750000026077032 0.19531250291038305
0 0.18125000270083547 0.0989583384944126 0.1625000024214387 0.14531250216532499
0 0.9242187637719326 0.23958334582857788 0.15156250225845724 0.15625000232830644
0 0.9242187637719326 0.6479167004581541 0.15156250225845724 0.16562500246800482
1 0.49375000735744834 0.7437500387895852 0.3562500053085387 0.3781250056345016
1 0.2914062543422915 0.7770833738613874 0.06093750090803951 0.05625000083819032
1 0.1382812520605512 0.41770835511852056 0.08281250123400241 0.07343750109430403
0 0.16796875250292942 0.6739583684829995 0.1671875024912879 0.19218750286381692
0 0.5179687577183358 0.23020834533963352 0.1671875024912879 0.19218750286381692
0 0.3375000050291419 0.4343750226544216 0.20937500311993062 0.15468750230502337
0 0.788281261746306 0.5520833621267229 0.15156250225845724 0.15625000232830644
0 0.8695312629570253 0.4145833549555391 0.15156250225845724 0.15625000232830644
0 0.7640625113854185 0.17083334224298596 0.15937500237487257 0.20312500302679837
0 0.08906250132713467 0.2781250145053491 0.1750000026077032 0.19531250291038305
0 0.18125000270083547 0.0989583384944126 0.1625000024214387 0.14531250216532499
0 0.9242187637719326 0.23958334582857788 0.15156250225845724 0.15625000232830644
0 0.9242187637719326 0.6479167004581541 0.15156250225845724 0.16562500246800482
1 0.49375000735744834 0.7437500387895852 0.3562500053085387 0.3781250056345016
1 0.2914062543422915 0.7770833738613874 0.06093750090803951 0.05625000083819032
1 0.1382812520605512 0.41770835511852056 0.08281250123400241 0.07343750109430403
0 0.16796875250292942 0.6739583684829995 0.1671875024912879 0.19218750286381692
0 0.5179687577183358 0.23020834533963352 0.1671875024912879 0.19218750286381692
0 0.3375000050291419 0.4343750226544216 0.20937500311993062 0.15468750230502337
0 0.788281261746306 0.5520833621267229 0.15156250225845724 0.15625000232830644
0 0.8695312629570253 0.4145833549555391 0.15156250225845724 0.15625000232830644
0 0.7640625113854185 0.17083334224298596 0.15937500237487257 0.20312500302679837
0 0.08906250132713467 0.2781250145053491 0.1750000026077032 0.19531250291038305
0 0.18125000270083547 0.0989583384944126 0.1625000024214387 0.14531250216532499
0 0.9242187637719326 0.23958334582857788 0.15156250225845724 0.15625000232830644
0 0.9242187637719326 0.6479167004581541 0.15156250225845724 0.16562500246800482
1 0.49375000735744834 0.7437500387895852 0.3562500053085387 0.3781250056345016
2 0.2914062543422915 0.7770833738613874 0.06093750090803951 0.05625000083819032
2 0.1382812520605512 0.41770835511852056 0.08281250123400241 0.07343750109430403
0 0.16796875250292942 0.6739583684829995 0.1671875024912879 0.19218750286381692
0 0.5179687577183358 0.23020834533963352 0.1671875024912879 0.19218750286381692
0 0.3375000050291419 0.4343750226544216 0.20937500311993062 0.15468750230502337
0 0.788281261746306 0.5520833621267229 0.15156250225845724 0.15625000232830644
0 0.8695312629570253 0.4145833549555391 0.15156250225845724 0.15625000232830644
0 0.7640625113854185 0.17083334224298596 0.15937500237487257 0.20312500302679837
0 0.08906250132713467 0.2781250145053491 0.1750000026077032 0.19531250291038305
0 0.18125000270083547 0.0989583384944126 0.1625000024214387 0.14531250216532499
0 0.9242187637719326 0.23958334582857788 0.15156250225845724 0.15625000232830644
0 0.9242187637719326 0.6479167004581541 0.15156250225845724 0.16562500246800482
1 0.49375000735744834 0.7437500387895852 0.3562500053085387 0.3781250056345016
2 0.2914062543422915 0.7770833738613874 0.06093750090803951 0.05625000083819032
2 0.1382812520605512 0.41770835511852056 0.08281250123400241 0.07343750109430403
0 0.16796875 0.6739583611488342 0.16718749701976776 0.19218750298023224
0 0.5179687738418579 0.2302083522081375 0.16718749701976776 0.19218750298023224
0 0.3375000059604645 0.43437501788139343 0.20937500894069672 0.15468750894069672
0 0.788281261920929 0.5520833730697632 0.15156249701976776 0.15625
0 0.8695312738418579 0.41458335518836975 0.15156249701976776 0.15625
0 0.7640625238418579 0.17083334922790527 0.15937499701976776 0.203125
0 0.08906250447034836 0.27812501788139343 0.17499999701976776 0.1953125
0 0.18125000596046448 0.0989583358168602 0.16250000894069672 0.14531250298023224
0 0.9242187738418579 0.2395833432674408 0.15156249701976776 0.15625
0 0.9242187738418579 0.6479166746139526 0.15156249701976776 0.16562500596046448
1 0.4937500059604645 0.7437500357627869 0.35625001788139343 0.37812501192092896
2 0.2914062440395355 0.7770833969116211 0.06093750149011612 0.05625000223517418
2 0.13828125596046448 0.4177083671092987 0.08281250298023224 0.07343750447034836
0 0.16796875 0.6739583611488342 0.16718749701976776 0.19218750298023224
0 0.5179687738418579 0.2302083522081375 0.16718749701976776 0.19218750298023224
0 0.3375000059604645 0.43437501788139343 0.20937500894069672 0.15468750894069672
0 0.788281261920929 0.5520833730697632 0.15156249701976776 0.15625
0 0.8695312738418579 0.41458335518836975 0.15156249701976776 0.15625
0 0.7640625238418579 0.17083334922790527 0.15937499701976776 0.203125
0 0.08906250447034836 0.27812501788139343 0.17499999701976776 0.1953125
0 0.18125000596046448 0.0989583358168602 0.16250000894069672 0.14531250298023224
0 0.9242187738418579 0.2395833432674408 0.15156249701976776 0.15625
0 0.9242187738418579 0.6479166746139526 0.15156249701976776 0.16562500596046448
1 0.4937500059604645 0.7437500357627869 0.35625001788139343 0.37812501192092896
2 0.2914062440395355 0.7770833969116211 0.06093750149011612 0.05625000223517418
2 0.13828125596046448 0.4177083671092987 0.08281250298023224 0.07343750447034836
0 0.16796875 0.6739583611488342 0.16718749701976776 0.19218750298023224
0 0.5179687738418579 0.2302083522081375 0.16718749701976776 0.19218750298023224
0 0.3375000059604645 0.43437501788139343 0.20937500894069672 0.15468750894069672
0 0.788281261920929 0.5520833730697632 0.15156249701976776 0.15625
0 0.8695312738418579 0.41458335518836975 0.15156249701976776 0.15625
0 0.7640625238418579 0.17083334922790527 0.15937499701976776 0.203125
0 0.08906250447034836 0.27812501788139343 0.17499999701976776 0.1953125
0 0.18125000596046448 0.0989583358168602 0.16250000894069672 0.14531250298023224
0 0.9242187738418579 0.2395833432674408 0.15156249701976776 0.15625
0 0.9242187738418579 0.6479166746139526 0.15156249701976776 0.16562500596046448
1 0.4937500059604645 0.7437500357627869 0.35625001788139343 0.37812501192092896
2 0.2914062440395355 0.7770833969116211 0.06093750149011612 0.05625000223517418
2 0.13828125596046448 0.4177083671092987 0.08281250298023224 0.07343750447034836
0 0.16796875 0.6739583611488342 0.16718749701976776 0.19218750298023224
0 0.5179687738418579 0.2302083522081375 0.16718749701976776 0.19218750298023224
0 0.3375000059604645 0.43437501788139343 0.20937500894069672 0.15468750894069672
0 0.788281261920929 0.5520833730697632 0.15156249701976776 0.15625
0 0.8695312738418579 0.41458335518836975 0.15156249701976776 0.15625
0 0.7640625238418579 0.17083334922790527 0.15937499701976776 0.203125
0 0.08906250447034836 0.27812501788139343 0.17499999701976776 0.1953125
0 0.18125000596046448 0.0989583358168602 0.16250000894069672 0.14531250298023224
0 0.9242187738418579 0.2395833432674408 0.15156249701976776 0.15625
0 0.9242187738418579 0.6479166746139526 0.15156249701976776 0.16562500596046448
1 0.4937500059604645 0.7437500357627869 0.35625001788139343 0.37812501192092896
2 0.2914062440395355 0.7770833969116211 0.06093750149011612 0.05625000223517418
2 0.13828125596046448 0.4177083671092987 0.08281250298023224 0.07343750447034836
0 0.16796875 0.6739583611488342 0.16718749701976776 0.19218750298023224
0 0.5179687738418579 0.2302083522081375 0.16718749701976776 0.19218750298023224
0 0.3375000059604645 0.43437501788139343 0.20937500894069672 0.15468750894069672
0 0.788281261920929 0.5520833730697632 0.15156249701976776 0.15625
0 0.8695312738418579 0.41458335518836975 0.15156249701976776 0.15625
0 0.7640625238418579 0.17083334922790527 0.15937499701976776 0.203125
0 0.08906250447034836 0.27812501788139343 0.17499999701976776 0.1953125
0 0.18125000596046448 0.0989583358168602 0.16250000894069672 0.14531250298023224
0 0.9242187738418579 0.2395833432674408 0.15156249701976776 0.15625
0 0.9242187738418579 0.6479166746139526 0.15156249701976776 0.16562500596046448
1 0.4937500059604645 0.7437500357627869 0.35625001788139343 0.37812501192092896
2 0.2914062440395355 0.7770833969116211 0.06093750149011612 0.05625000223517418
2 0.13828125596046448 0.4177083671092987 0.08281250298023224 0.07343750447034836
0 0.16796875 0.6739583611488342 0.16718749701976776 0.19218750298023224
0 0.5179687738418579 0.2302083522081375 0.16718749701976776 0.19218750298023224
0 0.3375000059604645 0.43437501788139343 0.20937500894069672 0.15468750894069672
0 0.788281261920929 0.5520833730697632 0.15156249701976776 0.15625
0 0.8695312738418579 0.41458335518836975 0.15156249701976776 0.15625
0 0.7640625238418579 0.17083334922790527 0.15937499701976776 0.203125
0 0.08906250447034836 0.27812501788139343 0.17499999701976776 0.1953125
0 0.18125000596046448 0.0989583358168602 0.16250000894069672 0.14531250298023224
0 0.9242187738418579 0.2395833432674408 0.15156249701976776 0.15625
0 0.9242187738418579 0.6479166746139526 0.15156249701976776 0.16562500596046448
1 0.4937500059604645 0.7437500357627869 0.35625001788139343 0.37812501192092896
2 0.2914062440395355 0.7770833969116211 0.06093750149011612 0.05625000223517418
2 0.13828125596046448 0.4177083671092987 0.08281250298023224 0.07343750447034836
0 0.16796875 0.6739583611488342 0.16718749701976776 0.19218750298023224
0 0.5179687738418579 0.2302083522081375 0.16718749701976776 0.19218750298023224
0 0.3375000059604645 0.43437501788139343 0.20937500894069672 0.15468750894069672
0 0.788281261920929 0.5520833730697632 0.15156249701976776 0.15625
0 0.8695312738418579 0.41458335518836975 0.15156249701976776 0.15625
0 0.7640625238418579 0.17083334922790527 0.15937499701976776 0.203125
0 0.08906250447034836 0.27812501788139343 0.17499999701976776 0.1953125
0 0.18125000596046448 0.0989583358168602 0.16250000894069672 0.14531250298023224
0 0.9242187738418579 0.2395833432674408 0.15156249701976776 0.15625
0 0.9242187738418579 0.6479166746139526 0.15156249701976776 0.16562500596046448
1 0.4937500059604645 0.7437500357627869 0.35625001788139343 0.37812501192092896
2 0.2914062440395355 0.7770833969116211 0.06093750149011612 0.05625000223517418
2 0.13828125596046448 0.4177083671092987 0.08281250298023224 0.07343750447034836
