0 0.21328125317813829 0.6958333696238697 0.1578125023515895 0.15937500237487257
0 0.14609375217696652 0.4812500250991434 0.1578125023515895 0.15937500237487257
0 0.41171875613508746 0.13958334061317146 0.1578125023515895 0.15937500237487257
0 0.21015625313157216 0.19375001010484993 0.1578125023515895 0.15937500237487257
0 0.9226562637486495 0.4072916879085824 0.15468750230502337 0.1796875026775524
0 0.9226562637486495 0.8218750428641215 0.15468750230502337 0.1796875026775524
0 0.7835937616764568 0.15729167487006634 0.15468750230502337 0.1796875026775524
0 0.8992187633994035 0.16250000847503543 0.1890625028172508 0.19375000288709998
0 0.364062505424954 0.4635416908422485 0.1531250022817403 0.14843750221189111
0 0.40468750603031367 0.6531250340631232 0.1531250022817403 0.14843750221189111
0 0.7523437612107955 0.8010417084442452 0.16406250244472176 0.16093750239815563
0 0.4757812570896931 0.3510416849749163 0.12343750183936208 0.17031250253785402
1 0.532812507939525 0.5312500277068466 0.19375000288709998 0.16562500246800482
0 0.21328125317813829 0.6958333696238697 0.1578125023515895 0.15937500237487257
0 0.14609375217696652 0.4812500250991434 0.1578125023515895 0.15937500237487257
0 0.41171875613508746 0.13958334061317146 0.1578125023515895 0.15937500237487257
0 0.21015625313157216 0.19375001010484993 0.1578125023515895 0.15937500237487257
0 0.9226562637486495 0.4072916879085824 0.15468750230502337 0.1796875026775524
0 0.9226562637486495 0.8218750428641215 0.15468750230502337 0.1796875026775524
0 0.7835937616764568 0.15729167487006634 0.15468750230502337 0.1796875026775524
0 0.8992187633994035 0.16250000847503543 0.1890625028172508 0.19375000288709998
0 0.364062505424954 0.4635416908422485 0.1531250022817403 0.14843750221189111
0 0.40468750603031367 0.6531250340631232 0.1531250022817403 0.14843750221189111
0 0.7523437612107955 0.8010417084442452 0.16406250244472176 0.16093750239815563
0 0.4757812570896931 0.3510416849749163 0.12343750183936208 0.17031250253785402
1 0.532812507939525 0.5312500277068466 0.19375000288709998 0.16562500246800482
0 0.21328125317813829 0.6958333696238697 0.1578125023515895 0.15937500237487257
0 0.14609375217696652 0.4812500250991434 0.1578125023515895 0.15937500237487257
0 0.41171875613508746 0.13958334061317146 0.1578125023515895 0.15937500237487257
0 0.21015625313157216 0.19375001010484993 0.1578125023515895 0.15937500237487257
0 0.9226562637486495 0.4072916879085824 0.15468750230502337 0.1796875026775524
0 0.9226562637486495 0.8218750428641215 0.15468750230502337 0.1796875026775524
0 0.7835937616764568 0.15729167487006634 0.15468750230502337 0.1796875026775524
0 0.8992187633994035 0.16250000847503543 0.1890625028172508 0.19375000288709998
0 0.364062505424954 0.4635416908422485 0.1531250022817403 0.14843750221189111
0 0.40468750603031367 0.6531250340631232 0.1531250022817403 0.14843750221189111
0 0.7523437612107955 0.8010417084442452 0.16406250244472176 0.16093750239815563
0 0.4757812570896931 0.3510416849749163 0.12343750183936208 0.17031250253785402
1 0.532812507939525 0.5312500277068466 0.19375000288709998 0.16562500246800482
0 0.21328125317813829 0.6958333696238697 0.1578125023515895 0.15937500237487257
0 0.14609375217696652 0.4812500250991434 0.1578125023515895 0.15937500237487257
0 0.41171875613508746 0.13958334061317146 0.1578125023515895 0.15937500237487257
0 0.21015625313157216 0.19375001010484993 0.1578125023515895 0.15937500237487257
0 0.9226562637486495 0.4072916879085824 0.15468750230502337 0.1796875026775524
0 0.9226562637486495 0.8218750428641215 0.15468750230502337 0.1796875026775524
0 0.7835937616764568 0.15729167487006634 0.15468750230502337 0.1796875026775524
0 0.8992187633994035 0.16250000847503543 0.1890625028172508 0.19375000288709998
0 0.364062505424954 0.4635416908422485 0.1531250022817403 0.14843750221189111
0 0.40468750603031367 0.6531250340631232 0.1531250022817403 0.14843750221189111
0 0.7523437612107955 0.8010417084442452 0.16406250244472176 0.16093750239815563
0 0.4757812570896931 0.3510416849749163 0.12343750183936208 0.17031250253785402
1 0.532812507939525 0.5312500277068466 0.19375000288709998 0.16562500246800482
0 0.21328125317813829 0.6958333696238697 0.1578125023515895 0.15937500237487257
0 0.14609375217696652 0.4812500250991434 0.1578125023515895 0.15937500237487257
0 0.41171875613508746 0.13958334061317146 0.1578125023515895 0.15937500237487257
0 0.21015625313157216 0.19375001010484993 0.1578125023515895 0.15937500237487257
0 0.9226562637486495 0.4072916879085824 0.15468750230502337 0.1796875026775524
0 0.9226562637486495 0.8218750428641215 0.15468750230502337 0.1796875026775524
0 0.7835937616764568 0.15729167487006634 0.15468750230502337 0.1796875026775524
0 0.8992187633994035 0.16250000847503543 0.1890625028172508 0.19375000288709998
0 0.364062505424954 0.4635416908422485 0.1531250022817403 0.14843750221189111
0 0.40468750603031367 0.6531250340631232 0.1531250022817403 0.14843750221189111
0 0.7523437612107955 0.8010417084442452 0.16406250244472176 0.16093750239815563
0 0.4757812570896931 0.3510416849749163 0.12343750183936208 0.17031250253785402
1 0.532812507939525 0.5312500277068466 0.19375000288709998 0.16562500246800482
0 0.21328125317813829 0.6958333696238697 0.1578125023515895 0.15937500237487257
0 0.14609375217696652 0.4812500250991434 0.1578125023515895 0.15937500237487257
0 0.41171875613508746 0.13958334061317146 0.1578125023515895 0.15937500237487257
0 0.21015625313157216 0.19375001010484993 0.1578125023515895 0.15937500237487257
0 0.9226562637486495 0.4072916879085824 0.15468750230502337 0.1796875026775524
0 0.9226562637486495 0.8218750428641215 0.15468750230502337 0.1796875026775524
0 0.7835937616764568 0.15729167487006634 0.15468750230502337 0.1796875026775524
0 0.8992187633994035 0.16250000847503543 0.1890625028172508 0.19375000288709998
0 0.364062505424954 0.4635416908422485 0.1531250022817403 0.14843750221189111
0 0.40468750603031367 0.6531250340631232 0.1531250022817403 0.14843750221189111
0 0.7523437612107955 0.8010417084442452 0.16406250244472176 0.16093750239815563
0 0.4757812570896931 0.3510416849749163 0.12343750183936208 0.17031250253785402
1 0.532812507939525 0.5312500277068466 0.19375000288709998 0.16562500246800482
0 0.21328125317813829 0.6958333696238697 0.1578125023515895 0.15937500237487257
0 0.14609375217696652 0.4812500250991434 0.1578125023515895 0.15937500237487257
0 0.41171875613508746 0.13958334061317146 0.1578125023515895 0.15937500237487257
0 0.21015625313157216 0.19375001010484993 0.1578125023515895 0.15937500237487257
0 0.9226562637486495 0.4072916879085824 0.15468750230502337 0.1796875026775524
0 0.9226562637486495 0.8218750428641215 0.15468750230502337 0.1796875026775524
0 0.7835937616764568 0.15729167487006634 0.15468750230502337 0.1796875026775524
0 0.8992187633994035 0.16250000847503543 0.1890625028172508 0.19375000288709998
0 0.364062505424954 0.4635416908422485 0.1531250022817403 0.14843750221189111
0 0.40468750603031367 0.6531250340631232 0.1531250022817403 0.14843750221189111
0 0.7523437612107955 0.8010417084442452 0.16406250244472176 0.16093750239815563
0 0.4757812570896931 0.3510416849749163 0.12343750183936208 0.17031250253785402
1 0.532812507939525 0.5312500277068466 0.19375000288709998 0.16562500246800482
0 0.21328125317813829 0.6958333696238697 0.1578125023515895 0.15937500237487257
0 0.14609375217696652 0.4812500250991434 0.1578125023515895 0.15937500237487257
0 0.41171875613508746 0.13958334061317146 0.1578125023515895 0.15937500237487257
0 0.21015625313157216 0.19375001010484993 0.1578125023515895 0.15937500237487257
0 0.9226562637486495 0.4072916879085824 0.15468750230502337 0.1796875026775524
0 0.9226562637486495 0.8218750428641215 0.15468750230502337 0.1796875026775524
0 0.7835937616764568 0.15729167487006634 0.15468750230502337 0.1796875026775524
0 0.8992187633994035 0.16250000847503543 0.1890625028172508 0.19375000288709998
0 0.364062505424954 0.4635416908422485 0.1531250022817403 0.14843750221189111
0 0.40468750603031367 0.6531250340631232 0.1531250022817403 0.14843750221189111
0 0.7523437612107955 0.8010417084442452 0.16406250244472176 0.16093750239815563
0 0.4757812570896931 0.3510416849749163 0.12343750183936208 0.17031250253785402
1 0.532812507939525 0.5312500277068466 0.19375000288709998 0.16562500246800482
0 0.21328125317813829 0.6958333696238697 0.1578125023515895 0.15937500237487257
0 0.14609375217696652 0.4812500250991434 0.1578125023515895 0.15937500237487257
0 0.41171875613508746 0.13958334061317146 0.1578125023515895 0.15937500237487257
0 0.21015625313157216 0.19375001010484993 0.1578125023515895 0.15937500237487257
0 0.9226562637486495 0.4072916879085824 0.15468750230502337 0.1796875026775524
0 0.9226562637486495 0.8218750428641215 0.15468750230502337 0.1796875026775524
0 0.7835937616764568 0.15729167487006634 0.15468750230502337 0.1796875026775524
0 0.8992187633994035 0.16250000847503543 0.1890625028172508 0.19375000288709998
0 0.364062505424954 0.4635416908422485 0.1531250022817403 0.14843750221189111
0 0.40468750603031367 0.6531250340631232 0.1531250022817403 0.14843750221189111
0 0.7523437612107955 0.8010417084442452 0.16406250244472176 0.16093750239815563
0 0.4757812570896931 0.3510416849749163 0.12343750183936208 0.17031250253785402
1 0.532812507939525 0.5312500277068466 0.19375000288709998 0.16562500246800482
0 0.21328125317813829 0.6958333696238697 0.1578125023515895 0.15937500237487257
0 0.14609375217696652 0.4812500250991434 0.1578125023515895 0.15937500237487257
0 0.41171875613508746 0.13958334061317146 0.1578125023515895 0.15937500237487257
0 0.21015625313157216 0.19375001010484993 0.1578125023515895 0.15937500237487257
0 0.9226562637486495 0.4072916879085824 0.15468750230502337 0.1796875026775524
0 0.9226562637486495 0.8218750428641215 0.15468750230502337 0.1796875026775524
0 0.7835937616764568 0.15729167487006634 0.15468750230502337 0.1796875026775524
0 0.8992187633994035 0.16250000847503543 0.1890625028172508 0.19375000288709998
0 0.364062505424954 0.4635416908422485 0.1531250022817403 0.14843750221189111
0 0.40468750603031367 0.6531250340631232 0.1531250022817403 0.14843750221189111
0 0.7523437612107955 0.8010417084442452 0.16406250244472176 0.16093750239815563
0 0.4757812570896931 0.3510416849749163 0.12343750183936208 0.17031250253785402
1 0.532812507939525 0.5312500277068466 0.19375000288709998 0.16562500246800482
0 0.21328125317813829 0.6958333696238697 0.1578125023515895 0.15937500237487257
0 0.14609375217696652 0.4812500250991434 0.1578125023515895 0.15937500237487257
0 0.41171875613508746 0.13958334061317146 0.1578125023515895 0.15937500237487257
0 0.21015625313157216 0.19375001010484993 0.1578125023515895 0.15937500237487257
0 0.9226562637486495 0.4072916879085824 0.15468750230502337 0.1796875026775524
0 0.9226562637486495 0.8218750428641215 0.15468750230502337 0.1796875026775524
0 0.7835937616764568 0.15729167487006634 0.15468750230502337 0.1796875026775524
0 0.8992187633994035 0.16250000847503543 0.1890625028172508 0.19375000288709998
0 0.364062505424954 0.4635416908422485 0.1531250022817403 0.14843750221189111
0 0.40468750603031367 0.6531250340631232 0.1531250022817403 0.14843750221189111
0 0.7523437612107955 0.8010417084442452 0.16406250244472176 0.16093750239815563
0 0.4757812570896931 0.3510416849749163 0.12343750183936208 0.17031250253785402
1 0.532812507939525 0.5312500277068466 0.19375000288709998 0.16562500246800482
0 0.21328125317813829 0.6958333696238697 0.1578125023515895 0.15937500237487257
0 0.14609375217696652 0.4812500250991434 0.1578125023515895 0.15937500237487257
0 0.41171875613508746 0.13958334061317146 0.1578125023515895 0.15937500237487257
0 0.21015625313157216 0.19375001010484993 0.1578125023515895 0.15937500237487257
0 0.9226562637486495 0.4072916879085824 0.15468750230502337 0.1796875026775524
0 0.9226562637486495 0.8218750428641215 0.15468750230502337 0.1796875026775524
0 0.7835937616764568 0.15729167487006634 0.15468750230502337 0.1796875026775524
0 0.8992187633994035 0.16250000847503543 0.1890625028172508 0.19375000288709998
0 0.364062505424954 0.4635416908422485 0.1531250022817403 0.14843750221189111
0 0.40468750603031367 0.6531250340631232 0.1531250022817403 0.14843750221189111
0 0.7523437612107955 0.8010417084442452 0.16406250244472176 0.16093750239815563
0 0.4757812570896931 0.3510416849749163 0.12343750183936208 0.17031250253785402
1 0.532812507939525 0.5312500277068466 0.19375000288709998 0.16562500246800482
0 0.21328125317813829 0.6958333696238697 0.1578125023515895 0.15937500237487257
0 0.14609375217696652 0.4812500250991434 0.1578125023515895 0.15937500237487257
0 0.41171875613508746 0.13958334061317146 0.1578125023515895 0.15937500237487257
0 0.21015625313157216 0.19375001010484993 0.1578125023515895 0.15937500237487257
0 0.9226562637486495 0.4072916879085824 0.15468750230502337 0.1796875026775524
0 0.9226562637486495 0.8218750428641215 0.15468750230502337 0.1796875026775524
0 0.7835937616764568 0.15729167487006634 0.15468750230502337 0.1796875026775524
0 0.8992187633994035 0.16250000847503543 0.1890625028172508 0.19375000288709998
0 0.364062505424954 0.4635416908422485 0.1531250022817403 0.14843750221189111
0 0.40468750603031367 0.6531250340631232 0.1531250022817403 0.14843750221189111
0 0.7523437612107955 0.8010417084442452 0.16406250244472176 0.16093750239815563
0 0.4757812570896931 0.3510416849749163 0.12343750183936208 0.17031250253785402
1 0.532812507939525 0.5312500277068466 0.19375000288709998 0.16562500246800482
0 0.21328125317813829 0.6958333696238697 0.1578125023515895 0.15937500237487257
0 0.14609375217696652 0.4812500250991434 0.1578125023515895 0.15937500237487257
0 0.41171875613508746 0.13958334061317146 0.1578125023515895 0.15937500237487257
0 0.21015625313157216 0.19375001010484993 0.1578125023515895 0.15937500237487257
0 0.9226562637486495 0.4072916879085824 0.15468750230502337 0.1796875026775524
0 0.9226562637486495 0.8218750428641215 0.15468750230502337 0.1796875026775524
0 0.7835937616764568 0.15729167487006634 0.15468750230502337 0.1796875026775524
0 0.8992187633994035 0.16250000847503543 0.1890625028172508 0.19375000288709998
0 0.364062505424954 0.4635416908422485 0.1531250022817403 0.14843750221189111
0 0.40468750603031367 0.6531250340631232 0.1531250022817403 0.14843750221189111
0 0.7523437612107955 0.8010417084442452 0.16406250244472176 0.16093750239815563
0 0.4757812570896931 0.3510416849749163 0.12343750183936208 0.17031250253785402
1 0.532812507939525 0.5312500277068466 0.19375000288709998 0.16562500246800482
0 0.21328125317813829 0.6958333696238697 0.1578125023515895 0.15937500237487257
0 0.14609375217696652 0.4812500250991434 0.1578125023515895 0.15937500237487257
0 0.41171875613508746 0.13958334061317146 0.1578125023515895 0.15937500237487257
0 0.21015625313157216 0.19375001010484993 0.1578125023515895 0.15937500237487257
0 0.9226562637486495 0.4072916879085824 0.15468750230502337 0.1796875026775524
0 0.9226562637486495 0.8218750428641215 0.15468750230502337 0.1796875026775524
0 0.7835937616764568 0.15729167487006634 0.15468750230502337 0.1796875026775524
0 0.8992187633994035 0.16250000847503543 0.1890625028172508 0.19375000288709998
0 0.364062505424954 0.4635416908422485 0.1531250022817403 0.14843750221189111
0 0.40468750603031367 0.6531250340631232 0.1531250022817403 0.14843750221189111
0 0.7523437612107955 0.8010417084442452 0.16406250244472176 0.16093750239815563
0 0.4757812570896931 0.3510416849749163 0.12343750183936208 0.17031250253785402
1 0.532812507939525 0.5312500277068466 0.19375000288709998 0.16562500246800482
0 0.21328125894069672 0.6958333849906921 0.15781250596046448 0.15937499701976776
0 0.14609375596046448 0.48125001788139343 0.15781250596046448 0.15937499701976776
0 0.4117187559604645 0.13958333432674408 0.15781250596046448 0.15937499701976776
0 0.21015624701976776 0.19375000894069672 0.15781250596046448 0.15937499701976776
0 0.922656238079071 0.4072916805744171 0.15468750894069672 0.1796875
0 0.922656238079071 0.8218750357627869 0.15468750894069672 0.1796875
0 0.7835937738418579 0.15729168057441711 0.15468750894069672 0.1796875
0 0.899218738079071 0.16250000894069672 0.18906250596046448 0.19375000894069672
0 0.36406251788139343 0.4635416865348816 0.15312500298023224 0.1484375
0 0.4046874940395355 0.6531250476837158 0.15312500298023224 0.1484375
0 0.7523437738418579 0.8010417222976685 0.1640625 0.16093750298023224
0 0.47578126192092896 0.35104167461395264 0.12343750149011612 0.17031250894069672
1 0.5328125357627869 0.53125 0.19375000894069672 0.16562500596046448
0 0.21328125894069672 0.6958333849906921 0.15781250596046448 0.15937499701976776
0 0.14609375596046448 0.48125001788139343 0.15781250596046448 0.15937499701976776
0 0.4117187559604645 0.13958333432674408 0.15781250596046448 0.15937499701976776
0 0.21015624701976776 0.19375000894069672 0.15781250596046448 0.15937499701976776
0 0.922656238079071 0.4072916805744171 0.15468750894069672 0.1796875
0 0.922656238079071 0.8218750357627869 0.15468750894069672 0.1796875
0 0.7835937738418579 0.15729168057441711 0.15468750894069672 0.1796875
0 0.899218738079071 0.16250000894069672 0.18906250596046448 0.19375000894069672
0 0.36406251788139343 0.4635416865348816 0.15312500298023224 0.1484375
0 0.4046874940395355 0.6531250476837158 0.15312500298023224 0.1484375
0 0.7523437738418579 0.8010417222976685 0.1640625 0.16093750298023224
0 0.47578126192092896 0.35104167461395264 0.12343750149011612 0.17031250894069672
1 0.5328125357627869 0.53125 0.19375000894069672 0.16562500596046448
0 0.21328125894069672 0.6958333849906921 0.15781250596046448 0.15937499701976776
0 0.14609375596046448 0.48125001788139343 0.15781250596046448 0.15937499701976776
0 0.4117187559604645 0.13958333432674408 0.15781250596046448 0.15937499701976776
0 0.21015624701976776 0.19375000894069672 0.15781250596046448 0.15937499701976776
0 0.922656238079071 0.4072916805744171 0.15468750894069672 0.1796875
0 0.922656238079071 0.8218750357627869 0.15468750894069672 0.1796875
0 0.7835937738418579 0.15729168057441711 0.15468750894069672 0.1796875
0 0.899218738079071 0.16250000894069672 0.18906250596046448 0.19375000894069672
0 0.36406251788139343 0.4635416865348816 0.15312500298023224 0.1484375
0 0.4046874940395355 0.6531250476837158 0.15312500298023224 0.1484375
0 0.7523437738418579 0.8010417222976685 0.1640625 0.16093750298023224
0 0.47578126192092896 0.35104167461395264 0.12343750149011612 0.17031250894069672
1 0.5328125357627869 0.53125 0.19375000894069672 0.16562500596046448
0 0.21328125894069672 0.6958333849906921 0.15781250596046448 0.15937499701976776
0 0.14609375596046448 0.48125001788139343 0.15781250596046448 0.15937499701976776
0 0.4117187559604645 0.13958333432674408 0.15781250596046448 0.15937499701976776
0 0.21015624701976776 0.19375000894069672 0.15781250596046448 0.15937499701976776
0 0.922656238079071 0.4072916805744171 0.15468750894069672 0.1796875
0 0.922656238079071 0.8218750357627869 0.15468750894069672 0.1796875
0 0.7835937738418579 0.15729168057441711 0.15468750894069672 0.1796875
0 0.899218738079071 0.16250000894069672 0.18906250596046448 0.19375000894069672
0 0.36406251788139343 0.4635416865348816 0.15312500298023224 0.1484375
0 0.4046874940395355 0.6531250476837158 0.15312500298023224 0.1484375
0 0.7523437738418579 0.8010417222976685 0.1640625 0.16093750298023224
0 0.47578126192092896 0.35104167461395264 0.12343750149011612 0.17031250894069672
1 0.5328125357627869 0.53125 0.19375000894069672 0.16562500596046448
0 0.21328125894069672 0.6958333849906921 0.15781250596046448 0.15937499701976776
0 0.14609375596046448 0.48125001788139343 0.15781250596046448 0.15937499701976776
0 0.4117187559604645 0.13958333432674408 0.15781250596046448 0.15937499701976776
0 0.21015624701976776 0.19375000894069672 0.15781250596046448 0.15937499701976776
0 0.922656238079071 0.4072916805744171 0.15468750894069672 0.1796875
0 0.922656238079071 0.8218750357627869 0.15468750894069672 0.1796875
0 0.7835937738418579 0.15729168057441711 0.15468750894069672 0.1796875
0 0.899218738079071 0.16250000894069672 0.18906250596046448 0.19375000894069672
0 0.36406251788139343 0.4635416865348816 0.15312500298023224 0.1484375
0 0.4046874940395355 0.6531250476837158 0.15312500298023224 0.1484375
0 0.7523437738418579 0.8010417222976685 0.1640625 0.16093750298023224
0 0.47578126192092896 0.35104167461395264 0.12343750149011612 0.17031250894069672
1 0.5328125357627869 0.53125 0.19375000894069672 0.16562500596046448
0 0.21328125894069672 0.6958333849906921 0.15781250596046448 0.15937499701976776
0 0.14609375596046448 0.48125001788139343 0.15781250596046448 0.15937499701976776
0 0.4117187559604645 0.13958333432674408 0.15781250596046448 0.15937499701976776
0 0.21015624701976776 0.19375000894069672 0.15781250596046448 0.15937499701976776
0 0.922656238079071 0.4072916805744171 0.15468750894069672 0.1796875
0 0.922656238079071 0.8218750357627869 0.15468750894069672 0.1796875
0 0.7835937738418579 0.15729168057441711 0.15468750894069672 0.1796875
0 0.899218738079071 0.16250000894069672 0.18906250596046448 0.19375000894069672
0 0.36406251788139343 0.4635416865348816 0.15312500298023224 0.1484375
0 0.4046874940395355 0.6531250476837158 0.15312500298023224 0.1484375
0 0.7523437738418579 0.8010417222976685 0.1640625 0.16093750298023224
0 0.47578126192092896 0.35104167461395264 0.12343750149011612 0.17031250894069672
1 0.5328125357627869 0.53125 0.19375000894069672 0.16562500596046448
0 0.21328125894069672 0.6958333849906921 0.15781250596046448 0.15937499701976776
0 0.14609375596046448 0.48125001788139343 0.15781250596046448 0.15937499701976776
0 0.4117187559604645 0.13958333432674408 0.15781250596046448 0.15937499701976776
0 0.21015624701976776 0.19375000894069672 0.15781250596046448 0.15937499701976776
0 0.922656238079071 0.4072916805744171 0.15468750894069672 0.1796875
0 0.922656238079071 0.8218750357627869 0.15468750894069672 0.1796875
0 0.7835937738418579 0.15729168057441711 0.15468750894069672 0.1796875
0 0.899218738079071 0.16250000894069672 0.18906250596046448 0.19375000894069672
0 0.36406251788139343 0.4635416865348816 0.15312500298023224 0.1484375
0 0.4046874940395355 0.6531250476837158 0.15312500298023224 0.1484375
0 0.7523437738418579 0.8010417222976685 0.1640625 0.16093750298023224
0 0.47578126192092896 0.35104167461395264 0.12343750149011612 0.17031250894069672
1 0.5328125357627869 0.53125 0.19375000894069672 0.16562500596046448
