1 0.21015625313157216 0.6395833666902035 0.3234375048195943 0.30937500461004674
0 0.48906250728759915 0.7031250366708264 0.18125000270083547 0.17031250253785402
0 0.7203125107334927 0.7375000384636223 0.1750000026077032 0.2062500030733645
0 0.66796875995351 0.31250001629814506 0.18281250272411853 0.2281250033993274
0 0.22656250337604433 0.29895834892522544 0.17187500256113708 0.14218750211875886
0 0.4031250060070306 0.8552083779359236 0.17187500256113708 0.14218750211875886
0 0.5820312586729415 0.9125000475905836 0.17031250253785402 0.1312500019557774
0 0.9476562641211785 0.45937502395827323 0.10156250151339918 0.1890625028172508
0 0.8046875119907781 0.2406250125495717 0.1531250022817403 0.18281250272411853
0 0.9257812637952156 0.20000001043081284 0.14218750211875886 0.15000000223517418
0 0.8585937627940439 0.5614583626156673 0.15468750230502337 0.17343750258442014
0 0.37734375562286004 0.1354166737291962 0.1796875026775524 0.16562500246800482
0 0.25390625378349796 0.18125000945292413 0.1796875026775524 0.16562500246800482
0 0.7890625117579475 0.9208333813585341 0.15625000232830644 0.11875000176951289
0 0.5843750087078661 0.9166667144745588 0.15625000232830644 0.11875000176951289
1 0.21015625313157216 0.6395833666902035 0.3234375048195943 0.30937500461004674
0 0.48906250728759915 0.7031250366708264 0.18125000270083547 0.17031250253785402
0 0.7203125107334927 0.7375000384636223 0.1750000026077032 0.2062500030733645
0 0.66796875995351 0.31250001629814506 0.18281250272411853 0.2281250033993274
0 0.22656250337604433 0.29895834892522544 0.17187500256113708 0.14218750211875886
0 0.4031250060070306 0.8552083779359236 0.17187500256113708 0.14218750211875886
0 0.5820312586729415 0.9125000475905836 0.17031250253785402 0.1312500019557774
0 0.9476562641211785 0.45937502395827323 0.10156250151339918 0.1890625028172508
0 0.8046875119907781 0.2406250125495717 0.1531250022817403 0.18281250272411853
0 0.9257812637952156 0.20000001043081284 0.14218750211875886 0.15000000223517418
0 0.8585937627940439 0.5614583626156673 0.15468750230502337 0.17343750258442014
0 0.37734375562286004 0.1354166737291962 0.1796875026775524 0.16562500246800482
0 0.25390625378349796 0.18125000945292413 0.1796875026775524 0.16562500246800482
0 0.7890625117579475 0.9208333813585341 0.15625000232830644 0.11875000176951289
0 0.5843750087078661 0.9166667144745588 0.15625000232830644 0.11875000176951289
1 0.21015625313157216 0.6395833666902035 0.3234375048195943 0.30937500461004674
0 0.48906250728759915 0.7031250366708264 0.18125000270083547 0.17031250253785402
0 0.7203125107334927 0.7375000384636223 0.1750000026077032 0.2062500030733645
0 0.66796875995351 0.31250001629814506 0.18281250272411853 0.2281250033993274
0 0.22656250337604433 0.29895834892522544 0.17187500256113708 0.14218750211875886
0 0.4031250060070306 0.8552083779359236 0.17187500256113708 0.14218750211875886
0 0.5820312586729415 0.9125000475905836 0.17031250253785402 0.1312500019557774
0 0.9476562641211785 0.45937502395827323 0.10156250151339918 0.1890625028172508
0 0.8046875119907781 0.2406250125495717 0.1531250022817403 0.18281250272411853
0 0.9257812637952156 0.20000001043081284 0.14218750211875886 0.15000000223517418
0 0.8585937627940439 0.5614583626156673 0.15468750230502337 0.17343750258442014
0 0.37734375562286004 0.1354166737291962 0.1796875026775524 0.16562500246800482
0 0.25390625378349796 0.18125000945292413 0.1796875026775524 0.16562500246800482
0 0.7890625117579475 0.9208333813585341 0.15625000232830644 0.11875000176951289
0 0.5843750087078661 0.9166667144745588 0.15625000232830644 0.11875000176951289
1 0.21015625313157216 0.6395833666902035 0.3234375048195943 0.30937500461004674
0 0.48906250728759915 0.7031250366708264 0.18125000270083547 0.17031250253785402
0 0.7203125107334927 0.7375000384636223 0.1750000026077032 0.2062500030733645
0 0.66796875995351 0.31250001629814506 0.18281250272411853 0.2281250033993274
0 0.22656250337604433 0.29895834892522544 0.17187500256113708 0.14218750211875886
0 0.4031250060070306 0.8552083779359236 0.17187500256113708 0.14218750211875886
0 0.5820312586729415 0.9125000475905836 0.17031250253785402 0.1312500019557774
0 0.9476562641211785 0.45937502395827323 0.10156250151339918 0.1890625028172508
0 0.8046875119907781 0.2406250125495717 0.1531250022817403 0.18281250272411853
0 0.9257812637952156 0.20000001043081284 0.14218750211875886 0.15000000223517418
0 0.8585937627940439 0.5614583626156673 0.15468750230502337 0.17343750258442014
0 0.37734375562286004 0.1354166737291962 0.1796875026775524 0.16562500246800482
0 0.25390625378349796 0.18125000945292413 0.1796875026775524 0.16562500246800482
0 0.7890625117579475 0.9208333813585341 0.15625000232830644 0.11875000176951289
0 0.5843750087078661 0.9166667144745588 0.15625000232830644 0.11875000176951289
1 0.21015625313157216 0.6395833666902035 0.3234375048195943 0.30937500461004674
0 0.48906250728759915 0.7031250366708264 0.18125000270083547 0.17031250253785402
0 0.7203125107334927 0.7375000384636223 0.1750000026077032 0.2062500030733645
0 0.66796875995351 0.31250001629814506 0.18281250272411853 0.2281250033993274
0 0.22656250337604433 0.29895834892522544 0.17187500256113708 0.14218750211875886
0 0.4031250060070306 0.8552083779359236 0.17187500256113708 0.14218750211875886
0 0.5820312586729415 0.9125000475905836 0.17031250253785402 0.1312500019557774
0 0.9476562641211785 0.45937502395827323 0.10156250151339918 0.1890625028172508
0 0.8046875119907781 0.2406250125495717 0.1531250022817403 0.18281250272411853
0 0.9257812637952156 0.20000001043081284 0.14218750211875886 0.15000000223517418
0 0.8585937627940439 0.5614583626156673 0.15468750230502337 0.17343750258442014
0 0.37734375562286004 0.1354166737291962 0.1796875026775524 0.16562500246800482
0 0.25390625378349796 0.18125000945292413 0.1796875026775524 0.16562500246800482
0 0.7890625117579475 0.9208333813585341 0.15625000232830644 0.11875000176951289
0 0.5843750087078661 0.9166667144745588 0.15625000232830644 0.11875000176951289
1 0.21015625313157216 0.6395833666902035 0.3234375048195943 0.30937500461004674
0 0.48906250728759915 0.7031250366708264 0.18125000270083547 0.17031250253785402
0 0.7203125107334927 0.7375000384636223 0.1750000026077032 0.2062500030733645
0 0.66796875995351 0.31250001629814506 0.18281250272411853 0.2281250033993274
0 0.22656250337604433 0.29895834892522544 0.17187500256113708 0.14218750211875886
0 0.4031250060070306 0.8552083779359236 0.17187500256113708 0.14218750211875886
0 0.5820312586729415 0.9125000475905836 0.17031250253785402 0.1312500019557774
0 0.9476562641211785 0.45937502395827323 0.10156250151339918 0.1890625028172508
0 0.8046875119907781 0.2406250125495717 0.1531250022817403 0.18281250272411853
0 0.9257812637952156 0.20000001043081284 0.14218750211875886 0.15000000223517418
0 0.8585937627940439 0.5614583626156673 0.15468750230502337 0.17343750258442014
0 0.37734375562286004 0.1354166737291962 0.1796875026775524 0.16562500246800482
0 0.25390625378349796 0.18125000945292413 0.1796875026775524 0.16562500246800482
0 0.7890625117579475 0.9208333813585341 0.15625000232830644 0.11875000176951289
0 0.5843750087078661 0.9166667144745588 0.15625000232830644 0.11875000176951289
1 0.21015625313157216 0.6395833666902035 0.3234375048195943 0.30937500461004674
0 0.48906250728759915 0.7031250366708264 0.18125000270083547 0.17031250253785402
0 0.7203125107334927 0.7375000384636223 0.1750000026077032 0.2062500030733645
0 0.66796875995351 0.31250001629814506 0.18281250272411853 0.2281250033993274
0 0.22656250337604433 0.29895834892522544 0.17187500256113708 0.14218750211875886
0 0.4031250060070306 0.8552083779359236 0.17187500256113708 0.14218750211875886
0 0.5820312586729415 0.9125000475905836 0.17031250253785402 0.1312500019557774
0 0.9476562641211785 0.45937502395827323 0.10156250151339918 0.1890625028172508
0 0.8046875119907781 0.2406250125495717 0.1531250022817403 0.18281250272411853
0 0.9257812637952156 0.20000001043081284 0.14218750211875886 0.15000000223517418
0 0.8585937627940439 0.5614583626156673 0.15468750230502337 0.17343750258442014
0 0.37734375562286004 0.1354166737291962 0.1796875026775524 0.16562500246800482
0 0.25390625378349796 0.18125000945292413 0.1796875026775524 0.16562500246800482
0 0.7890625117579475 0.9208333813585341 0.15625000232830644 0.11875000176951289
0 0.5843750087078661 0.9166667144745588 0.15625000232830644 0.11875000176951289
1 0.21015625313157216 0.6395833666902035 0.3234375048195943 0.30937500461004674
0 0.48906250728759915 0.7031250366708264 0.18125000270083547 0.17031250253785402
0 0.7203125107334927 0.7375000384636223 0.1750000026077032 0.2062500030733645
0 0.66796875995351 0.31250001629814506 0.18281250272411853 0.2281250033993274
0 0.22656250337604433 0.29895834892522544 0.17187500256113708 0.14218750211875886
0 0.4031250060070306 0.8552083779359236 0.17187500256113708 0.14218750211875886
0 0.5820312586729415 0.9125000475905836 0.17031250253785402 0.1312500019557774
0 0.9476562641211785 0.45937502395827323 0.10156250151339918 0.1890625028172508
0 0.8046875119907781 0.2406250125495717 0.1531250022817403 0.18281250272411853
0 0.9257812637952156 0.20000001043081284 0.14218750211875886 0.15000000223517418
0 0.8585937627940439 0.5614583626156673 0.15468750230502337 0.17343750258442014
0 0.37734375562286004 0.1354166737291962 0.1796875026775524 0.16562500246800482
0 0.25390625378349796 0.18125000945292413 0.1796875026775524 0.16562500246800482
0 0.7890625117579475 0.9208333813585341 0.15625000232830644 0.11875000176951289
0 0.5843750087078661 0.9166667144745588 0.15625000232830644 0.11875000176951289
1 0.21015625313157216 0.6395833666902035 0.3234375048195943 0.30937500461004674
0 0.48906250728759915 0.7031250366708264 0.18125000270083547 0.17031250253785402
0 0.7203125107334927 0.7375000384636223 0.1750000026077032 0.2062500030733645
0 0.66796875995351 0.31250001629814506 0.18281250272411853 0.2281250033993274
0 0.22656250337604433 0.29895834892522544 0.17187500256113708 0.14218750211875886
0 0.4031250060070306 0.8552083779359236 0.17187500256113708 0.14218750211875886
0 0.5820312586729415 0.9125000475905836 0.17031250253785402 0.1312500019557774
0 0.9476562641211785 0.45937502395827323 0.10156250151339918 0.1890625028172508
0 0.8046875119907781 0.2406250125495717 0.1531250022817403 0.18281250272411853
0 0.9257812637952156 0.20000001043081284 0.14218750211875886 0.15000000223517418
0 0.8585937627940439 0.5614583626156673 0.15468750230502337 0.17343750258442014
0 0.37734375562286004 0.1354166737291962 0.1796875026775524 0.16562500246800482
0 0.25390625378349796 0.18125000945292413 0.1796875026775524 0.16562500246800482
0 0.7890625117579475 0.9208333813585341 0.15625000232830644 0.11875000176951289
0 0.5843750087078661 0.9166667144745588 0.15625000232830644 0.11875000176951289
1 0.21015625313157216 0.6395833666902035 0.3234375048195943 0.30937500461004674
0 0.48906250728759915 0.7031250366708264 0.18125000270083547 0.17031250253785402
0 0.7203125107334927 0.7375000384636223 0.1750000026077032 0.2062500030733645
0 0.66796875995351 0.31250001629814506 0.18281250272411853 0.2281250033993274
0 0.22656250337604433 0.29895834892522544 0.17187500256113708 0.14218750211875886
0 0.4031250060070306 0.8552083779359236 0.17187500256113708 0.14218750211875886
0 0.5820312586729415 0.9125000475905836 0.17031250253785402 0.1312500019557774
0 0.9476562641211785 0.45937502395827323 0.10156250151339918 0.1890625028172508
0 0.8046875119907781 0.2406250125495717 0.1531250022817403 0.18281250272411853
0 0.9257812637952156 0.20000001043081284 0.14218750211875886 0.15000000223517418
0 0.8585937627940439 0.5614583626156673 0.15468750230502337 0.17343750258442014
0 0.37734375562286004 0.1354166737291962 0.1796875026775524 0.16562500246800482
0 0.25390625378349796 0.18125000945292413 0.1796875026775524 0.16562500246800482
0 0.7890625117579475 0.9208333813585341 0.15625000232830644 0.11875000176951289
0 0.5843750087078661 0.9166667144745588 0.15625000232830644 0.11875000176951289
1 0.21015625313157216 0.6395833666902035 0.3234375048195943 0.30937500461004674
0 0.48906250728759915 0.7031250366708264 0.18125000270083547 0.17031250253785402
0 0.7203125107334927 0.7375000384636223 0.1750000026077032 0.2062500030733645
0 0.66796875995351 0.31250001629814506 0.18281250272411853 0.2281250033993274
0 0.22656250337604433 0.29895834892522544 0.17187500256113708 0.14218750211875886
0 0.4031250060070306 0.8552083779359236 0.17187500256113708 0.14218750211875886
0 0.5820312586729415 0.9125000475905836 0.17031250253785402 0.1312500019557774
0 0.9476562641211785 0.45937502395827323 0.10156250151339918 0.1890625028172508
0 0.8046875119907781 0.2406250125495717 0.1531250022817403 0.18281250272411853
0 0.9257812637952156 0.20000001043081284 0.14218750211875886 0.15000000223517418
0 0.8585937627940439 0.5614583626156673 0.15468750230502337 0.17343750258442014
0 0.37734375562286004 0.1354166737291962 0.1796875026775524 0.16562500246800482
0 0.25390625378349796 0.18125000945292413 0.1796875026775524 0.16562500246800482
0 0.7890625117579475 0.9208333813585341 0.15625000232830644 0.11875000176951289
0 0.5843750087078661 0.9166667144745588 0.15625000232830644 0.11875000176951289
1 0.21015625313157216 0.6395833666902035 0.3234375048195943 0.30937500461004674
0 0.48906250728759915 0.7031250366708264 0.18125000270083547 0.17031250253785402
0 0.7203125107334927 0.7375000384636223 0.1750000026077032 0.2062500030733645
0 0.66796875995351 0.31250001629814506 0.18281250272411853 0.2281250033993274
0 0.22656250337604433 0.29895834892522544 0.17187500256113708 0.14218750211875886
0 0.4031250060070306 0.8552083779359236 0.17187500256113708 0.14218750211875886
0 0.5820312586729415 0.9125000475905836 0.17031250253785402 0.1312500019557774
0 0.9476562641211785 0.45937502395827323 0.10156250151339918 0.1890625028172508
0 0.8046875119907781 0.2406250125495717 0.1531250022817403 0.18281250272411853
0 0.9257812637952156 0.20000001043081284 0.14218750211875886 0.15000000223517418
0 0.8585937627940439 0.5614583626156673 0.15468750230502337 0.17343750258442014
0 0.37734375562286004 0.1354166737291962 0.1796875026775524 0.16562500246800482
0 0.25390625378349796 0.18125000945292413 0.1796875026775524 0.16562500246800482
0 0.7890625117579475 0.9208333813585341 0.15625000232830644 0.11875000176951289
0 0.5843750087078661 0.9166667144745588 0.15625000232830644 0.11875000176951289
1 0.21015625313157216 0.6395833666902035 0.3234375048195943 0.30937500461004674
0 0.48906250728759915 0.7031250366708264 0.18125000270083547 0.17031250253785402
0 0.7203125107334927 0.7375000384636223 0.1750000026077032 0.2062500030733645
0 0.66796875995351 0.31250001629814506 0.18281250272411853 0.2281250033993274
0 0.22656250337604433 0.29895834892522544 0.17187500256113708 0.14218750211875886
0 0.4031250060070306 0.8552083779359236 0.17187500256113708 0.14218750211875886
0 0.5820312586729415 0.9125000475905836 0.17031250253785402 0.1312500019557774
0 0.9476562641211785 0.45937502395827323 0.10156250151339918 0.1890625028172508
0 0.8046875119907781 0.2406250125495717 0.1531250022817403 0.18281250272411853
0 0.9257812637952156 0.20000001043081284 0.14218750211875886 0.15000000223517418
0 0.8585937627940439 0.5614583626156673 0.15468750230502337 0.17343750258442014
0 0.37734375562286004 0.1354166737291962 0.1796875026775524 0.16562500246800482
0 0.25390625378349796 0.18125000945292413 0.1796875026775524 0.16562500246800482
0 0.7890625117579475 0.9208333813585341 0.15625000232830644 0.11875000176951289
0 0.5843750087078661 0.9166667144745588 0.15625000232830644 0.11875000176951289
1 0.21015625313157216 0.6395833666902035 0.3234375048195943 0.30937500461004674
0 0.48906250728759915 0.7031250366708264 0.18125000270083547 0.17031250253785402
0 0.7203125107334927 0.7375000384636223 0.1750000026077032 0.2062500030733645
0 0.66796875995351 0.31250001629814506 0.18281250272411853 0.2281250033993274
0 0.22656250337604433 0.29895834892522544 0.17187500256113708 0.14218750211875886
0 0.4031250060070306 0.8552083779359236 0.17187500256113708 0.14218750211875886
0 0.5820312586729415 0.9125000475905836 0.17031250253785402 0.1312500019557774
0 0.9476562641211785 0.45937502395827323 0.10156250151339918 0.1890625028172508
0 0.8046875119907781 0.2406250125495717 0.1531250022817403 0.18281250272411853
0 0.9257812637952156 0.20000001043081284 0.14218750211875886 0.15000000223517418
0 0.8585937627940439 0.5614583626156673 0.15468750230502337 0.17343750258442014
0 0.37734375562286004 0.1354166737291962 0.1796875026775524 0.16562500246800482
0 0.25390625378349796 0.18125000945292413 0.1796875026775524 0.16562500246800482
0 0.7890625117579475 0.9208333813585341 0.15625000232830644 0.11875000176951289
0 0.5843750087078661 0.9166667144745588 0.15625000232830644 0.11875000176951289
1 0.21015625313157216 0.6395833666902035 0.3234375048195943 0.30937500461004674
0 0.48906250728759915 0.7031250366708264 0.18125000270083547 0.17031250253785402
0 0.7203125107334927 0.7375000384636223 0.1750000026077032 0.2062500030733645
0 0.66796875995351 0.31250001629814506 0.18281250272411853 0.2281250033993274
0 0.22656250337604433 0.29895834892522544 0.17187500256113708 0.14218750211875886
0 0.4031250060070306 0.8552083779359236 0.17187500256113708 0.14218750211875886
0 0.5820312586729415 0.9125000475905836 0.17031250253785402 0.1312500019557774
0 0.9476562641211785 0.45937502395827323 0.10156250151339918 0.1890625028172508
0 0.8046875119907781 0.2406250125495717 0.1531250022817403 0.18281250272411853
0 0.9257812637952156 0.20000001043081284 0.14218750211875886 0.15000000223517418
0 0.8585937627940439 0.5614583626156673 0.15468750230502337 0.17343750258442014
0 0.37734375562286004 0.1354166737291962 0.1796875026775524 0.16562500246800482
0 0.25390625378349796 0.18125000945292413 0.1796875026775524 0.16562500246800482
0 0.7890625117579475 0.9208333813585341 0.15625000232830644 0.11875000176951289
0 0.5843750087078661 0.9166667144745588 0.15625000232830644 0.11875000176951289
1 0.21015624701976776 0.6395833492279053 0.32343751192092896 0.30937501788139343
0 0.48906251788139343 0.7031250596046448 0.18125000596046448 0.17031250894069672
0 0.7203125357627869 0.737500011920929 0.17499999701976776 0.20624999701976776
0 0.66796875 0.3125000298023224 0.18281249701976776 0.22812500596046448
0 0.2265625 0.29895836114883423 0.171875 0.14218750596046448
0 0.40312501788139343 0.8552083969116211 0.171875 0.14218750596046448
0 0.58203125 0.9125000238418579 0.17031250894069672 0.13125000894069672
0 0.9476562738418579 0.4593750238418579 0.1015625 0.18906250596046448
0 0.8046875 0.24062500894069672 0.15312500298023224 0.18281249701976776
0 0.92578125 0.20000001788139343 0.14218750596046448 0.15000000596046448
0 0.858593761920929 0.5614583492279053 0.15468750894069672 0.17343750596046448
0 0.3773437440395355 0.1354166716337204 0.1796875 0.16562500596046448
0 0.25390625 0.18125000596046448 0.1796875 0.16562500596046448
0 0.7890625 0.92083340883255 0.15625 0.11874999850988388
0 0.5843750238418579 0.9166666865348816 0.15625 0.11874999850988388
1 0.21015624701976776 0.6395833492279053 0.32343751192092896 0.30937501788139343
0 0.48906251788139343 0.7031250596046448 0.18125000596046448 0.17031250894069672
0 0.7203125357627869 0.737500011920929 0.17499999701976776 0.20624999701976776
0 0.66796875 0.3125000298023224 0.18281249701976776 0.22812500596046448
0 0.2265625 0.29895836114883423 0.171875 0.14218750596046448
0 0.40312501788139343 0.8552083969116211 0.171875 0.14218750596046448
0 0.58203125 0.9125000238418579 0.17031250894069672 0.13125000894069672
0 0.9476562738418579 0.4593750238418579 0.1015625 0.18906250596046448
0 0.8046875 0.24062500894069672 0.15312500298023224 0.18281249701976776
0 0.92578125 0.20000001788139343 0.14218750596046448 0.15000000596046448
0 0.858593761920929 0.5614583492279053 0.15468750894069672 0.17343750596046448
0 0.3773437440395355 0.1354166716337204 0.1796875 0.16562500596046448
0 0.25390625 0.18125000596046448 0.1796875 0.16562500596046448
0 0.7890625 0.92083340883255 0.15625 0.11874999850988388
0 0.5843750238418579 0.9166666865348816 0.15625 0.11874999850988388
1 0.21015624701976776 0.6395833492279053 0.32343751192092896 0.30937501788139343
0 0.48906251788139343 0.7031250596046448 0.18125000596046448 0.17031250894069672
0 0.7203125357627869 0.737500011920929 0.17499999701976776 0.20624999701976776
0 0.66796875 0.3125000298023224 0.18281249701976776 0.22812500596046448
0 0.2265625 0.29895836114883423 0.171875 0.14218750596046448
0 0.40312501788139343 0.8552083969116211 0.171875 0.14218750596046448
0 0.58203125 0.9125000238418579 0.17031250894069672 0.13125000894069672
0 0.9476562738418579 0.4593750238418579 0.1015625 0.18906250596046448
0 0.8046875 0.24062500894069672 0.15312500298023224 0.18281249701976776
0 0.92578125 0.20000001788139343 0.14218750596046448 0.15000000596046448
0 0.858593761920929 0.5614583492279053 0.15468750894069672 0.17343750596046448
0 0.3773437440395355 0.1354166716337204 0.1796875 0.16562500596046448
0 0.25390625 0.18125000596046448 0.1796875 0.16562500596046448
0 0.7890625 0.92083340883255 0.15625 0.11874999850988388
0 0.5843750238418579 0.9166666865348816 0.15625 0.11874999850988388
1 0.21015624701976776 0.6395833492279053 0.32343751192092896 0.30937501788139343
0 0.48906251788139343 0.7031250596046448 0.18125000596046448 0.17031250894069672
0 0.7203125357627869 0.737500011920929 0.17499999701976776 0.20624999701976776
0 0.66796875 0.3125000298023224 0.18281249701976776 0.22812500596046448
0 0.2265625 0.29895836114883423 0.171875 0.14218750596046448
0 0.40312501788139343 0.8552083969116211 0.171875 0.14218750596046448
0 0.58203125 0.9125000238418579 0.17031250894069672 0.13125000894069672
0 0.9476562738418579 0.4593750238418579 0.1015625 0.18906250596046448
0 0.8046875 0.24062500894069672 0.15312500298023224 0.18281249701976776
0 0.92578125 0.20000001788139343 0.14218750596046448 0.15000000596046448
0 0.858593761920929 0.5614583492279053 0.15468750894069672 0.17343750596046448
0 0.3773437440395355 0.1354166716337204 0.1796875 0.16562500596046448
0 0.25390625 0.18125000596046448 0.1796875 0.16562500596046448
0 0.7890625 0.92083340883255 0.15625 0.11874999850988388
0 0.5843750238418579 0.9166666865348816 0.15625 0.11874999850988388
1 0.21015624701976776 0.6395833492279053 0.32343751192092896 0.30937501788139343
0 0.48906251788139343 0.7031250596046448 0.18125000596046448 0.17031250894069672
0 0.7203125357627869 0.737500011920929 0.17499999701976776 0.20624999701976776
0 0.66796875 0.3125000298023224 0.18281249701976776 0.22812500596046448
0 0.2265625 0.29895836114883423 0.171875 0.14218750596046448
0 0.40312501788139343 0.8552083969116211 0.171875 0.14218750596046448
0 0.58203125 0.9125000238418579 0.17031250894069672 0.13125000894069672
0 0.9476562738418579 0.4593750238418579 0.1015625 0.18906250596046448
0 0.8046875 0.24062500894069672 0.15312500298023224 0.18281249701976776
0 0.92578125 0.20000001788139343 0.14218750596046448 0.15000000596046448
0 0.858593761920929 0.5614583492279053 0.15468750894069672 0.17343750596046448
0 0.3773437440395355 0.1354166716337204 0.1796875 0.16562500596046448
0 0.25390625 0.18125000596046448 0.1796875 0.16562500596046448
0 0.7890625 0.92083340883255 0.15625 0.11874999850988388
0 0.5843750238418579 0.9166666865348816 0.15625 0.11874999850988388
1 0.21015624701976776 0.6395833492279053 0.32343751192092896 0.30937501788139343
0 0.48906251788139343 0.7031250596046448 0.18125000596046448 0.17031250894069672
0 0.7203125357627869 0.737500011920929 0.17499999701976776 0.20624999701976776
0 0.66796875 0.3125000298023224 0.18281249701976776 0.22812500596046448
0 0.2265625 0.29895836114883423 0.171875 0.14218750596046448
0 0.40312501788139343 0.8552083969116211 0.171875 0.14218750596046448
0 0.58203125 0.9125000238418579 0.17031250894069672 0.13125000894069672
0 0.9476562738418579 0.4593750238418579 0.1015625 0.18906250596046448
0 0.8046875 0.24062500894069672 0.15312500298023224 0.18281249701976776
0 0.92578125 0.20000001788139343 0.14218750596046448 0.15000000596046448
0 0.858593761920929 0.5614583492279053 0.15468750894069672 0.17343750596046448
0 0.3773437440395355 0.1354166716337204 0.1796875 0.16562500596046448
0 0.25390625 0.18125000596046448 0.1796875 0.16562500596046448
0 0.7890625 0.92083340883255 0.15625 0.11874999850988388
0 0.5843750238418579 0.9166666865348816 0.15625 0.11874999850988388
1 0.21015624701976776 0.6395833492279053 0.32343751192092896 0.30937501788139343
0 0.48906251788139343 0.7031250596046448 0.18125000596046448 0.17031250894069672
0 0.7203125357627869 0.737500011920929 0.17499999701976776 0.20624999701976776
0 0.66796875 0.3125000298023224 0.18281249701976776 0.22812500596046448
0 0.2265625 0.29895836114883423 0.171875 0.14218750596046448
0 0.40312501788139343 0.8552083969116211 0.171875 0.14218750596046448
0 0.58203125 0.9125000238418579 0.17031250894069672 0.13125000894069672
0 0.9476562738418579 0.4593750238418579 0.1015625 0.18906250596046448
0 0.8046875 0.24062500894069672 0.15312500298023224 0.18281249701976776
0 0.92578125 0.20000001788139343 0.14218750596046448 0.15000000596046448
0 0.858593761920929 0.5614583492279053 0.15468750894069672 0.17343750596046448
0 0.3773437440395355 0.1354166716337204 0.1796875 0.16562500596046448
0 0.25390625 0.18125000596046448 0.1796875 0.16562500596046448
0 0.7890625 0.92083340883255 0.15625 0.11874999850988388
0 0.5843750238418579 0.9166666865348816 0.15625 0.11874999850988388
