0 0.42656250635627657 0.5593750291736796 0.16562500246800482 0.14531250216532499
0 0.6515625097090378 0.13125000684522092 0.16875000251457095 0.1843750027474016
0 0.7257812608149834 0.4187500218395144 0.13281250197906047 0.15937500237487257
0 0.4828125071944669 0.1177083394723013 0.16562500246800482 0.16406250244472176
0 0.29453125438885763 0.38125001988373697 0.22656250337604433 0.17187500256113708
0 0.6820312601630576 0.7062500368338078 0.1796875026775524 0.15937500237487257
0 0.1945312528987415 0.5635416960576549 0.12031250179279596 0.12031250179279596
0 0.17421875259606168 0.8812500459607691 0.15468750230502337 0.14687500218860805
0 0.2429687536205165 0.17708334256894886 0.17031250253785402 0.1750000026077032
0 0.47500000707805157 0.36770835251081735 0.16875000251457095 0.1578125023515895
0 0.3492187552037649 0.8833333794027567 0.15156250225845724 0.1750000026077032
1 0.5898437587893568 0.8479167108889669 0.3515625052386895 0.2281250033993274
0 0.42656250635627657 0.5593750291736796 0.16562500246800482 0.14531250216532499
0 0.6515625097090378 0.13125000684522092 0.16875000251457095 0.1843750027474016
0 0.7257812608149834 0.4187500218395144 0.13281250197906047 0.15937500237487257
0 0.4828125071944669 0.1177083394723013 0.16562500246800482 0.16406250244472176
0 0.29453125438885763 0.38125001988373697 0.22656250337604433 0.17187500256113708
0 0.6820312601630576 0.7062500368338078 0.1796875026775524 0.15937500237487257
0 0.1945312528987415 0.5635416960576549 0.12031250179279596 0.12031250179279596
0 0.17421875259606168 0.8812500459607691 0.15468750230502337 0.14687500218860805
0 0.2429687536205165 0.17708334256894886 0.17031250253785402 0.1750000026077032
0 0.47500000707805157 0.36770835251081735 0.16875000251457095 0.1578125023515895
0 0.3492187552037649 0.8833333794027567 0.15156250225845724 0.1750000026077032
1 0.5898437587893568 0.8479167108889669 0.3515625052386895 0.2281250033993274
0 0.42656250635627657 0.5593750291736796 0.16562500246800482 0.14531250216532499
0 0.6515625097090378 0.13125000684522092 0.16875000251457095 0.1843750027474016
0 0.7257812608149834 0.4187500218395144 0.13281250197906047 0.15937500237487257
0 0.4828125071944669 0.1177083394723013 0.16562500246800482 0.16406250244472176
0 0.29453125438885763 0.38125001988373697 0.22656250337604433 0.17187500256113708
0 0.6820312601630576 0.7062500368338078 0.1796875026775524 0.15937500237487257
0 0.1945312528987415 0.5635416960576549 0.12031250179279596 0.12031250179279596
0 0.17421875259606168 0.8812500459607691 0.15468750230502337 0.14687500218860805
0 0.2429687536205165 0.17708334256894886 0.17031250253785402 0.1750000026077032
0 0.47500000707805157 0.36770835251081735 0.16875000251457095 0.1578125023515895
0 0.3492187552037649 0.8833333794027567 0.15156250225845724 0.1750000026077032
1 0.5898437587893568 0.8479167108889669 0.3515625052386895 0.2281250033993274
0 0.42656250635627657 0.5593750291736796 0.16562500246800482 0.14531250216532499
0 0.6515625097090378 0.13125000684522092 0.16875000251457095 0.1843750027474016
0 0.7257812608149834 0.4187500218395144 0.13281250197906047 0.15937500237487257
0 0.4828125071944669 0.1177083394723013 0.16562500246800482 0.16406250244472176
0 0.29453125438885763 0.38125001988373697 0.22656250337604433 0.17187500256113708
0 0.6820312601630576 0.7062500368338078 0.1796875026775524 0.15937500237487257
0 0.1945312528987415 0.5635416960576549 0.12031250179279596 0.12031250179279596
0 0.17421875259606168 0.8812500459607691 0.15468750230502337 0.14687500218860805
0 0.2429687536205165 0.17708334256894886 0.17031250253785402 0.1750000026077032
0 0.47500000707805157 0.36770835251081735 0.16875000251457095 0.1578125023515895
0 0.3492187552037649 0.8833333794027567 0.15156250225845724 0.1750000026077032
1 0.5898437587893568 0.8479167108889669 0.3515625052386895 0.2281250033993274
0 0.42656250635627657 0.5593750291736796 0.16562500246800482 0.14531250216532499
0 0.6515625097090378 0.13125000684522092 0.16875000251457095 0.1843750027474016
0 0.7257812608149834 0.4187500218395144 0.13281250197906047 0.15937500237487257
0 0.4828125071944669 0.1177083394723013 0.16562500246800482 0.16406250244472176
0 0.29453125438885763 0.38125001988373697 0.22656250337604433 0.17187500256113708
0 0.6820312601630576 0.7062500368338078 0.1796875026775524 0.15937500237487257
0 0.1945312528987415 0.5635416960576549 0.12031250179279596 0.12031250179279596
0 0.17421875259606168 0.8812500459607691 0.15468750230502337 0.14687500218860805
0 0.2429687536205165 0.17708334256894886 0.17031250253785402 0.1750000026077032
0 0.47500000707805157 0.36770835251081735 0.16875000251457095 0.1578125023515895
0 0.3492187552037649 0.8833333794027567 0.15156250225845724 0.1750000026077032
1 0.5898437587893568 0.8479167108889669 0.3515625052386895 0.2281250033993274
0 0.42656250635627657 0.5593750291736796 0.16562500246800482 0.14531250216532499
0 0.6515625097090378 0.13125000684522092 0.16875000251457095 0.1843750027474016
0 0.7257812608149834 0.4187500218395144 0.13281250197906047 0.15937500237487257
0 0.4828125071944669 0.1177083394723013 0.16562500246800482 0.16406250244472176
0 0.29453125438885763 0.38125001988373697 0.22656250337604433 0.17187500256113708
0 0.6820312601630576 0.7062500368338078 0.1796875026775524 0.15937500237487257
0 0.1945312528987415 0.5635416960576549 0.12031250179279596 0.12031250179279596
0 0.17421875259606168 0.8812500459607691 0.15468750230502337 0.14687500218860805
0 0.2429687536205165 0.17708334256894886 0.17031250253785402 0.1750000026077032
0 0.47500000707805157 0.36770835251081735 0.16875000251457095 0.1578125023515895
0 0.3492187552037649 0.8833333794027567 0.15156250225845724 0.1750000026077032
1 0.5898437587893568 0.8479167108889669 0.3515625052386895 0.2281250033993274
0 0.42656250635627657 0.5593750291736796 0.16562500246800482 0.14531250216532499
0 0.6515625097090378 0.13125000684522092 0.16875000251457095 0.1843750027474016
0 0.7257812608149834 0.4187500218395144 0.13281250197906047 0.15937500237487257
0 0.4828125071944669 0.1177083394723013 0.16562500246800482 0.16406250244472176
0 0.29453125438885763 0.38125001988373697 0.22656250337604433 0.17187500256113708
0 0.6820312601630576 0.7062500368338078 0.1796875026775524 0.15937500237487257
0 0.1945312528987415 0.5635416960576549 0.12031250179279596 0.12031250179279596
0 0.17421875259606168 0.8812500459607691 0.15468750230502337 0.14687500218860805
0 0.2429687536205165 0.17708334256894886 0.17031250253785402 0.1750000026077032
0 0.47500000707805157 0.36770835251081735 0.16875000251457095 0.1578125023515895
0 0.3492187552037649 0.8833333794027567 0.15156250225845724 0.1750000026077032
1 0.5898437587893568 0.8479167108889669 0.3515625052386895 0.2281250033993274
0 0.42656250635627657 0.5593750291736796 0.16562500246800482 0.14531250216532499
0 0.6515625097090378 0.13125000684522092 0.16875000251457095 0.1843750027474016
0 0.7257812608149834 0.4187500218395144 0.13281250197906047 0.15937500237487257
0 0.4828125071944669 0.1177083394723013 0.16562500246800482 0.16406250244472176
0 0.29453125438885763 0.38125001988373697 0.22656250337604433 0.17187500256113708
0 0.6820312601630576 0.7062500368338078 0.1796875026775524 0.15937500237487257
0 0.1945312528987415 0.5635416960576549 0.12031250179279596 0.12031250179279596
0 0.17421875259606168 0.8812500459607691 0.15468750230502337 0.14687500218860805
0 0.2429687536205165 0.17708334256894886 0.17031250253785402 0.1750000026077032
0 0.47500000707805157 0.36770835251081735 0.16875000251457095 0.1578125023515895
0 0.3492187552037649 0.8833333794027567 0.15156250225845724 0.1750000026077032
1 0.5898437587893568 0.8479167108889669 0.3515625052386895 0.2281250033993274
0 0.42656250635627657 0.5593750291736796 0.16562500246800482 0.14531250216532499
0 0.6515625097090378 0.13125000684522092 0.16875000251457095 0.1843750027474016
0 0.7257812608149834 0.4187500218395144 0.13281250197906047 0.15937500237487257
0 0.4828125071944669 0.1177083394723013 0.16562500246800482 0.16406250244472176
0 0.29453125438885763 0.38125001988373697 0.22656250337604433 0.17187500256113708
0 0.6820312601630576 0.7062500368338078 0.1796875026775524 0.15937500237487257
0 0.1945312528987415 0.5635416960576549 0.12031250179279596 0.12031250179279596
0 0.17421875259606168 0.8812500459607691 0.15468750230502337 0.14687500218860805
0 0.2429687536205165 0.17708334256894886 0.17031250253785402 0.1750000026077032
0 0.47500000707805157 0.36770835251081735 0.16875000251457095 0.1578125023515895
0 0.3492187552037649 0.8833333794027567 0.15156250225845724 0.1750000026077032
1 0.5898437587893568 0.8479167108889669 0.3515625052386895 0.2281250033993274
0 0.42656250635627657 0.5593750291736796 0.16562500246800482 0.14531250216532499
0 0.6515625097090378 0.13125000684522092 0.16875000251457095 0.1843750027474016
0 0.7257812608149834 0.4187500218395144 0.13281250197906047 0.15937500237487257
0 0.4828125071944669 0.1177083394723013 0.16562500246800482 0.16406250244472176
0 0.29453125438885763 0.38125001988373697 0.22656250337604433 0.17187500256113708
0 0.6820312601630576 0.7062500368338078 0.1796875026775524 0.15937500237487257
0 0.1945312528987415 0.5635416960576549 0.12031250179279596 0.12031250179279596
0 0.17421875259606168 0.8812500459607691 0.15468750230502337 0.14687500218860805
0 0.2429687536205165 0.17708334256894886 0.17031250253785402 0.1750000026077032
0 0.47500000707805157 0.36770835251081735 0.16875000251457095 0.1578125023515895
0 0.3492187552037649 0.8833333794027567 0.15156250225845724 0.1750000026077032
1 0.5898437587893568 0.8479167108889669 0.3515625052386895 0.2281250033993274
0 0.42656250635627657 0.5593750291736796 0.16562500246800482 0.14531250216532499
0 0.6515625097090378 0.13125000684522092 0.16875000251457095 0.1843750027474016
0 0.7257812608149834 0.4187500218395144 0.13281250197906047 0.15937500237487257
0 0.4828125071944669 0.1177083394723013 0.16562500246800482 0.16406250244472176
0 0.29453125438885763 0.38125001988373697 0.22656250337604433 0.17187500256113708
0 0.6820312601630576 0.7062500368338078 0.1796875026775524 0.15937500237487257
0 0.1945312528987415 0.5635416960576549 0.12031250179279596 0.12031250179279596
0 0.17421875259606168 0.8812500459607691 0.15468750230502337 0.14687500218860805
0 0.2429687536205165 0.17708334256894886 0.17031250253785402 0.1750000026077032
0 0.47500000707805157 0.36770835251081735 0.16875000251457095 0.1578125023515895
0 0.3492187552037649 0.8833333794027567 0.15156250225845724 0.1750000026077032
1 0.5898437587893568 0.8479167108889669 0.3515625052386895 0.2281250033993274
0 0.42656250635627657 0.5593750291736796 0.16562500246800482 0.14531250216532499
0 0.6515625097090378 0.13125000684522092 0.16875000251457095 0.1843750027474016
0 0.7257812608149834 0.4187500218395144 0.13281250197906047 0.15937500237487257
0 0.4828125071944669 0.1177083394723013 0.16562500246800482 0.16406250244472176
0 0.29453125438885763 0.38125001988373697 0.22656250337604433 0.17187500256113708
0 0.6820312601630576 0.7062500368338078 0.1796875026775524 0.15937500237487257
0 0.1945312528987415 0.5635416960576549 0.12031250179279596 0.12031250179279596
0 0.17421875259606168 0.8812500459607691 0.15468750230502337 0.14687500218860805
0 0.2429687536205165 0.17708334256894886 0.17031250253785402 0.1750000026077032
0 0.47500000707805157 0.36770835251081735 0.16875000251457095 0.1578125023515895
0 0.3492187552037649 0.8833333794027567 0.15156250225845724 0.1750000026077032
1 0.5898437587893568 0.8479167108889669 0.3515625052386895 0.2281250033993274
0 0.42656250635627657 0.5593750291736796 0.16562500246800482 0.14531250216532499
0 0.6515625097090378 0.13125000684522092 0.16875000251457095 0.1843750027474016
0 0.7257812608149834 0.4187500218395144 0.13281250197906047 0.15937500237487257
0 0.4828125071944669 0.1177083394723013 0.16562500246800482 0.16406250244472176
0 0.29453125438885763 0.38125001988373697 0.22656250337604433 0.17187500256113708
0 0.6820312601630576 0.7062500368338078 0.1796875026775524 0.15937500237487257
0 0.1945312528987415 0.5635416960576549 0.12031250179279596 0.12031250179279596
0 0.17421875259606168 0.8812500459607691 0.15468750230502337 0.14687500218860805
0 0.2429687536205165 0.17708334256894886 0.17031250253785402 0.1750000026077032
0 0.47500000707805157 0.36770835251081735 0.16875000251457095 0.1578125023515895
0 0.3492187552037649 0.8833333794027567 0.15156250225845724 0.1750000026077032
1 0.5898437587893568 0.8479167108889669 0.3515625052386895 0.2281250033993274
0 0.42656250635627657 0.5593750291736796 0.16562500246800482 0.14531250216532499
0 0.6515625097090378 0.13125000684522092 0.16875000251457095 0.1843750027474016
0 0.7257812608149834 0.4187500218395144 0.13281250197906047 0.15937500237487257
0 0.4828125071944669 0.1177083394723013 0.16562500246800482 0.16406250244472176
0 0.29453125438885763 0.38125001988373697 0.22656250337604433 0.17187500256113708
0 0.6820312601630576 0.7062500368338078 0.1796875026775524 0.15937500237487257
0 0.1945312528987415 0.5635416960576549 0.12031250179279596 0.12031250179279596
0 0.17421875259606168 0.8812500459607691 0.15468750230502337 0.14687500218860805
0 0.2429687536205165 0.17708334256894886 0.17031250253785402 0.1750000026077032
0 0.47500000707805157 0.36770835251081735 0.16875000251457095 0.1578125023515895
0 0.3492187552037649 0.8833333794027567 0.15156250225845724 0.1750000026077032
1 0.5898437587893568 0.8479167108889669 0.3515625052386895 0.2281250033993274
0 0.42656250635627657 0.5593750291736796 0.16562500246800482 0.14531250216532499
0 0.6515625097090378 0.13125000684522092 0.16875000251457095 0.1843750027474016
0 0.7257812608149834 0.4187500218395144 0.13281250197906047 0.15937500237487257
0 0.4828125071944669 0.1177083394723013 0.16562500246800482 0.16406250244472176
0 0.29453125438885763 0.38125001988373697 0.22656250337604433 0.17187500256113708
0 0.6820312601630576 0.7062500368338078 0.1796875026775524 0.15937500237487257
0 0.1945312528987415 0.5635416960576549 0.12031250179279596 0.12031250179279596
0 0.17421875259606168 0.8812500459607691 0.15468750230502337 0.14687500218860805
0 0.2429687536205165 0.17708334256894886 0.17031250253785402 0.1750000026077032
0 0.47500000707805157 0.36770835251081735 0.16875000251457095 0.1578125023515895
0 0.3492187552037649 0.8833333794027567 0.15156250225845724 0.1750000026077032
1 0.5898437587893568 0.8479167108889669 0.3515625052386895 0.2281250033993274
0 0.42656251788139343 0.5593750476837158 0.16562500596046448 0.14531250298023224
0 0.651562511920929 0.13125000894069672 0.16875000298023224 0.18437500298023224
0 0.725781261920929 0.41875001788139343 0.1328125 0.15937499701976776
0 0.4828124940395355 0.11770834028720856 0.16562500596046448 0.1640625
0 0.2945312559604645 0.3812500238418579 0.2265625 0.171875
0 0.6820312738418579 0.706250011920929 0.1796875 0.15937499701976776
0 0.19453124701976776 0.5635417103767395 0.12031250447034836 0.12031250447034836
0 0.17421875894069672 0.8812500238418579 0.15468750894069672 0.14687500894069672
0 0.24296875298023224 0.1770833432674408 0.17031250894069672 0.17499999701976776
0 0.4749999940395355 0.36770835518836975 0.16875000298023224 0.15781250596046448
0 0.3492187559604645 0.8833333849906921 0.15156249701976776 0.17499999701976776
1 0.58984375 0.8479167222976685 0.3515625 0.22812500596046448
0 0.42656251788139343 0.5593750476837158 0.16562500596046448 0.14531250298023224
0 0.651562511920929 0.13125000894069672 0.16875000298023224 0.18437500298023224
0 0.725781261920929 0.41875001788139343 0.1328125 0.15937499701976776
0 0.4828124940395355 0.11770834028720856 0.16562500596046448 0.1640625
0 0.2945312559604645 0.3812500238418579 0.2265625 0.171875
0 0.6820312738418579 0.706250011920929 0.1796875 0.15937499701976776
0 0.19453124701976776 0.5635417103767395 0.12031250447034836 0.12031250447034836
0 0.17421875894069672 0.8812500238418579 0.15468750894069672 0.14687500894069672
0 0.24296875298023224 0.1770833432674408 0.17031250894069672 0.17499999701976776
0 0.4749999940395355 0.36770835518836975 0.16875000298023224 0.15781250596046448
0 0.3492187559604645 0.8833333849906921 0.15156249701976776 0.17499999701976776
1 0.58984375 0.8479167222976685 0.3515625 0.22812500596046448
0 0.42656251788139343 0.5593750476837158 0.16562500596046448 0.14531250298023224
0 0.651562511920929 0.13125000894069672 0.16875000298023224 0.18437500298023224
0 0.725781261920929 0.41875001788139343 0.1328125 0.15937499701976776
0 0.4828124940395355 0.11770834028720856 0.16562500596046448 0.1640625
0 0.2945312559604645 0.3812500238418579 0.2265625 0.171875
0 0.6820312738418579 0.706250011920929 0.1796875 0.15937499701976776
0 0.19453124701976776 0.5635417103767395 0.12031250447034836 0.12031250447034836
0 0.17421875894069672 0.8812500238418579 0.15468750894069672 0.14687500894069672
0 0.24296875298023224 0.1770833432674408 0.17031250894069672 0.17499999701976776
0 0.4749999940395355 0.36770835518836975 0.16875000298023224 0.15781250596046448
0 0.3492187559604645 0.8833333849906921 0.15156249701976776 0.17499999701976776
1 0.58984375 0.8479167222976685 0.3515625 0.22812500596046448
0 0.42656251788139343 0.5593750476837158 0.16562500596046448 0.14531250298023224
0 0.651562511920929 0.13125000894069672 0.16875000298023224 0.18437500298023224
0 0.725781261920929 0.41875001788139343 0.1328125 0.15937499701976776
0 0.4828124940395355 0.11770834028720856 0.16562500596046448 0.1640625
0 0.2945312559604645 0.3812500238418579 0.2265625 0.171875
0 0.6820312738418579 0.706250011920929 0.1796875 0.15937499701976776
0 0.19453124701976776 0.5635417103767395 0.12031250447034836 0.12031250447034836
0 0.17421875894069672 0.8812500238418579 0.15468750894069672 0.14687500894069672
0 0.24296875298023224 0.1770833432674408 0.17031250894069672 0.17499999701976776
0 0.4749999940395355 0.36770835518836975 0.16875000298023224 0.15781250596046448
0 0.3492187559604645 0.8833333849906921 0.15156249701976776 0.17499999701976776
1 0.58984375 0.8479167222976685 0.3515625 0.22812500596046448
0 0.42656251788139343 0.5593750476837158 0.16562500596046448 0.14531250298023224
0 0.651562511920929 0.13125000894069672 0.16875000298023224 0.18437500298023224
0 0.725781261920929 0.41875001788139343 0.1328125 0.15937499701976776
0 0.4828124940395355 0.11770834028720856 0.16562500596046448 0.1640625
0 0.2945312559604645 0.3812500238418579 0.2265625 0.171875
0 0.6820312738418579 0.706250011920929 0.1796875 0.15937499701976776
0 0.19453124701976776 0.5635417103767395 0.12031250447034836 0.12031250447034836
0 0.17421875894069672 0.8812500238418579 0.15468750894069672 0.14687500894069672
0 0.24296875298023224 0.1770833432674408 0.17031250894069672 0.17499999701976776
0 0.4749999940395355 0.36770835518836975 0.16875000298023224 0.15781250596046448
0 0.3492187559604645 0.8833333849906921 0.15156249701976776 0.17499999701976776
1 0.58984375 0.8479167222976685 0.3515625 0.22812500596046448
0 0.42656251788139343 0.5593750476837158 0.16562500596046448 0.14531250298023224
0 0.651562511920929 0.13125000894069672 0.16875000298023224 0.18437500298023224
0 0.725781261920929 0.41875001788139343 0.1328125 0.15937499701976776
0 0.4828124940395355 0.11770834028720856 0.16562500596046448 0.1640625
0 0.2945312559604645 0.3812500238418579 0.2265625 0.171875
0 0.6820312738418579 0.706250011920929 0.1796875 0.15937499701976776
0 0.19453124701976776 0.5635417103767395 0.12031250447034836 0.12031250447034836
0 0.17421875894069672 0.8812500238418579 0.15468750894069672 0.14687500894069672
0 0.24296875298023224 0.1770833432674408 0.17031250894069672 0.17499999701976776
0 0.4749999940395355 0.36770835518836975 0.16875000298023224 0.15781250596046448
0 0.3492187559604645 0.8833333849906921 0.15156249701976776 0.17499999701976776
1 0.58984375 0.8479167222976685 0.3515625 0.22812500596046448
0 0.42656251788139343 0.5593750476837158 0.16562500596046448 0.14531250298023224
0 0.651562511920929 0.13125000894069672 0.16875000298023224 0.18437500298023224
0 0.725781261920929 0.41875001788139343 0.1328125 0.15937499701976776
0 0.4828124940395355 0.11770834028720856 0.16562500596046448 0.1640625
0 0.2945312559604645 0.3812500238418579 0.2265625 0.171875
0 0.6820312738418579 0.706250011920929 0.1796875 0.15937499701976776
0 0.19453124701976776 0.5635417103767395 0.12031250447034836 0.12031250447034836
0 0.17421875894069672 0.8812500238418579 0.15468750894069672 0.14687500894069672
0 0.24296875298023224 0.1770833432674408 0.17031250894069672 0.17499999701976776
0 0.4749999940395355 0.36770835518836975 0.16875000298023224 0.15781250596046448
0 0.3492187559604645 0.8833333849906921 0.15156249701976776 0.17499999701976776
1 0.58984375 0.8479167222976685 0.3515625 0.22812500596046448
