0 0.09843750146683306 0.8437500440049917 0.18750000279396772 0.1843750027474016
0 0.3515625052386895 0.44166668970137835 0.18750000279396772 0.1843750027474016
0 0.6523437597206794 0.10937500570435077 0.18281250272411853 0.16093750239815563
0 0.5132812576484866 0.3020833490882069 0.18281250272411853 0.1625000024214387
0 0.6945312603493221 0.5083333598449826 0.17343750258442014 0.21562500321306288
0 0.9367187639581971 0.2281250118976459 0.1265625018859282 0.18281250272411853
0 0.8609375128289685 0.9395833823364228 0.1843750027474016 0.0875000013038516
0 0.14218750211875886 0.49166669230908155 0.18750000279396772 0.1843750027474016
0 0.31640625471482053 0.18229167617391795 0.1671875024912879 0.13906250207219273
0 0.4679687569732778 0.9510417162673548 0.1671875024912879 0.07343750109430403
0 0.7179687606985681 0.3447916846489534 0.20468750305008143 0.16093750239815563
0 0.8171875121770427 0.5625000293366611 0.16875000251457095 0.1843750027474016
1 0.48437500721774995 0.7364583717426285 0.04687500069849193 0.048437500721774995
1 0.15156250225845724 0.14375000749714673 0.05625000083819032 0.0656250009778887
1 0.6289062593714334 0.8312500433530658 0.2640625039348379 0.2531250037718564
0 0.09843750146683306 0.8437500440049917 0.18750000279396772 0.1843750027474016
0 0.3515625052386895 0.44166668970137835 0.18750000279396772 0.1843750027474016
0 0.6523437597206794 0.10937500570435077 0.18281250272411853 0.16093750239815563
0 0.5132812576484866 0.3020833490882069 0.18281250272411853 0.1625000024214387
0 0.6945312603493221 0.5083333598449826 0.17343750258442014 0.21562500321306288
0 0.9367187639581971 0.2281250118976459 0.1265625018859282 0.18281250272411853
0 0.8609375128289685 0.9395833823364228 0.1843750027474016 0.0875000013038516
0 0.14218750211875886 0.49166669230908155 0.18750000279396772 0.1843750027474016
0 0.31640625471482053 0.18229167617391795 0.1671875024912879 0.13906250207219273
0 0.4679687569732778 0.9510417162673548 0.1671875024912879 0.07343750109430403
0 0.7179687606985681 0.3447916846489534 0.20468750305008143 0.16093750239815563
0 0.8171875121770427 0.5625000293366611 0.16875000251457095 0.1843750027474016
1 0.48437500721774995 0.7364583717426285 0.04687500069849193 0.048437500721774995
1 0.15156250225845724 0.14375000749714673 0.05625000083819032 0.0656250009778887
1 0.6289062593714334 0.8312500433530658 0.2640625039348379 0.2531250037718564
0 0.09843750146683306 0.8437500440049917 0.18750000279396772 0.1843750027474016
0 0.3515625052386895 0.44166668970137835 0.18750000279396772 0.1843750027474016
0 0.6523437597206794 0.10937500570435077 0.18281250272411853 0.16093750239815563
0 0.5132812576484866 0.3020833490882069 0.18281250272411853 0.1625000024214387
0 0.6945312603493221 0.5083333598449826 0.17343750258442014 0.21562500321306288
0 0.9367187639581971 0.2281250118976459 0.1265625018859282 0.18281250272411853
0 0.8609375128289685 0.9395833823364228 0.1843750027474016 0.0875000013038516
0 0.14218750211875886 0.49166669230908155 0.18750000279396772 0.1843750027474016
0 0.31640625471482053 0.18229167617391795 0.1671875024912879 0.13906250207219273
0 0.4679687569732778 0.9510417162673548 0.1671875024912879 0.07343750109430403
0 0.7179687606985681 0.3447916846489534 0.20468750305008143 0.16093750239815563
0 0.8171875121770427 0.5625000293366611 0.16875000251457095 0.1843750027474016
1 0.48437500721774995 0.7364583717426285 0.04687500069849193 0.048437500721774995
1 0.15156250225845724 0.14375000749714673 0.05625000083819032 0.0656250009778887
1 0.6289062593714334 0.8312500433530658 0.2640625039348379 0.2531250037718564
0 0.09843750146683306 0.8437500440049917 0.18750000279396772 0.1843750027474016
0 0.3515625052386895 0.44166668970137835 0.18750000279396772 0.1843750027474016
0 0.6523437597206794 0.10937500570435077 0.18281250272411853 0.16093750239815563
0 0.5132812576484866 0.3020833490882069 0.18281250272411853 0.1625000024214387
0 0.6945312603493221 0.5083333598449826 0.17343750258442014 0.21562500321306288
0 0.9367187639581971 0.2281250118976459 0.1265625018859282 0.18281250272411853
0 0.8609375128289685 0.9395833823364228 0.1843750027474016 0.0875000013038516
0 0.14218750211875886 0.49166669230908155 0.18750000279396772 0.1843750027474016
0 0.31640625471482053 0.18229167617391795 0.1671875024912879 0.13906250207219273
0 0.4679687569732778 0.9510417162673548 0.1671875024912879 0.07343750109430403
0 0.7179687606985681 0.3447916846489534 0.20468750305008143 0.16093750239815563
0 0.8171875121770427 0.5625000293366611 0.16875000251457095 0.1843750027474016
1 0.48437500721774995 0.7364583717426285 0.04687500069849193 0.048437500721774995
1 0.15156250225845724 0.14375000749714673 0.05625000083819032 0.0656250009778887
1 0.6289062593714334 0.8312500433530658 0.2640625039348379 0.2531250037718564
0 0.09843750146683306 0.8437500440049917 0.18750000279396772 0.1843750027474016
0 0.3515625052386895 0.44166668970137835 0.18750000279396772 0.1843750027474016
0 0.6523437597206794 0.10937500570435077 0.18281250272411853 0.16093750239815563
0 0.5132812576484866 0.3020833490882069 0.18281250272411853 0.1625000024214387
0 0.6945312603493221 0.5083333598449826 0.17343750258442014 0.21562500321306288
0 0.9367187639581971 0.2281250118976459 0.1265625018859282 0.18281250272411853
0 0.8609375128289685 0.9395833823364228 0.1843750027474016 0.0875000013038516
0 0.14218750211875886 0.49166669230908155 0.18750000279396772 0.1843750027474016
0 0.31640625471482053 0.18229167617391795 0.1671875024912879 0.13906250207219273
0 0.4679687569732778 0.9510417162673548 0.1671875024912879 0.07343750109430403
0 0.7179687606985681 0.3447916846489534 0.20468750305008143 0.16093750239815563
0 0.8171875121770427 0.5625000293366611 0.16875000251457095 0.1843750027474016
1 0.48437500721774995 0.7364583717426285 0.04687500069849193 0.048437500721774995
1 0.15156250225845724 0.14375000749714673 0.05625000083819032 0.0656250009778887
1 0.6289062593714334 0.8312500433530658 0.2640625039348379 0.2531250037718564
0 0.09843750146683306 0.8437500440049917 0.18750000279396772 0.1843750027474016
0 0.3515625052386895 0.44166668970137835 0.18750000279396772 0.1843750027474016
0 0.6523437597206794 0.10937500570435077 0.18281250272411853 0.16093750239815563
0 0.5132812576484866 0.3020833490882069 0.18281250272411853 0.1625000024214387
0 0.6945312603493221 0.5083333598449826 0.17343750258442014 0.21562500321306288
0 0.9367187639581971 0.2281250118976459 0.1265625018859282 0.18281250272411853
0 0.8609375128289685 0.9395833823364228 0.1843750027474016 0.0875000013038516
0 0.14218750211875886 0.49166669230908155 0.18750000279396772 0.1843750027474016
0 0.31640625471482053 0.18229167617391795 0.1671875024912879 0.13906250207219273
0 0.4679687569732778 0.9510417162673548 0.1671875024912879 0.07343750109430403
0 0.7179687606985681 0.3447916846489534 0.20468750305008143 0.16093750239815563
0 0.8171875121770427 0.5625000293366611 0.16875000251457095 0.1843750027474016
1 0.48437500721774995 0.7364583717426285 0.04687500069849193 0.048437500721774995
1 0.15156250225845724 0.14375000749714673 0.05625000083819032 0.0656250009778887
1 0.6289062593714334 0.8312500433530658 0.2640625039348379 0.2531250037718564
0 0.09843750146683306 0.8437500440049917 0.18750000279396772 0.1843750027474016
0 0.3515625052386895 0.44166668970137835 0.18750000279396772 0.1843750027474016
0 0.6523437597206794 0.10937500570435077 0.18281250272411853 0.16093750239815563
0 0.5132812576484866 0.3020833490882069 0.18281250272411853 0.1625000024214387
0 0.6945312603493221 0.5083333598449826 0.17343750258442014 0.21562500321306288
0 0.9367187639581971 0.2281250118976459 0.1265625018859282 0.18281250272411853
0 0.8609375128289685 0.9395833823364228 0.1843750027474016 0.0875000013038516
0 0.14218750211875886 0.49166669230908155 0.18750000279396772 0.1843750027474016
0 0.31640625471482053 0.18229167617391795 0.1671875024912879 0.13906250207219273
0 0.4679687569732778 0.9510417162673548 0.1671875024912879 0.07343750109430403
0 0.7179687606985681 0.3447916846489534 0.20468750305008143 0.16093750239815563
0 0.8171875121770427 0.5625000293366611 0.16875000251457095 0.1843750027474016
1 0.48437500721774995 0.7364583717426285 0.04687500069849193 0.048437500721774995
1 0.15156250225845724 0.14375000749714673 0.05625000083819032 0.0656250009778887
1 0.6289062593714334 0.8312500433530658 0.2640625039348379 0.2531250037718564
0 0.09843750146683306 0.8437500440049917 0.18750000279396772 0.1843750027474016
0 0.3515625052386895 0.44166668970137835 0.18750000279396772 0.1843750027474016
0 0.6523437597206794 0.10937500570435077 0.18281250272411853 0.16093750239815563
0 0.5132812576484866 0.3020833490882069 0.18281250272411853 0.1625000024214387
0 0.6945312603493221 0.5083333598449826 0.17343750258442014 0.21562500321306288
0 0.9367187639581971 0.2281250118976459 0.1265625018859282 0.18281250272411853
0 0.8609375128289685 0.9395833823364228 0.1843750027474016 0.0875000013038516
0 0.14218750211875886 0.49166669230908155 0.18750000279396772 0.1843750027474016
0 0.31640625471482053 0.18229167617391795 0.1671875024912879 0.13906250207219273
0 0.4679687569732778 0.9510417162673548 0.1671875024912879 0.07343750109430403
0 0.7179687606985681 0.3447916846489534 0.20468750305008143 0.16093750239815563
0 0.8171875121770427 0.5625000293366611 0.16875000251457095 0.1843750027474016
1 0.48437500721774995 0.7364583717426285 0.04687500069849193 0.048437500721774995
1 0.15156250225845724 0.14375000749714673 0.05625000083819032 0.0656250009778887
1 0.6289062593714334 0.8312500433530658 0.2640625039348379 0.2531250037718564
0 0.09843750146683306 0.8437500440049917 0.18750000279396772 0.1843750027474016
0 0.3515625052386895 0.44166668970137835 0.18750000279396772 0.1843750027474016
0 0.6523437597206794 0.10937500570435077 0.18281250272411853 0.16093750239815563
0 0.5132812576484866 0.3020833490882069 0.18281250272411853 0.1625000024214387
0 0.6945312603493221 0.5083333598449826 0.17343750258442014 0.21562500321306288
0 0.9367187639581971 0.2281250118976459 0.1265625018859282 0.18281250272411853
0 0.8609375128289685 0.9395833823364228 0.1843750027474016 0.0875000013038516
0 0.14218750211875886 0.49166669230908155 0.18750000279396772 0.1843750027474016
0 0.31640625471482053 0.18229167617391795 0.1671875024912879 0.13906250207219273
0 0.4679687569732778 0.9510417162673548 0.1671875024912879 0.07343750109430403
0 0.7179687606985681 0.3447916846489534 0.20468750305008143 0.16093750239815563
0 0.8171875121770427 0.5625000293366611 0.16875000251457095 0.1843750027474016
1 0.48437500721774995 0.7364583717426285 0.04687500069849193 0.048437500721774995
1 0.15156250225845724 0.14375000749714673 0.05625000083819032 0.0656250009778887
1 0.6289062593714334 0.8312500433530658 0.2640625039348379 0.2531250037718564
0 0.09843750146683306 0.8437500440049917 0.18750000279396772 0.1843750027474016
0 0.3515625052386895 0.44166668970137835 0.18750000279396772 0.1843750027474016
0 0.6523437597206794 0.10937500570435077 0.18281250272411853 0.16093750239815563
0 0.5132812576484866 0.3020833490882069 0.18281250272411853 0.1625000024214387
0 0.6945312603493221 0.5083333598449826 0.17343750258442014 0.21562500321306288
0 0.9367187639581971 0.2281250118976459 0.1265625018859282 0.18281250272411853
0 0.8609375128289685 0.9395833823364228 0.1843750027474016 0.0875000013038516
0 0.14218750211875886 0.49166669230908155 0.18750000279396772 0.1843750027474016
0 0.31640625471482053 0.18229167617391795 0.1671875024912879 0.13906250207219273
0 0.4679687569732778 0.9510417162673548 0.1671875024912879 0.07343750109430403
0 0.7179687606985681 0.3447916846489534 0.20468750305008143 0.16093750239815563
0 0.8171875121770427 0.5625000293366611 0.16875000251457095 0.1843750027474016
1 0.48437500721774995 0.7364583717426285 0.04687500069849193 0.048437500721774995
1 0.15156250225845724 0.14375000749714673 0.05625000083819032 0.0656250009778887
1 0.6289062593714334 0.8312500433530658 0.2640625039348379 0.2531250037718564
0 0.09843750146683306 0.8437500440049917 0.18750000279396772 0.1843750027474016
0 0.3515625052386895 0.44166668970137835 0.18750000279396772 0.1843750027474016
0 0.6523437597206794 0.10937500570435077 0.18281250272411853 0.16093750239815563
0 0.5132812576484866 0.3020833490882069 0.18281250272411853 0.1625000024214387
0 0.6945312603493221 0.5083333598449826 0.17343750258442014 0.21562500321306288
0 0.9367187639581971 0.2281250118976459 0.1265625018859282 0.18281250272411853
0 0.8609375128289685 0.9395833823364228 0.1843750027474016 0.0875000013038516
0 0.14218750211875886 0.49166669230908155 0.18750000279396772 0.1843750027474016
0 0.31640625471482053 0.18229167617391795 0.1671875024912879 0.13906250207219273
0 0.4679687569732778 0.9510417162673548 0.1671875024912879 0.07343750109430403
0 0.7179687606985681 0.3447916846489534 0.20468750305008143 0.16093750239815563
0 0.8171875121770427 0.5625000293366611 0.16875000251457095 0.1843750027474016
1 0.48437500721774995 0.7364583717426285 0.04687500069849193 0.048437500721774995
1 0.15156250225845724 0.14375000749714673 0.05625000083819032 0.0656250009778887
1 0.6289062593714334 0.8312500433530658 0.2640625039348379 0.2531250037718564
0 0.09843750146683306 0.8437500440049917 0.18750000279396772 0.1843750027474016
0 0.3515625052386895 0.44166668970137835 0.18750000279396772 0.1843750027474016
0 0.6523437597206794 0.10937500570435077 0.18281250272411853 0.16093750239815563
0 0.5132812576484866 0.3020833490882069 0.18281250272411853 0.1625000024214387
0 0.6945312603493221 0.5083333598449826 0.17343750258442014 0.21562500321306288
0 0.9367187639581971 0.2281250118976459 0.1265625018859282 0.18281250272411853
0 0.8609375128289685 0.9395833823364228 0.1843750027474016 0.0875000013038516
0 0.14218750211875886 0.49166669230908155 0.18750000279396772 0.1843750027474016
0 0.31640625471482053 0.18229167617391795 0.1671875024912879 0.13906250207219273
0 0.4679687569732778 0.9510417162673548 0.1671875024912879 0.07343750109430403
0 0.7179687606985681 0.3447916846489534 0.20468750305008143 0.16093750239815563
0 0.8171875121770427 0.5625000293366611 0.16875000251457095 0.1843750027474016
1 0.48437500721774995 0.7364583717426285 0.04687500069849193 0.048437500721774995
1 0.15156250225845724 0.14375000749714673 0.05625000083819032 0.0656250009778887
1 0.6289062593714334 0.8312500433530658 0.2640625039348379 0.2531250037718564
0 0.09843750146683306 0.8437500440049917 0.18750000279396772 0.1843750027474016
0 0.3515625052386895 0.44166668970137835 0.18750000279396772 0.1843750027474016
0 0.6523437597206794 0.10937500570435077 0.18281250272411853 0.16093750239815563
0 0.5132812576484866 0.3020833490882069 0.18281250272411853 0.1625000024214387
0 0.6945312603493221 0.5083333598449826 0.17343750258442014 0.21562500321306288
0 0.9367187639581971 0.2281250118976459 0.1265625018859282 0.18281250272411853
0 0.8609375128289685 0.9395833823364228 0.1843750027474016 0.0875000013038516
0 0.14218750211875886 0.49166669230908155 0.18750000279396772 0.1843750027474016
0 0.31640625471482053 0.18229167617391795 0.1671875024912879 0.13906250207219273
0 0.4679687569732778 0.9510417162673548 0.1671875024912879 0.07343750109430403
0 0.7179687606985681 0.3447916846489534 0.20468750305008143 0.16093750239815563
0 0.8171875121770427 0.5625000293366611 0.16875000251457095 0.1843750027474016
1 0.48437500721774995 0.7364583717426285 0.04687500069849193 0.048437500721774995
1 0.15156250225845724 0.14375000749714673 0.05625000083819032 0.0656250009778887
1 0.6289062593714334 0.8312500433530658 0.2640625039348379 0.2531250037718564
0 0.09843750146683306 0.8437500440049917 0.18750000279396772 0.1843750027474016
0 0.3515625052386895 0.44166668970137835 0.18750000279396772 0.1843750027474016
0 0.6523437597206794 0.10937500570435077 0.18281250272411853 0.16093750239815563
0 0.5132812576484866 0.3020833490882069 0.18281250272411853 0.1625000024214387
0 0.6945312603493221 0.5083333598449826 0.17343750258442014 0.21562500321306288
0 0.9367187639581971 0.2281250118976459 0.1265625018859282 0.18281250272411853
0 0.8609375128289685 0.9395833823364228 0.1843750027474016 0.0875000013038516
0 0.14218750211875886 0.49166669230908155 0.18750000279396772 0.1843750027474016
0 0.31640625471482053 0.18229167617391795 0.1671875024912879 0.13906250207219273
0 0.4679687569732778 0.9510417162673548 0.1671875024912879 0.07343750109430403
0 0.7179687606985681 0.3447916846489534 0.20468750305008143 0.16093750239815563
0 0.8171875121770427 0.5625000293366611 0.16875000251457095 0.1843750027474016
2 0.48437500721774995 0.7364583717426285 0.04687500069849193 0.048437500721774995
2 0.15156250225845724 0.14375000749714673 0.05625000083819032 0.0656250009778887
1 0.6289062593714334 0.8312500433530658 0.2640625039348379 0.2531250037718564
0 0.09843750146683306 0.8437500440049917 0.18750000279396772 0.1843750027474016
0 0.3515625052386895 0.44166668970137835 0.18750000279396772 0.1843750027474016
0 0.6523437597206794 0.10937500570435077 0.18281250272411853 0.16093750239815563
0 0.5132812576484866 0.3020833490882069 0.18281250272411853 0.1625000024214387
0 0.6945312603493221 0.5083333598449826 0.17343750258442014 0.21562500321306288
0 0.9367187639581971 0.2281250118976459 0.1265625018859282 0.18281250272411853
0 0.8609375128289685 0.9395833823364228 0.1843750027474016 0.0875000013038516
0 0.14218750211875886 0.49166669230908155 0.18750000279396772 0.1843750027474016
0 0.31640625471482053 0.18229167617391795 0.1671875024912879 0.13906250207219273
0 0.4679687569732778 0.9510417162673548 0.1671875024912879 0.07343750109430403
0 0.7179687606985681 0.3447916846489534 0.20468750305008143 0.16093750239815563
0 0.8171875121770427 0.5625000293366611 0.16875000251457095 0.1843750027474016
2 0.48437500721774995 0.7364583717426285 0.04687500069849193 0.048437500721774995
2 0.15156250225845724 0.14375000749714673 0.05625000083819032 0.0656250009778887
1 0.6289062593714334 0.8312500433530658 0.2640625039348379 0.2531250037718564
0 0.09843750298023224 0.8437500596046448 0.1875 0.18437500298023224
0 0.3515625 0.44166669249534607 0.1875 0.18437500298023224
0 0.65234375 0.1093750074505806 0.18281249701976776 0.16093750298023224
0 0.5132812857627869 0.3020833432674408 0.18281249701976776 0.16250000894069672
0 0.694531261920929 0.5083333849906921 0.17343750596046448 0.21562500298023224
0 0.936718761920929 0.22812500596046448 0.12656250596046448 0.18281249701976776
0 0.8609375357627869 0.9395833611488342 0.18437500298023224 0.08749999850988388
0 0.14218750596046448 0.491666704416275 0.1875 0.18437500298023224
0 0.31640625 0.1822916716337204 0.16718749701976776 0.13906250894069672
0 0.46796876192092896 0.9510416984558105 0.16718749701976776 0.07343750447034836
0 0.717968761920929 0.3447916805744171 0.20468750596046448 0.16093750298023224
0 0.817187488079071 0.5625 0.16875000298023224 0.18437500298023224
2 0.484375 0.7364583611488342 0.046875 0.04843750223517418
2 0.15156249701976776 0.14375001192092896 0.05625000223517418 0.06562500447034836
1 0.62890625 0.8312500715255737 0.2640624940395355 0.25312501192092896
0 0.09843750298023224 0.8437500596046448 0.1875 0.18437500298023224
0 0.3515625 0.44166669249534607 0.1875 0.18437500298023224
0 0.65234375 0.1093750074505806 0.18281249701976776 0.16093750298023224
0 0.5132812857627869 0.3020833432674408 0.18281249701976776 0.16250000894069672
0 0.694531261920929 0.5083333849906921 0.17343750596046448 0.21562500298023224
0 0.936718761920929 0.22812500596046448 0.12656250596046448 0.18281249701976776
0 0.8609375357627869 0.9395833611488342 0.18437500298023224 0.08749999850988388
0 0.14218750596046448 0.491666704416275 0.1875 0.18437500298023224
0 0.31640625 0.1822916716337204 0.16718749701976776 0.13906250894069672
0 0.46796876192092896 0.9510416984558105 0.16718749701976776 0.07343750447034836
0 0.717968761920929 0.3447916805744171 0.20468750596046448 0.16093750298023224
0 0.817187488079071 0.5625 0.16875000298023224 0.18437500298023224
2 0.484375 0.7364583611488342 0.046875 0.04843750223517418
2 0.15156249701976776 0.14375001192092896 0.05625000223517418 0.06562500447034836
1 0.62890625 0.8312500715255737 0.2640624940395355 0.25312501192092896
0 0.09843750298023224 0.8437500596046448 0.1875 0.18437500298023224
0 0.3515625 0.44166669249534607 0.1875 0.18437500298023224
0 0.65234375 0.1093750074505806 0.18281249701976776 0.16093750298023224
0 0.5132812857627869 0.3020833432674408 0.18281249701976776 0.16250000894069672
0 0.694531261920929 0.5083333849906921 0.17343750596046448 0.21562500298023224
0 0.936718761920929 0.22812500596046448 0.12656250596046448 0.18281249701976776
0 0.8609375357627869 0.9395833611488342 0.18437500298023224 0.08749999850988388
0 0.14218750596046448 0.491666704416275 0.1875 0.18437500298023224
0 0.31640625 0.1822916716337204 0.16718749701976776 0.13906250894069672
0 0.46796876192092896 0.9510416984558105 0.16718749701976776 0.07343750447034836
0 0.717968761920929 0.3447916805744171 0.20468750596046448 0.16093750298023224
0 0.817187488079071 0.5625 0.16875000298023224 0.18437500298023224
2 0.484375 0.7364583611488342 0.046875 0.04843750223517418
2 0.15156249701976776 0.14375001192092896 0.05625000223517418 0.06562500447034836
1 0.62890625 0.8312500715255737 0.2640624940395355 0.25312501192092896
0 0.09843750298023224 0.8437500596046448 0.1875 0.18437500298023224
0 0.3515625 0.44166669249534607 0.1875 0.18437500298023224
0 0.65234375 0.1093750074505806 0.18281249701976776 0.16093750298023224
0 0.5132812857627869 0.3020833432674408 0.18281249701976776 0.16250000894069672
0 0.694531261920929 0.5083333849906921 0.17343750596046448 0.21562500298023224
0 0.936718761920929 0.22812500596046448 0.12656250596046448 0.18281249701976776
0 0.8609375357627869 0.9395833611488342 0.18437500298023224 0.08749999850988388
0 0.14218750596046448 0.491666704416275 0.1875 0.18437500298023224
0 0.31640625 0.1822916716337204 0.16718749701976776 0.13906250894069672
0 0.46796876192092896 0.9510416984558105 0.16718749701976776 0.07343750447034836
0 0.717968761920929 0.3447916805744171 0.20468750596046448 0.16093750298023224
0 0.817187488079071 0.5625 0.16875000298023224 0.18437500298023224
2 0.484375 0.7364583611488342 0.046875 0.04843750223517418
2 0.15156249701976776 0.14375001192092896 0.05625000223517418 0.06562500447034836
1 0.62890625 0.8312500715255737 0.2640624940395355 0.25312501192092896
0 0.09843750298023224 0.8437500596046448 0.1875 0.18437500298023224
0 0.3515625 0.44166669249534607 0.1875 0.18437500298023224
0 0.65234375 0.1093750074505806 0.18281249701976776 0.16093750298023224
0 0.5132812857627869 0.3020833432674408 0.18281249701976776 0.16250000894069672
0 0.694531261920929 0.5083333849906921 0.17343750596046448 0.21562500298023224
0 0.936718761920929 0.22812500596046448 0.12656250596046448 0.18281249701976776
0 0.8609375357627869 0.9395833611488342 0.18437500298023224 0.08749999850988388
0 0.14218750596046448 0.491666704416275 0.1875 0.18437500298023224
0 0.31640625 0.1822916716337204 0.16718749701976776 0.13906250894069672
0 0.46796876192092896 0.9510416984558105 0.16718749701976776 0.07343750447034836
0 0.717968761920929 0.3447916805744171 0.20468750596046448 0.16093750298023224
0 0.817187488079071 0.5625 0.16875000298023224 0.18437500298023224
2 0.484375 0.7364583611488342 0.046875 0.04843750223517418
2 0.15156249701976776 0.14375001192092896 0.05625000223517418 0.06562500447034836
1 0.62890625 0.8312500715255737 0.2640624940395355 0.25312501192092896
0 0.09843750298023224 0.8437500596046448 0.1875 0.18437500298023224
0 0.3515625 0.44166669249534607 0.1875 0.18437500298023224
0 0.65234375 0.1093750074505806 0.18281249701976776 0.16093750298023224
0 0.5132812857627869 0.3020833432674408 0.18281249701976776 0.16250000894069672
0 0.694531261920929 0.5083333849906921 0.17343750596046448 0.21562500298023224
0 0.936718761920929 0.22812500596046448 0.12656250596046448 0.18281249701976776
0 0.8609375357627869 0.9395833611488342 0.18437500298023224 0.08749999850988388
0 0.14218750596046448 0.491666704416275 0.1875 0.18437500298023224
0 0.31640625 0.1822916716337204 0.16718749701976776 0.13906250894069672
0 0.46796876192092896 0.9510416984558105 0.16718749701976776 0.07343750447034836
0 0.717968761920929 0.3447916805744171 0.20468750596046448 0.16093750298023224
0 0.817187488079071 0.5625 0.16875000298023224 0.18437500298023224
2 0.484375 0.7364583611488342 0.046875 0.04843750223517418
2 0.15156249701976776 0.14375001192092896 0.05625000223517418 0.06562500447034836
1 0.62890625 0.8312500715255737 0.2640624940395355 0.25312501192092896
0 0.09843750298023224 0.8437500596046448 0.1875 0.18437500298023224
0 0.3515625 0.44166669249534607 0.1875 0.18437500298023224
0 0.65234375 0.1093750074505806 0.18281249701976776 0.16093750298023224
0 0.5132812857627869 0.3020833432674408 0.18281249701976776 0.16250000894069672
0 0.694531261920929 0.5083333849906921 0.17343750596046448 0.21562500298023224
0 0.936718761920929 0.22812500596046448 0.12656250596046448 0.18281249701976776
0 0.8609375357627869 0.9395833611488342 0.18437500298023224 0.08749999850988388
0 0.14218750596046448 0.491666704416275 0.1875 0.18437500298023224
0 0.31640625 0.1822916716337204 0.16718749701976776 0.13906250894069672
0 0.46796876192092896 0.9510416984558105 0.16718749701976776 0.07343750447034836
0 0.717968761920929 0.3447916805744171 0.20468750596046448 0.16093750298023224
0 0.817187488079071 0.5625 0.16875000298023224 0.18437500298023224
2 0.484375 0.7364583611488342 0.046875 0.04843750223517418
2 0.15156249701976776 0.14375001192092896 0.05625000223517418 0.06562500447034836
1 0.62890625 0.8312500715255737 0.2640624940395355 0.25312501192092896
