0 0.5039062575087883 0.10937500570435077 0.17031250253785402 0.14843750221189111
0 0.8320312623982318 0.30520834925118834 0.17031250253785402 0.14843750221189111
0 0.2664062539697625 0.9010417136596516 0.17031250253785402 0.14843750221189111
0 0.5843750087078661 0.35625001857988536 0.20312500302679837 0.17187500256113708
0 0.6804687601397745 0.21875001140870154 0.1671875024912879 0.13750000204890966
0 0.6414062595576979 0.0927083381684497 0.17656250263098627 0.1359375020256266
0 0.36015625536674634 0.25729168008547276 0.17031250253785402 0.14843750221189111
0 0.33671875501750037 0.38125001988373697 0.16093750239815563 0.1750000026077032
0 0.7656250114087015 0.7343750383006409 0.1843750027474016 0.1796875026775524
0 0.7335937609313987 0.927083381684497 0.17031250253785402 0.1093750016298145
0 0.5679687584633939 0.9197917146375403 0.19843750295694917 0.12031250179279596
0 0.9437500140629709 0.45520835707429796 0.11250000167638063 0.1578125023515895
0 0.133593751990702 0.8062500420492142 0.14218750211875886 0.14687500218860805
0 0.1773437526426278 0.45416669035330415 0.16093750239815563 0.20937500311993062
1 0.4343750064726919 0.8625000449828804 0.05312500079162419 0.06250000093132257
1 0.5429687580908649 0.6333333663642406 0.32656250486616045 0.30000000447034836
0 0.5039062575087883 0.10937500570435077 0.17031250253785402 0.14843750221189111
0 0.8320312623982318 0.30520834925118834 0.17031250253785402 0.14843750221189111
0 0.2664062539697625 0.9010417136596516 0.17031250253785402 0.14843750221189111
0 0.5843750087078661 0.35625001857988536 0.20312500302679837 0.17187500256113708
0 0.6804687601397745 0.21875001140870154 0.1671875024912879 0.13750000204890966
0 0.6414062595576979 0.0927083381684497 0.17656250263098627 0.1359375020256266
0 0.36015625536674634 0.25729168008547276 0.17031250253785402 0.14843750221189111
0 0.33671875501750037 0.38125001988373697 0.16093750239815563 0.1750000026077032
0 0.7656250114087015 0.7343750383006409 0.1843750027474016 0.1796875026775524
0 0.7335937609313987 0.927083381684497 0.17031250253785402 0.1093750016298145
0 0.5679687584633939 0.9197917146375403 0.19843750295694917 0.12031250179279596
0 0.9437500140629709 0.45520835707429796 0.11250000167638063 0.1578125023515895
0 0.133593751990702 0.8062500420492142 0.14218750211875886 0.14687500218860805
0 0.1773437526426278 0.45416669035330415 0.16093750239815563 0.20937500311993062
1 0.4343750064726919 0.8625000449828804 0.05312500079162419 0.06250000093132257
1 0.5429687580908649 0.6333333663642406 0.32656250486616045 0.30000000447034836
0 0.5039062575087883 0.10937500570435077 0.17031250253785402 0.14843750221189111
0 0.8320312623982318 0.30520834925118834 0.17031250253785402 0.14843750221189111
0 0.2664062539697625 0.9010417136596516 0.17031250253785402 0.14843750221189111
0 0.5843750087078661 0.35625001857988536 0.20312500302679837 0.17187500256113708
0 0.6804687601397745 0.21875001140870154 0.1671875024912879 0.13750000204890966
0 0.6414062595576979 0.0927083381684497 0.17656250263098627 0.1359375020256266
0 0.36015625536674634 0.25729168008547276 0.17031250253785402 0.14843750221189111
0 0.33671875501750037 0.38125001988373697 0.16093750239815563 0.1750000026077032
0 0.7656250114087015 0.7343750383006409 0.1843750027474016 0.1796875026775524
0 0.7335937609313987 0.927083381684497 0.17031250253785402 0.1093750016298145
0 0.5679687584633939 0.9197917146375403 0.19843750295694917 0.12031250179279596
0 0.9437500140629709 0.45520835707429796 0.11250000167638063 0.1578125023515895
0 0.133593751990702 0.8062500420492142 0.14218750211875886 0.14687500218860805
0 0.1773437526426278 0.45416669035330415 0.16093750239815563 0.20937500311993062
1 0.4343750064726919 0.8625000449828804 0.05312500079162419 0.06250000093132257
1 0.5429687580908649 0.6333333663642406 0.32656250486616045 0.30000000447034836
0 0.5039062575087883 0.10937500570435077 0.17031250253785402 0.14843750221189111
0 0.8320312623982318 0.30520834925118834 0.17031250253785402 0.14843750221189111
0 0.2664062539697625 0.9010417136596516 0.17031250253785402 0.14843750221189111
0 0.5843750087078661 0.35625001857988536 0.20312500302679837 0.17187500256113708
0 0.6804687601397745 0.21875001140870154 0.1671875024912879 0.13750000204890966
0 0.6414062595576979 0.0927083381684497 0.17656250263098627 0.1359375020256266
0 0.36015625536674634 0.25729168008547276 0.17031250253785402 0.14843750221189111
0 0.33671875501750037 0.38125001988373697 0.16093750239815563 0.1750000026077032
0 0.7656250114087015 0.7343750383006409 0.1843750027474016 0.1796875026775524
0 0.7335937609313987 0.927083381684497 0.17031250253785402 0.1093750016298145
0 0.5679687584633939 0.9197917146375403 0.19843750295694917 0.12031250179279596
0 0.9437500140629709 0.45520835707429796 0.11250000167638063 0.1578125023515895
0 0.133593751990702 0.8062500420492142 0.14218750211875886 0.14687500218860805
0 0.1773437526426278 0.45416669035330415 0.16093750239815563 0.20937500311993062
1 0.4343750064726919 0.8625000449828804 0.05312500079162419 0.06250000093132257
1 0.5429687580908649 0.6333333663642406 0.32656250486616045 0.30000000447034836
0 0.5039062575087883 0.10937500570435077 0.17031250253785402 0.14843750221189111
0 0.8320312623982318 0.30520834925118834 0.17031250253785402 0.14843750221189111
0 0.2664062539697625 0.9010417136596516 0.17031250253785402 0.14843750221189111
0 0.5843750087078661 0.35625001857988536 0.20312500302679837 0.17187500256113708
0 0.6804687601397745 0.21875001140870154 0.1671875024912879 0.13750000204890966
0 0.6414062595576979 0.0927083381684497 0.17656250263098627 0.1359375020256266
0 0.36015625536674634 0.25729168008547276 0.17031250253785402 0.14843750221189111
0 0.33671875501750037 0.38125001988373697 0.16093750239815563 0.1750000026077032
0 0.7656250114087015 0.7343750383006409 0.1843750027474016 0.1796875026775524
0 0.7335937609313987 0.927083381684497 0.17031250253785402 0.1093750016298145
0 0.5679687584633939 0.9197917146375403 0.19843750295694917 0.12031250179279596
0 0.9437500140629709 0.45520835707429796 0.11250000167638063 0.1578125023515895
0 0.133593751990702 0.8062500420492142 0.14218750211875886 0.14687500218860805
0 0.1773437526426278 0.45416669035330415 0.16093750239815563 0.20937500311993062
1 0.4343750064726919 0.8625000449828804 0.05312500079162419 0.06250000093132257
1 0.5429687580908649 0.6333333663642406 0.32656250486616045 0.30000000447034836
0 0.5039062575087883 0.10937500570435077 0.17031250253785402 0.14843750221189111
0 0.8320312623982318 0.30520834925118834 0.17031250253785402 0.14843750221189111
0 0.2664062539697625 0.9010417136596516 0.17031250253785402 0.14843750221189111
0 0.5843750087078661 0.35625001857988536 0.20312500302679837 0.17187500256113708
0 0.6804687601397745 0.21875001140870154 0.1671875024912879 0.13750000204890966
0 0.6414062595576979 0.0927083381684497 0.17656250263098627 0.1359375020256266
0 0.36015625536674634 0.25729168008547276 0.17031250253785402 0.14843750221189111
0 0.33671875501750037 0.38125001988373697 0.16093750239815563 0.1750000026077032
0 0.7656250114087015 0.7343750383006409 0.1843750027474016 0.1796875026775524
0 0.7335937609313987 0.927083381684497 0.17031250253785402 0.1093750016298145
0 0.5679687584633939 0.9197917146375403 0.19843750295694917 0.12031250179279596
0 0.9437500140629709 0.45520835707429796 0.11250000167638063 0.1578125023515895
0 0.133593751990702 0.8062500420492142 0.14218750211875886 0.14687500218860805
0 0.1773437526426278 0.45416669035330415 0.16093750239815563 0.20937500311993062
1 0.4343750064726919 0.8625000449828804 0.05312500079162419 0.06250000093132257
1 0.5429687580908649 0.6333333663642406 0.32656250486616045 0.30000000447034836
0 0.5039062575087883 0.10937500570435077 0.17031250253785402 0.14843750221189111
0 0.8320312623982318 0.30520834925118834 0.17031250253785402 0.14843750221189111
0 0.2664062539697625 0.9010417136596516 0.17031250253785402 0.14843750221189111
0 0.5843750087078661 0.35625001857988536 0.20312500302679837 0.17187500256113708
0 0.6804687601397745 0.21875001140870154 0.1671875024912879 0.13750000204890966
0 0.6414062595576979 0.0927083381684497 0.17656250263098627 0.1359375020256266
0 0.36015625536674634 0.25729168008547276 0.17031250253785402 0.14843750221189111
0 0.33671875501750037 0.38125001988373697 0.16093750239815563 0.1750000026077032
0 0.7656250114087015 0.7343750383006409 0.1843750027474016 0.1796875026775524
0 0.7335937609313987 0.927083381684497 0.17031250253785402 0.1093750016298145
0 0.5679687584633939 0.9197917146375403 0.19843750295694917 0.12031250179279596
0 0.9437500140629709 0.45520835707429796 0.11250000167638063 0.1578125023515895
0 0.133593751990702 0.8062500420492142 0.14218750211875886 0.14687500218860805
0 0.1773437526426278 0.45416669035330415 0.16093750239815563 0.20937500311993062
1 0.4343750064726919 0.8625000449828804 0.05312500079162419 0.06250000093132257
1 0.5429687580908649 0.6333333663642406 0.32656250486616045 0.30000000447034836
0 0.5039062575087883 0.10937500570435077 0.17031250253785402 0.14843750221189111
0 0.8320312623982318 0.30520834925118834 0.17031250253785402 0.14843750221189111
0 0.2664062539697625 0.9010417136596516 0.17031250253785402 0.14843750221189111
0 0.5843750087078661 0.35625001857988536 0.20312500302679837 0.17187500256113708
0 0.6804687601397745 0.21875001140870154 0.1671875024912879 0.13750000204890966
0 0.6414062595576979 0.0927083381684497 0.17656250263098627 0.1359375020256266
0 0.36015625536674634 0.25729168008547276 0.17031250253785402 0.14843750221189111
0 0.33671875501750037 0.38125001988373697 0.16093750239815563 0.1750000026077032
0 0.7656250114087015 0.7343750383006409 0.1843750027474016 0.1796875026775524
0 0.7335937609313987 0.927083381684497 0.17031250253785402 0.1093750016298145
0 0.5679687584633939 0.9197917146375403 0.19843750295694917 0.12031250179279596
0 0.9437500140629709 0.45520835707429796 0.11250000167638063 0.1578125023515895
0 0.133593751990702 0.8062500420492142 0.14218750211875886 0.14687500218860805
0 0.1773437526426278 0.45416669035330415 0.16093750239815563 0.20937500311993062
1 0.4343750064726919 0.8625000449828804 0.05312500079162419 0.06250000093132257
1 0.5429687580908649 0.6333333663642406 0.32656250486616045 0.30000000447034836
0 0.5039062575087883 0.10937500570435077 0.17031250253785402 0.14843750221189111
0 0.8320312623982318 0.30520834925118834 0.17031250253785402 0.14843750221189111
0 0.2664062539697625 0.9010417136596516 0.17031250253785402 0.14843750221189111
0 0.5843750087078661 0.35625001857988536 0.20312500302679837 0.17187500256113708
0 0.6804687601397745 0.21875001140870154 0.1671875024912879 0.13750000204890966
0 0.6414062595576979 0.0927083381684497 0.17656250263098627 0.1359375020256266
0 0.36015625536674634 0.25729168008547276 0.17031250253785402 0.14843750221189111
0 0.33671875501750037 0.38125001988373697 0.16093750239815563 0.1750000026077032
0 0.7656250114087015 0.7343750383006409 0.1843750027474016 0.1796875026775524
0 0.7335937609313987 0.927083381684497 0.17031250253785402 0.1093750016298145
0 0.5679687584633939 0.9197917146375403 0.19843750295694917 0.12031250179279596
0 0.9437500140629709 0.45520835707429796 0.11250000167638063 0.1578125023515895
0 0.133593751990702 0.8062500420492142 0.14218750211875886 0.14687500218860805
0 0.1773437526426278 0.45416669035330415 0.16093750239815563 0.20937500311993062
1 0.4343750064726919 0.8625000449828804 0.05312500079162419 0.06250000093132257
1 0.5429687580908649 0.6333333663642406 0.32656250486616045 0.30000000447034836
0 0.5039062575087883 0.10937500570435077 0.17031250253785402 0.14843750221189111
0 0.8320312623982318 0.30520834925118834 0.17031250253785402 0.14843750221189111
0 0.2664062539697625 0.9010417136596516 0.17031250253785402 0.14843750221189111
0 0.5843750087078661 0.35625001857988536 0.20312500302679837 0.17187500256113708
0 0.6804687601397745 0.21875001140870154 0.1671875024912879 0.13750000204890966
0 0.6414062595576979 0.0927083381684497 0.17656250263098627 0.1359375020256266
0 0.36015625536674634 0.25729168008547276 0.17031250253785402 0.14843750221189111
0 0.33671875501750037 0.38125001988373697 0.16093750239815563 0.1750000026077032
0 0.7656250114087015 0.7343750383006409 0.1843750027474016 0.1796875026775524
0 0.7335937609313987 0.927083381684497 0.17031250253785402 0.1093750016298145
0 0.5679687584633939 0.9197917146375403 0.19843750295694917 0.12031250179279596
0 0.9437500140629709 0.45520835707429796 0.11250000167638063 0.1578125023515895
0 0.133593751990702 0.8062500420492142 0.14218750211875886 0.14687500218860805
0 0.1773437526426278 0.45416669035330415 0.16093750239815563 0.20937500311993062
1 0.4343750064726919 0.8625000449828804 0.05312500079162419 0.06250000093132257
1 0.5429687580908649 0.6333333663642406 0.32656250486616045 0.30000000447034836
0 0.5039062575087883 0.10937500570435077 0.17031250253785402 0.14843750221189111
0 0.8320312623982318 0.30520834925118834 0.17031250253785402 0.14843750221189111
0 0.2664062539697625 0.9010417136596516 0.17031250253785402 0.14843750221189111
0 0.5843750087078661 0.35625001857988536 0.20312500302679837 0.17187500256113708
0 0.6804687601397745 0.21875001140870154 0.1671875024912879 0.13750000204890966
0 0.6414062595576979 0.0927083381684497 0.17656250263098627 0.1359375020256266
0 0.36015625536674634 0.25729168008547276 0.17031250253785402 0.14843750221189111
0 0.33671875501750037 0.38125001988373697 0.16093750239815563 0.1750000026077032
0 0.7656250114087015 0.7343750383006409 0.1843750027474016 0.1796875026775524
0 0.7335937609313987 0.927083381684497 0.17031250253785402 0.1093750016298145
0 0.5679687584633939 0.9197917146375403 0.19843750295694917 0.12031250179279596
0 0.9437500140629709 0.45520835707429796 0.11250000167638063 0.1578125023515895
0 0.133593751990702 0.8062500420492142 0.14218750211875886 0.14687500218860805
0 0.1773437526426278 0.45416669035330415 0.16093750239815563 0.20937500311993062
1 0.4343750064726919 0.8625000449828804 0.05312500079162419 0.06250000093132257
1 0.5429687580908649 0.6333333663642406 0.32656250486616045 0.30000000447034836
0 0.5039062575087883 0.10937500570435077 0.17031250253785402 0.14843750221189111
0 0.8320312623982318 0.30520834925118834 0.17031250253785402 0.14843750221189111
0 0.2664062539697625 0.9010417136596516 0.17031250253785402 0.14843750221189111
0 0.5843750087078661 0.35625001857988536 0.20312500302679837 0.17187500256113708
0 0.6804687601397745 0.21875001140870154 0.1671875024912879 0.13750000204890966
0 0.6414062595576979 0.0927083381684497 0.17656250263098627 0.1359375020256266
0 0.36015625536674634 0.25729168008547276 0.17031250253785402 0.14843750221189111
0 0.33671875501750037 0.38125001988373697 0.16093750239815563 0.1750000026077032
0 0.7656250114087015 0.7343750383006409 0.1843750027474016 0.1796875026775524
0 0.7335937609313987 0.927083381684497 0.17031250253785402 0.1093750016298145
0 0.5679687584633939 0.9197917146375403 0.19843750295694917 0.12031250179279596
0 0.9437500140629709 0.45520835707429796 0.11250000167638063 0.1578125023515895
0 0.133593751990702 0.8062500420492142 0.14218750211875886 0.14687500218860805
0 0.1773437526426278 0.45416669035330415 0.16093750239815563 0.20937500311993062
1 0.4343750064726919 0.8625000449828804 0.05312500079162419 0.06250000093132257
1 0.5429687580908649 0.6333333663642406 0.32656250486616045 0.30000000447034836
0 0.5039062575087883 0.10937500570435077 0.17031250253785402 0.14843750221189111
0 0.8320312623982318 0.30520834925118834 0.17031250253785402 0.14843750221189111
0 0.2664062539697625 0.9010417136596516 0.17031250253785402 0.14843750221189111
0 0.5843750087078661 0.35625001857988536 0.20312500302679837 0.17187500256113708
0 0.6804687601397745 0.21875001140870154 0.1671875024912879 0.13750000204890966
0 0.6414062595576979 0.0927083381684497 0.17656250263098627 0.1359375020256266
0 0.36015625536674634 0.25729168008547276 0.17031250253785402 0.14843750221189111
0 0.33671875501750037 0.38125001988373697 0.16093750239815563 0.1750000026077032
0 0.7656250114087015 0.7343750383006409 0.1843750027474016 0.1796875026775524
0 0.7335937609313987 0.927083381684497 0.17031250253785402 0.1093750016298145
0 0.5679687584633939 0.9197917146375403 0.19843750295694917 0.12031250179279596
0 0.9437500140629709 0.45520835707429796 0.11250000167638063 0.1578125023515895
0 0.133593751990702 0.8062500420492142 0.14218750211875886 0.14687500218860805
0 0.1773437526426278 0.45416669035330415 0.16093750239815563 0.20937500311993062
1 0.4343750064726919 0.8625000449828804 0.05312500079162419 0.06250000093132257
1 0.5429687580908649 0.6333333663642406 0.32656250486616045 0.30000000447034836
0 0.5039062575087883 0.10937500570435077 0.17031250253785402 0.14843750221189111
0 0.8320312623982318 0.30520834925118834 0.17031250253785402 0.14843750221189111
0 0.2664062539697625 0.9010417136596516 0.17031250253785402 0.14843750221189111
0 0.5843750087078661 0.35625001857988536 0.20312500302679837 0.17187500256113708
0 0.6804687601397745 0.21875001140870154 0.1671875024912879 0.13750000204890966
0 0.6414062595576979 0.0927083381684497 0.17656250263098627 0.1359375020256266
0 0.36015625536674634 0.25729168008547276 0.17031250253785402 0.14843750221189111
0 0.33671875501750037 0.38125001988373697 0.16093750239815563 0.1750000026077032
0 0.7656250114087015 0.7343750383006409 0.1843750027474016 0.1796875026775524
0 0.7335937609313987 0.927083381684497 0.17031250253785402 0.1093750016298145
0 0.5679687584633939 0.9197917146375403 0.19843750295694917 0.12031250179279596
0 0.9437500140629709 0.45520835707429796 0.11250000167638063 0.1578125023515895
0 0.133593751990702 0.8062500420492142 0.14218750211875886 0.14687500218860805
0 0.1773437526426278 0.45416669035330415 0.16093750239815563 0.20937500311993062
2 0.4343750064726919 0.8625000449828804 0.05312500079162419 0.06250000093132257
1 0.5429687580908649 0.6333333663642406 0.32656250486616045 0.30000000447034836
0 0.5039062575087883 0.10937500570435077 0.17031250253785402 0.14843750221189111
0 0.8320312623982318 0.30520834925118834 0.17031250253785402 0.14843750221189111
0 0.2664062539697625 0.9010417136596516 0.17031250253785402 0.14843750221189111
0 0.5843750087078661 0.35625001857988536 0.20312500302679837 0.17187500256113708
0 0.6804687601397745 0.21875001140870154 0.1671875024912879 0.13750000204890966
0 0.6414062595576979 0.0927083381684497 0.17656250263098627 0.1359375020256266
0 0.36015625536674634 0.25729168008547276 0.17031250253785402 0.14843750221189111
0 0.33671875501750037 0.38125001988373697 0.16093750239815563 0.1750000026077032
0 0.7656250114087015 0.7343750383006409 0.1843750027474016 0.1796875026775524
0 0.7335937609313987 0.927083381684497 0.17031250253785402 0.1093750016298145
0 0.5679687584633939 0.9197917146375403 0.19843750295694917 0.12031250179279596
0 0.9437500140629709 0.45520835707429796 0.11250000167638063 0.1578125023515895
0 0.133593751990702 0.8062500420492142 0.14218750211875886 0.14687500218860805
0 0.1773437526426278 0.45416669035330415 0.16093750239815563 0.20937500311993062
2 0.4343750064726919 0.8625000449828804 0.05312500079162419 0.06250000093132257
1 0.5429687580908649 0.6333333663642406 0.32656250486616045 0.30000000447034836
0 0.50390625 0.1093750074505806 0.17031250894069672 0.1484375
0 0.83203125 0.30520835518836975 0.17031250894069672 0.1484375
0 0.26640626788139343 0.9010416865348816 0.17031250894069672 0.1484375
0 0.5843750238418579 0.35625001788139343 0.203125 0.171875
0 0.680468738079071 0.2187500149011612 0.16718749701976776 0.13750000298023224
0 0.641406238079071 0.09270834177732468 0.17656250298023224 0.13593749701976776
0 0.36015626788139343 0.25729167461395264 0.17031250894069672 0.1484375
0 0.33671876788139343 0.3812500238418579 0.16093750298023224 0.17499999701976776
0 0.765625 0.7343750596046448 0.18437500298023224 0.1796875
0 0.733593761920929 0.9270833730697632 0.17031250894069672 0.109375
0 0.5679687857627869 0.9197916984558105 0.19843749701976776 0.12031250447034836
0 0.9437500238418579 0.45520836114883423 0.11250000447034836 0.15781250596046448
0 0.13359375298023224 0.8062500357627869 0.14218750596046448 0.14687500894069672
0 0.17734375596046448 0.4541666805744171 0.16093750298023224 0.20937500894069672
2 0.43437501788139343 0.8625000715255737 0.05312500149011612 0.0625
1 0.54296875 0.6333333849906921 0.3265624940395355 0.30000001192092896
0 0.50390625 0.1093750074505806 0.17031250894069672 0.1484375
0 0.83203125 0.30520835518836975 0.17031250894069672 0.1484375
0 0.26640626788139343 0.9010416865348816 0.17031250894069672 0.1484375
0 0.5843750238418579 0.35625001788139343 0.203125 0.171875
0 0.680468738079071 0.2187500149011612 0.16718749701976776 0.13750000298023224
0 0.641406238079071 0.09270834177732468 0.17656250298023224 0.13593749701976776
0 0.36015626788139343 0.25729167461395264 0.17031250894069672 0.1484375
0 0.33671876788139343 0.3812500238418579 0.16093750298023224 0.17499999701976776
0 0.765625 0.7343750596046448 0.18437500298023224 0.1796875
0 0.733593761920929 0.9270833730697632 0.17031250894069672 0.109375
0 0.5679687857627869 0.9197916984558105 0.19843749701976776 0.12031250447034836
0 0.9437500238418579 0.45520836114883423 0.11250000447034836 0.15781250596046448
0 0.13359375298023224 0.8062500357627869 0.14218750596046448 0.14687500894069672
0 0.17734375596046448 0.4541666805744171 0.16093750298023224 0.20937500894069672
2 0.43437501788139343 0.8625000715255737 0.05312500149011612 0.0625
1 0.54296875 0.6333333849906921 0.3265624940395355 0.30000001192092896
0 0.50390625 0.1093750074505806 0.17031250894069672 0.1484375
0 0.83203125 0.30520835518836975 0.17031250894069672 0.1484375
0 0.26640626788139343 0.9010416865348816 0.17031250894069672 0.1484375
0 0.5843750238418579 0.35625001788139343 0.203125 0.171875
0 0.680468738079071 0.2187500149011612 0.16718749701976776 0.13750000298023224
0 0.641406238079071 0.09270834177732468 0.17656250298023224 0.13593749701976776
0 0.36015626788139343 0.25729167461395264 0.17031250894069672 0.1484375
0 0.33671876788139343 0.3812500238418579 0.16093750298023224 0.17499999701976776
0 0.765625 0.7343750596046448 0.18437500298023224 0.1796875
0 0.733593761920929 0.9270833730697632 0.17031250894069672 0.109375
0 0.5679687857627869 0.9197916984558105 0.19843749701976776 0.12031250447034836
0 0.9437500238418579 0.45520836114883423 0.11250000447034836 0.15781250596046448
0 0.13359375298023224 0.8062500357627869 0.14218750596046448 0.14687500894069672
0 0.17734375596046448 0.4541666805744171 0.16093750298023224 0.20937500894069672
2 0.43437501788139343 0.8625000715255737 0.05312500149011612 0.0625
1 0.54296875 0.6333333849906921 0.3265624940395355 0.30000001192092896
0 0.50390625 0.1093750074505806 0.17031250894069672 0.1484375
0 0.83203125 0.30520835518836975 0.17031250894069672 0.1484375
0 0.26640626788139343 0.9010416865348816 0.17031250894069672 0.1484375
0 0.5843750238418579 0.35625001788139343 0.203125 0.171875
0 0.680468738079071 0.2187500149011612 0.16718749701976776 0.13750000298023224
0 0.641406238079071 0.09270834177732468 0.17656250298023224 0.13593749701976776
0 0.36015626788139343 0.25729167461395264 0.17031250894069672 0.1484375
0 0.33671876788139343 0.3812500238418579 0.16093750298023224 0.17499999701976776
0 0.765625 0.7343750596046448 0.18437500298023224 0.1796875
0 0.733593761920929 0.9270833730697632 0.17031250894069672 0.109375
0 0.5679687857627869 0.9197916984558105 0.19843749701976776 0.12031250447034836
0 0.9437500238418579 0.45520836114883423 0.11250000447034836 0.15781250596046448
0 0.13359375298023224 0.8062500357627869 0.14218750596046448 0.14687500894069672
0 0.17734375596046448 0.4541666805744171 0.16093750298023224 0.20937500894069672
2 0.43437501788139343 0.8625000715255737 0.05312500149011612 0.0625
1 0.54296875 0.6333333849906921 0.3265624940395355 0.30000001192092896
0 0.50390625 0.1093750074505806 0.17031250894069672 0.1484375
0 0.83203125 0.30520835518836975 0.17031250894069672 0.1484375
0 0.26640626788139343 0.9010416865348816 0.17031250894069672 0.1484375
0 0.5843750238418579 0.35625001788139343 0.203125 0.171875
0 0.680468738079071 0.2187500149011612 0.16718749701976776 0.13750000298023224
0 0.641406238079071 0.09270834177732468 0.17656250298023224 0.13593749701976776
0 0.36015626788139343 0.25729167461395264 0.17031250894069672 0.1484375
0 0.33671876788139343 0.3812500238418579 0.16093750298023224 0.17499999701976776
0 0.765625 0.7343750596046448 0.18437500298023224 0.1796875
0 0.733593761920929 0.9270833730697632 0.17031250894069672 0.109375
0 0.5679687857627869 0.9197916984558105 0.19843749701976776 0.12031250447034836
0 0.9437500238418579 0.45520836114883423 0.11250000447034836 0.15781250596046448
0 0.13359375298023224 0.8062500357627869 0.14218750596046448 0.14687500894069672
0 0.17734375596046448 0.4541666805744171 0.16093750298023224 0.20937500894069672
2 0.43437501788139343 0.8625000715255737 0.05312500149011612 0.0625
1 0.54296875 0.6333333849906921 0.3265624940395355 0.30000001192092896
0 0.50390625 0.1093750074505806 0.17031250894069672 0.1484375
0 0.83203125 0.30520835518836975 0.17031250894069672 0.1484375
0 0.26640626788139343 0.9010416865348816 0.17031250894069672 0.1484375
0 0.5843750238418579 0.35625001788139343 0.203125 0.171875
0 0.680468738079071 0.2187500149011612 0.16718749701976776 0.13750000298023224
0 0.641406238079071 0.09270834177732468 0.17656250298023224 0.13593749701976776
0 0.36015626788139343 0.25729167461395264 0.17031250894069672 0.1484375
0 0.33671876788139343 0.3812500238418579 0.16093750298023224 0.17499999701976776
0 0.765625 0.7343750596046448 0.18437500298023224 0.1796875
0 0.733593761920929 0.9270833730697632 0.17031250894069672 0.109375
0 0.5679687857627869 0.9197916984558105 0.19843749701976776 0.12031250447034836
0 0.9437500238418579 0.45520836114883423 0.11250000447034836 0.15781250596046448
0 0.13359375298023224 0.8062500357627869 0.14218750596046448 0.14687500894069672
0 0.17734375596046448 0.4541666805744171 0.16093750298023224 0.20937500894069672
2 0.43437501788139343 0.8625000715255737 0.05312500149011612 0.0625
1 0.54296875 0.6333333849906921 0.3265624940395355 0.30000001192092896
0 0.50390625 0.1093750074505806 0.17031250894069672 0.1484375
0 0.83203125 0.30520835518836975 0.17031250894069672 0.1484375
0 0.26640626788139343 0.9010416865348816 0.17031250894069672 0.1484375
0 0.5843750238418579 0.35625001788139343 0.203125 0.171875
0 0.680468738079071 0.2187500149011612 0.16718749701976776 0.13750000298023224
0 0.641406238079071 0.09270834177732468 0.17656250298023224 0.13593749701976776
0 0.36015626788139343 0.25729167461395264 0.17031250894069672 0.1484375
0 0.33671876788139343 0.3812500238418579 0.16093750298023224 0.17499999701976776
0 0.765625 0.7343750596046448 0.18437500298023224 0.1796875
0 0.733593761920929 0.9270833730697632 0.17031250894069672 0.109375
0 0.5679687857627869 0.9197916984558105 0.19843749701976776 0.12031250447034836
0 0.9437500238418579 0.45520836114883423 0.11250000447034836 0.15781250596046448
0 0.13359375298023224 0.8062500357627869 0.14218750596046448 0.14687500894069672
0 0.17734375596046448 0.4541666805744171 0.16093750298023224 0.20937500894069672
2 0.43437501788139343 0.8625000715255737 0.05312500149011612 0.0625
1 0.54296875 0.6333333849906921 0.3265624940395355 0.30000001192092896
