0 0.42656250635627657 0.6854167024139315 0.17812500265426934 0.15625000232830644
0 0.27109375403961167 0.8541667112149298 0.17656250263098627 0.20312500302679837
0 0.7953125118510798 0.7583333728834987 0.17812500265426934 0.15625000232830644
0 0.6906250102911144 0.7645833732094616 0.17812500265426934 0.15625000232830644
0 0.8695312629570253 0.5697916963836178 0.16093750239815563 0.16093750239815563
0 0.8406250125262886 0.4687500244472176 0.15625000232830644 0.14375000214204192
0 0.8234375122701749 0.21458334452472627 0.15625000232830644 0.14375000214204192
0 0.7437500110827386 0.2416666792705655 0.15625000232830644 0.14375000214204192
0 0.6703125099884346 0.45937502395827323 0.16562500246800482 0.16093750239815563
0 0.07578125112922862 0.4760416914941743 0.14843750221189111 0.15468750230502337
0 0.07578125112922862 0.10312500537838787 0.14843750221189111 0.15156250225845724
0 0.5218750077765435 0.5135416934499517 0.15000000223517418 0.15468750230502337
1 0.3781250056345016 0.20520834403578192 0.3718750055413693 0.30468750454019755
0 0.42656250635627657 0.6854167024139315 0.17812500265426934 0.15625000232830644
0 0.27109375403961167 0.8541667112149298 0.17656250263098627 0.20312500302679837
0 0.7953125118510798 0.7583333728834987 0.17812500265426934 0.15625000232830644
0 0.6906250102911144 0.7645833732094616 0.17812500265426934 0.15625000232830644
0 0.8695312629570253 0.5697916963836178 0.16093750239815563 0.16093750239815563
0 0.8406250125262886 0.4687500244472176 0.15625000232830644 0.14375000214204192
0 0.8234375122701749 0.21458334452472627 0.15625000232830644 0.14375000214204192
0 0.7437500110827386 0.2416666792705655 0.15625000232830644 0.14375000214204192
0 0.6703125099884346 0.45937502395827323 0.16562500246800482 0.16093750239815563
0 0.07578125112922862 0.4760416914941743 0.14843750221189111 0.15468750230502337
0 0.07578125112922862 0.10312500537838787 0.14843750221189111 0.15156250225845724
0 0.5218750077765435 0.5135416934499517 0.15000000223517418 0.15468750230502337
1 0.3781250056345016 0.20520834403578192 0.3718750055413693 0.30468750454019755
0 0.42656250635627657 0.6854167024139315 0.17812500265426934 0.15625000232830644
0 0.27109375403961167 0.8541667112149298 0.17656250263098627 0.20312500302679837
0 0.7953125118510798 0.7583333728834987 0.17812500265426934 0.15625000232830644
0 0.6906250102911144 0.7645833732094616 0.17812500265426934 0.15625000232830644
0 0.8695312629570253 0.5697916963836178 0.16093750239815563 0.16093750239815563
0 0.8406250125262886 0.4687500244472176 0.15625000232830644 0.14375000214204192
0 0.8234375122701749 0.21458334452472627 0.15625000232830644 0.14375000214204192
0 0.7437500110827386 0.2416666792705655 0.15625000232830644 0.14375000214204192
0 0.6703125099884346 0.45937502395827323 0.16562500246800482 0.16093750239815563
0 0.07578125112922862 0.4760416914941743 0.14843750221189111 0.15468750230502337
0 0.07578125112922862 0.10312500537838787 0.14843750221189111 0.15156250225845724
0 0.5218750077765435 0.5135416934499517 0.15000000223517418 0.15468750230502337
1 0.3781250056345016 0.20520834403578192 0.3718750055413693 0.30468750454019755
0 0.42656250635627657 0.6854167024139315 0.17812500265426934 0.15625000232830644
0 0.27109375403961167 0.8541667112149298 0.17656250263098627 0.20312500302679837
0 0.7953125118510798 0.7583333728834987 0.17812500265426934 0.15625000232830644
0 0.6906250102911144 0.7645833732094616 0.17812500265426934 0.15625000232830644
0 0.8695312629570253 0.5697916963836178 0.16093750239815563 0.16093750239815563
0 0.8406250125262886 0.4687500244472176 0.15625000232830644 0.14375000214204192
0 0.8234375122701749 0.21458334452472627 0.15625000232830644 0.14375000214204192
0 0.7437500110827386 0.2416666792705655 0.15625000232830644 0.14375000214204192
0 0.6703125099884346 0.45937502395827323 0.16562500246800482 0.16093750239815563
0 0.07578125112922862 0.4760416914941743 0.14843750221189111 0.15468750230502337
0 0.07578125112922862 0.10312500537838787 0.14843750221189111 0.15156250225845724
0 0.5218750077765435 0.5135416934499517 0.15000000223517418 0.15468750230502337
1 0.3781250056345016 0.20520834403578192 0.3718750055413693 0.30468750454019755
0 0.42656250635627657 0.6854167024139315 0.17812500265426934 0.15625000232830644
0 0.27109375403961167 0.8541667112149298 0.17656250263098627 0.20312500302679837
0 0.7953125118510798 0.7583333728834987 0.17812500265426934 0.15625000232830644
0 0.6906250102911144 0.7645833732094616 0.17812500265426934 0.15625000232830644
0 0.8695312629570253 0.5697916963836178 0.16093750239815563 0.16093750239815563
0 0.8406250125262886 0.4687500244472176 0.15625000232830644 0.14375000214204192
0 0.8234375122701749 0.21458334452472627 0.15625000232830644 0.14375000214204192
0 0.7437500110827386 0.2416666792705655 0.15625000232830644 0.14375000214204192
0 0.6703125099884346 0.45937502395827323 0.16562500246800482 0.16093750239815563
0 0.07578125112922862 0.4760416914941743 0.14843750221189111 0.15468750230502337
0 0.07578125112922862 0.10312500537838787 0.14843750221189111 0.15156250225845724
0 0.5218750077765435 0.5135416934499517 0.15000000223517418 0.15468750230502337
1 0.3781250056345016 0.20520834403578192 0.3718750055413693 0.30468750454019755
0 0.42656250635627657 0.6854167024139315 0.17812500265426934 0.15625000232830644
0 0.27109375403961167 0.8541667112149298 0.17656250263098627 0.20312500302679837
0 0.7953125118510798 0.7583333728834987 0.17812500265426934 0.15625000232830644
0 0.6906250102911144 0.7645833732094616 0.17812500265426934 0.15625000232830644
0 0.8695312629570253 0.5697916963836178 0.16093750239815563 0.16093750239815563
0 0.8406250125262886 0.4687500244472176 0.15625000232830644 0.14375000214204192
0 0.8234375122701749 0.21458334452472627 0.15625000232830644 0.14375000214204192
0 0.7437500110827386 0.2416666792705655 0.15625000232830644 0.14375000214204192
0 0.6703125099884346 0.45937502395827323 0.16562500246800482 0.16093750239815563
0 0.07578125112922862 0.4760416914941743 0.14843750221189111 0.15468750230502337
0 0.07578125112922862 0.10312500537838787 0.14843750221189111 0.15156250225845724
0 0.5218750077765435 0.5135416934499517 0.15000000223517418 0.15468750230502337
1 0.3781250056345016 0.20520834403578192 0.3718750055413693 0.30468750454019755
0 0.42656250635627657 0.6854167024139315 0.17812500265426934 0.15625000232830644
0 0.27109375403961167 0.8541667112149298 0.17656250263098627 0.20312500302679837
0 0.7953125118510798 0.7583333728834987 0.17812500265426934 0.15625000232830644
0 0.6906250102911144 0.7645833732094616 0.17812500265426934 0.15625000232830644
0 0.8695312629570253 0.5697916963836178 0.16093750239815563 0.16093750239815563
0 0.8406250125262886 0.4687500244472176 0.15625000232830644 0.14375000214204192
0 0.8234375122701749 0.21458334452472627 0.15625000232830644 0.14375000214204192
0 0.7437500110827386 0.2416666792705655 0.15625000232830644 0.14375000214204192
0 0.6703125099884346 0.45937502395827323 0.16562500246800482 0.16093750239815563
0 0.07578125112922862 0.4760416914941743 0.14843750221189111 0.15468750230502337
0 0.07578125112922862 0.10312500537838787 0.14843750221189111 0.15156250225845724
0 0.5218750077765435 0.5135416934499517 0.15000000223517418 0.15468750230502337
1 0.3781250056345016 0.20520834403578192 0.3718750055413693 0.30468750454019755
0 0.42656250635627657 0.6854167024139315 0.17812500265426934 0.15625000232830644
0 0.27109375403961167 0.8541667112149298 0.17656250263098627 0.20312500302679837
0 0.7953125118510798 0.7583333728834987 0.17812500265426934 0.15625000232830644
0 0.6906250102911144 0.7645833732094616 0.17812500265426934 0.15625000232830644
0 0.8695312629570253 0.5697916963836178 0.16093750239815563 0.16093750239815563
0 0.8406250125262886 0.4687500244472176 0.15625000232830644 0.14375000214204192
0 0.8234375122701749 0.21458334452472627 0.15625000232830644 0.14375000214204192
0 0.7437500110827386 0.2416666792705655 0.15625000232830644 0.14375000214204192
0 0.6703125099884346 0.45937502395827323 0.16562500246800482 0.16093750239815563
0 0.07578125112922862 0.4760416914941743 0.14843750221189111 0.15468750230502337
0 0.07578125112922862 0.10312500537838787 0.14843750221189111 0.15156250225845724
0 0.5218750077765435 0.5135416934499517 0.15000000223517418 0.15468750230502337
1 0.3781250056345016 0.20520834403578192 0.3718750055413693 0.30468750454019755
0 0.42656250635627657 0.6854167024139315 0.17812500265426934 0.15625000232830644
0 0.27109375403961167 0.8541667112149298 0.17656250263098627 0.20312500302679837
0 0.7953125118510798 0.7583333728834987 0.17812500265426934 0.15625000232830644
0 0.6906250102911144 0.7645833732094616 0.17812500265426934 0.15625000232830644
0 0.8695312629570253 0.5697916963836178 0.16093750239815563 0.16093750239815563
0 0.8406250125262886 0.4687500244472176 0.15625000232830644 0.14375000214204192
0 0.8234375122701749 0.21458334452472627 0.15625000232830644 0.14375000214204192
0 0.7437500110827386 0.2416666792705655 0.15625000232830644 0.14375000214204192
0 0.6703125099884346 0.45937502395827323 0.16562500246800482 0.16093750239815563
0 0.07578125112922862 0.4760416914941743 0.14843750221189111 0.15468750230502337
0 0.07578125112922862 0.10312500537838787 0.14843750221189111 0.15156250225845724
0 0.5218750077765435 0.5135416934499517 0.15000000223517418 0.15468750230502337
1 0.3781250056345016 0.20520834403578192 0.3718750055413693 0.30468750454019755
0 0.42656250635627657 0.6854167024139315 0.17812500265426934 0.15625000232830644
0 0.27109375403961167 0.8541667112149298 0.17656250263098627 0.20312500302679837
0 0.7953125118510798 0.7583333728834987 0.17812500265426934 0.15625000232830644
0 0.6906250102911144 0.7645833732094616 0.17812500265426934 0.15625000232830644
0 0.8695312629570253 0.5697916963836178 0.16093750239815563 0.16093750239815563
0 0.8406250125262886 0.4687500244472176 0.15625000232830644 0.14375000214204192
0 0.8234375122701749 0.21458334452472627 0.15625000232830644 0.14375000214204192
0 0.7437500110827386 0.2416666792705655 0.15625000232830644 0.14375000214204192
0 0.6703125099884346 0.45937502395827323 0.16562500246800482 0.16093750239815563
0 0.07578125112922862 0.4760416914941743 0.14843750221189111 0.15468750230502337
0 0.07578125112922862 0.10312500537838787 0.14843750221189111 0.15156250225845724
0 0.5218750077765435 0.5135416934499517 0.15000000223517418 0.15468750230502337
1 0.3781250056345016 0.20520834403578192 0.3718750055413693 0.30468750454019755
0 0.42656250635627657 0.6854167024139315 0.17812500265426934 0.15625000232830644
0 0.27109375403961167 0.8541667112149298 0.17656250263098627 0.20312500302679837
0 0.7953125118510798 0.7583333728834987 0.17812500265426934 0.15625000232830644
0 0.6906250102911144 0.7645833732094616 0.17812500265426934 0.15625000232830644
0 0.8695312629570253 0.5697916963836178 0.16093750239815563 0.16093750239815563
0 0.8406250125262886 0.4687500244472176 0.15625000232830644 0.14375000214204192
0 0.8234375122701749 0.21458334452472627 0.15625000232830644 0.14375000214204192
0 0.7437500110827386 0.2416666792705655 0.15625000232830644 0.14375000214204192
0 0.6703125099884346 0.45937502395827323 0.16562500246800482 0.16093750239815563
0 0.07578125112922862 0.4760416914941743 0.14843750221189111 0.15468750230502337
0 0.07578125112922862 0.10312500537838787 0.14843750221189111 0.15156250225845724
0 0.5218750077765435 0.5135416934499517 0.15000000223517418 0.15468750230502337
1 0.3781250056345016 0.20520834403578192 0.3718750055413693 0.30468750454019755
0 0.42656250635627657 0.6854167024139315 0.17812500265426934 0.15625000232830644
0 0.27109375403961167 0.8541667112149298 0.17656250263098627 0.20312500302679837
0 0.7953125118510798 0.7583333728834987 0.17812500265426934 0.15625000232830644
0 0.6906250102911144 0.7645833732094616 0.17812500265426934 0.15625000232830644
0 0.8695312629570253 0.5697916963836178 0.16093750239815563 0.16093750239815563
0 0.8406250125262886 0.4687500244472176 0.15625000232830644 0.14375000214204192
0 0.8234375122701749 0.21458334452472627 0.15625000232830644 0.14375000214204192
0 0.7437500110827386 0.2416666792705655 0.15625000232830644 0.14375000214204192
0 0.6703125099884346 0.45937502395827323 0.16562500246800482 0.16093750239815563
0 0.07578125112922862 0.4760416914941743 0.14843750221189111 0.15468750230502337
0 0.07578125112922862 0.10312500537838787 0.14843750221189111 0.15156250225845724
0 0.5218750077765435 0.5135416934499517 0.15000000223517418 0.15468750230502337
1 0.3781250056345016 0.20520834403578192 0.3718750055413693 0.30468750454019755
0 0.42656250635627657 0.6854167024139315 0.17812500265426934 0.15625000232830644
0 0.27109375403961167 0.8541667112149298 0.17656250263098627 0.20312500302679837
0 0.7953125118510798 0.7583333728834987 0.17812500265426934 0.15625000232830644
0 0.6906250102911144 0.7645833732094616 0.17812500265426934 0.15625000232830644
0 0.8695312629570253 0.5697916963836178 0.16093750239815563 0.16093750239815563
0 0.8406250125262886 0.4687500244472176 0.15625000232830644 0.14375000214204192
0 0.8234375122701749 0.21458334452472627 0.15625000232830644 0.14375000214204192
0 0.7437500110827386 0.2416666792705655 0.15625000232830644 0.14375000214204192
0 0.6703125099884346 0.45937502395827323 0.16562500246800482 0.16093750239815563
0 0.07578125112922862 0.4760416914941743 0.14843750221189111 0.15468750230502337
0 0.07578125112922862 0.10312500537838787 0.14843750221189111 0.15156250225845724
0 0.5218750077765435 0.5135416934499517 0.15000000223517418 0.15468750230502337
1 0.3781250056345016 0.20520834403578192 0.3718750055413693 0.30468750454019755
0 0.42656250635627657 0.6854167024139315 0.17812500265426934 0.15625000232830644
0 0.27109375403961167 0.8541667112149298 0.17656250263098627 0.20312500302679837
0 0.7953125118510798 0.7583333728834987 0.17812500265426934 0.15625000232830644
0 0.6906250102911144 0.7645833732094616 0.17812500265426934 0.15625000232830644
0 0.8695312629570253 0.5697916963836178 0.16093750239815563 0.16093750239815563
0 0.8406250125262886 0.4687500244472176 0.15625000232830644 0.14375000214204192
0 0.8234375122701749 0.21458334452472627 0.15625000232830644 0.14375000214204192
0 0.7437500110827386 0.2416666792705655 0.15625000232830644 0.14375000214204192
0 0.6703125099884346 0.45937502395827323 0.16562500246800482 0.16093750239815563
0 0.07578125112922862 0.4760416914941743 0.14843750221189111 0.15468750230502337
0 0.07578125112922862 0.10312500537838787 0.14843750221189111 0.15156250225845724
0 0.5218750077765435 0.5135416934499517 0.15000000223517418 0.15468750230502337
1 0.3781250056345016 0.20520834403578192 0.3718750055413693 0.30468750454019755
0 0.42656250635627657 0.6854167024139315 0.17812500265426934 0.15625000232830644
0 0.27109375403961167 0.8541667112149298 0.17656250263098627 0.20312500302679837
0 0.7953125118510798 0.7583333728834987 0.17812500265426934 0.15625000232830644
0 0.6906250102911144 0.7645833732094616 0.17812500265426934 0.15625000232830644
0 0.8695312629570253 0.5697916963836178 0.16093750239815563 0.16093750239815563
0 0.8406250125262886 0.4687500244472176 0.15625000232830644 0.14375000214204192
0 0.8234375122701749 0.21458334452472627 0.15625000232830644 0.14375000214204192
0 0.7437500110827386 0.2416666792705655 0.15625000232830644 0.14375000214204192
0 0.6703125099884346 0.45937502395827323 0.16562500246800482 0.16093750239815563
0 0.07578125112922862 0.4760416914941743 0.14843750221189111 0.15468750230502337
0 0.07578125112922862 0.10312500537838787 0.14843750221189111 0.15156250225845724
0 0.5218750077765435 0.5135416934499517 0.15000000223517418 0.15468750230502337
1 0.3781250056345016 0.20520834403578192 0.3718750055413693 0.30468750454019755
0 0.42656251788139343 0.6854166984558105 0.17812500894069672 0.15625
0 0.2710937559604645 0.8541666865348816 0.17656250298023224 0.203125
0 0.7953125238418579 0.7583333849906921 0.17812500894069672 0.15625
0 0.690625011920929 0.7645833492279053 0.17812500894069672 0.15625
0 0.8695312738418579 0.5697916746139526 0.16093750298023224 0.16093750298023224
0 0.840624988079071 0.4687500298023224 0.15625 0.14374999701976776
0 0.823437511920929 0.21458333730697632 0.15625 0.14374999701976776
0 0.7437500357627869 0.24166667461395264 0.15625 0.14374999701976776
0 0.6703125238418579 0.4593750238418579 0.16562500596046448 0.16093750298023224
0 0.07578124850988388 0.476041704416275 0.1484375 0.15468750894069672
0 0.07578124850988388 0.10312500596046448 0.1484375 0.15156249701976776
0 0.5218750238418579 0.5135416984558105 0.15000000596046448 0.15468750894069672
1 0.37812501192092896 0.20520834624767303 0.37187501788139343 0.3046875
0 0.42656251788139343 0.6854166984558105 0.17812500894069672 0.15625
0 0.2710937559604645 0.8541666865348816 0.17656250298023224 0.203125
0 0.7953125238418579 0.7583333849906921 0.17812500894069672 0.15625
0 0.690625011920929 0.7645833492279053 0.17812500894069672 0.15625
0 0.8695312738418579 0.5697916746139526 0.16093750298023224 0.16093750298023224
0 0.840624988079071 0.4687500298023224 0.15625 0.14374999701976776
0 0.823437511920929 0.21458333730697632 0.15625 0.14374999701976776
0 0.7437500357627869 0.24166667461395264 0.15625 0.14374999701976776
0 0.6703125238418579 0.4593750238418579 0.16562500596046448 0.16093750298023224
0 0.07578124850988388 0.476041704416275 0.1484375 0.15468750894069672
0 0.07578124850988388 0.10312500596046448 0.1484375 0.15156249701976776
0 0.5218750238418579 0.5135416984558105 0.15000000596046448 0.15468750894069672
1 0.37812501192092896 0.20520834624767303 0.37187501788139343 0.3046875
0 0.42656251788139343 0.6854166984558105 0.17812500894069672 0.15625
0 0.2710937559604645 0.8541666865348816 0.17656250298023224 0.203125
0 0.7953125238418579 0.7583333849906921 0.17812500894069672 0.15625
0 0.690625011920929 0.7645833492279053 0.17812500894069672 0.15625
0 0.8695312738418579 0.5697916746139526 0.16093750298023224 0.16093750298023224
0 0.840624988079071 0.4687500298023224 0.15625 0.14374999701976776
0 0.823437511920929 0.21458333730697632 0.15625 0.14374999701976776
0 0.7437500357627869 0.24166667461395264 0.15625 0.14374999701976776
0 0.6703125238418579 0.4593750238418579 0.16562500596046448 0.16093750298023224
0 0.07578124850988388 0.476041704416275 0.1484375 0.15468750894069672
0 0.07578124850988388 0.10312500596046448 0.1484375 0.15156249701976776
0 0.5218750238418579 0.5135416984558105 0.15000000596046448 0.15468750894069672
1 0.37812501192092896 0.20520834624767303 0.37187501788139343 0.3046875
0 0.42656251788139343 0.6854166984558105 0.17812500894069672 0.15625
0 0.2710937559604645 0.8541666865348816 0.17656250298023224 0.203125
0 0.7953125238418579 0.7583333849906921 0.17812500894069672 0.15625
0 0.690625011920929 0.7645833492279053 0.17812500894069672 0.15625
0 0.8695312738418579 0.5697916746139526 0.16093750298023224 0.16093750298023224
0 0.840624988079071 0.4687500298023224 0.15625 0.14374999701976776
0 0.823437511920929 0.21458333730697632 0.15625 0.14374999701976776
0 0.7437500357627869 0.24166667461395264 0.15625 0.14374999701976776
0 0.6703125238418579 0.4593750238418579 0.16562500596046448 0.16093750298023224
0 0.07578124850988388 0.476041704416275 0.1484375 0.15468750894069672
0 0.07578124850988388 0.10312500596046448 0.1484375 0.15156249701976776
0 0.5218750238418579 0.5135416984558105 0.15000000596046448 0.15468750894069672
1 0.37812501192092896 0.20520834624767303 0.37187501788139343 0.3046875
0 0.42656251788139343 0.6854166984558105 0.17812500894069672 0.15625
0 0.2710937559604645 0.8541666865348816 0.17656250298023224 0.203125
0 0.7953125238418579 0.7583333849906921 0.17812500894069672 0.15625
0 0.690625011920929 0.7645833492279053 0.17812500894069672 0.15625
0 0.8695312738418579 0.5697916746139526 0.16093750298023224 0.16093750298023224
0 0.840624988079071 0.4687500298023224 0.15625 0.14374999701976776
0 0.823437511920929 0.21458333730697632 0.15625 0.14374999701976776
0 0.7437500357627869 0.24166667461395264 0.15625 0.14374999701976776
0 0.6703125238418579 0.4593750238418579 0.16562500596046448 0.16093750298023224
0 0.07578124850988388 0.476041704416275 0.1484375 0.15468750894069672
0 0.07578124850988388 0.10312500596046448 0.1484375 0.15156249701976776
0 0.5218750238418579 0.5135416984558105 0.15000000596046448 0.15468750894069672
1 0.37812501192092896 0.20520834624767303 0.37187501788139343 0.3046875
0 0.42656251788139343 0.6854166984558105 0.17812500894069672 0.15625
0 0.2710937559604645 0.8541666865348816 0.17656250298023224 0.203125
0 0.7953125238418579 0.7583333849906921 0.17812500894069672 0.15625
0 0.690625011920929 0.7645833492279053 0.17812500894069672 0.15625
0 0.8695312738418579 0.5697916746139526 0.16093750298023224 0.16093750298023224
0 0.840624988079071 0.4687500298023224 0.15625 0.14374999701976776
0 0.823437511920929 0.21458333730697632 0.15625 0.14374999701976776
0 0.7437500357627869 0.24166667461395264 0.15625 0.14374999701976776
0 0.6703125238418579 0.4593750238418579 0.16562500596046448 0.16093750298023224
0 0.07578124850988388 0.476041704416275 0.1484375 0.15468750894069672
0 0.07578124850988388 0.10312500596046448 0.1484375 0.15156249701976776
0 0.5218750238418579 0.5135416984558105 0.15000000596046448 0.15468750894069672
1 0.37812501192092896 0.20520834624767303 0.37187501788139343 0.3046875
0 0.42656251788139343 0.6854166984558105 0.17812500894069672 0.15625
0 0.2710937559604645 0.8541666865348816 0.17656250298023224 0.203125
0 0.7953125238418579 0.7583333849906921 0.17812500894069672 0.15625
0 0.690625011920929 0.7645833492279053 0.17812500894069672 0.15625
0 0.8695312738418579 0.5697916746139526 0.16093750298023224 0.16093750298023224
0 0.840624988079071 0.4687500298023224 0.15625 0.14374999701976776
0 0.823437511920929 0.21458333730697632 0.15625 0.14374999701976776
0 0.7437500357627869 0.24166667461395264 0.15625 0.14374999701976776
0 0.6703125238418579 0.4593750238418579 0.16562500596046448 0.16093750298023224
0 0.07578124850988388 0.476041704416275 0.1484375 0.15468750894069672
0 0.07578124850988388 0.10312500596046448 0.1484375 0.15156249701976776
0 0.5218750238418579 0.5135416984558105 0.15000000596046448 0.15468750894069672
1 0.37812501192092896 0.20520834624767303 0.37187501788139343 0.3046875
