0 0.09531250142026693 0.7583333728834987 0.1531250022817403 0.14687500218860805
0 0.055468750826548785 0.5354166945908219 0.10781250160653144 0.2062500030733645
0 0.5742187585565262 0.37395835283678025 0.19531250291038305 0.17656250263098627
0 0.6921875103143975 0.6291666994802654 0.15937500237487257 0.16875000251457095
0 0.3468750051688403 0.7302083714166656 0.15625000232830644 0.18281250272411853
0 0.9062500135041773 0.49791669263504446 0.18750000279396772 0.17187500256113708
0 0.5726562585332431 0.09062500472646207 0.16406250244472176 0.13281250197906047
0 0.2210937532945536 0.2770833477843553 0.20781250309664756 0.1531250022817403
0 0.17812500265426934 0.4458333565853536 0.1968750029336661 0.20312500302679837
0 0.5296875078929588 0.7531250392785296 0.1968750029336661 0.1578125023515895
0 0.36250000540167093 0.08125000423751771 0.19375000288709998 0.11875000176951289
1 0.35078125522704795 0.9177083811955526 0.06093750090803951 0.0703125010477379
1 0.45312500675208867 0.17187500896397978 0.059375000884756446 0.06406250095460564
1 0.7476562611409463 0.1729166756849736 0.2453125036554411 0.23750000353902578
0 0.09531250142026693 0.7583333728834987 0.1531250022817403 0.14687500218860805
0 0.055468750826548785 0.5354166945908219 0.10781250160653144 0.2062500030733645
0 0.5742187585565262 0.37395835283678025 0.19531250291038305 0.17656250263098627
0 0.6921875103143975 0.6291666994802654 0.15937500237487257 0.16875000251457095
0 0.3468750051688403 0.7302083714166656 0.15625000232830644 0.18281250272411853
0 0.9062500135041773 0.49791669263504446 0.18750000279396772 0.17187500256113708
0 0.5726562585332431 0.09062500472646207 0.16406250244472176 0.13281250197906047
0 0.2210937532945536 0.2770833477843553 0.20781250309664756 0.1531250022817403
0 0.17812500265426934 0.4458333565853536 0.1968750029336661 0.20312500302679837
0 0.5296875078929588 0.7531250392785296 0.1968750029336661 0.1578125023515895
0 0.36250000540167093 0.08125000423751771 0.19375000288709998 0.11875000176951289
1 0.35078125522704795 0.9177083811955526 0.06093750090803951 0.0703125010477379
1 0.45312500675208867 0.17187500896397978 0.059375000884756446 0.06406250095460564
1 0.7476562611409463 0.1729166756849736 0.2453125036554411 0.23750000353902578
0 0.09531250142026693 0.7583333728834987 0.1531250022817403 0.14687500218860805
0 0.055468750826548785 0.5354166945908219 0.10781250160653144 0.2062500030733645
0 0.5742187585565262 0.37395835283678025 0.19531250291038305 0.17656250263098627
0 0.6921875103143975 0.6291666994802654 0.15937500237487257 0.16875000251457095
0 0.3468750051688403 0.7302083714166656 0.15625000232830644 0.18281250272411853
0 0.9062500135041773 0.49791669263504446 0.18750000279396772 0.17187500256113708
0 0.5726562585332431 0.09062500472646207 0.16406250244472176 0.13281250197906047
0 0.2210937532945536 0.2770833477843553 0.20781250309664756 0.1531250022817403
0 0.17812500265426934 0.4458333565853536 0.1968750029336661 0.20312500302679837
0 0.5296875078929588 0.7531250392785296 0.1968750029336661 0.1578125023515895
0 0.36250000540167093 0.08125000423751771 0.19375000288709998 0.11875000176951289
1 0.35078125522704795 0.9177083811955526 0.06093750090803951 0.0703125010477379
1 0.45312500675208867 0.17187500896397978 0.059375000884756446 0.06406250095460564
1 0.7476562611409463 0.1729166756849736 0.2453125036554411 0.23750000353902578
0 0.09531250142026693 0.7583333728834987 0.1531250022817403 0.14687500218860805
0 0.055468750826548785 0.5354166945908219 0.10781250160653144 0.2062500030733645
0 0.5742187585565262 0.37395835283678025 0.19531250291038305 0.17656250263098627
0 0.6921875103143975 0.6291666994802654 0.15937500237487257 0.16875000251457095
0 0.3468750051688403 0.7302083714166656 0.15625000232830644 0.18281250272411853
0 0.9062500135041773 0.49791669263504446 0.18750000279396772 0.17187500256113708
0 0.5726562585332431 0.09062500472646207 0.16406250244472176 0.13281250197906047
0 0.2210937532945536 0.2770833477843553 0.20781250309664756 0.1531250022817403
0 0.17812500265426934 0.4458333565853536 0.1968750029336661 0.20312500302679837
0 0.5296875078929588 0.7531250392785296 0.1968750029336661 0.1578125023515895
0 0.36250000540167093 0.08125000423751771 0.19375000288709998 0.11875000176951289
1 0.35078125522704795 0.9177083811955526 0.06093750090803951 0.0703125010477379
1 0.45312500675208867 0.17187500896397978 0.059375000884756446 0.06406250095460564
1 0.7476562611409463 0.1729166756849736 0.2453125036554411 0.23750000353902578
0 0.09531250142026693 0.7583333728834987 0.1531250022817403 0.14687500218860805
0 0.055468750826548785 0.5354166945908219 0.10781250160653144 0.2062500030733645
0 0.5742187585565262 0.37395835283678025 0.19531250291038305 0.17656250263098627
0 0.6921875103143975 0.6291666994802654 0.15937500237487257 0.16875000251457095
0 0.3468750051688403 0.7302083714166656 0.15625000232830644 0.18281250272411853
0 0.9062500135041773 0.49791669263504446 0.18750000279396772 0.17187500256113708
0 0.5726562585332431 0.09062500472646207 0.16406250244472176 0.13281250197906047
0 0.2210937532945536 0.2770833477843553 0.20781250309664756 0.1531250022817403
0 0.17812500265426934 0.4458333565853536 0.1968750029336661 0.20312500302679837
0 0.5296875078929588 0.7531250392785296 0.1968750029336661 0.1578125023515895
0 0.36250000540167093 0.08125000423751771 0.19375000288709998 0.11875000176951289
1 0.35078125522704795 0.9177083811955526 0.06093750090803951 0.0703125010477379
1 0.45312500675208867 0.17187500896397978 0.059375000884756446 0.06406250095460564
1 0.7476562611409463 0.1729166756849736 0.2453125036554411 0.23750000353902578
0 0.09531250142026693 0.7583333728834987 0.1531250022817403 0.14687500218860805
0 0.055468750826548785 0.5354166945908219 0.10781250160653144 0.2062500030733645
0 0.5742187585565262 0.37395835283678025 0.19531250291038305 0.17656250263098627
0 0.6921875103143975 0.6291666994802654 0.15937500237487257 0.16875000251457095
0 0.3468750051688403 0.7302083714166656 0.15625000232830644 0.18281250272411853
0 0.9062500135041773 0.49791669263504446 0.18750000279396772 0.17187500256113708
0 0.5726562585332431 0.09062500472646207 0.16406250244472176 0.13281250197906047
0 0.2210937532945536 0.2770833477843553 0.20781250309664756 0.1531250022817403
0 0.17812500265426934 0.4458333565853536 0.1968750029336661 0.20312500302679837
0 0.5296875078929588 0.7531250392785296 0.1968750029336661 0.1578125023515895
0 0.36250000540167093 0.08125000423751771 0.19375000288709998 0.11875000176951289
1 0.35078125522704795 0.9177083811955526 0.06093750090803951 0.0703125010477379
1 0.45312500675208867 0.17187500896397978 0.059375000884756446 0.06406250095460564
1 0.7476562611409463 0.1729166756849736 0.2453125036554411 0.23750000353902578
0 0.09531250142026693 0.7583333728834987 0.1531250022817403 0.14687500218860805
0 0.055468750826548785 0.5354166945908219 0.10781250160653144 0.2062500030733645
0 0.5742187585565262 0.37395835283678025 0.19531250291038305 0.17656250263098627
0 0.6921875103143975 0.6291666994802654 0.15937500237487257 0.16875000251457095
0 0.3468750051688403 0.7302083714166656 0.15625000232830644 0.18281250272411853
0 0.9062500135041773 0.49791669263504446 0.18750000279396772 0.17187500256113708
0 0.5726562585332431 0.09062500472646207 0.16406250244472176 0.13281250197906047
0 0.2210937532945536 0.2770833477843553 0.20781250309664756 0.1531250022817403
0 0.17812500265426934 0.4458333565853536 0.1968750029336661 0.20312500302679837
0 0.5296875078929588 0.7531250392785296 0.1968750029336661 0.1578125023515895
0 0.36250000540167093 0.08125000423751771 0.19375000288709998 0.11875000176951289
1 0.35078125522704795 0.9177083811955526 0.06093750090803951 0.0703125010477379
1 0.45312500675208867 0.17187500896397978 0.059375000884756446 0.06406250095460564
1 0.7476562611409463 0.1729166756849736 0.2453125036554411 0.23750000353902578
0 0.09531250142026693 0.7583333728834987 0.1531250022817403 0.14687500218860805
0 0.055468750826548785 0.5354166945908219 0.10781250160653144 0.2062500030733645
0 0.5742187585565262 0.37395835283678025 0.19531250291038305 0.17656250263098627
0 0.6921875103143975 0.6291666994802654 0.15937500237487257 0.16875000251457095
0 0.3468750051688403 0.7302083714166656 0.15625000232830644 0.18281250272411853
0 0.9062500135041773 0.49791669263504446 0.18750000279396772 0.17187500256113708
0 0.5726562585332431 0.09062500472646207 0.16406250244472176 0.13281250197906047
0 0.2210937532945536 0.2770833477843553 0.20781250309664756 0.1531250022817403
0 0.17812500265426934 0.4458333565853536 0.1968750029336661 0.20312500302679837
0 0.5296875078929588 0.7531250392785296 0.1968750029336661 0.1578125023515895
0 0.36250000540167093 0.08125000423751771 0.19375000288709998 0.11875000176951289
1 0.35078125522704795 0.9177083811955526 0.06093750090803951 0.0703125010477379
1 0.45312500675208867 0.17187500896397978 0.059375000884756446 0.06406250095460564
1 0.7476562611409463 0.1729166756849736 0.2453125036554411 0.23750000353902578
0 0.09531250142026693 0.7583333728834987 0.1531250022817403 0.14687500218860805
0 0.055468750826548785 0.5354166945908219 0.10781250160653144 0.2062500030733645
0 0.5742187585565262 0.37395835283678025 0.19531250291038305 0.17656250263098627
0 0.6921875103143975 0.6291666994802654 0.15937500237487257 0.16875000251457095
0 0.3468750051688403 0.7302083714166656 0.15625000232830644 0.18281250272411853
0 0.9062500135041773 0.49791669263504446 0.18750000279396772 0.17187500256113708
0 0.5726562585332431 0.09062500472646207 0.16406250244472176 0.13281250197906047
0 0.2210937532945536 0.2770833477843553 0.20781250309664756 0.1531250022817403
0 0.17812500265426934 0.4458333565853536 0.1968750029336661 0.20312500302679837
0 0.5296875078929588 0.7531250392785296 0.1968750029336661 0.1578125023515895
0 0.36250000540167093 0.08125000423751771 0.19375000288709998 0.11875000176951289
1 0.35078125522704795 0.9177083811955526 0.06093750090803951 0.0703125010477379
1 0.45312500675208867 0.17187500896397978 0.059375000884756446 0.06406250095460564
1 0.7476562611409463 0.1729166756849736 0.2453125036554411 0.23750000353902578
0 0.09531250142026693 0.7583333728834987 0.1531250022817403 0.14687500218860805
0 0.055468750826548785 0.5354166945908219 0.10781250160653144 0.2062500030733645
0 0.5742187585565262 0.37395835283678025 0.19531250291038305 0.17656250263098627
0 0.6921875103143975 0.6291666994802654 0.15937500237487257 0.16875000251457095
0 0.3468750051688403 0.7302083714166656 0.15625000232830644 0.18281250272411853
0 0.9062500135041773 0.49791669263504446 0.18750000279396772 0.17187500256113708
0 0.5726562585332431 0.09062500472646207 0.16406250244472176 0.13281250197906047
0 0.2210937532945536 0.2770833477843553 0.20781250309664756 0.1531250022817403
0 0.17812500265426934 0.4458333565853536 0.1968750029336661 0.20312500302679837
0 0.5296875078929588 0.7531250392785296 0.1968750029336661 0.1578125023515895
0 0.36250000540167093 0.08125000423751771 0.19375000288709998 0.11875000176951289
1 0.35078125522704795 0.9177083811955526 0.06093750090803951 0.0703125010477379
1 0.45312500675208867 0.17187500896397978 0.059375000884756446 0.06406250095460564
1 0.7476562611409463 0.1729166756849736 0.2453125036554411 0.23750000353902578
0 0.09531250142026693 0.7583333728834987 0.1531250022817403 0.14687500218860805
0 0.055468750826548785 0.5354166945908219 0.10781250160653144 0.2062500030733645
0 0.5742187585565262 0.37395835283678025 0.19531250291038305 0.17656250263098627
0 0.6921875103143975 0.6291666994802654 0.15937500237487257 0.16875000251457095
0 0.3468750051688403 0.7302083714166656 0.15625000232830644 0.18281250272411853
0 0.9062500135041773 0.49791669263504446 0.18750000279396772 0.17187500256113708
0 0.5726562585332431 0.09062500472646207 0.16406250244472176 0.13281250197906047
0 0.2210937532945536 0.2770833477843553 0.20781250309664756 0.1531250022817403
0 0.17812500265426934 0.4458333565853536 0.1968750029336661 0.20312500302679837
0 0.5296875078929588 0.7531250392785296 0.1968750029336661 0.1578125023515895
0 0.36250000540167093 0.08125000423751771 0.19375000288709998 0.11875000176951289
1 0.35078125522704795 0.9177083811955526 0.06093750090803951 0.0703125010477379
1 0.45312500675208867 0.17187500896397978 0.059375000884756446 0.06406250095460564
1 0.7476562611409463 0.1729166756849736 0.2453125036554411 0.23750000353902578
0 0.09531250142026693 0.7583333728834987 0.1531250022817403 0.14687500218860805
0 0.055468750826548785 0.5354166945908219 0.10781250160653144 0.2062500030733645
0 0.5742187585565262 0.37395835283678025 0.19531250291038305 0.17656250263098627
0 0.6921875103143975 0.6291666994802654 0.15937500237487257 0.16875000251457095
0 0.3468750051688403 0.7302083714166656 0.15625000232830644 0.18281250272411853
0 0.9062500135041773 0.49791669263504446 0.18750000279396772 0.17187500256113708
0 0.5726562585332431 0.09062500472646207 0.16406250244472176 0.13281250197906047
0 0.2210937532945536 0.2770833477843553 0.20781250309664756 0.1531250022817403
0 0.17812500265426934 0.4458333565853536 0.1968750029336661 0.20312500302679837
0 0.5296875078929588 0.7531250392785296 0.1968750029336661 0.1578125023515895
0 0.36250000540167093 0.08125000423751771 0.19375000288709998 0.11875000176951289
1 0.35078125522704795 0.9177083811955526 0.06093750090803951 0.0703125010477379
1 0.45312500675208867 0.17187500896397978 0.059375000884756446 0.06406250095460564
1 0.7476562611409463 0.1729166756849736 0.2453125036554411 0.23750000353902578
0 0.09531250142026693 0.7583333728834987 0.1531250022817403 0.14687500218860805
0 0.055468750826548785 0.5354166945908219 0.10781250160653144 0.2062500030733645
0 0.5742187585565262 0.37395835283678025 0.19531250291038305 0.17656250263098627
0 0.6921875103143975 0.6291666994802654 0.15937500237487257 0.16875000251457095
0 0.3468750051688403 0.7302083714166656 0.15625000232830644 0.18281250272411853
0 0.9062500135041773 0.49791669263504446 0.18750000279396772 0.17187500256113708
0 0.5726562585332431 0.09062500472646207 0.16406250244472176 0.13281250197906047
0 0.2210937532945536 0.2770833477843553 0.20781250309664756 0.1531250022817403
0 0.17812500265426934 0.4458333565853536 0.1968750029336661 0.20312500302679837
0 0.5296875078929588 0.7531250392785296 0.1968750029336661 0.1578125023515895
0 0.36250000540167093 0.08125000423751771 0.19375000288709998 0.11875000176951289
1 0.35078125522704795 0.9177083811955526 0.06093750090803951 0.0703125010477379
1 0.45312500675208867 0.17187500896397978 0.059375000884756446 0.06406250095460564
1 0.7476562611409463 0.1729166756849736 0.2453125036554411 0.23750000353902578
0 0.09531250142026693 0.7583333728834987 0.1531250022817403 0.14687500218860805
0 0.055468750826548785 0.5354166945908219 0.10781250160653144 0.2062500030733645
0 0.5742187585565262 0.37395835283678025 0.19531250291038305 0.17656250263098627
0 0.6921875103143975 0.6291666994802654 0.15937500237487257 0.16875000251457095
0 0.3468750051688403 0.7302083714166656 0.15625000232830644 0.18281250272411853
0 0.9062500135041773 0.49791669263504446 0.18750000279396772 0.17187500256113708
0 0.5726562585332431 0.09062500472646207 0.16406250244472176 0.13281250197906047
0 0.2210937532945536 0.2770833477843553 0.20781250309664756 0.1531250022817403
0 0.17812500265426934 0.4458333565853536 0.1968750029336661 0.20312500302679837
0 0.5296875078929588 0.7531250392785296 0.1968750029336661 0.1578125023515895
0 0.36250000540167093 0.08125000423751771 0.19375000288709998 0.11875000176951289
2 0.35078125522704795 0.9177083811955526 0.06093750090803951 0.0703125010477379
2 0.45312500675208867 0.17187500896397978 0.059375000884756446 0.06406250095460564
1 0.7476562611409463 0.1729166756849736 0.2453125036554411 0.23750000353902578
0 0.09531250142026693 0.7583333728834987 0.1531250022817403 0.14687500218860805
0 0.055468750826548785 0.5354166945908219 0.10781250160653144 0.2062500030733645
0 0.5742187585565262 0.37395835283678025 0.19531250291038305 0.17656250263098627
0 0.6921875103143975 0.6291666994802654 0.15937500237487257 0.16875000251457095
0 0.3468750051688403 0.7302083714166656 0.15625000232830644 0.18281250272411853
0 0.9062500135041773 0.49791669263504446 0.18750000279396772 0.17187500256113708
0 0.5726562585332431 0.09062500472646207 0.16406250244472176 0.13281250197906047
0 0.2210937532945536 0.2770833477843553 0.20781250309664756 0.1531250022817403
0 0.17812500265426934 0.4458333565853536 0.1968750029336661 0.20312500302679837
0 0.5296875078929588 0.7531250392785296 0.1968750029336661 0.1578125023515895
0 0.36250000540167093 0.08125000423751771 0.19375000288709998 0.11875000176951289
2 0.35078125522704795 0.9177083811955526 0.06093750090803951 0.0703125010477379
2 0.45312500675208867 0.17187500896397978 0.059375000884756446 0.06406250095460564
1 0.7476562611409463 0.1729166756849736 0.2453125036554411 0.23750000353902578
0 0.09531249850988388 0.7583333849906921 0.15312500298023224 0.14687500894069672
0 0.05546874925494194 0.5354167222976685 0.10781250149011612 0.20624999701976776
0 0.57421875 0.3739583492279053 0.1953125 0.17656250298023224
0 0.692187488079071 0.6291667222976685 0.15937499701976776 0.16875000298023224
0 0.34687501192092896 0.7302083969116211 0.15625 0.18281249701976776
0 0.90625 0.49791669845581055 0.1875 0.171875
0 0.5726562738418579 0.09062500298023224 0.1640625 0.1328125
0 0.22109375894069672 0.2770833373069763 0.20781250298023224 0.15312500298023224
0 0.17812500894069672 0.44583335518836975 0.19687500596046448 0.203125
0 0.5296875238418579 0.753125011920929 0.19687500596046448 0.15781250596046448
0 0.36250001192092896 0.08125000447034836 0.19375000894069672 0.11874999850988388
2 0.35078126192092896 0.9177083969116211 0.06093750149011612 0.0703125
2 0.453125 0.1718750149011612 0.05937499925494194 0.06406249850988388
1 0.7476562857627869 0.17291668057441711 0.24531249701976776 0.23749999701976776
0 0.09531249850988388 0.7583333849906921 0.15312500298023224 0.14687500894069672
0 0.05546874925494194 0.5354167222976685 0.10781250149011612 0.20624999701976776
0 0.57421875 0.3739583492279053 0.1953125 0.17656250298023224
0 0.692187488079071 0.6291667222976685 0.15937499701976776 0.16875000298023224
0 0.34687501192092896 0.7302083969116211 0.15625 0.18281249701976776
0 0.90625 0.49791669845581055 0.1875 0.171875
0 0.5726562738418579 0.09062500298023224 0.1640625 0.1328125
0 0.22109375894069672 0.2770833373069763 0.20781250298023224 0.15312500298023224
0 0.17812500894069672 0.44583335518836975 0.19687500596046448 0.203125
0 0.5296875238418579 0.753125011920929 0.19687500596046448 0.15781250596046448
0 0.36250001192092896 0.08125000447034836 0.19375000894069672 0.11874999850988388
2 0.35078126192092896 0.9177083969116211 0.06093750149011612 0.0703125
2 0.453125 0.1718750149011612 0.05937499925494194 0.06406249850988388
1 0.7476562857627869 0.17291668057441711 0.24531249701976776 0.23749999701976776
0 0.09531249850988388 0.7583333849906921 0.15312500298023224 0.14687500894069672
0 0.05546874925494194 0.5354167222976685 0.10781250149011612 0.20624999701976776
0 0.57421875 0.3739583492279053 0.1953125 0.17656250298023224
0 0.692187488079071 0.6291667222976685 0.15937499701976776 0.16875000298023224
0 0.34687501192092896 0.7302083969116211 0.15625 0.18281249701976776
0 0.90625 0.49791669845581055 0.1875 0.171875
0 0.5726562738418579 0.09062500298023224 0.1640625 0.1328125
0 0.22109375894069672 0.2770833373069763 0.20781250298023224 0.15312500298023224
0 0.17812500894069672 0.44583335518836975 0.19687500596046448 0.203125
0 0.5296875238418579 0.753125011920929 0.19687500596046448 0.15781250596046448
0 0.36250001192092896 0.08125000447034836 0.19375000894069672 0.11874999850988388
2 0.35078126192092896 0.9177083969116211 0.06093750149011612 0.0703125
2 0.453125 0.1718750149011612 0.05937499925494194 0.06406249850988388
1 0.7476562857627869 0.17291668057441711 0.24531249701976776 0.23749999701976776
0 0.09531249850988388 0.7583333849906921 0.15312500298023224 0.14687500894069672
0 0.05546874925494194 0.5354167222976685 0.10781250149011612 0.20624999701976776
0 0.57421875 0.3739583492279053 0.1953125 0.17656250298023224
0 0.692187488079071 0.6291667222976685 0.15937499701976776 0.16875000298023224
0 0.34687501192092896 0.7302083969116211 0.15625 0.18281249701976776
0 0.90625 0.49791669845581055 0.1875 0.171875
0 0.5726562738418579 0.09062500298023224 0.1640625 0.1328125
0 0.22109375894069672 0.2770833373069763 0.20781250298023224 0.15312500298023224
0 0.17812500894069672 0.44583335518836975 0.19687500596046448 0.203125
0 0.5296875238418579 0.753125011920929 0.19687500596046448 0.15781250596046448
0 0.36250001192092896 0.08125000447034836 0.19375000894069672 0.11874999850988388
2 0.35078126192092896 0.9177083969116211 0.06093750149011612 0.0703125
2 0.453125 0.1718750149011612 0.05937499925494194 0.06406249850988388
1 0.7476562857627869 0.17291668057441711 0.24531249701976776 0.23749999701976776
0 0.09531249850988388 0.7583333849906921 0.15312500298023224 0.14687500894069672
0 0.05546874925494194 0.5354167222976685 0.10781250149011612 0.20624999701976776
0 0.57421875 0.3739583492279053 0.1953125 0.17656250298023224
0 0.692187488079071 0.6291667222976685 0.15937499701976776 0.16875000298023224
0 0.34687501192092896 0.7302083969116211 0.15625 0.18281249701976776
0 0.90625 0.49791669845581055 0.1875 0.171875
0 0.5726562738418579 0.09062500298023224 0.1640625 0.1328125
0 0.22109375894069672 0.2770833373069763 0.20781250298023224 0.15312500298023224
0 0.17812500894069672 0.44583335518836975 0.19687500596046448 0.203125
0 0.5296875238418579 0.753125011920929 0.19687500596046448 0.15781250596046448
0 0.36250001192092896 0.08125000447034836 0.19375000894069672 0.11874999850988388
2 0.35078126192092896 0.9177083969116211 0.06093750149011612 0.0703125
2 0.453125 0.1718750149011612 0.05937499925494194 0.06406249850988388
1 0.7476562857627869 0.17291668057441711 0.24531249701976776 0.23749999701976776
0 0.09531249850988388 0.7583333849906921 0.15312500298023224 0.14687500894069672
0 0.05546874925494194 0.5354167222976685 0.10781250149011612 0.20624999701976776
0 0.57421875 0.3739583492279053 0.1953125 0.17656250298023224
0 0.692187488079071 0.6291667222976685 0.15937499701976776 0.16875000298023224
0 0.34687501192092896 0.7302083969116211 0.15625 0.18281249701976776
0 0.90625 0.49791669845581055 0.1875 0.171875
0 0.5726562738418579 0.09062500298023224 0.1640625 0.1328125
0 0.22109375894069672 0.2770833373069763 0.20781250298023224 0.15312500298023224
0 0.17812500894069672 0.44583335518836975 0.19687500596046448 0.203125
0 0.5296875238418579 0.753125011920929 0.19687500596046448 0.15781250596046448
0 0.36250001192092896 0.08125000447034836 0.19375000894069672 0.11874999850988388
2 0.35078126192092896 0.9177083969116211 0.06093750149011612 0.0703125
2 0.453125 0.1718750149011612 0.05937499925494194 0.06406249850988388
1 0.7476562857627869 0.17291668057441711 0.24531249701976776 0.23749999701976776
0 0.09531249850988388 0.7583333849906921 0.15312500298023224 0.14687500894069672
0 0.05546874925494194 0.5354167222976685 0.10781250149011612 0.20624999701976776
0 0.57421875 0.3739583492279053 0.1953125 0.17656250298023224
0 0.692187488079071 0.6291667222976685 0.15937499701976776 0.16875000298023224
0 0.34687501192092896 0.7302083969116211 0.15625 0.18281249701976776
0 0.90625 0.49791669845581055 0.1875 0.171875
0 0.5726562738418579 0.09062500298023224 0.1640625 0.1328125
0 0.22109375894069672 0.2770833373069763 0.20781250298023224 0.15312500298023224
0 0.17812500894069672 0.44583335518836975 0.19687500596046448 0.203125
0 0.5296875238418579 0.753125011920929 0.19687500596046448 0.15781250596046448
0 0.36250001192092896 0.08125000447034836 0.19375000894069672 0.11874999850988388
2 0.35078126192092896 0.9177083969116211 0.06093750149011612 0.0703125
2 0.453125 0.1718750149011612 0.05937499925494194 0.06406249850988388
1 0.7476562857627869 0.17291668057441711 0.24531249701976776 0.23749999701976776
