0 0.7773437615833245 0.6625000345520675 0.14531250216532499 0.14687500218860805
0 0.7804687616298907 0.8062500420492142 0.14531250216532499 0.14687500218860805
0 0.3960937559022568 0.8843750461237505 0.15156250225845724 0.17343750258442014
0 0.497656257415656 0.7802083740243688 0.15156250225845724 0.17343750258442014
0 0.31953125476138666 0.4708333578892052 0.1265625018859282 0.16562500246800482
0 0.4023437559953891 0.2406250125495717 0.16093750239815563 0.19843750295694917
0 0.1726562525727786 0.3822916866047308 0.15468750230502337 0.16406250244472176
0 0.933593763911631 0.4645833575632423 0.13281250197906047 0.15937500237487257
0 0.14140625210711733 0.7354167050216347 0.1671875024912879 0.15625000232830644
0 0.8687500129453838 0.2229166782926768 0.16875000251457095 0.15625000232830644
0 0.679687510128133 0.10833333898335695 0.16875000251457095 0.15625000232830644
0 0.23125000344589353 0.14375000749714673 0.1406250020954758 0.13750000204890966
0 0.0703125010477379 0.15833334159106016 0.13750000204890966 0.13750000204890966
0 0.4679687569732778 0.608333365060389 0.16406250244472176 0.13750000204890966
0 0.0632812509429641 0.39166668709367514 0.12343750183936208 0.15625000232830644
0 0.22500000335276127 0.5697916963836178 0.11875000176951289 0.14218750211875886
1 0.6421875095693395 0.39270835381466895 0.4468750066589564 0.30468750454019755
0 0.7773437615833245 0.6625000345520675 0.14531250216532499 0.14687500218860805
0 0.7804687616298907 0.8062500420492142 0.14531250216532499 0.14687500218860805
0 0.3960937559022568 0.8843750461237505 0.15156250225845724 0.17343750258442014
0 0.497656257415656 0.7802083740243688 0.15156250225845724 0.17343750258442014
0 0.31953125476138666 0.4708333578892052 0.1265625018859282 0.16562500246800482
0 0.4023437559953891 0.2406250125495717 0.16093750239815563 0.19843750295694917
0 0.1726562525727786 0.3822916866047308 0.15468750230502337 0.16406250244472176
0 0.933593763911631 0.4645833575632423 0.13281250197906047 0.15937500237487257
0 0.14140625210711733 0.7354167050216347 0.1671875024912879 0.15625000232830644
0 0.8687500129453838 0.2229166782926768 0.16875000251457095 0.15625000232830644
0 0.679687510128133 0.10833333898335695 0.16875000251457095 0.15625000232830644
0 0.23125000344589353 0.14375000749714673 0.1406250020954758 0.13750000204890966
0 0.0703125010477379 0.15833334159106016 0.13750000204890966 0.13750000204890966
0 0.4679687569732778 0.608333365060389 0.16406250244472176 0.13750000204890966
0 0.0632812509429641 0.39166668709367514 0.12343750183936208 0.15625000232830644
0 0.22500000335276127 0.5697916963836178 0.11875000176951289 0.14218750211875886
1 0.6421875095693395 0.39270835381466895 0.4468750066589564 0.30468750454019755
0 0.7773437615833245 0.6625000345520675 0.14531250216532499 0.14687500218860805
0 0.7804687616298907 0.8062500420492142 0.14531250216532499 0.14687500218860805
0 0.3960937559022568 0.8843750461237505 0.15156250225845724 0.17343750258442014
0 0.497656257415656 0.7802083740243688 0.15156250225845724 0.17343750258442014
0 0.31953125476138666 0.4708333578892052 0.1265625018859282 0.16562500246800482
0 0.4023437559953891 0.2406250125495717 0.16093750239815563 0.19843750295694917
0 0.1726562525727786 0.3822916866047308 0.15468750230502337 0.16406250244472176
0 0.933593763911631 0.4645833575632423 0.13281250197906047 0.15937500237487257
0 0.14140625210711733 0.7354167050216347 0.1671875024912879 0.15625000232830644
0 0.8687500129453838 0.2229166782926768 0.16875000251457095 0.15625000232830644
0 0.679687510128133 0.10833333898335695 0.16875000251457095 0.15625000232830644
0 0.23125000344589353 0.14375000749714673 0.1406250020954758 0.13750000204890966
0 0.0703125010477379 0.15833334159106016 0.13750000204890966 0.13750000204890966
0 0.4679687569732778 0.608333365060389 0.16406250244472176 0.13750000204890966
0 0.0632812509429641 0.39166668709367514 0.12343750183936208 0.15625000232830644
0 0.22500000335276127 0.5697916963836178 0.11875000176951289 0.14218750211875886
1 0.6421875095693395 0.39270835381466895 0.4468750066589564 0.30468750454019755
0 0.7773437615833245 0.6625000345520675 0.14531250216532499 0.14687500218860805
0 0.7804687616298907 0.8062500420492142 0.14531250216532499 0.14687500218860805
0 0.3960937559022568 0.8843750461237505 0.15156250225845724 0.17343750258442014
0 0.497656257415656 0.7802083740243688 0.15156250225845724 0.17343750258442014
0 0.31953125476138666 0.4708333578892052 0.1265625018859282 0.16562500246800482
0 0.4023437559953891 0.2406250125495717 0.16093750239815563 0.19843750295694917
0 0.1726562525727786 0.3822916866047308 0.15468750230502337 0.16406250244472176
0 0.933593763911631 0.4645833575632423 0.13281250197906047 0.15937500237487257
0 0.14140625210711733 0.7354167050216347 0.1671875024912879 0.15625000232830644
0 0.8687500129453838 0.2229166782926768 0.16875000251457095 0.15625000232830644
0 0.679687510128133 0.10833333898335695 0.16875000251457095 0.15625000232830644
0 0.23125000344589353 0.14375000749714673 0.1406250020954758 0.13750000204890966
0 0.0703125010477379 0.15833334159106016 0.13750000204890966 0.13750000204890966
0 0.4679687569732778 0.608333365060389 0.16406250244472176 0.13750000204890966
0 0.0632812509429641 0.39166668709367514 0.12343750183936208 0.15625000232830644
0 0.22500000335276127 0.5697916963836178 0.11875000176951289 0.14218750211875886
1 0.6421875095693395 0.39270835381466895 0.4468750066589564 0.30468750454019755
0 0.7773437615833245 0.6625000345520675 0.14531250216532499 0.14687500218860805
0 0.7804687616298907 0.8062500420492142 0.14531250216532499 0.14687500218860805
0 0.3960937559022568 0.8843750461237505 0.15156250225845724 0.17343750258442014
0 0.497656257415656 0.7802083740243688 0.15156250225845724 0.17343750258442014
0 0.31953125476138666 0.4708333578892052 0.1265625018859282 0.16562500246800482
0 0.4023437559953891 0.2406250125495717 0.16093750239815563 0.19843750295694917
0 0.1726562525727786 0.3822916866047308 0.15468750230502337 0.16406250244472176
0 0.933593763911631 0.4645833575632423 0.13281250197906047 0.15937500237487257
0 0.14140625210711733 0.7354167050216347 0.1671875024912879 0.15625000232830644
0 0.8687500129453838 0.2229166782926768 0.16875000251457095 0.15625000232830644
0 0.679687510128133 0.10833333898335695 0.16875000251457095 0.15625000232830644
0 0.23125000344589353 0.14375000749714673 0.1406250020954758 0.13750000204890966
0 0.0703125010477379 0.15833334159106016 0.13750000204890966 0.13750000204890966
0 0.4679687569732778 0.608333365060389 0.16406250244472176 0.13750000204890966
0 0.0632812509429641 0.39166668709367514 0.12343750183936208 0.15625000232830644
0 0.22500000335276127 0.5697916963836178 0.11875000176951289 0.14218750211875886
1 0.6421875095693395 0.39270835381466895 0.4468750066589564 0.30468750454019755
0 0.7773437615833245 0.6625000345520675 0.14531250216532499 0.14687500218860805
0 0.7804687616298907 0.8062500420492142 0.14531250216532499 0.14687500218860805
0 0.3960937559022568 0.8843750461237505 0.15156250225845724 0.17343750258442014
0 0.497656257415656 0.7802083740243688 0.15156250225845724 0.17343750258442014
0 0.31953125476138666 0.4708333578892052 0.1265625018859282 0.16562500246800482
0 0.4023437559953891 0.2406250125495717 0.16093750239815563 0.19843750295694917
0 0.1726562525727786 0.3822916866047308 0.15468750230502337 0.16406250244472176
0 0.933593763911631 0.4645833575632423 0.13281250197906047 0.15937500237487257
0 0.14140625210711733 0.7354167050216347 0.1671875024912879 0.15625000232830644
0 0.8687500129453838 0.2229166782926768 0.16875000251457095 0.15625000232830644
0 0.679687510128133 0.10833333898335695 0.16875000251457095 0.15625000232830644
0 0.23125000344589353 0.14375000749714673 0.1406250020954758 0.13750000204890966
0 0.0703125010477379 0.15833334159106016 0.13750000204890966 0.13750000204890966
0 0.4679687569732778 0.608333365060389 0.16406250244472176 0.13750000204890966
0 0.0632812509429641 0.39166668709367514 0.12343750183936208 0.15625000232830644
0 0.22500000335276127 0.5697916963836178 0.11875000176951289 0.14218750211875886
1 0.6421875095693395 0.39270835381466895 0.4468750066589564 0.30468750454019755
0 0.7773437615833245 0.6625000345520675 0.14531250216532499 0.14687500218860805
0 0.7804687616298907 0.8062500420492142 0.14531250216532499 0.14687500218860805
0 0.3960937559022568 0.8843750461237505 0.15156250225845724 0.17343750258442014
0 0.497656257415656 0.7802083740243688 0.15156250225845724 0.17343750258442014
0 0.31953125476138666 0.4708333578892052 0.1265625018859282 0.16562500246800482
0 0.4023437559953891 0.2406250125495717 0.16093750239815563 0.19843750295694917
0 0.1726562525727786 0.3822916866047308 0.15468750230502337 0.16406250244472176
0 0.933593763911631 0.4645833575632423 0.13281250197906047 0.15937500237487257
0 0.14140625210711733 0.7354167050216347 0.1671875024912879 0.15625000232830644
0 0.8687500129453838 0.2229166782926768 0.16875000251457095 0.15625000232830644
0 0.679687510128133 0.10833333898335695 0.16875000251457095 0.15625000232830644
0 0.23125000344589353 0.14375000749714673 0.1406250020954758 0.13750000204890966
0 0.0703125010477379 0.15833334159106016 0.13750000204890966 0.13750000204890966
0 0.4679687569732778 0.608333365060389 0.16406250244472176 0.13750000204890966
0 0.0632812509429641 0.39166668709367514 0.12343750183936208 0.15625000232830644
0 0.22500000335276127 0.5697916963836178 0.11875000176951289 0.14218750211875886
1 0.6421875095693395 0.39270835381466895 0.4468750066589564 0.30468750454019755
0 0.7773437615833245 0.6625000345520675 0.14531250216532499 0.14687500218860805
0 0.7804687616298907 0.8062500420492142 0.14531250216532499 0.14687500218860805
0 0.3960937559022568 0.8843750461237505 0.15156250225845724 0.17343750258442014
0 0.497656257415656 0.7802083740243688 0.15156250225845724 0.17343750258442014
0 0.31953125476138666 0.4708333578892052 0.1265625018859282 0.16562500246800482
0 0.4023437559953891 0.2406250125495717 0.16093750239815563 0.19843750295694917
0 0.1726562525727786 0.3822916866047308 0.15468750230502337 0.16406250244472176
0 0.933593763911631 0.4645833575632423 0.13281250197906047 0.15937500237487257
0 0.14140625210711733 0.7354167050216347 0.1671875024912879 0.15625000232830644
0 0.8687500129453838 0.2229166782926768 0.16875000251457095 0.15625000232830644
0 0.679687510128133 0.10833333898335695 0.16875000251457095 0.15625000232830644
0 0.23125000344589353 0.14375000749714673 0.1406250020954758 0.13750000204890966
0 0.0703125010477379 0.15833334159106016 0.13750000204890966 0.13750000204890966
0 0.4679687569732778 0.608333365060389 0.16406250244472176 0.13750000204890966
0 0.0632812509429641 0.39166668709367514 0.12343750183936208 0.15625000232830644
0 0.22500000335276127 0.5697916963836178 0.11875000176951289 0.14218750211875886
1 0.6421875095693395 0.39270835381466895 0.4468750066589564 0.30468750454019755
0 0.7773437615833245 0.6625000345520675 0.14531250216532499 0.14687500218860805
0 0.7804687616298907 0.8062500420492142 0.14531250216532499 0.14687500218860805
0 0.3960937559022568 0.8843750461237505 0.15156250225845724 0.17343750258442014
0 0.497656257415656 0.7802083740243688 0.15156250225845724 0.17343750258442014
0 0.31953125476138666 0.4708333578892052 0.1265625018859282 0.16562500246800482
0 0.4023437559953891 0.2406250125495717 0.16093750239815563 0.19843750295694917
0 0.1726562525727786 0.3822916866047308 0.15468750230502337 0.16406250244472176
0 0.933593763911631 0.4645833575632423 0.13281250197906047 0.15937500237487257
0 0.14140625210711733 0.7354167050216347 0.1671875024912879 0.15625000232830644
0 0.8687500129453838 0.2229166782926768 0.16875000251457095 0.15625000232830644
0 0.679687510128133 0.10833333898335695 0.16875000251457095 0.15625000232830644
0 0.23125000344589353 0.14375000749714673 0.1406250020954758 0.13750000204890966
0 0.0703125010477379 0.15833334159106016 0.13750000204890966 0.13750000204890966
0 0.4679687569732778 0.608333365060389 0.16406250244472176 0.13750000204890966
0 0.0632812509429641 0.39166668709367514 0.12343750183936208 0.15625000232830644
0 0.22500000335276127 0.5697916963836178 0.11875000176951289 0.14218750211875886
1 0.6421875095693395 0.39270835381466895 0.4468750066589564 0.30468750454019755
0 0.7773437615833245 0.6625000345520675 0.14531250216532499 0.14687500218860805
0 0.7804687616298907 0.8062500420492142 0.14531250216532499 0.14687500218860805
0 0.3960937559022568 0.8843750461237505 0.15156250225845724 0.17343750258442014
0 0.497656257415656 0.7802083740243688 0.15156250225845724 0.17343750258442014
0 0.31953125476138666 0.4708333578892052 0.1265625018859282 0.16562500246800482
0 0.4023437559953891 0.2406250125495717 0.16093750239815563 0.19843750295694917
0 0.1726562525727786 0.3822916866047308 0.15468750230502337 0.16406250244472176
0 0.933593763911631 0.4645833575632423 0.13281250197906047 0.15937500237487257
0 0.14140625210711733 0.7354167050216347 0.1671875024912879 0.15625000232830644
0 0.8687500129453838 0.2229166782926768 0.16875000251457095 0.15625000232830644
0 0.679687510128133 0.10833333898335695 0.16875000251457095 0.15625000232830644
0 0.23125000344589353 0.14375000749714673 0.1406250020954758 0.13750000204890966
0 0.0703125010477379 0.15833334159106016 0.13750000204890966 0.13750000204890966
0 0.4679687569732778 0.608333365060389 0.16406250244472176 0.13750000204890966
0 0.0632812509429641 0.39166668709367514 0.12343750183936208 0.15625000232830644
0 0.22500000335276127 0.5697916963836178 0.11875000176951289 0.14218750211875886
1 0.6421875095693395 0.39270835381466895 0.4468750066589564 0.30468750454019755
0 0.7773437615833245 0.6625000345520675 0.14531250216532499 0.14687500218860805
0 0.7804687616298907 0.8062500420492142 0.14531250216532499 0.14687500218860805
0 0.3960937559022568 0.8843750461237505 0.15156250225845724 0.17343750258442014
0 0.497656257415656 0.7802083740243688 0.15156250225845724 0.17343750258442014
0 0.31953125476138666 0.4708333578892052 0.1265625018859282 0.16562500246800482
0 0.4023437559953891 0.2406250125495717 0.16093750239815563 0.19843750295694917
0 0.1726562525727786 0.3822916866047308 0.15468750230502337 0.16406250244472176
0 0.933593763911631 0.4645833575632423 0.13281250197906047 0.15937500237487257
0 0.14140625210711733 0.7354167050216347 0.1671875024912879 0.15625000232830644
0 0.8687500129453838 0.2229166782926768 0.16875000251457095 0.15625000232830644
0 0.679687510128133 0.10833333898335695 0.16875000251457095 0.15625000232830644
0 0.23125000344589353 0.14375000749714673 0.1406250020954758 0.13750000204890966
0 0.0703125010477379 0.15833334159106016 0.13750000204890966 0.13750000204890966
0 0.4679687569732778 0.608333365060389 0.16406250244472176 0.13750000204890966
0 0.0632812509429641 0.39166668709367514 0.12343750183936208 0.15625000232830644
0 0.22500000335276127 0.5697916963836178 0.11875000176951289 0.14218750211875886
1 0.6421875095693395 0.39270835381466895 0.4468750066589564 0.30468750454019755
0 0.7773437615833245 0.6625000345520675 0.14531250216532499 0.14687500218860805
0 0.7804687616298907 0.8062500420492142 0.14531250216532499 0.14687500218860805
0 0.3960937559022568 0.8843750461237505 0.15156250225845724 0.17343750258442014
0 0.497656257415656 0.7802083740243688 0.15156250225845724 0.17343750258442014
0 0.31953125476138666 0.4708333578892052 0.1265625018859282 0.16562500246800482
0 0.4023437559953891 0.2406250125495717 0.16093750239815563 0.19843750295694917
0 0.1726562525727786 0.3822916866047308 0.15468750230502337 0.16406250244472176
0 0.933593763911631 0.4645833575632423 0.13281250197906047 0.15937500237487257
0 0.14140625210711733 0.7354167050216347 0.1671875024912879 0.15625000232830644
0 0.8687500129453838 0.2229166782926768 0.16875000251457095 0.15625000232830644
0 0.679687510128133 0.10833333898335695 0.16875000251457095 0.15625000232830644
0 0.23125000344589353 0.14375000749714673 0.1406250020954758 0.13750000204890966
0 0.0703125010477379 0.15833334159106016 0.13750000204890966 0.13750000204890966
0 0.4679687569732778 0.608333365060389 0.16406250244472176 0.13750000204890966
0 0.0632812509429641 0.39166668709367514 0.12343750183936208 0.15625000232830644
0 0.22500000335276127 0.5697916963836178 0.11875000176951289 0.14218750211875886
1 0.6421875095693395 0.39270835381466895 0.4468750066589564 0.30468750454019755
0 0.7773437615833245 0.6625000345520675 0.14531250216532499 0.14687500218860805
0 0.7804687616298907 0.8062500420492142 0.14531250216532499 0.14687500218860805
0 0.3960937559022568 0.8843750461237505 0.15156250225845724 0.17343750258442014
0 0.497656257415656 0.7802083740243688 0.15156250225845724 0.17343750258442014
0 0.31953125476138666 0.4708333578892052 0.1265625018859282 0.16562500246800482
0 0.4023437559953891 0.2406250125495717 0.16093750239815563 0.19843750295694917
0 0.1726562525727786 0.3822916866047308 0.15468750230502337 0.16406250244472176
0 0.933593763911631 0.4645833575632423 0.13281250197906047 0.15937500237487257
0 0.14140625210711733 0.7354167050216347 0.1671875024912879 0.15625000232830644
0 0.8687500129453838 0.2229166782926768 0.16875000251457095 0.15625000232830644
0 0.679687510128133 0.10833333898335695 0.16875000251457095 0.15625000232830644
0 0.23125000344589353 0.14375000749714673 0.1406250020954758 0.13750000204890966
0 0.0703125010477379 0.15833334159106016 0.13750000204890966 0.13750000204890966
0 0.4679687569732778 0.608333365060389 0.16406250244472176 0.13750000204890966
0 0.0632812509429641 0.39166668709367514 0.12343750183936208 0.15625000232830644
0 0.22500000335276127 0.5697916963836178 0.11875000176951289 0.14218750211875886
1 0.6421875095693395 0.39270835381466895 0.4468750066589564 0.30468750454019755
0 0.7773437615833245 0.6625000345520675 0.14531250216532499 0.14687500218860805
0 0.7804687616298907 0.8062500420492142 0.14531250216532499 0.14687500218860805
0 0.3960937559022568 0.8843750461237505 0.15156250225845724 0.17343750258442014
0 0.497656257415656 0.7802083740243688 0.15156250225845724 0.17343750258442014
0 0.31953125476138666 0.4708333578892052 0.1265625018859282 0.16562500246800482
0 0.4023437559953891 0.2406250125495717 0.16093750239815563 0.19843750295694917
0 0.1726562525727786 0.3822916866047308 0.15468750230502337 0.16406250244472176
0 0.933593763911631 0.4645833575632423 0.13281250197906047 0.15937500237487257
0 0.14140625210711733 0.7354167050216347 0.1671875024912879 0.15625000232830644
0 0.8687500129453838 0.2229166782926768 0.16875000251457095 0.15625000232830644
0 0.679687510128133 0.10833333898335695 0.16875000251457095 0.15625000232830644
0 0.23125000344589353 0.14375000749714673 0.1406250020954758 0.13750000204890966
0 0.0703125010477379 0.15833334159106016 0.13750000204890966 0.13750000204890966
0 0.4679687569732778 0.608333365060389 0.16406250244472176 0.13750000204890966
0 0.0632812509429641 0.39166668709367514 0.12343750183936208 0.15625000232830644
0 0.22500000335276127 0.5697916963836178 0.11875000176951289 0.14218750211875886
1 0.6421875095693395 0.39270835381466895 0.4468750066589564 0.30468750454019755
0 0.7773437615833245 0.6625000345520675 0.14531250216532499 0.14687500218860805
0 0.7804687616298907 0.8062500420492142 0.14531250216532499 0.14687500218860805
0 0.3960937559022568 0.8843750461237505 0.15156250225845724 0.17343750258442014
0 0.497656257415656 0.7802083740243688 0.15156250225845724 0.17343750258442014
0 0.31953125476138666 0.4708333578892052 0.1265625018859282 0.16562500246800482
0 0.4023437559953891 0.2406250125495717 0.16093750239815563 0.19843750295694917
0 0.1726562525727786 0.3822916866047308 0.15468750230502337 0.16406250244472176
0 0.933593763911631 0.4645833575632423 0.13281250197906047 0.15937500237487257
0 0.14140625210711733 0.7354167050216347 0.1671875024912879 0.15625000232830644
0 0.8687500129453838 0.2229166782926768 0.16875000251457095 0.15625000232830644
0 0.679687510128133 0.10833333898335695 0.16875000251457095 0.15625000232830644
0 0.23125000344589353 0.14375000749714673 0.1406250020954758 0.13750000204890966
0 0.0703125010477379 0.15833334159106016 0.13750000204890966 0.13750000204890966
0 0.4679687569732778 0.608333365060389 0.16406250244472176 0.13750000204890966
0 0.0632812509429641 0.39166668709367514 0.12343750183936208 0.15625000232830644
0 0.22500000335276127 0.5697916963836178 0.11875000176951289 0.14218750211875886
1 0.6421875095693395 0.39270835381466895 0.4468750066589564 0.30468750454019755
0 0.77734375 0.6625000238418579 0.14531250298023224 0.14687500894069672
0 0.780468761920929 0.8062500357627869 0.14531250298023224 0.14687500894069672
0 0.3960937559604645 0.8843750357627869 0.15156249701976776 0.17343750596046448
0 0.4976562559604645 0.7802083492279053 0.15156249701976776 0.17343750596046448
0 0.31953126192092896 0.47083336114883423 0.12656250596046448 0.16562500596046448
0 0.40234375 0.24062500894069672 0.16093750298023224 0.19843749701976776
0 0.17265625298023224 0.38229167461395264 0.15468750894069672 0.1640625
0 0.93359375 0.4645833671092987 0.1328125 0.15937499701976776
0 0.14140625298023224 0.7354167103767395 0.16718749701976776 0.15625
0 0.8687500357627869 0.22291667759418488 0.16875000298023224 0.15625
0 0.6796875 0.10833334177732468 0.16875000298023224 0.15625
0 0.23125000298023224 0.14375001192092896 0.140625 0.13750000298023224
0 0.0703125 0.15833334624767303 0.13750000298023224 0.13750000298023224
0 0.46796876192092896 0.6083333492279053 0.1640625 0.13750000298023224
0 0.06328125298023224 0.3916666805744171 0.12343750149011612 0.15625
0 0.22500000894069672 0.5697916746139526 0.11874999850988388 0.14218750596046448
1 0.6421875357627869 0.39270836114883423 0.4468750059604645 0.3046875
0 0.77734375 0.6625000238418579 0.14531250298023224 0.14687500894069672
0 0.780468761920929 0.8062500357627869 0.14531250298023224 0.14687500894069672
0 0.3960937559604645 0.8843750357627869 0.15156249701976776 0.17343750596046448
0 0.4976562559604645 0.7802083492279053 0.15156249701976776 0.17343750596046448
0 0.31953126192092896 0.47083336114883423 0.12656250596046448 0.16562500596046448
0 0.40234375 0.24062500894069672 0.16093750298023224 0.19843749701976776
0 0.17265625298023224 0.38229167461395264 0.15468750894069672 0.1640625
0 0.93359375 0.4645833671092987 0.1328125 0.15937499701976776
0 0.14140625298023224 0.7354167103767395 0.16718749701976776 0.15625
0 0.8687500357627869 0.22291667759418488 0.16875000298023224 0.15625
0 0.6796875 0.10833334177732468 0.16875000298023224 0.15625
0 0.23125000298023224 0.14375001192092896 0.140625 0.13750000298023224
0 0.0703125 0.15833334624767303 0.13750000298023224 0.13750000298023224
0 0.46796876192092896 0.6083333492279053 0.1640625 0.13750000298023224
0 0.06328125298023224 0.3916666805744171 0.12343750149011612 0.15625
0 0.22500000894069672 0.5697916746139526 0.11874999850988388 0.14218750596046448
1 0.6421875357627869 0.39270836114883423 0.4468750059604645 0.3046875
0 0.77734375 0.6625000238418579 0.14531250298023224 0.14687500894069672
0 0.780468761920929 0.8062500357627869 0.14531250298023224 0.14687500894069672
0 0.3960937559604645 0.8843750357627869 0.15156249701976776 0.17343750596046448
0 0.4976562559604645 0.7802083492279053 0.15156249701976776 0.17343750596046448
0 0.31953126192092896 0.47083336114883423 0.12656250596046448 0.16562500596046448
0 0.40234375 0.24062500894069672 0.16093750298023224 0.19843749701976776
0 0.17265625298023224 0.38229167461395264 0.15468750894069672 0.1640625
0 0.93359375 0.4645833671092987 0.1328125 0.15937499701976776
0 0.14140625298023224 0.7354167103767395 0.16718749701976776 0.15625
0 0.8687500357627869 0.22291667759418488 0.16875000298023224 0.15625
0 0.6796875 0.10833334177732468 0.16875000298023224 0.15625
0 0.23125000298023224 0.14375001192092896 0.140625 0.13750000298023224
0 0.0703125 0.15833334624767303 0.13750000298023224 0.13750000298023224
0 0.46796876192092896 0.6083333492279053 0.1640625 0.13750000298023224
0 0.06328125298023224 0.3916666805744171 0.12343750149011612 0.15625
0 0.22500000894069672 0.5697916746139526 0.11874999850988388 0.14218750596046448
1 0.6421875357627869 0.39270836114883423 0.4468750059604645 0.3046875
0 0.77734375 0.6625000238418579 0.14531250298023224 0.14687500894069672
0 0.780468761920929 0.8062500357627869 0.14531250298023224 0.14687500894069672
0 0.3960937559604645 0.8843750357627869 0.15156249701976776 0.17343750596046448
0 0.4976562559604645 0.7802083492279053 0.15156249701976776 0.17343750596046448
0 0.31953126192092896 0.47083336114883423 0.12656250596046448 0.16562500596046448
0 0.40234375 0.24062500894069672 0.16093750298023224 0.19843749701976776
0 0.17265625298023224 0.38229167461395264 0.15468750894069672 0.1640625
0 0.93359375 0.4645833671092987 0.1328125 0.15937499701976776
0 0.14140625298023224 0.7354167103767395 0.16718749701976776 0.15625
0 0.8687500357627869 0.22291667759418488 0.16875000298023224 0.15625
0 0.6796875 0.10833334177732468 0.16875000298023224 0.15625
0 0.23125000298023224 0.14375001192092896 0.140625 0.13750000298023224
0 0.0703125 0.15833334624767303 0.13750000298023224 0.13750000298023224
0 0.46796876192092896 0.6083333492279053 0.1640625 0.13750000298023224
0 0.06328125298023224 0.3916666805744171 0.12343750149011612 0.15625
0 0.22500000894069672 0.5697916746139526 0.11874999850988388 0.14218750596046448
1 0.6421875357627869 0.39270836114883423 0.4468750059604645 0.3046875
0 0.77734375 0.6625000238418579 0.14531250298023224 0.14687500894069672
0 0.780468761920929 0.8062500357627869 0.14531250298023224 0.14687500894069672
0 0.3960937559604645 0.8843750357627869 0.15156249701976776 0.17343750596046448
0 0.4976562559604645 0.7802083492279053 0.15156249701976776 0.17343750596046448
0 0.31953126192092896 0.47083336114883423 0.12656250596046448 0.16562500596046448
0 0.40234375 0.24062500894069672 0.16093750298023224 0.19843749701976776
0 0.17265625298023224 0.38229167461395264 0.15468750894069672 0.1640625
0 0.93359375 0.4645833671092987 0.1328125 0.15937499701976776
0 0.14140625298023224 0.7354167103767395 0.16718749701976776 0.15625
0 0.8687500357627869 0.22291667759418488 0.16875000298023224 0.15625
0 0.6796875 0.10833334177732468 0.16875000298023224 0.15625
0 0.23125000298023224 0.14375001192092896 0.140625 0.13750000298023224
0 0.0703125 0.15833334624767303 0.13750000298023224 0.13750000298023224
0 0.46796876192092896 0.6083333492279053 0.1640625 0.13750000298023224
0 0.06328125298023224 0.3916666805744171 0.12343750149011612 0.15625
0 0.22500000894069672 0.5697916746139526 0.11874999850988388 0.14218750596046448
1 0.6421875357627869 0.39270836114883423 0.4468750059604645 0.3046875
0 0.77734375 0.6625000238418579 0.14531250298023224 0.14687500894069672
0 0.780468761920929 0.8062500357627869 0.14531250298023224 0.14687500894069672
0 0.3960937559604645 0.8843750357627869 0.15156249701976776 0.17343750596046448
0 0.4976562559604645 0.7802083492279053 0.15156249701976776 0.17343750596046448
0 0.31953126192092896 0.47083336114883423 0.12656250596046448 0.16562500596046448
0 0.40234375 0.24062500894069672 0.16093750298023224 0.19843749701976776
0 0.17265625298023224 0.38229167461395264 0.15468750894069672 0.1640625
0 0.93359375 0.4645833671092987 0.1328125 0.15937499701976776
0 0.14140625298023224 0.7354167103767395 0.16718749701976776 0.15625
0 0.8687500357627869 0.22291667759418488 0.16875000298023224 0.15625
0 0.6796875 0.10833334177732468 0.16875000298023224 0.15625
0 0.23125000298023224 0.14375001192092896 0.140625 0.13750000298023224
0 0.0703125 0.15833334624767303 0.13750000298023224 0.13750000298023224
0 0.46796876192092896 0.6083333492279053 0.1640625 0.13750000298023224
0 0.06328125298023224 0.3916666805744171 0.12343750149011612 0.15625
0 0.22500000894069672 0.5697916746139526 0.11874999850988388 0.14218750596046448
1 0.6421875357627869 0.39270836114883423 0.4468750059604645 0.3046875
0 0.77734375 0.6625000238418579 0.14531250298023224 0.14687500894069672
0 0.780468761920929 0.8062500357627869 0.14531250298023224 0.14687500894069672
0 0.3960937559604645 0.8843750357627869 0.15156249701976776 0.17343750596046448
0 0.4976562559604645 0.7802083492279053 0.15156249701976776 0.17343750596046448
0 0.31953126192092896 0.47083336114883423 0.12656250596046448 0.16562500596046448
0 0.40234375 0.24062500894069672 0.16093750298023224 0.19843749701976776
0 0.17265625298023224 0.38229167461395264 0.15468750894069672 0.1640625
0 0.93359375 0.4645833671092987 0.1328125 0.15937499701976776
0 0.14140625298023224 0.7354167103767395 0.16718749701976776 0.15625
0 0.8687500357627869 0.22291667759418488 0.16875000298023224 0.15625
0 0.6796875 0.10833334177732468 0.16875000298023224 0.15625
0 0.23125000298023224 0.14375001192092896 0.140625 0.13750000298023224
0 0.0703125 0.15833334624767303 0.13750000298023224 0.13750000298023224
0 0.46796876192092896 0.6083333492279053 0.1640625 0.13750000298023224
0 0.06328125298023224 0.3916666805744171 0.12343750149011612 0.15625
0 0.22500000894069672 0.5697916746139526 0.11874999850988388 0.14218750596046448
1 0.6421875357627869 0.39270836114883423 0.4468750059604645 0.3046875
