1 0.21718750323634595 0.5833333637565374 0.36250000540167093 0.4468750066589564
0 0.7937500118277967 0.7781250405823812 0.20937500311993062 0.15468750230502337
0 0.656250009778887 0.49062502558808774 0.15000000223517418 0.1359375020256266
0 0.5515625082189217 0.534375027869828 0.15000000223517418 0.1359375020256266
0 0.4296875064028427 0.7572917061625049 0.1531250022817403 0.23593750351574272
0 0.5632812583935447 0.7625000397674739 0.14843750221189111 0.15000000223517418
0 0.5148437576717697 0.9000000469386578 0.14843750221189111 0.15000000223517418
0 0.7914062617928721 0.3156250164611265 0.1890625028172508 0.17031250253785402
0 0.7820312616531737 0.10104167193640023 0.1890625028172508 0.14843750221189111
0 0.42578125634463504 0.31770834990311414 0.18281250272411853 0.14218750211875886
0 0.5726562585332431 0.3083333494141698 0.21406250318977982 0.1968750029336661
0 0.1093750016298145 0.284375014831312 0.1968750029336661 0.1890625028172508
0 0.09062500135041773 0.0989583384944126 0.17812500265426934 0.14531250216532499
0 0.5312500079162419 0.06875000358559191 0.16875000251457095 0.10000000149011612
0 0.34609375515719876 0.14583334093913436 0.2109375031432137 0.17812500265426934
1 0.7382812610012479 0.9000000469386578 0.06406250095460564 0.05312500079162419
0 0.8234375122701749 0.4135416882345453 0.15000000223517418 0.1359375020256266
0 0.2859375042608008 0.9093750474276021 0.15000000223517418 0.1359375020256266
1 0.21718750323634595 0.5833333637565374 0.36250000540167093 0.4468750066589564
0 0.7937500118277967 0.7781250405823812 0.20937500311993062 0.15468750230502337
0 0.656250009778887 0.49062502558808774 0.15000000223517418 0.1359375020256266
0 0.5515625082189217 0.534375027869828 0.15000000223517418 0.1359375020256266
0 0.4296875064028427 0.7572917061625049 0.1531250022817403 0.23593750351574272
0 0.5632812583935447 0.7625000397674739 0.14843750221189111 0.15000000223517418
0 0.5148437576717697 0.9000000469386578 0.14843750221189111 0.15000000223517418
0 0.7914062617928721 0.3156250164611265 0.1890625028172508 0.17031250253785402
0 0.7820312616531737 0.10104167193640023 0.1890625028172508 0.14843750221189111
0 0.42578125634463504 0.31770834990311414 0.18281250272411853 0.14218750211875886
0 0.5726562585332431 0.3083333494141698 0.21406250318977982 0.1968750029336661
0 0.1093750016298145 0.284375014831312 0.1968750029336661 0.1890625028172508
0 0.09062500135041773 0.0989583384944126 0.17812500265426934 0.14531250216532499
0 0.5312500079162419 0.06875000358559191 0.16875000251457095 0.10000000149011612
0 0.34609375515719876 0.14583334093913436 0.2109375031432137 0.17812500265426934
1 0.7382812610012479 0.9000000469386578 0.06406250095460564 0.05312500079162419
0 0.8234375122701749 0.4135416882345453 0.15000000223517418 0.1359375020256266
0 0.2859375042608008 0.9093750474276021 0.15000000223517418 0.1359375020256266
1 0.21718750323634595 0.5833333637565374 0.36250000540167093 0.4468750066589564
0 0.7937500118277967 0.7781250405823812 0.20937500311993062 0.15468750230502337
0 0.656250009778887 0.49062502558808774 0.15000000223517418 0.1359375020256266
0 0.5515625082189217 0.534375027869828 0.15000000223517418 0.1359375020256266
0 0.4296875064028427 0.7572917061625049 0.1531250022817403 0.23593750351574272
0 0.5632812583935447 0.7625000397674739 0.14843750221189111 0.15000000223517418
0 0.5148437576717697 0.9000000469386578 0.14843750221189111 0.15000000223517418
0 0.7914062617928721 0.3156250164611265 0.1890625028172508 0.17031250253785402
0 0.7820312616531737 0.10104167193640023 0.1890625028172508 0.14843750221189111
0 0.42578125634463504 0.31770834990311414 0.18281250272411853 0.14218750211875886
0 0.5726562585332431 0.3083333494141698 0.21406250318977982 0.1968750029336661
0 0.1093750016298145 0.284375014831312 0.1968750029336661 0.1890625028172508
0 0.09062500135041773 0.0989583384944126 0.17812500265426934 0.14531250216532499
0 0.5312500079162419 0.06875000358559191 0.16875000251457095 0.10000000149011612
0 0.34609375515719876 0.14583334093913436 0.2109375031432137 0.17812500265426934
1 0.7382812610012479 0.9000000469386578 0.06406250095460564 0.05312500079162419
0 0.8234375122701749 0.4135416882345453 0.15000000223517418 0.1359375020256266
0 0.2859375042608008 0.9093750474276021 0.15000000223517418 0.1359375020256266
1 0.21718750323634595 0.5833333637565374 0.36250000540167093 0.4468750066589564
0 0.7937500118277967 0.7781250405823812 0.20937500311993062 0.15468750230502337
0 0.656250009778887 0.49062502558808774 0.15000000223517418 0.1359375020256266
0 0.5515625082189217 0.534375027869828 0.15000000223517418 0.1359375020256266
0 0.4296875064028427 0.7572917061625049 0.1531250022817403 0.23593750351574272
0 0.5632812583935447 0.7625000397674739 0.14843750221189111 0.15000000223517418
0 0.5148437576717697 0.9000000469386578 0.14843750221189111 0.15000000223517418
0 0.7914062617928721 0.3156250164611265 0.1890625028172508 0.17031250253785402
0 0.7820312616531737 0.10104167193640023 0.1890625028172508 0.14843750221189111
0 0.42578125634463504 0.31770834990311414 0.18281250272411853 0.14218750211875886
0 0.5726562585332431 0.3083333494141698 0.21406250318977982 0.1968750029336661
0 0.1093750016298145 0.284375014831312 0.1968750029336661 0.1890625028172508
0 0.09062500135041773 0.0989583384944126 0.17812500265426934 0.14531250216532499
0 0.5312500079162419 0.06875000358559191 0.16875000251457095 0.10000000149011612
0 0.34609375515719876 0.14583334093913436 0.2109375031432137 0.17812500265426934
1 0.7382812610012479 0.9000000469386578 0.06406250095460564 0.05312500079162419
0 0.8234375122701749 0.4135416882345453 0.15000000223517418 0.1359375020256266
0 0.2859375042608008 0.9093750474276021 0.15000000223517418 0.1359375020256266
1 0.21718750323634595 0.5833333637565374 0.36250000540167093 0.4468750066589564
0 0.7937500118277967 0.7781250405823812 0.20937500311993062 0.15468750230502337
0 0.656250009778887 0.49062502558808774 0.15000000223517418 0.1359375020256266
0 0.5515625082189217 0.534375027869828 0.15000000223517418 0.1359375020256266
0 0.4296875064028427 0.7572917061625049 0.1531250022817403 0.23593750351574272
0 0.5632812583935447 0.7625000397674739 0.14843750221189111 0.15000000223517418
0 0.5148437576717697 0.9000000469386578 0.14843750221189111 0.15000000223517418
0 0.7914062617928721 0.3156250164611265 0.1890625028172508 0.17031250253785402
0 0.7820312616531737 0.10104167193640023 0.1890625028172508 0.14843750221189111
0 0.42578125634463504 0.31770834990311414 0.18281250272411853 0.14218750211875886
0 0.5726562585332431 0.3083333494141698 0.21406250318977982 0.1968750029336661
0 0.1093750016298145 0.284375014831312 0.1968750029336661 0.1890625028172508
0 0.09062500135041773 0.0989583384944126 0.17812500265426934 0.14531250216532499
0 0.5312500079162419 0.06875000358559191 0.16875000251457095 0.10000000149011612
0 0.34609375515719876 0.14583334093913436 0.2109375031432137 0.17812500265426934
1 0.7382812610012479 0.9000000469386578 0.06406250095460564 0.05312500079162419
0 0.8234375122701749 0.4135416882345453 0.15000000223517418 0.1359375020256266
0 0.2859375042608008 0.9093750474276021 0.15000000223517418 0.1359375020256266
1 0.21718750323634595 0.5833333637565374 0.36250000540167093 0.4468750066589564
0 0.7937500118277967 0.7781250405823812 0.20937500311993062 0.15468750230502337
0 0.656250009778887 0.49062502558808774 0.15000000223517418 0.1359375020256266
0 0.5515625082189217 0.534375027869828 0.15000000223517418 0.1359375020256266
0 0.4296875064028427 0.7572917061625049 0.1531250022817403 0.23593750351574272
0 0.5632812583935447 0.7625000397674739 0.14843750221189111 0.15000000223517418
0 0.5148437576717697 0.9000000469386578 0.14843750221189111 0.15000000223517418
0 0.7914062617928721 0.3156250164611265 0.1890625028172508 0.17031250253785402
0 0.7820312616531737 0.10104167193640023 0.1890625028172508 0.14843750221189111
0 0.42578125634463504 0.31770834990311414 0.18281250272411853 0.14218750211875886
0 0.5726562585332431 0.3083333494141698 0.21406250318977982 0.1968750029336661
0 0.1093750016298145 0.284375014831312 0.1968750029336661 0.1890625028172508
0 0.09062500135041773 0.0989583384944126 0.17812500265426934 0.14531250216532499
0 0.5312500079162419 0.06875000358559191 0.16875000251457095 0.10000000149011612
0 0.34609375515719876 0.14583334093913436 0.2109375031432137 0.17812500265426934
1 0.7382812610012479 0.9000000469386578 0.06406250095460564 0.05312500079162419
0 0.8234375122701749 0.4135416882345453 0.15000000223517418 0.1359375020256266
0 0.2859375042608008 0.9093750474276021 0.15000000223517418 0.1359375020256266
1 0.21718750323634595 0.5833333637565374 0.36250000540167093 0.4468750066589564
0 0.7937500118277967 0.7781250405823812 0.20937500311993062 0.15468750230502337
0 0.656250009778887 0.49062502558808774 0.15000000223517418 0.1359375020256266
0 0.5515625082189217 0.534375027869828 0.15000000223517418 0.1359375020256266
0 0.4296875064028427 0.7572917061625049 0.1531250022817403 0.23593750351574272
0 0.5632812583935447 0.7625000397674739 0.14843750221189111 0.15000000223517418
0 0.5148437576717697 0.9000000469386578 0.14843750221189111 0.15000000223517418
0 0.7914062617928721 0.3156250164611265 0.1890625028172508 0.17031250253785402
0 0.7820312616531737 0.10104167193640023 0.1890625028172508 0.14843750221189111
0 0.42578125634463504 0.31770834990311414 0.18281250272411853 0.14218750211875886
0 0.5726562585332431 0.3083333494141698 0.21406250318977982 0.1968750029336661
0 0.1093750016298145 0.284375014831312 0.1968750029336661 0.1890625028172508
0 0.09062500135041773 0.0989583384944126 0.17812500265426934 0.14531250216532499
0 0.5312500079162419 0.06875000358559191 0.16875000251457095 0.10000000149011612
0 0.34609375515719876 0.14583334093913436 0.2109375031432137 0.17812500265426934
1 0.7382812610012479 0.9000000469386578 0.06406250095460564 0.05312500079162419
0 0.8234375122701749 0.4135416882345453 0.15000000223517418 0.1359375020256266
0 0.2859375042608008 0.9093750474276021 0.15000000223517418 0.1359375020256266
1 0.21718750323634595 0.5833333637565374 0.36250000540167093 0.4468750066589564
0 0.7937500118277967 0.7781250405823812 0.20937500311993062 0.15468750230502337
0 0.656250009778887 0.49062502558808774 0.15000000223517418 0.1359375020256266
0 0.5515625082189217 0.534375027869828 0.15000000223517418 0.1359375020256266
0 0.4296875064028427 0.7572917061625049 0.1531250022817403 0.23593750351574272
0 0.5632812583935447 0.7625000397674739 0.14843750221189111 0.15000000223517418
0 0.5148437576717697 0.9000000469386578 0.14843750221189111 0.15000000223517418
0 0.7914062617928721 0.3156250164611265 0.1890625028172508 0.17031250253785402
0 0.7820312616531737 0.10104167193640023 0.1890625028172508 0.14843750221189111
0 0.42578125634463504 0.31770834990311414 0.18281250272411853 0.14218750211875886
0 0.5726562585332431 0.3083333494141698 0.21406250318977982 0.1968750029336661
0 0.1093750016298145 0.284375014831312 0.1968750029336661 0.1890625028172508
0 0.09062500135041773 0.0989583384944126 0.17812500265426934 0.14531250216532499
0 0.5312500079162419 0.06875000358559191 0.16875000251457095 0.10000000149011612
0 0.34609375515719876 0.14583334093913436 0.2109375031432137 0.17812500265426934
1 0.7382812610012479 0.9000000469386578 0.06406250095460564 0.05312500079162419
0 0.8234375122701749 0.4135416882345453 0.15000000223517418 0.1359375020256266
0 0.2859375042608008 0.9093750474276021 0.15000000223517418 0.1359375020256266
1 0.21718750323634595 0.5833333637565374 0.36250000540167093 0.4468750066589564
0 0.7937500118277967 0.7781250405823812 0.20937500311993062 0.15468750230502337
0 0.656250009778887 0.49062502558808774 0.15000000223517418 0.1359375020256266
0 0.5515625082189217 0.534375027869828 0.15000000223517418 0.1359375020256266
0 0.4296875064028427 0.7572917061625049 0.1531250022817403 0.23593750351574272
0 0.5632812583935447 0.7625000397674739 0.14843750221189111 0.15000000223517418
0 0.5148437576717697 0.9000000469386578 0.14843750221189111 0.15000000223517418
0 0.7914062617928721 0.3156250164611265 0.1890625028172508 0.17031250253785402
0 0.7820312616531737 0.10104167193640023 0.1890625028172508 0.14843750221189111
0 0.42578125634463504 0.31770834990311414 0.18281250272411853 0.14218750211875886
0 0.5726562585332431 0.3083333494141698 0.21406250318977982 0.1968750029336661
0 0.1093750016298145 0.284375014831312 0.1968750029336661 0.1890625028172508
0 0.09062500135041773 0.0989583384944126 0.17812500265426934 0.14531250216532499
0 0.5312500079162419 0.06875000358559191 0.16875000251457095 0.10000000149011612
0 0.34609375515719876 0.14583334093913436 0.2109375031432137 0.17812500265426934
1 0.7382812610012479 0.9000000469386578 0.06406250095460564 0.05312500079162419
0 0.8234375122701749 0.4135416882345453 0.15000000223517418 0.1359375020256266
0 0.2859375042608008 0.9093750474276021 0.15000000223517418 0.1359375020256266
1 0.21718750323634595 0.5833333637565374 0.36250000540167093 0.4468750066589564
0 0.7937500118277967 0.7781250405823812 0.20937500311993062 0.15468750230502337
0 0.656250009778887 0.49062502558808774 0.15000000223517418 0.1359375020256266
0 0.5515625082189217 0.534375027869828 0.15000000223517418 0.1359375020256266
0 0.4296875064028427 0.7572917061625049 0.1531250022817403 0.23593750351574272
0 0.5632812583935447 0.7625000397674739 0.14843750221189111 0.15000000223517418
0 0.5148437576717697 0.9000000469386578 0.14843750221189111 0.15000000223517418
0 0.7914062617928721 0.3156250164611265 0.1890625028172508 0.17031250253785402
0 0.7820312616531737 0.10104167193640023 0.1890625028172508 0.14843750221189111
0 0.42578125634463504 0.31770834990311414 0.18281250272411853 0.14218750211875886
0 0.5726562585332431 0.3083333494141698 0.21406250318977982 0.1968750029336661
0 0.1093750016298145 0.284375014831312 0.1968750029336661 0.1890625028172508
0 0.09062500135041773 0.0989583384944126 0.17812500265426934 0.14531250216532499
0 0.5312500079162419 0.06875000358559191 0.16875000251457095 0.10000000149011612
0 0.34609375515719876 0.14583334093913436 0.2109375031432137 0.17812500265426934
1 0.7382812610012479 0.9000000469386578 0.06406250095460564 0.05312500079162419
0 0.8234375122701749 0.4135416882345453 0.15000000223517418 0.1359375020256266
0 0.2859375042608008 0.9093750474276021 0.15000000223517418 0.1359375020256266
1 0.21718750323634595 0.5833333637565374 0.36250000540167093 0.4468750066589564
0 0.7937500118277967 0.7781250405823812 0.20937500311993062 0.15468750230502337
0 0.656250009778887 0.49062502558808774 0.15000000223517418 0.1359375020256266
0 0.5515625082189217 0.534375027869828 0.15000000223517418 0.1359375020256266
0 0.4296875064028427 0.7572917061625049 0.1531250022817403 0.23593750351574272
0 0.5632812583935447 0.7625000397674739 0.14843750221189111 0.15000000223517418
0 0.5148437576717697 0.9000000469386578 0.14843750221189111 0.15000000223517418
0 0.7914062617928721 0.3156250164611265 0.1890625028172508 0.17031250253785402
0 0.7820312616531737 0.10104167193640023 0.1890625028172508 0.14843750221189111
0 0.42578125634463504 0.31770834990311414 0.18281250272411853 0.14218750211875886
0 0.5726562585332431 0.3083333494141698 0.21406250318977982 0.1968750029336661
0 0.1093750016298145 0.284375014831312 0.1968750029336661 0.1890625028172508
0 0.09062500135041773 0.0989583384944126 0.17812500265426934 0.14531250216532499
0 0.5312500079162419 0.06875000358559191 0.16875000251457095 0.10000000149011612
0 0.34609375515719876 0.14583334093913436 0.2109375031432137 0.17812500265426934
1 0.7382812610012479 0.9000000469386578 0.06406250095460564 0.05312500079162419
0 0.8234375122701749 0.4135416882345453 0.15000000223517418 0.1359375020256266
0 0.2859375042608008 0.9093750474276021 0.15000000223517418 0.1359375020256266
1 0.21718750323634595 0.5833333637565374 0.36250000540167093 0.4468750066589564
0 0.7937500118277967 0.7781250405823812 0.20937500311993062 0.15468750230502337
0 0.656250009778887 0.49062502558808774 0.15000000223517418 0.1359375020256266
0 0.5515625082189217 0.534375027869828 0.15000000223517418 0.1359375020256266
0 0.4296875064028427 0.7572917061625049 0.1531250022817403 0.23593750351574272
0 0.5632812583935447 0.7625000397674739 0.14843750221189111 0.15000000223517418
0 0.5148437576717697 0.9000000469386578 0.14843750221189111 0.15000000223517418
0 0.7914062617928721 0.3156250164611265 0.1890625028172508 0.17031250253785402
0 0.7820312616531737 0.10104167193640023 0.1890625028172508 0.14843750221189111
0 0.42578125634463504 0.31770834990311414 0.18281250272411853 0.14218750211875886
0 0.5726562585332431 0.3083333494141698 0.21406250318977982 0.1968750029336661
0 0.1093750016298145 0.284375014831312 0.1968750029336661 0.1890625028172508
0 0.09062500135041773 0.0989583384944126 0.17812500265426934 0.14531250216532499
0 0.5312500079162419 0.06875000358559191 0.16875000251457095 0.10000000149011612
0 0.34609375515719876 0.14583334093913436 0.2109375031432137 0.17812500265426934
1 0.7382812610012479 0.9000000469386578 0.06406250095460564 0.05312500079162419
0 0.8234375122701749 0.4135416882345453 0.15000000223517418 0.1359375020256266
0 0.2859375042608008 0.9093750474276021 0.15000000223517418 0.1359375020256266
1 0.21718750323634595 0.5833333637565374 0.36250000540167093 0.4468750066589564
0 0.7937500118277967 0.7781250405823812 0.20937500311993062 0.15468750230502337
0 0.656250009778887 0.49062502558808774 0.15000000223517418 0.1359375020256266
0 0.5515625082189217 0.534375027869828 0.15000000223517418 0.1359375020256266
0 0.4296875064028427 0.7572917061625049 0.1531250022817403 0.23593750351574272
0 0.5632812583935447 0.7625000397674739 0.14843750221189111 0.15000000223517418
0 0.5148437576717697 0.9000000469386578 0.14843750221189111 0.15000000223517418
0 0.7914062617928721 0.3156250164611265 0.1890625028172508 0.17031250253785402
0 0.7820312616531737 0.10104167193640023 0.1890625028172508 0.14843750221189111
0 0.42578125634463504 0.31770834990311414 0.18281250272411853 0.14218750211875886
0 0.5726562585332431 0.3083333494141698 0.21406250318977982 0.1968750029336661
0 0.1093750016298145 0.284375014831312 0.1968750029336661 0.1890625028172508
0 0.09062500135041773 0.0989583384944126 0.17812500265426934 0.14531250216532499
0 0.5312500079162419 0.06875000358559191 0.16875000251457095 0.10000000149011612
0 0.34609375515719876 0.14583334093913436 0.2109375031432137 0.17812500265426934
1 0.7382812610012479 0.9000000469386578 0.06406250095460564 0.05312500079162419
0 0.8234375122701749 0.4135416882345453 0.15000000223517418 0.1359375020256266
0 0.2859375042608008 0.9093750474276021 0.15000000223517418 0.1359375020256266
1 0.21718750323634595 0.5833333637565374 0.36250000540167093 0.4468750066589564
0 0.7937500118277967 0.7781250405823812 0.20937500311993062 0.15468750230502337
0 0.656250009778887 0.49062502558808774 0.15000000223517418 0.1359375020256266
0 0.5515625082189217 0.534375027869828 0.15000000223517418 0.1359375020256266
0 0.4296875064028427 0.7572917061625049 0.1531250022817403 0.23593750351574272
0 0.5632812583935447 0.7625000397674739 0.14843750221189111 0.15000000223517418
0 0.5148437576717697 0.9000000469386578 0.14843750221189111 0.15000000223517418
0 0.7914062617928721 0.3156250164611265 0.1890625028172508 0.17031250253785402
0 0.7820312616531737 0.10104167193640023 0.1890625028172508 0.14843750221189111
0 0.42578125634463504 0.31770834990311414 0.18281250272411853 0.14218750211875886
0 0.5726562585332431 0.3083333494141698 0.21406250318977982 0.1968750029336661
0 0.1093750016298145 0.284375014831312 0.1968750029336661 0.1890625028172508
0 0.09062500135041773 0.0989583384944126 0.17812500265426934 0.14531250216532499
0 0.5312500079162419 0.06875000358559191 0.16875000251457095 0.10000000149011612
0 0.34609375515719876 0.14583334093913436 0.2109375031432137 0.17812500265426934
2 0.7382812610012479 0.9000000469386578 0.06406250095460564 0.05312500079162419
0 0.8234375122701749 0.4135416882345453 0.15000000223517418 0.1359375020256266
0 0.2859375042608008 0.9093750474276021 0.15000000223517418 0.1359375020256266
1 0.21718750323634595 0.5833333637565374 0.36250000540167093 0.4468750066589564
0 0.7937500118277967 0.7781250405823812 0.20937500311993062 0.15468750230502337
0 0.656250009778887 0.49062502558808774 0.15000000223517418 0.1359375020256266
0 0.5515625082189217 0.534375027869828 0.15000000223517418 0.1359375020256266
0 0.4296875064028427 0.7572917061625049 0.1531250022817403 0.23593750351574272
0 0.5632812583935447 0.7625000397674739 0.14843750221189111 0.15000000223517418
0 0.5148437576717697 0.9000000469386578 0.14843750221189111 0.15000000223517418
0 0.7914062617928721 0.3156250164611265 0.1890625028172508 0.17031250253785402
0 0.7820312616531737 0.10104167193640023 0.1890625028172508 0.14843750221189111
0 0.42578125634463504 0.31770834990311414 0.18281250272411853 0.14218750211875886
0 0.5726562585332431 0.3083333494141698 0.21406250318977982 0.1968750029336661
0 0.1093750016298145 0.284375014831312 0.1968750029336661 0.1890625028172508
0 0.09062500135041773 0.0989583384944126 0.17812500265426934 0.14531250216532499
0 0.5312500079162419 0.06875000358559191 0.16875000251457095 0.10000000149011612
0 0.34609375515719876 0.14583334093913436 0.2109375031432137 0.17812500265426934
2 0.7382812610012479 0.9000000469386578 0.06406250095460564 0.05312500079162419
0 0.8234375122701749 0.4135416882345453 0.15000000223517418 0.1359375020256266
0 0.2859375042608008 0.9093750474276021 0.15000000223517418 0.1359375020256266
1 0.21718750894069672 0.5833333730697632 0.36250001192092896 0.4468750059604645
0 0.793749988079071 0.7781250476837158 0.20937500894069672 0.15468750894069672
0 0.65625 0.4906250238418579 0.15000000596046448 0.13593749701976776
0 0.551562488079071 0.534375011920929 0.15000000596046448 0.13593749701976776
0 0.4296875 0.7572917342185974 0.15312500298023224 0.23593750596046448
0 0.563281238079071 0.7625000476837158 0.1484375 0.15000000596046448
0 0.514843761920929 0.9000000357627869 0.1484375 0.15000000596046448
0 0.7914062738418579 0.31562501192092896 0.18906250596046448 0.17031250894069672
0 0.782031238079071 0.10104167461395264 0.18906250596046448 0.1484375
0 0.42578125 0.3177083432674408 0.18281249701976776 0.14218750596046448
0 0.5726562738418579 0.3083333373069763 0.21406249701976776 0.19687500596046448
0 0.109375 0.28437501192092896 0.19687500596046448 0.18906250596046448
0 0.09062500298023224 0.0989583358168602 0.17812500894069672 0.14531250298023224
0 0.53125 0.06875000149011612 0.16875000298023224 0.10000000149011612
0 0.3460937440395355 0.1458333432674408 0.2109375 0.17812500894069672
2 0.73828125 0.9000000357627869 0.06406249850988388 0.05312500149011612
0 0.823437511920929 0.41354167461395264 0.15000000596046448 0.13593749701976776
0 0.28593751788139343 0.9093750715255737 0.15000000596046448 0.13593749701976776
1 0.21718750894069672 0.5833333730697632 0.36250001192092896 0.4468750059604645
0 0.793749988079071 0.7781250476837158 0.20937500894069672 0.15468750894069672
0 0.65625 0.4906250238418579 0.15000000596046448 0.13593749701976776
0 0.551562488079071 0.534375011920929 0.15000000596046448 0.13593749701976776
0 0.4296875 0.7572917342185974 0.15312500298023224 0.23593750596046448
0 0.563281238079071 0.7625000476837158 0.1484375 0.15000000596046448
0 0.514843761920929 0.9000000357627869 0.1484375 0.15000000596046448
0 0.7914062738418579 0.31562501192092896 0.18906250596046448 0.17031250894069672
0 0.782031238079071 0.10104167461395264 0.18906250596046448 0.1484375
0 0.42578125 0.3177083432674408 0.18281249701976776 0.14218750596046448
0 0.5726562738418579 0.3083333373069763 0.21406249701976776 0.19687500596046448
0 0.109375 0.28437501192092896 0.19687500596046448 0.18906250596046448
0 0.09062500298023224 0.0989583358168602 0.17812500894069672 0.14531250298023224
0 0.53125 0.06875000149011612 0.16875000298023224 0.10000000149011612
0 0.3460937440395355 0.1458333432674408 0.2109375 0.17812500894069672
2 0.73828125 0.9000000357627869 0.06406249850988388 0.05312500149011612
0 0.823437511920929 0.41354167461395264 0.15000000596046448 0.13593749701976776
0 0.28593751788139343 0.9093750715255737 0.15000000596046448 0.13593749701976776
1 0.21718750894069672 0.5833333730697632 0.36250001192092896 0.4468750059604645
0 0.793749988079071 0.7781250476837158 0.20937500894069672 0.15468750894069672
0 0.65625 0.4906250238418579 0.15000000596046448 0.13593749701976776
0 0.551562488079071 0.534375011920929 0.15000000596046448 0.13593749701976776
0 0.4296875 0.7572917342185974 0.15312500298023224 0.23593750596046448
0 0.563281238079071 0.7625000476837158 0.1484375 0.15000000596046448
0 0.514843761920929 0.9000000357627869 0.1484375 0.15000000596046448
0 0.7914062738418579 0.31562501192092896 0.18906250596046448 0.17031250894069672
0 0.782031238079071 0.10104167461395264 0.18906250596046448 0.1484375
0 0.42578125 0.3177083432674408 0.18281249701976776 0.14218750596046448
0 0.5726562738418579 0.3083333373069763 0.21406249701976776 0.19687500596046448
0 0.109375 0.28437501192092896 0.19687500596046448 0.18906250596046448
0 0.09062500298023224 0.0989583358168602 0.17812500894069672 0.14531250298023224
0 0.53125 0.06875000149011612 0.16875000298023224 0.10000000149011612
0 0.3460937440395355 0.1458333432674408 0.2109375 0.17812500894069672
2 0.73828125 0.9000000357627869 0.06406249850988388 0.05312500149011612
0 0.823437511920929 0.41354167461395264 0.15000000596046448 0.13593749701976776
0 0.28593751788139343 0.9093750715255737 0.15000000596046448 0.13593749701976776
1 0.21718750894069672 0.5833333730697632 0.36250001192092896 0.4468750059604645
0 0.793749988079071 0.7781250476837158 0.20937500894069672 0.15468750894069672
0 0.65625 0.4906250238418579 0.15000000596046448 0.13593749701976776
0 0.551562488079071 0.534375011920929 0.15000000596046448 0.13593749701976776
0 0.4296875 0.7572917342185974 0.15312500298023224 0.23593750596046448
0 0.563281238079071 0.7625000476837158 0.1484375 0.15000000596046448
0 0.514843761920929 0.9000000357627869 0.1484375 0.15000000596046448
0 0.7914062738418579 0.31562501192092896 0.18906250596046448 0.17031250894069672
0 0.782031238079071 0.10104167461395264 0.18906250596046448 0.1484375
0 0.42578125 0.3177083432674408 0.18281249701976776 0.14218750596046448
0 0.5726562738418579 0.3083333373069763 0.21406249701976776 0.19687500596046448
0 0.109375 0.28437501192092896 0.19687500596046448 0.18906250596046448
0 0.09062500298023224 0.0989583358168602 0.17812500894069672 0.14531250298023224
0 0.53125 0.06875000149011612 0.16875000298023224 0.10000000149011612
0 0.3460937440395355 0.1458333432674408 0.2109375 0.17812500894069672
2 0.73828125 0.9000000357627869 0.06406249850988388 0.05312500149011612
0 0.823437511920929 0.41354167461395264 0.15000000596046448 0.13593749701976776
0 0.28593751788139343 0.9093750715255737 0.15000000596046448 0.13593749701976776
1 0.21718750894069672 0.5833333730697632 0.36250001192092896 0.4468750059604645
0 0.793749988079071 0.7781250476837158 0.20937500894069672 0.15468750894069672
0 0.65625 0.4906250238418579 0.15000000596046448 0.13593749701976776
0 0.551562488079071 0.534375011920929 0.15000000596046448 0.13593749701976776
0 0.4296875 0.7572917342185974 0.15312500298023224 0.23593750596046448
0 0.563281238079071 0.7625000476837158 0.1484375 0.15000000596046448
0 0.514843761920929 0.9000000357627869 0.1484375 0.15000000596046448
0 0.7914062738418579 0.31562501192092896 0.18906250596046448 0.17031250894069672
0 0.782031238079071 0.10104167461395264 0.18906250596046448 0.1484375
0 0.42578125 0.3177083432674408 0.18281249701976776 0.14218750596046448
0 0.5726562738418579 0.3083333373069763 0.21406249701976776 0.19687500596046448
0 0.109375 0.28437501192092896 0.19687500596046448 0.18906250596046448
0 0.09062500298023224 0.0989583358168602 0.17812500894069672 0.14531250298023224
0 0.53125 0.06875000149011612 0.16875000298023224 0.10000000149011612
0 0.3460937440395355 0.1458333432674408 0.2109375 0.17812500894069672
2 0.73828125 0.9000000357627869 0.06406249850988388 0.05312500149011612
0 0.823437511920929 0.41354167461395264 0.15000000596046448 0.13593749701976776
0 0.28593751788139343 0.9093750715255737 0.15000000596046448 0.13593749701976776
1 0.21718750894069672 0.5833333730697632 0.36250001192092896 0.4468750059604645
0 0.793749988079071 0.7781250476837158 0.20937500894069672 0.15468750894069672
0 0.65625 0.4906250238418579 0.15000000596046448 0.13593749701976776
0 0.551562488079071 0.534375011920929 0.15000000596046448 0.13593749701976776
0 0.4296875 0.7572917342185974 0.15312500298023224 0.23593750596046448
0 0.563281238079071 0.7625000476837158 0.1484375 0.15000000596046448
0 0.514843761920929 0.9000000357627869 0.1484375 0.15000000596046448
0 0.7914062738418579 0.31562501192092896 0.18906250596046448 0.17031250894069672
0 0.782031238079071 0.10104167461395264 0.18906250596046448 0.1484375
0 0.42578125 0.3177083432674408 0.18281249701976776 0.14218750596046448
0 0.5726562738418579 0.3083333373069763 0.21406249701976776 0.19687500596046448
0 0.109375 0.28437501192092896 0.19687500596046448 0.18906250596046448
0 0.09062500298023224 0.0989583358168602 0.17812500894069672 0.14531250298023224
0 0.53125 0.06875000149011612 0.16875000298023224 0.10000000149011612
0 0.3460937440395355 0.1458333432674408 0.2109375 0.17812500894069672
2 0.73828125 0.9000000357627869 0.06406249850988388 0.05312500149011612
0 0.823437511920929 0.41354167461395264 0.15000000596046448 0.13593749701976776
0 0.28593751788139343 0.9093750715255737 0.15000000596046448 0.13593749701976776
1 0.21718750894069672 0.5833333730697632 0.36250001192092896 0.4468750059604645
0 0.793749988079071 0.7781250476837158 0.20937500894069672 0.15468750894069672
0 0.65625 0.4906250238418579 0.15000000596046448 0.13593749701976776
0 0.551562488079071 0.534375011920929 0.15000000596046448 0.13593749701976776
0 0.4296875 0.7572917342185974 0.15312500298023224 0.23593750596046448
0 0.563281238079071 0.7625000476837158 0.1484375 0.15000000596046448
0 0.514843761920929 0.9000000357627869 0.1484375 0.15000000596046448
0 0.7914062738418579 0.31562501192092896 0.18906250596046448 0.17031250894069672
0 0.782031238079071 0.10104167461395264 0.18906250596046448 0.1484375
0 0.42578125 0.3177083432674408 0.18281249701976776 0.14218750596046448
0 0.5726562738418579 0.3083333373069763 0.21406249701976776 0.19687500596046448
0 0.109375 0.28437501192092896 0.19687500596046448 0.18906250596046448
0 0.09062500298023224 0.0989583358168602 0.17812500894069672 0.14531250298023224
0 0.53125 0.06875000149011612 0.16875000298023224 0.10000000149011612
0 0.3460937440395355 0.1458333432674408 0.2109375 0.17812500894069672
2 0.73828125 0.9000000357627869 0.06406249850988388 0.05312500149011612
0 0.823437511920929 0.41354167461395264 0.15000000596046448 0.13593749701976776
0 0.28593751788139343 0.9093750715255737 0.15000000596046448 0.13593749701976776
