1 0.35078125522704795 0.5072916931239888 0.3109375046333298 0.31406250467989594
1 0.35078125522704795 0.5072916931239888 0.3109375046333298 0.31406250467989594
1 0.35078125522704795 0.5072916931239888 0.3109375046333298 0.31406250467989594
1 0.35078125522704795 0.5072916931239888 0.3109375046333298 0.31406250467989594
1 0.35078125522704795 0.5072916931239888 0.3109375046333298 0.31406250467989594
1 0.35078125522704795 0.5072916931239888 0.3109375046333298 0.31406250467989594
1 0.35078125522704795 0.5072916931239888 0.3109375046333298 0.31406250467989594
1 0.35078125522704795 0.5072916931239888 0.3109375046333298 0.31406250467989594
1 0.35078125522704795 0.5072916931239888 0.3109375046333298 0.31406250467989594
1 0.35078125522704795 0.5072916931239888 0.3109375046333298 0.31406250467989594
1 0.35078125522704795 0.5072916931239888 0.3109375046333298 0.31406250467989594
1 0.35078125522704795 0.5072916931239888 0.3109375046333298 0.31406250467989594
1 0.35078125522704795 0.5072916931239888 0.3109375046333298 0.31406250467989594
1 0.35078125522704795 0.5072916931239888 0.3109375046333298 0.31406250467989594
1 0.35078125522704795 0.5072916931239888 0.3109375046333298 0.31406250467989594
1 0.35078126192092896 0.5072916746139526 0.3109374940395355 0.3140625059604645
1 0.35078126192092896 0.5072916746139526 0.3109374940395355 0.3140625059604645
1 0.35078126192092896 0.5072916746139526 0.3109374940395355 0.3140625059604645
1 0.35078126192092896 0.5072916746139526 0.3109374940395355 0.3140625059604645
1 0.35078126192092896 0.5072916746139526 0.3109374940395355 0.3140625059604645
1 0.35078126192092896 0.5072916746139526 0.3109374940395355 0.3140625059604645
1 0.35078126192092896 0.5072916746139526 0.3109374940395355 0.3140625059604645
