0 0.6789062601164915 0.09166667144745588 0.1671875024912879 0.13437500200234354
0 0.838281262491364 0.15312500798609108 0.17343750258442014 0.15468750230502337
0 0.5015625074738637 0.28854168171528727 0.19375000288709998 0.18593750277068466
0 0.3203125047730282 0.07187500374857336 0.15937500237487257 0.10468750155996531
0 0.10234375152504072 0.5739583632675931 0.19843750295694917 0.17343750258442014
0 0.5546875082654878 0.8885417130077258 0.14687500218860805 0.1671875024912879
0 0.2500000037252903 0.20625001075677574 0.18125000270083547 0.1625000024214387
0 0.6343750094529241 0.49791669263504446 0.18125000270083547 0.1625000024214387
0 0.8125000121071935 0.5708333631046116 0.18125000270083547 0.1625000024214387
0 0.3515625052386895 0.9291667151264846 0.2062500030733645 0.10000000149011612
0 0.06640625098953024 0.8447917107259855 0.12968750193249434 0.15156250225845724
1 0.3929687558556907 0.6833333689719439 0.3203125047730282 0.29687500442378223
0 0.6789062601164915 0.09166667144745588 0.1671875024912879 0.13437500200234354
0 0.838281262491364 0.15312500798609108 0.17343750258442014 0.15468750230502337
0 0.5015625074738637 0.28854168171528727 0.19375000288709998 0.18593750277068466
0 0.3203125047730282 0.07187500374857336 0.15937500237487257 0.10468750155996531
0 0.10234375152504072 0.5739583632675931 0.19843750295694917 0.17343750258442014
0 0.5546875082654878 0.8885417130077258 0.14687500218860805 0.1671875024912879
0 0.2500000037252903 0.20625001075677574 0.18125000270083547 0.1625000024214387
0 0.6343750094529241 0.49791669263504446 0.18125000270083547 0.1625000024214387
0 0.8125000121071935 0.5708333631046116 0.18125000270083547 0.1625000024214387
0 0.3515625052386895 0.9291667151264846 0.2062500030733645 0.10000000149011612
0 0.06640625098953024 0.8447917107259855 0.12968750193249434 0.15156250225845724
1 0.3929687558556907 0.6833333689719439 0.3203125047730282 0.29687500442378223
0 0.6789062601164915 0.09166667144745588 0.1671875024912879 0.13437500200234354
0 0.838281262491364 0.15312500798609108 0.17343750258442014 0.15468750230502337
0 0.5015625074738637 0.28854168171528727 0.19375000288709998 0.18593750277068466
0 0.3203125047730282 0.07187500374857336 0.15937500237487257 0.10468750155996531
0 0.10234375152504072 0.5739583632675931 0.19843750295694917 0.17343750258442014
0 0.5546875082654878 0.8885417130077258 0.14687500218860805 0.1671875024912879
0 0.2500000037252903 0.20625001075677574 0.18125000270083547 0.1625000024214387
0 0.6343750094529241 0.49791669263504446 0.18125000270083547 0.1625000024214387
0 0.8125000121071935 0.5708333631046116 0.18125000270083547 0.1625000024214387
0 0.3515625052386895 0.9291667151264846 0.2062500030733645 0.10000000149011612
0 0.06640625098953024 0.8447917107259855 0.12968750193249434 0.15156250225845724
1 0.3929687558556907 0.6833333689719439 0.3203125047730282 0.29687500442378223
0 0.6789062601164915 0.09166667144745588 0.1671875024912879 0.13437500200234354
0 0.838281262491364 0.15312500798609108 0.17343750258442014 0.15468750230502337
0 0.5015625074738637 0.28854168171528727 0.19375000288709998 0.18593750277068466
0 0.3203125047730282 0.07187500374857336 0.15937500237487257 0.10468750155996531
0 0.10234375152504072 0.5739583632675931 0.19843750295694917 0.17343750258442014
0 0.5546875082654878 0.8885417130077258 0.14687500218860805 0.1671875024912879
0 0.2500000037252903 0.20625001075677574 0.18125000270083547 0.1625000024214387
0 0.6343750094529241 0.49791669263504446 0.18125000270083547 0.1625000024214387
0 0.8125000121071935 0.5708333631046116 0.18125000270083547 0.1625000024214387
0 0.3515625052386895 0.9291667151264846 0.2062500030733645 0.10000000149011612
0 0.06640625098953024 0.8447917107259855 0.12968750193249434 0.15156250225845724
1 0.3929687558556907 0.6833333689719439 0.3203125047730282 0.29687500442378223
0 0.6789062601164915 0.09166667144745588 0.1671875024912879 0.13437500200234354
0 0.838281262491364 0.15312500798609108 0.17343750258442014 0.15468750230502337
0 0.5015625074738637 0.28854168171528727 0.19375000288709998 0.18593750277068466
0 0.3203125047730282 0.07187500374857336 0.15937500237487257 0.10468750155996531
0 0.10234375152504072 0.5739583632675931 0.19843750295694917 0.17343750258442014
0 0.5546875082654878 0.8885417130077258 0.14687500218860805 0.1671875024912879
0 0.2500000037252903 0.20625001075677574 0.18125000270083547 0.1625000024214387
0 0.6343750094529241 0.49791669263504446 0.18125000270083547 0.1625000024214387
0 0.8125000121071935 0.5708333631046116 0.18125000270083547 0.1625000024214387
0 0.3515625052386895 0.9291667151264846 0.2062500030733645 0.10000000149011612
0 0.06640625098953024 0.8447917107259855 0.12968750193249434 0.15156250225845724
1 0.3929687558556907 0.6833333689719439 0.3203125047730282 0.29687500442378223
0 0.6789062601164915 0.09166667144745588 0.1671875024912879 0.13437500200234354
0 0.838281262491364 0.15312500798609108 0.17343750258442014 0.15468750230502337
0 0.5015625074738637 0.28854168171528727 0.19375000288709998 0.18593750277068466
0 0.3203125047730282 0.07187500374857336 0.15937500237487257 0.10468750155996531
0 0.10234375152504072 0.5739583632675931 0.19843750295694917 0.17343750258442014
0 0.5546875082654878 0.8885417130077258 0.14687500218860805 0.1671875024912879
0 0.2500000037252903 0.20625001075677574 0.18125000270083547 0.1625000024214387
0 0.6343750094529241 0.49791669263504446 0.18125000270083547 0.1625000024214387
0 0.8125000121071935 0.5708333631046116 0.18125000270083547 0.1625000024214387
0 0.3515625052386895 0.9291667151264846 0.2062500030733645 0.10000000149011612
0 0.06640625098953024 0.8447917107259855 0.12968750193249434 0.15156250225845724
1 0.3929687558556907 0.6833333689719439 0.3203125047730282 0.29687500442378223
0 0.6789062601164915 0.09166667144745588 0.1671875024912879 0.13437500200234354
0 0.838281262491364 0.15312500798609108 0.17343750258442014 0.15468750230502337
0 0.5015625074738637 0.28854168171528727 0.19375000288709998 0.18593750277068466
0 0.3203125047730282 0.07187500374857336 0.15937500237487257 0.10468750155996531
0 0.10234375152504072 0.5739583632675931 0.19843750295694917 0.17343750258442014
0 0.5546875082654878 0.8885417130077258 0.14687500218860805 0.1671875024912879
0 0.2500000037252903 0.20625001075677574 0.18125000270083547 0.1625000024214387
0 0.6343750094529241 0.49791669263504446 0.18125000270083547 0.1625000024214387
0 0.8125000121071935 0.5708333631046116 0.18125000270083547 0.1625000024214387
0 0.3515625052386895 0.9291667151264846 0.2062500030733645 0.10000000149011612
0 0.06640625098953024 0.8447917107259855 0.12968750193249434 0.15156250225845724
1 0.3929687558556907 0.6833333689719439 0.3203125047730282 0.29687500442378223
0 0.6789062601164915 0.09166667144745588 0.1671875024912879 0.13437500200234354
0 0.838281262491364 0.15312500798609108 0.17343750258442014 0.15468750230502337
0 0.5015625074738637 0.28854168171528727 0.19375000288709998 0.18593750277068466
0 0.3203125047730282 0.07187500374857336 0.15937500237487257 0.10468750155996531
0 0.10234375152504072 0.5739583632675931 0.19843750295694917 0.17343750258442014
0 0.5546875082654878 0.8885417130077258 0.14687500218860805 0.1671875024912879
0 0.2500000037252903 0.20625001075677574 0.18125000270083547 0.1625000024214387
0 0.6343750094529241 0.49791669263504446 0.18125000270083547 0.1625000024214387
0 0.8125000121071935 0.5708333631046116 0.18125000270083547 0.1625000024214387
0 0.3515625052386895 0.9291667151264846 0.2062500030733645 0.10000000149011612
0 0.06640625098953024 0.8447917107259855 0.12968750193249434 0.15156250225845724
1 0.3929687558556907 0.6833333689719439 0.3203125047730282 0.29687500442378223
0 0.6789062601164915 0.09166667144745588 0.1671875024912879 0.13437500200234354
0 0.838281262491364 0.15312500798609108 0.17343750258442014 0.15468750230502337
0 0.5015625074738637 0.28854168171528727 0.19375000288709998 0.18593750277068466
0 0.3203125047730282 0.07187500374857336 0.15937500237487257 0.10468750155996531
0 0.10234375152504072 0.5739583632675931 0.19843750295694917 0.17343750258442014
0 0.5546875082654878 0.8885417130077258 0.14687500218860805 0.1671875024912879
0 0.2500000037252903 0.20625001075677574 0.18125000270083547 0.1625000024214387
0 0.6343750094529241 0.49791669263504446 0.18125000270083547 0.1625000024214387
0 0.8125000121071935 0.5708333631046116 0.18125000270083547 0.1625000024214387
0 0.3515625052386895 0.9291667151264846 0.2062500030733645 0.10000000149011612
0 0.06640625098953024 0.8447917107259855 0.12968750193249434 0.15156250225845724
1 0.3929687558556907 0.6833333689719439 0.3203125047730282 0.29687500442378223
0 0.6789062601164915 0.09166667144745588 0.1671875024912879 0.13437500200234354
0 0.838281262491364 0.15312500798609108 0.17343750258442014 0.15468750230502337
0 0.5015625074738637 0.28854168171528727 0.19375000288709998 0.18593750277068466
0 0.3203125047730282 0.07187500374857336 0.15937500237487257 0.10468750155996531
0 0.10234375152504072 0.5739583632675931 0.19843750295694917 0.17343750258442014
0 0.5546875082654878 0.8885417130077258 0.14687500218860805 0.1671875024912879
0 0.2500000037252903 0.20625001075677574 0.18125000270083547 0.1625000024214387
0 0.6343750094529241 0.49791669263504446 0.18125000270083547 0.1625000024214387
0 0.8125000121071935 0.5708333631046116 0.18125000270083547 0.1625000024214387
0 0.3515625052386895 0.9291667151264846 0.2062500030733645 0.10000000149011612
0 0.06640625098953024 0.8447917107259855 0.12968750193249434 0.15156250225845724
1 0.3929687558556907 0.6833333689719439 0.3203125047730282 0.29687500442378223
0 0.6789062601164915 0.09166667144745588 0.1671875024912879 0.13437500200234354
0 0.838281262491364 0.15312500798609108 0.17343750258442014 0.15468750230502337
0 0.5015625074738637 0.28854168171528727 0.19375000288709998 0.18593750277068466
0 0.3203125047730282 0.07187500374857336 0.15937500237487257 0.10468750155996531
0 0.10234375152504072 0.5739583632675931 0.19843750295694917 0.17343750258442014
0 0.5546875082654878 0.8885417130077258 0.14687500218860805 0.1671875024912879
0 0.2500000037252903 0.20625001075677574 0.18125000270083547 0.1625000024214387
0 0.6343750094529241 0.49791669263504446 0.18125000270083547 0.1625000024214387
0 0.8125000121071935 0.5708333631046116 0.18125000270083547 0.1625000024214387
0 0.3515625052386895 0.9291667151264846 0.2062500030733645 0.10000000149011612
0 0.06640625098953024 0.8447917107259855 0.12968750193249434 0.15156250225845724
1 0.3929687558556907 0.6833333689719439 0.3203125047730282 0.29687500442378223
0 0.6789062601164915 0.09166667144745588 0.1671875024912879 0.13437500200234354
0 0.838281262491364 0.15312500798609108 0.17343750258442014 0.15468750230502337
0 0.5015625074738637 0.28854168171528727 0.19375000288709998 0.18593750277068466
0 0.3203125047730282 0.07187500374857336 0.15937500237487257 0.10468750155996531
0 0.10234375152504072 0.5739583632675931 0.19843750295694917 0.17343750258442014
0 0.5546875082654878 0.8885417130077258 0.14687500218860805 0.1671875024912879
0 0.2500000037252903 0.20625001075677574 0.18125000270083547 0.1625000024214387
0 0.6343750094529241 0.49791669263504446 0.18125000270083547 0.1625000024214387
0 0.8125000121071935 0.5708333631046116 0.18125000270083547 0.1625000024214387
0 0.3515625052386895 0.9291667151264846 0.2062500030733645 0.10000000149011612
0 0.06640625098953024 0.8447917107259855 0.12968750193249434 0.15156250225845724
1 0.3929687558556907 0.6833333689719439 0.3203125047730282 0.29687500442378223
0 0.6789062601164915 0.09166667144745588 0.1671875024912879 0.13437500200234354
0 0.838281262491364 0.15312500798609108 0.17343750258442014 0.15468750230502337
0 0.5015625074738637 0.28854168171528727 0.19375000288709998 0.18593750277068466
0 0.3203125047730282 0.07187500374857336 0.15937500237487257 0.10468750155996531
0 0.10234375152504072 0.5739583632675931 0.19843750295694917 0.17343750258442014
0 0.5546875082654878 0.8885417130077258 0.14687500218860805 0.1671875024912879
0 0.2500000037252903 0.20625001075677574 0.18125000270083547 0.1625000024214387
0 0.6343750094529241 0.49791669263504446 0.18125000270083547 0.1625000024214387
0 0.8125000121071935 0.5708333631046116 0.18125000270083547 0.1625000024214387
0 0.3515625052386895 0.9291667151264846 0.2062500030733645 0.10000000149011612
0 0.06640625098953024 0.8447917107259855 0.12968750193249434 0.15156250225845724
1 0.3929687558556907 0.6833333689719439 0.3203125047730282 0.29687500442378223
0 0.6789062601164915 0.09166667144745588 0.1671875024912879 0.13437500200234354
0 0.838281262491364 0.15312500798609108 0.17343750258442014 0.15468750230502337
0 0.5015625074738637 0.28854168171528727 0.19375000288709998 0.18593750277068466
0 0.3203125047730282 0.07187500374857336 0.15937500237487257 0.10468750155996531
0 0.10234375152504072 0.5739583632675931 0.19843750295694917 0.17343750258442014
0 0.5546875082654878 0.8885417130077258 0.14687500218860805 0.1671875024912879
0 0.2500000037252903 0.20625001075677574 0.18125000270083547 0.1625000024214387
0 0.6343750094529241 0.49791669263504446 0.18125000270083547 0.1625000024214387
0 0.8125000121071935 0.5708333631046116 0.18125000270083547 0.1625000024214387
0 0.3515625052386895 0.9291667151264846 0.2062500030733645 0.10000000149011612
0 0.06640625098953024 0.8447917107259855 0.12968750193249434 0.15156250225845724
1 0.3929687558556907 0.6833333689719439 0.3203125047730282 0.29687500442378223
0 0.6789062601164915 0.09166667144745588 0.1671875024912879 0.13437500200234354
0 0.838281262491364 0.15312500798609108 0.17343750258442014 0.15468750230502337
0 0.5015625074738637 0.28854168171528727 0.19375000288709998 0.18593750277068466
0 0.3203125047730282 0.07187500374857336 0.15937500237487257 0.10468750155996531
0 0.10234375152504072 0.5739583632675931 0.19843750295694917 0.17343750258442014
0 0.5546875082654878 0.8885417130077258 0.14687500218860805 0.1671875024912879
0 0.2500000037252903 0.20625001075677574 0.18125000270083547 0.1625000024214387
0 0.6343750094529241 0.49791669263504446 0.18125000270083547 0.1625000024214387
0 0.8125000121071935 0.5708333631046116 0.18125000270083547 0.1625000024214387
0 0.3515625052386895 0.9291667151264846 0.2062500030733645 0.10000000149011612
0 0.06640625098953024 0.8447917107259855 0.12968750193249434 0.15156250225845724
1 0.3929687558556907 0.6833333689719439 0.3203125047730282 0.29687500442378223
0 0.678906261920929 0.09166666865348816 0.16718749701976776 0.13437500596046448
0 0.8382812738418579 0.15312500298023224 0.17343750596046448 0.15468750894069672
0 0.5015625357627869 0.28854167461395264 0.19375000894069672 0.18593750894069672
0 0.3203125 0.07187500596046448 0.15937499701976776 0.10468750447034836
0 0.10234375298023224 0.5739583373069763 0.19843749701976776 0.17343750596046448
0 0.5546875 0.8885416984558105 0.14687500894069672 0.16718749701976776
0 0.25 0.20625001192092896 0.18125000596046448 0.16250000894069672
0 0.6343750357627869 0.49791669845581055 0.18125000596046448 0.16250000894069672
0 0.8125 0.5708333849906921 0.18125000596046448 0.16250000894069672
0 0.3515625 0.9291667342185974 0.20624999701976776 0.10000000149011612
0 0.06640625 0.8447917103767395 0.12968750298023224 0.15156249701976776
1 0.3929687440395355 0.6833333969116211 0.3203125 0.296875
0 0.678906261920929 0.09166666865348816 0.16718749701976776 0.13437500596046448
0 0.8382812738418579 0.15312500298023224 0.17343750596046448 0.15468750894069672
0 0.5015625357627869 0.28854167461395264 0.19375000894069672 0.18593750894069672
0 0.3203125 0.07187500596046448 0.15937499701976776 0.10468750447034836
0 0.10234375298023224 0.5739583373069763 0.19843749701976776 0.17343750596046448
0 0.5546875 0.8885416984558105 0.14687500894069672 0.16718749701976776
0 0.25 0.20625001192092896 0.18125000596046448 0.16250000894069672
0 0.6343750357627869 0.49791669845581055 0.18125000596046448 0.16250000894069672
0 0.8125 0.5708333849906921 0.18125000596046448 0.16250000894069672
0 0.3515625 0.9291667342185974 0.20624999701976776 0.10000000149011612
0 0.06640625 0.8447917103767395 0.12968750298023224 0.15156249701976776
1 0.3929687440395355 0.6833333969116211 0.3203125 0.296875
0 0.678906261920929 0.09166666865348816 0.16718749701976776 0.13437500596046448
0 0.8382812738418579 0.15312500298023224 0.17343750596046448 0.15468750894069672
0 0.5015625357627869 0.28854167461395264 0.19375000894069672 0.18593750894069672
0 0.3203125 0.07187500596046448 0.15937499701976776 0.10468750447034836
0 0.10234375298023224 0.5739583373069763 0.19843749701976776 0.17343750596046448
0 0.5546875 0.8885416984558105 0.14687500894069672 0.16718749701976776
0 0.25 0.20625001192092896 0.18125000596046448 0.16250000894069672
0 0.6343750357627869 0.49791669845581055 0.18125000596046448 0.16250000894069672
0 0.8125 0.5708333849906921 0.18125000596046448 0.16250000894069672
0 0.3515625 0.9291667342185974 0.20624999701976776 0.10000000149011612
0 0.06640625 0.8447917103767395 0.12968750298023224 0.15156249701976776
1 0.3929687440395355 0.6833333969116211 0.3203125 0.296875
0 0.678906261920929 0.09166666865348816 0.16718749701976776 0.13437500596046448
0 0.8382812738418579 0.15312500298023224 0.17343750596046448 0.15468750894069672
0 0.5015625357627869 0.28854167461395264 0.19375000894069672 0.18593750894069672
0 0.3203125 0.07187500596046448 0.15937499701976776 0.10468750447034836
0 0.10234375298023224 0.5739583373069763 0.19843749701976776 0.17343750596046448
0 0.5546875 0.8885416984558105 0.14687500894069672 0.16718749701976776
0 0.25 0.20625001192092896 0.18125000596046448 0.16250000894069672
0 0.6343750357627869 0.49791669845581055 0.18125000596046448 0.16250000894069672
0 0.8125 0.5708333849906921 0.18125000596046448 0.16250000894069672
0 0.3515625 0.9291667342185974 0.20624999701976776 0.10000000149011612
0 0.06640625 0.8447917103767395 0.12968750298023224 0.15156249701976776
1 0.3929687440395355 0.6833333969116211 0.3203125 0.296875
0 0.678906261920929 0.09166666865348816 0.16718749701976776 0.13437500596046448
0 0.8382812738418579 0.15312500298023224 0.17343750596046448 0.15468750894069672
0 0.5015625357627869 0.28854167461395264 0.19375000894069672 0.18593750894069672
0 0.3203125 0.07187500596046448 0.15937499701976776 0.10468750447034836
0 0.10234375298023224 0.5739583373069763 0.19843749701976776 0.17343750596046448
0 0.5546875 0.8885416984558105 0.14687500894069672 0.16718749701976776
0 0.25 0.20625001192092896 0.18125000596046448 0.16250000894069672
0 0.6343750357627869 0.49791669845581055 0.18125000596046448 0.16250000894069672
0 0.8125 0.5708333849906921 0.18125000596046448 0.16250000894069672
0 0.3515625 0.9291667342185974 0.20624999701976776 0.10000000149011612
0 0.06640625 0.8447917103767395 0.12968750298023224 0.15156249701976776
1 0.3929687440395355 0.6833333969116211 0.3203125 0.296875
0 0.678906261920929 0.09166666865348816 0.16718749701976776 0.13437500596046448
0 0.8382812738418579 0.15312500298023224 0.17343750596046448 0.15468750894069672
0 0.5015625357627869 0.28854167461395264 0.19375000894069672 0.18593750894069672
0 0.3203125 0.07187500596046448 0.15937499701976776 0.10468750447034836
0 0.10234375298023224 0.5739583373069763 0.19843749701976776 0.17343750596046448
0 0.5546875 0.8885416984558105 0.14687500894069672 0.16718749701976776
0 0.25 0.20625001192092896 0.18125000596046448 0.16250000894069672
0 0.6343750357627869 0.49791669845581055 0.18125000596046448 0.16250000894069672
0 0.8125 0.5708333849906921 0.18125000596046448 0.16250000894069672
0 0.3515625 0.9291667342185974 0.20624999701976776 0.10000000149011612
0 0.06640625 0.8447917103767395 0.12968750298023224 0.15156249701976776
1 0.3929687440395355 0.6833333969116211 0.3203125 0.296875
0 0.678906261920929 0.09166666865348816 0.16718749701976776 0.13437500596046448
0 0.8382812738418579 0.15312500298023224 0.17343750596046448 0.15468750894069672
0 0.5015625357627869 0.28854167461395264 0.19375000894069672 0.18593750894069672
0 0.3203125 0.07187500596046448 0.15937499701976776 0.10468750447034836
0 0.10234375298023224 0.5739583373069763 0.19843749701976776 0.17343750596046448
0 0.5546875 0.8885416984558105 0.14687500894069672 0.16718749701976776
0 0.25 0.20625001192092896 0.18125000596046448 0.16250000894069672
0 0.6343750357627869 0.49791669845581055 0.18125000596046448 0.16250000894069672
0 0.8125 0.5708333849906921 0.18125000596046448 0.16250000894069672
0 0.3515625 0.9291667342185974 0.20624999701976776 0.10000000149011612
0 0.06640625 0.8447917103767395 0.12968750298023224 0.15156249701976776
1 0.3929687440395355 0.6833333969116211 0.3203125 0.296875
