0 0.6390625095227733 0.33020835055503994 0.15625000232830644 0.1796875026775524
0 0.7054687605123036 0.8625000449828804 0.1796875026775524 0.1531250022817403
0 0.7578125112922862 0.47916669165715575 0.18750000279396772 0.18125000270083547
0 0.8078125120373443 0.6895833692979068 0.18125000270083547 0.12812500190921128
0 0.1648437524563633 0.9062500472646207 0.15156250225845724 0.1406250020954758
0 0.07656250114087015 0.5864583639195189 0.15000000223517418 0.15156250225845724
0 0.07656250114087015 0.3656250190688297 0.15000000223517418 0.15156250225845724
0 0.5203125077532604 0.1604166750330478 0.19375000288709998 0.1750000026077032
0 0.37265625555301085 0.34375001792795956 0.1671875024912879 0.17187500256113708
0 0.21796875324798748 0.2979166822042316 0.1671875024912879 0.17187500256113708
0 0.25859375385334715 0.18333334289491177 0.1671875024912879 0.17187500256113708
0 0.9406250140164047 0.46666669100522995 0.11875000176951289 0.15625000232830644
0 0.22890625341096893 0.5416666949167848 0.14843750221189111 0.15000000223517418
1 0.45312500675208867 0.5927083642454818 0.3468750051688403 0.3453125051455572
0 0.6390625095227733 0.33020835055503994 0.15625000232830644 0.1796875026775524
0 0.7054687605123036 0.8625000449828804 0.1796875026775524 0.1531250022817403
0 0.7578125112922862 0.47916669165715575 0.18750000279396772 0.18125000270083547
0 0.8078125120373443 0.6895833692979068 0.18125000270083547 0.12812500190921128
0 0.1648437524563633 0.9062500472646207 0.15156250225845724 0.1406250020954758
0 0.07656250114087015 0.5864583639195189 0.15000000223517418 0.15156250225845724
0 0.07656250114087015 0.3656250190688297 0.15000000223517418 0.15156250225845724
0 0.5203125077532604 0.1604166750330478 0.19375000288709998 0.1750000026077032
0 0.37265625555301085 0.34375001792795956 0.1671875024912879 0.17187500256113708
0 0.21796875324798748 0.2979166822042316 0.1671875024912879 0.17187500256113708
0 0.25859375385334715 0.18333334289491177 0.1671875024912879 0.17187500256113708
0 0.9406250140164047 0.46666669100522995 0.11875000176951289 0.15625000232830644
0 0.22890625341096893 0.5416666949167848 0.14843750221189111 0.15000000223517418
1 0.45312500675208867 0.5927083642454818 0.3468750051688403 0.3453125051455572
0 0.6390625095227733 0.33020835055503994 0.15625000232830644 0.1796875026775524
0 0.7054687605123036 0.8625000449828804 0.1796875026775524 0.1531250022817403
0 0.7578125112922862 0.47916669165715575 0.18750000279396772 0.18125000270083547
0 0.8078125120373443 0.6895833692979068 0.18125000270083547 0.12812500190921128
0 0.1648437524563633 0.9062500472646207 0.15156250225845724 0.1406250020954758
0 0.07656250114087015 0.5864583639195189 0.15000000223517418 0.15156250225845724
0 0.07656250114087015 0.3656250190688297 0.15000000223517418 0.15156250225845724
0 0.5203125077532604 0.1604166750330478 0.19375000288709998 0.1750000026077032
0 0.37265625555301085 0.34375001792795956 0.1671875024912879 0.17187500256113708
0 0.21796875324798748 0.2979166822042316 0.1671875024912879 0.17187500256113708
0 0.25859375385334715 0.18333334289491177 0.1671875024912879 0.17187500256113708
0 0.9406250140164047 0.46666669100522995 0.11875000176951289 0.15625000232830644
0 0.22890625341096893 0.5416666949167848 0.14843750221189111 0.15000000223517418
1 0.45312500675208867 0.5927083642454818 0.3468750051688403 0.3453125051455572
0 0.6390625095227733 0.33020835055503994 0.15625000232830644 0.1796875026775524
0 0.7054687605123036 0.8625000449828804 0.1796875026775524 0.1531250022817403
0 0.7578125112922862 0.47916669165715575 0.18750000279396772 0.18125000270083547
0 0.8078125120373443 0.6895833692979068 0.18125000270083547 0.12812500190921128
0 0.1648437524563633 0.9062500472646207 0.15156250225845724 0.1406250020954758
0 0.07656250114087015 0.5864583639195189 0.15000000223517418 0.15156250225845724
0 0.07656250114087015 0.3656250190688297 0.15000000223517418 0.15156250225845724
0 0.5203125077532604 0.1604166750330478 0.19375000288709998 0.1750000026077032
0 0.37265625555301085 0.34375001792795956 0.1671875024912879 0.17187500256113708
0 0.21796875324798748 0.2979166822042316 0.1671875024912879 0.17187500256113708
0 0.25859375385334715 0.18333334289491177 0.1671875024912879 0.17187500256113708
0 0.9406250140164047 0.46666669100522995 0.11875000176951289 0.15625000232830644
0 0.22890625341096893 0.5416666949167848 0.14843750221189111 0.15000000223517418
1 0.45312500675208867 0.5927083642454818 0.3468750051688403 0.3453125051455572
0 0.6390625095227733 0.33020835055503994 0.15625000232830644 0.1796875026775524
0 0.7054687605123036 0.8625000449828804 0.1796875026775524 0.1531250022817403
0 0.7578125112922862 0.47916669165715575 0.18750000279396772 0.18125000270083547
0 0.8078125120373443 0.6895833692979068 0.18125000270083547 0.12812500190921128
0 0.1648437524563633 0.9062500472646207 0.15156250225845724 0.1406250020954758
0 0.07656250114087015 0.5864583639195189 0.15000000223517418 0.15156250225845724
0 0.07656250114087015 0.3656250190688297 0.15000000223517418 0.15156250225845724
0 0.5203125077532604 0.1604166750330478 0.19375000288709998 0.1750000026077032
0 0.37265625555301085 0.34375001792795956 0.1671875024912879 0.17187500256113708
0 0.21796875324798748 0.2979166822042316 0.1671875024912879 0.17187500256113708
0 0.25859375385334715 0.18333334289491177 0.1671875024912879 0.17187500256113708
0 0.9406250140164047 0.46666669100522995 0.11875000176951289 0.15625000232830644
0 0.22890625341096893 0.5416666949167848 0.14843750221189111 0.15000000223517418
1 0.45312500675208867 0.5927083642454818 0.3468750051688403 0.3453125051455572
0 0.6390625095227733 0.33020835055503994 0.15625000232830644 0.1796875026775524
0 0.7054687605123036 0.8625000449828804 0.1796875026775524 0.1531250022817403
0 0.7578125112922862 0.47916669165715575 0.18750000279396772 0.18125000270083547
0 0.8078125120373443 0.6895833692979068 0.18125000270083547 0.12812500190921128
0 0.1648437524563633 0.9062500472646207 0.15156250225845724 0.1406250020954758
0 0.07656250114087015 0.5864583639195189 0.15000000223517418 0.15156250225845724
0 0.07656250114087015 0.3656250190688297 0.15000000223517418 0.15156250225845724
0 0.5203125077532604 0.1604166750330478 0.19375000288709998 0.1750000026077032
0 0.37265625555301085 0.34375001792795956 0.1671875024912879 0.17187500256113708
0 0.21796875324798748 0.2979166822042316 0.1671875024912879 0.17187500256113708
0 0.25859375385334715 0.18333334289491177 0.1671875024912879 0.17187500256113708
0 0.9406250140164047 0.46666669100522995 0.11875000176951289 0.15625000232830644
0 0.22890625341096893 0.5416666949167848 0.14843750221189111 0.15000000223517418
1 0.45312500675208867 0.5927083642454818 0.3468750051688403 0.3453125051455572
0 0.6390625095227733 0.33020835055503994 0.15625000232830644 0.1796875026775524
0 0.7054687605123036 0.8625000449828804 0.1796875026775524 0.1531250022817403
0 0.7578125112922862 0.47916669165715575 0.18750000279396772 0.18125000270083547
0 0.8078125120373443 0.6895833692979068 0.18125000270083547 0.12812500190921128
0 0.1648437524563633 0.9062500472646207 0.15156250225845724 0.1406250020954758
0 0.07656250114087015 0.5864583639195189 0.15000000223517418 0.15156250225845724
0 0.07656250114087015 0.3656250190688297 0.15000000223517418 0.15156250225845724
0 0.5203125077532604 0.1604166750330478 0.19375000288709998 0.1750000026077032
0 0.37265625555301085 0.34375001792795956 0.1671875024912879 0.17187500256113708
0 0.21796875324798748 0.2979166822042316 0.1671875024912879 0.17187500256113708
0 0.25859375385334715 0.18333334289491177 0.1671875024912879 0.17187500256113708
0 0.9406250140164047 0.46666669100522995 0.11875000176951289 0.15625000232830644
0 0.22890625341096893 0.5416666949167848 0.14843750221189111 0.15000000223517418
1 0.45312500675208867 0.5927083642454818 0.3468750051688403 0.3453125051455572
0 0.6390625095227733 0.33020835055503994 0.15625000232830644 0.1796875026775524
0 0.7054687605123036 0.8625000449828804 0.1796875026775524 0.1531250022817403
0 0.7578125112922862 0.47916669165715575 0.18750000279396772 0.18125000270083547
0 0.8078125120373443 0.6895833692979068 0.18125000270083547 0.12812500190921128
0 0.1648437524563633 0.9062500472646207 0.15156250225845724 0.1406250020954758
0 0.07656250114087015 0.5864583639195189 0.15000000223517418 0.15156250225845724
0 0.07656250114087015 0.3656250190688297 0.15000000223517418 0.15156250225845724
0 0.5203125077532604 0.1604166750330478 0.19375000288709998 0.1750000026077032
0 0.37265625555301085 0.34375001792795956 0.1671875024912879 0.17187500256113708
0 0.21796875324798748 0.2979166822042316 0.1671875024912879 0.17187500256113708
0 0.25859375385334715 0.18333334289491177 0.1671875024912879 0.17187500256113708
0 0.9406250140164047 0.46666669100522995 0.11875000176951289 0.15625000232830644
0 0.22890625341096893 0.5416666949167848 0.14843750221189111 0.15000000223517418
1 0.45312500675208867 0.5927083642454818 0.3468750051688403 0.3453125051455572
0 0.6390625095227733 0.33020835055503994 0.15625000232830644 0.1796875026775524
0 0.7054687605123036 0.8625000449828804 0.1796875026775524 0.1531250022817403
0 0.7578125112922862 0.47916669165715575 0.18750000279396772 0.18125000270083547
0 0.8078125120373443 0.6895833692979068 0.18125000270083547 0.12812500190921128
0 0.1648437524563633 0.9062500472646207 0.15156250225845724 0.1406250020954758
0 0.07656250114087015 0.5864583639195189 0.15000000223517418 0.15156250225845724
0 0.07656250114087015 0.3656250190688297 0.15000000223517418 0.15156250225845724
0 0.5203125077532604 0.1604166750330478 0.19375000288709998 0.1750000026077032
0 0.37265625555301085 0.34375001792795956 0.1671875024912879 0.17187500256113708
0 0.21796875324798748 0.2979166822042316 0.1671875024912879 0.17187500256113708
0 0.25859375385334715 0.18333334289491177 0.1671875024912879 0.17187500256113708
0 0.9406250140164047 0.46666669100522995 0.11875000176951289 0.15625000232830644
0 0.22890625341096893 0.5416666949167848 0.14843750221189111 0.15000000223517418
1 0.45312500675208867 0.5927083642454818 0.3468750051688403 0.3453125051455572
0 0.6390625095227733 0.33020835055503994 0.15625000232830644 0.1796875026775524
0 0.7054687605123036 0.8625000449828804 0.1796875026775524 0.1531250022817403
0 0.7578125112922862 0.47916669165715575 0.18750000279396772 0.18125000270083547
0 0.8078125120373443 0.6895833692979068 0.18125000270083547 0.12812500190921128
0 0.1648437524563633 0.9062500472646207 0.15156250225845724 0.1406250020954758
0 0.07656250114087015 0.5864583639195189 0.15000000223517418 0.15156250225845724
0 0.07656250114087015 0.3656250190688297 0.15000000223517418 0.15156250225845724
0 0.5203125077532604 0.1604166750330478 0.19375000288709998 0.1750000026077032
0 0.37265625555301085 0.34375001792795956 0.1671875024912879 0.17187500256113708
0 0.21796875324798748 0.2979166822042316 0.1671875024912879 0.17187500256113708
0 0.25859375385334715 0.18333334289491177 0.1671875024912879 0.17187500256113708
0 0.9406250140164047 0.46666669100522995 0.11875000176951289 0.15625000232830644
0 0.22890625341096893 0.5416666949167848 0.14843750221189111 0.15000000223517418
1 0.45312500675208867 0.5927083642454818 0.3468750051688403 0.3453125051455572
0 0.6390625095227733 0.33020835055503994 0.15625000232830644 0.1796875026775524
0 0.7054687605123036 0.8625000449828804 0.1796875026775524 0.1531250022817403
0 0.7578125112922862 0.47916669165715575 0.18750000279396772 0.18125000270083547
0 0.8078125120373443 0.6895833692979068 0.18125000270083547 0.12812500190921128
0 0.1648437524563633 0.9062500472646207 0.15156250225845724 0.1406250020954758
0 0.07656250114087015 0.5864583639195189 0.15000000223517418 0.15156250225845724
0 0.07656250114087015 0.3656250190688297 0.15000000223517418 0.15156250225845724
0 0.5203125077532604 0.1604166750330478 0.19375000288709998 0.1750000026077032
0 0.37265625555301085 0.34375001792795956 0.1671875024912879 0.17187500256113708
0 0.21796875324798748 0.2979166822042316 0.1671875024912879 0.17187500256113708
0 0.25859375385334715 0.18333334289491177 0.1671875024912879 0.17187500256113708
0 0.9406250140164047 0.46666669100522995 0.11875000176951289 0.15625000232830644
0 0.22890625341096893 0.5416666949167848 0.14843750221189111 0.15000000223517418
1 0.45312500675208867 0.5927083642454818 0.3468750051688403 0.3453125051455572
0 0.6390625095227733 0.33020835055503994 0.15625000232830644 0.1796875026775524
0 0.7054687605123036 0.8625000449828804 0.1796875026775524 0.1531250022817403
0 0.7578125112922862 0.47916669165715575 0.18750000279396772 0.18125000270083547
0 0.8078125120373443 0.6895833692979068 0.18125000270083547 0.12812500190921128
0 0.1648437524563633 0.9062500472646207 0.15156250225845724 0.1406250020954758
0 0.07656250114087015 0.5864583639195189 0.15000000223517418 0.15156250225845724
0 0.07656250114087015 0.3656250190688297 0.15000000223517418 0.15156250225845724
0 0.5203125077532604 0.1604166750330478 0.19375000288709998 0.1750000026077032
0 0.37265625555301085 0.34375001792795956 0.1671875024912879 0.17187500256113708
0 0.21796875324798748 0.2979166822042316 0.1671875024912879 0.17187500256113708
0 0.25859375385334715 0.18333334289491177 0.1671875024912879 0.17187500256113708
0 0.9406250140164047 0.46666669100522995 0.11875000176951289 0.15625000232830644
0 0.22890625341096893 0.5416666949167848 0.14843750221189111 0.15000000223517418
1 0.45312500675208867 0.5927083642454818 0.3468750051688403 0.3453125051455572
0 0.6390625095227733 0.33020835055503994 0.15625000232830644 0.1796875026775524
0 0.7054687605123036 0.8625000449828804 0.1796875026775524 0.1531250022817403
0 0.7578125112922862 0.47916669165715575 0.18750000279396772 0.18125000270083547
0 0.8078125120373443 0.6895833692979068 0.18125000270083547 0.12812500190921128
0 0.1648437524563633 0.9062500472646207 0.15156250225845724 0.1406250020954758
0 0.07656250114087015 0.5864583639195189 0.15000000223517418 0.15156250225845724
0 0.07656250114087015 0.3656250190688297 0.15000000223517418 0.15156250225845724
0 0.5203125077532604 0.1604166750330478 0.19375000288709998 0.1750000026077032
0 0.37265625555301085 0.34375001792795956 0.1671875024912879 0.17187500256113708
0 0.21796875324798748 0.2979166822042316 0.1671875024912879 0.17187500256113708
0 0.25859375385334715 0.18333334289491177 0.1671875024912879 0.17187500256113708
0 0.9406250140164047 0.46666669100522995 0.11875000176951289 0.15625000232830644
0 0.22890625341096893 0.5416666949167848 0.14843750221189111 0.15000000223517418
1 0.45312500675208867 0.5927083642454818 0.3468750051688403 0.3453125051455572
0 0.6390625095227733 0.33020835055503994 0.15625000232830644 0.1796875026775524
0 0.7054687605123036 0.8625000449828804 0.1796875026775524 0.1531250022817403
0 0.7578125112922862 0.47916669165715575 0.18750000279396772 0.18125000270083547
0 0.8078125120373443 0.6895833692979068 0.18125000270083547 0.12812500190921128
0 0.1648437524563633 0.9062500472646207 0.15156250225845724 0.1406250020954758
0 0.07656250114087015 0.5864583639195189 0.15000000223517418 0.15156250225845724
0 0.07656250114087015 0.3656250190688297 0.15000000223517418 0.15156250225845724
0 0.5203125077532604 0.1604166750330478 0.19375000288709998 0.1750000026077032
0 0.37265625555301085 0.34375001792795956 0.1671875024912879 0.17187500256113708
0 0.21796875324798748 0.2979166822042316 0.1671875024912879 0.17187500256113708
0 0.25859375385334715 0.18333334289491177 0.1671875024912879 0.17187500256113708
0 0.9406250140164047 0.46666669100522995 0.11875000176951289 0.15625000232830644
0 0.22890625341096893 0.5416666949167848 0.14843750221189111 0.15000000223517418
1 0.45312500675208867 0.5927083642454818 0.3468750051688403 0.3453125051455572
0 0.6390625095227733 0.33020835055503994 0.15625000232830644 0.1796875026775524
0 0.7054687605123036 0.8625000449828804 0.1796875026775524 0.1531250022817403
0 0.7578125112922862 0.47916669165715575 0.18750000279396772 0.18125000270083547
0 0.8078125120373443 0.6895833692979068 0.18125000270083547 0.12812500190921128
0 0.1648437524563633 0.9062500472646207 0.15156250225845724 0.1406250020954758
0 0.07656250114087015 0.5864583639195189 0.15000000223517418 0.15156250225845724
0 0.07656250114087015 0.3656250190688297 0.15000000223517418 0.15156250225845724
0 0.5203125077532604 0.1604166750330478 0.19375000288709998 0.1750000026077032
0 0.37265625555301085 0.34375001792795956 0.1671875024912879 0.17187500256113708
0 0.21796875324798748 0.2979166822042316 0.1671875024912879 0.17187500256113708
0 0.25859375385334715 0.18333334289491177 0.1671875024912879 0.17187500256113708
0 0.9406250140164047 0.46666669100522995 0.11875000176951289 0.15625000232830644
0 0.22890625341096893 0.5416666949167848 0.14843750221189111 0.15000000223517418
1 0.45312500675208867 0.5927083642454818 0.3468750051688403 0.3453125051455572
0 0.6390625238418579 0.33020836114883423 0.15625 0.1796875
0 0.7054687738418579 0.8625000715255737 0.1796875 0.15312500298023224
0 0.7578125 0.4791666865348816 0.1875 0.18125000596046448
0 0.807812511920929 0.6895833611488342 0.18125000596046448 0.12812499701976776
0 0.16484375298023224 0.9062500596046448 0.15156249701976776 0.140625
0 0.07656250149011612 0.5864583849906921 0.15000000596046448 0.15156249701976776
0 0.07656250149011612 0.3656250238418579 0.15000000596046448 0.15156249701976776
0 0.520312488079071 0.16041667759418488 0.19375000894069672 0.17499999701976776
0 0.3726562559604645 0.3437500298023224 0.16718749701976776 0.171875
0 0.21796874701976776 0.2979166805744171 0.16718749701976776 0.171875
0 0.25859376788139343 0.18333333730697632 0.16718749701976776 0.171875
0 0.940625011920929 0.46666669845581055 0.11874999850988388 0.15625
0 0.22890625894069672 0.5416666865348816 0.1484375 0.15000000596046448
1 0.453125 0.5927083492279053 0.34687501192092896 0.3453125059604645
0 0.6390625238418579 0.33020836114883423 0.15625 0.1796875
0 0.7054687738418579 0.8625000715255737 0.1796875 0.15312500298023224
0 0.7578125 0.4791666865348816 0.1875 0.18125000596046448
0 0.807812511920929 0.6895833611488342 0.18125000596046448 0.12812499701976776
0 0.16484375298023224 0.9062500596046448 0.15156249701976776 0.140625
0 0.07656250149011612 0.5864583849906921 0.15000000596046448 0.15156249701976776
0 0.07656250149011612 0.3656250238418579 0.15000000596046448 0.15156249701976776
0 0.520312488079071 0.16041667759418488 0.19375000894069672 0.17499999701976776
0 0.3726562559604645 0.3437500298023224 0.16718749701976776 0.171875
0 0.21796874701976776 0.2979166805744171 0.16718749701976776 0.171875
0 0.25859376788139343 0.18333333730697632 0.16718749701976776 0.171875
0 0.940625011920929 0.46666669845581055 0.11874999850988388 0.15625
0 0.22890625894069672 0.5416666865348816 0.1484375 0.15000000596046448
1 0.453125 0.5927083492279053 0.34687501192092896 0.3453125059604645
0 0.6390625238418579 0.33020836114883423 0.15625 0.1796875
0 0.7054687738418579 0.8625000715255737 0.1796875 0.15312500298023224
0 0.7578125 0.4791666865348816 0.1875 0.18125000596046448
0 0.807812511920929 0.6895833611488342 0.18125000596046448 0.12812499701976776
0 0.16484375298023224 0.9062500596046448 0.15156249701976776 0.140625
0 0.07656250149011612 0.5864583849906921 0.15000000596046448 0.15156249701976776
0 0.07656250149011612 0.3656250238418579 0.15000000596046448 0.15156249701976776
0 0.520312488079071 0.16041667759418488 0.19375000894069672 0.17499999701976776
0 0.3726562559604645 0.3437500298023224 0.16718749701976776 0.171875
0 0.21796874701976776 0.2979166805744171 0.16718749701976776 0.171875
0 0.25859376788139343 0.18333333730697632 0.16718749701976776 0.171875
0 0.940625011920929 0.46666669845581055 0.11874999850988388 0.15625
0 0.22890625894069672 0.5416666865348816 0.1484375 0.15000000596046448
1 0.453125 0.5927083492279053 0.34687501192092896 0.3453125059604645
0 0.6390625238418579 0.33020836114883423 0.15625 0.1796875
0 0.7054687738418579 0.8625000715255737 0.1796875 0.15312500298023224
0 0.7578125 0.4791666865348816 0.1875 0.18125000596046448
0 0.807812511920929 0.6895833611488342 0.18125000596046448 0.12812499701976776
0 0.16484375298023224 0.9062500596046448 0.15156249701976776 0.140625
0 0.07656250149011612 0.5864583849906921 0.15000000596046448 0.15156249701976776
0 0.07656250149011612 0.3656250238418579 0.15000000596046448 0.15156249701976776
0 0.520312488079071 0.16041667759418488 0.19375000894069672 0.17499999701976776
0 0.3726562559604645 0.3437500298023224 0.16718749701976776 0.171875
0 0.21796874701976776 0.2979166805744171 0.16718749701976776 0.171875
0 0.25859376788139343 0.18333333730697632 0.16718749701976776 0.171875
0 0.940625011920929 0.46666669845581055 0.11874999850988388 0.15625
0 0.22890625894069672 0.5416666865348816 0.1484375 0.15000000596046448
1 0.453125 0.5927083492279053 0.34687501192092896 0.3453125059604645
0 0.6390625238418579 0.33020836114883423 0.15625 0.1796875
0 0.7054687738418579 0.8625000715255737 0.1796875 0.15312500298023224
0 0.7578125 0.4791666865348816 0.1875 0.18125000596046448
0 0.807812511920929 0.6895833611488342 0.18125000596046448 0.12812499701976776
0 0.16484375298023224 0.9062500596046448 0.15156249701976776 0.140625
0 0.07656250149011612 0.5864583849906921 0.15000000596046448 0.15156249701976776
0 0.07656250149011612 0.3656250238418579 0.15000000596046448 0.15156249701976776
0 0.520312488079071 0.16041667759418488 0.19375000894069672 0.17499999701976776
0 0.3726562559604645 0.3437500298023224 0.16718749701976776 0.171875
0 0.21796874701976776 0.2979166805744171 0.16718749701976776 0.171875
0 0.25859376788139343 0.18333333730697632 0.16718749701976776 0.171875
0 0.940625011920929 0.46666669845581055 0.11874999850988388 0.15625
0 0.22890625894069672 0.5416666865348816 0.1484375 0.15000000596046448
1 0.453125 0.5927083492279053 0.34687501192092896 0.3453125059604645
0 0.6390625238418579 0.33020836114883423 0.15625 0.1796875
0 0.7054687738418579 0.8625000715255737 0.1796875 0.15312500298023224
0 0.7578125 0.4791666865348816 0.1875 0.18125000596046448
0 0.807812511920929 0.6895833611488342 0.18125000596046448 0.12812499701976776
0 0.16484375298023224 0.9062500596046448 0.15156249701976776 0.140625
0 0.07656250149011612 0.5864583849906921 0.15000000596046448 0.15156249701976776
0 0.07656250149011612 0.3656250238418579 0.15000000596046448 0.15156249701976776
0 0.520312488079071 0.16041667759418488 0.19375000894069672 0.17499999701976776
0 0.3726562559604645 0.3437500298023224 0.16718749701976776 0.171875
0 0.21796874701976776 0.2979166805744171 0.16718749701976776 0.171875
0 0.25859376788139343 0.18333333730697632 0.16718749701976776 0.171875
0 0.940625011920929 0.46666669845581055 0.11874999850988388 0.15625
0 0.22890625894069672 0.5416666865348816 0.1484375 0.15000000596046448
1 0.453125 0.5927083492279053 0.34687501192092896 0.3453125059604645
0 0.6390625238418579 0.33020836114883423 0.15625 0.1796875
0 0.7054687738418579 0.8625000715255737 0.1796875 0.15312500298023224
0 0.7578125 0.4791666865348816 0.1875 0.18125000596046448
0 0.807812511920929 0.6895833611488342 0.18125000596046448 0.12812499701976776
0 0.16484375298023224 0.9062500596046448 0.15156249701976776 0.140625
0 0.07656250149011612 0.5864583849906921 0.15000000596046448 0.15156249701976776
0 0.07656250149011612 0.3656250238418579 0.15000000596046448 0.15156249701976776
0 0.520312488079071 0.16041667759418488 0.19375000894069672 0.17499999701976776
0 0.3726562559604645 0.3437500298023224 0.16718749701976776 0.171875
0 0.21796874701976776 0.2979166805744171 0.16718749701976776 0.171875
0 0.25859376788139343 0.18333333730697632 0.16718749701976776 0.171875
0 0.940625011920929 0.46666669845581055 0.11874999850988388 0.15625
0 0.22890625894069672 0.5416666865348816 0.1484375 0.15000000596046448
1 0.453125 0.5927083492279053 0.34687501192092896 0.3453125059604645
