0 0.12265625182772055 0.7770833738613874 0.18281250272411853 0.1843750027474016
0 0.5335937579511665 0.2531250132014975 0.14843750221189111 0.16093750239815563
0 0.35859375534346327 0.1354166737291962 0.19218750286381692 0.14687500218860805
0 0.6742187600466423 0.210416677640751 0.1671875024912879 0.15000000223517418
0 0.6414062595576979 0.8979167134966701 0.1671875024912879 0.15000000223517418
0 0.6898437602794729 0.54583336180076 0.1671875024912879 0.15000000223517418
0 0.6820312601630576 0.4458333565853536 0.1671875024912879 0.15000000223517418
0 0.8726562630035914 0.2718750141793862 0.17031250253785402 0.2015625030035153
0 0.24218750360887498 0.16875000880099833 0.14687500218860805 0.16562500246800482
0 0.3562500053085387 0.825000043027103 0.14687500218860805 0.16562500246800482
0 0.7695312614669092 0.7541667059995234 0.1796875026775524 0.1625000024214387
1 0.569531258486677 0.6843750356929377 0.05781250086147338 0.048437500721774995
1 0.5031250074971467 0.8062500420492142 0.05625000083819032 0.059375000884756446
1 0.14218750211875886 0.23229167878162116 0.0656250009778887 0.06406250095460564
1 0.27031250402797014 0.506250026402995 0.3562500053085387 0.36250000540167093
0 0.12265625182772055 0.7770833738613874 0.18281250272411853 0.1843750027474016
0 0.5335937579511665 0.2531250132014975 0.14843750221189111 0.16093750239815563
0 0.35859375534346327 0.1354166737291962 0.19218750286381692 0.14687500218860805
0 0.6742187600466423 0.210416677640751 0.1671875024912879 0.15000000223517418
0 0.6414062595576979 0.8979167134966701 0.1671875024912879 0.15000000223517418
0 0.6898437602794729 0.54583336180076 0.1671875024912879 0.15000000223517418
0 0.6820312601630576 0.4458333565853536 0.1671875024912879 0.15000000223517418
0 0.8726562630035914 0.2718750141793862 0.17031250253785402 0.2015625030035153
0 0.24218750360887498 0.16875000880099833 0.14687500218860805 0.16562500246800482
0 0.3562500053085387 0.825000043027103 0.14687500218860805 0.16562500246800482
0 0.7695312614669092 0.7541667059995234 0.1796875026775524 0.1625000024214387
1 0.569531258486677 0.6843750356929377 0.05781250086147338 0.048437500721774995
1 0.5031250074971467 0.8062500420492142 0.05625000083819032 0.059375000884756446
1 0.14218750211875886 0.23229167878162116 0.0656250009778887 0.06406250095460564
1 0.27031250402797014 0.506250026402995 0.3562500053085387 0.36250000540167093
0 0.12265625182772055 0.7770833738613874 0.18281250272411853 0.1843750027474016
0 0.5335937579511665 0.2531250132014975 0.14843750221189111 0.16093750239815563
0 0.35859375534346327 0.1354166737291962 0.19218750286381692 0.14687500218860805
0 0.6742187600466423 0.210416677640751 0.1671875024912879 0.15000000223517418
0 0.6414062595576979 0.8979167134966701 0.1671875024912879 0.15000000223517418
0 0.6898437602794729 0.54583336180076 0.1671875024912879 0.15000000223517418
0 0.6820312601630576 0.4458333565853536 0.1671875024912879 0.15000000223517418
0 0.8726562630035914 0.2718750141793862 0.17031250253785402 0.2015625030035153
0 0.24218750360887498 0.16875000880099833 0.14687500218860805 0.16562500246800482
0 0.3562500053085387 0.825000043027103 0.14687500218860805 0.16562500246800482
0 0.7695312614669092 0.7541667059995234 0.1796875026775524 0.1625000024214387
1 0.569531258486677 0.6843750356929377 0.05781250086147338 0.048437500721774995
1 0.5031250074971467 0.8062500420492142 0.05625000083819032 0.059375000884756446
1 0.14218750211875886 0.23229167878162116 0.0656250009778887 0.06406250095460564
1 0.27031250402797014 0.506250026402995 0.3562500053085387 0.36250000540167093
0 0.12265625182772055 0.7770833738613874 0.18281250272411853 0.1843750027474016
0 0.5335937579511665 0.2531250132014975 0.14843750221189111 0.16093750239815563
0 0.35859375534346327 0.1354166737291962 0.19218750286381692 0.14687500218860805
0 0.6742187600466423 0.210416677640751 0.1671875024912879 0.15000000223517418
0 0.6414062595576979 0.8979167134966701 0.1671875024912879 0.15000000223517418
0 0.6898437602794729 0.54583336180076 0.1671875024912879 0.15000000223517418
0 0.6820312601630576 0.4458333565853536 0.1671875024912879 0.15000000223517418
0 0.8726562630035914 0.2718750141793862 0.17031250253785402 0.2015625030035153
0 0.24218750360887498 0.16875000880099833 0.14687500218860805 0.16562500246800482
0 0.3562500053085387 0.825000043027103 0.14687500218860805 0.16562500246800482
0 0.7695312614669092 0.7541667059995234 0.1796875026775524 0.1625000024214387
1 0.569531258486677 0.6843750356929377 0.05781250086147338 0.048437500721774995
1 0.5031250074971467 0.8062500420492142 0.05625000083819032 0.059375000884756446
1 0.14218750211875886 0.23229167878162116 0.0656250009778887 0.06406250095460564
1 0.27031250402797014 0.506250026402995 0.3562500053085387 0.36250000540167093
0 0.12265625182772055 0.7770833738613874 0.18281250272411853 0.1843750027474016
0 0.5335937579511665 0.2531250132014975 0.14843750221189111 0.16093750239815563
0 0.35859375534346327 0.1354166737291962 0.19218750286381692 0.14687500218860805
0 0.6742187600466423 0.210416677640751 0.1671875024912879 0.15000000223517418
0 0.6414062595576979 0.8979167134966701 0.1671875024912879 0.15000000223517418
0 0.6898437602794729 0.54583336180076 0.1671875024912879 0.15000000223517418
0 0.6820312601630576 0.4458333565853536 0.1671875024912879 0.15000000223517418
0 0.8726562630035914 0.2718750141793862 0.17031250253785402 0.2015625030035153
0 0.24218750360887498 0.16875000880099833 0.14687500218860805 0.16562500246800482
0 0.3562500053085387 0.825000043027103 0.14687500218860805 0.16562500246800482
0 0.7695312614669092 0.7541667059995234 0.1796875026775524 0.1625000024214387
1 0.569531258486677 0.6843750356929377 0.05781250086147338 0.048437500721774995
1 0.5031250074971467 0.8062500420492142 0.05625000083819032 0.059375000884756446
1 0.14218750211875886 0.23229167878162116 0.0656250009778887 0.06406250095460564
1 0.27031250402797014 0.506250026402995 0.3562500053085387 0.36250000540167093
0 0.12265625182772055 0.7770833738613874 0.18281250272411853 0.1843750027474016
0 0.5335937579511665 0.2531250132014975 0.14843750221189111 0.16093750239815563
0 0.35859375534346327 0.1354166737291962 0.19218750286381692 0.14687500218860805
0 0.6742187600466423 0.210416677640751 0.1671875024912879 0.15000000223517418
0 0.6414062595576979 0.8979167134966701 0.1671875024912879 0.15000000223517418
0 0.6898437602794729 0.54583336180076 0.1671875024912879 0.15000000223517418
0 0.6820312601630576 0.4458333565853536 0.1671875024912879 0.15000000223517418
0 0.8726562630035914 0.2718750141793862 0.17031250253785402 0.2015625030035153
0 0.24218750360887498 0.16875000880099833 0.14687500218860805 0.16562500246800482
0 0.3562500053085387 0.825000043027103 0.14687500218860805 0.16562500246800482
0 0.7695312614669092 0.7541667059995234 0.1796875026775524 0.1625000024214387
1 0.569531258486677 0.6843750356929377 0.05781250086147338 0.048437500721774995
1 0.5031250074971467 0.8062500420492142 0.05625000083819032 0.059375000884756446
1 0.14218750211875886 0.23229167878162116 0.0656250009778887 0.06406250095460564
1 0.27031250402797014 0.506250026402995 0.3562500053085387 0.36250000540167093
0 0.12265625182772055 0.7770833738613874 0.18281250272411853 0.1843750027474016
0 0.5335937579511665 0.2531250132014975 0.14843750221189111 0.16093750239815563
0 0.35859375534346327 0.1354166737291962 0.19218750286381692 0.14687500218860805
0 0.6742187600466423 0.210416677640751 0.1671875024912879 0.15000000223517418
0 0.6414062595576979 0.8979167134966701 0.1671875024912879 0.15000000223517418
0 0.6898437602794729 0.54583336180076 0.1671875024912879 0.15000000223517418
0 0.6820312601630576 0.4458333565853536 0.1671875024912879 0.15000000223517418
0 0.8726562630035914 0.2718750141793862 0.17031250253785402 0.2015625030035153
0 0.24218750360887498 0.16875000880099833 0.14687500218860805 0.16562500246800482
0 0.3562500053085387 0.825000043027103 0.14687500218860805 0.16562500246800482
0 0.7695312614669092 0.7541667059995234 0.1796875026775524 0.1625000024214387
1 0.569531258486677 0.6843750356929377 0.05781250086147338 0.048437500721774995
1 0.5031250074971467 0.8062500420492142 0.05625000083819032 0.059375000884756446
1 0.14218750211875886 0.23229167878162116 0.0656250009778887 0.06406250095460564
1 0.27031250402797014 0.506250026402995 0.3562500053085387 0.36250000540167093
0 0.12265625182772055 0.7770833738613874 0.18281250272411853 0.1843750027474016
0 0.5335937579511665 0.2531250132014975 0.14843750221189111 0.16093750239815563
0 0.35859375534346327 0.1354166737291962 0.19218750286381692 0.14687500218860805
0 0.6742187600466423 0.210416677640751 0.1671875024912879 0.15000000223517418
0 0.6414062595576979 0.8979167134966701 0.1671875024912879 0.15000000223517418
0 0.6898437602794729 0.54583336180076 0.1671875024912879 0.15000000223517418
0 0.6820312601630576 0.4458333565853536 0.1671875024912879 0.15000000223517418
0 0.8726562630035914 0.2718750141793862 0.17031250253785402 0.2015625030035153
0 0.24218750360887498 0.16875000880099833 0.14687500218860805 0.16562500246800482
0 0.3562500053085387 0.825000043027103 0.14687500218860805 0.16562500246800482
0 0.7695312614669092 0.7541667059995234 0.1796875026775524 0.1625000024214387
1 0.569531258486677 0.6843750356929377 0.05781250086147338 0.048437500721774995
1 0.5031250074971467 0.8062500420492142 0.05625000083819032 0.059375000884756446
1 0.14218750211875886 0.23229167878162116 0.0656250009778887 0.06406250095460564
1 0.27031250402797014 0.506250026402995 0.3562500053085387 0.36250000540167093
0 0.12265625182772055 0.7770833738613874 0.18281250272411853 0.1843750027474016
0 0.5335937579511665 0.2531250132014975 0.14843750221189111 0.16093750239815563
0 0.35859375534346327 0.1354166737291962 0.19218750286381692 0.14687500218860805
0 0.6742187600466423 0.210416677640751 0.1671875024912879 0.15000000223517418
0 0.6414062595576979 0.8979167134966701 0.1671875024912879 0.15000000223517418
0 0.6898437602794729 0.54583336180076 0.1671875024912879 0.15000000223517418
0 0.6820312601630576 0.4458333565853536 0.1671875024912879 0.15000000223517418
0 0.8726562630035914 0.2718750141793862 0.17031250253785402 0.2015625030035153
0 0.24218750360887498 0.16875000880099833 0.14687500218860805 0.16562500246800482
0 0.3562500053085387 0.825000043027103 0.14687500218860805 0.16562500246800482
0 0.7695312614669092 0.7541667059995234 0.1796875026775524 0.1625000024214387
1 0.569531258486677 0.6843750356929377 0.05781250086147338 0.048437500721774995
1 0.5031250074971467 0.8062500420492142 0.05625000083819032 0.059375000884756446
1 0.14218750211875886 0.23229167878162116 0.0656250009778887 0.06406250095460564
1 0.27031250402797014 0.506250026402995 0.3562500053085387 0.36250000540167093
0 0.12265625182772055 0.7770833738613874 0.18281250272411853 0.1843750027474016
0 0.5335937579511665 0.2531250132014975 0.14843750221189111 0.16093750239815563
0 0.35859375534346327 0.1354166737291962 0.19218750286381692 0.14687500218860805
0 0.6742187600466423 0.210416677640751 0.1671875024912879 0.15000000223517418
0 0.6414062595576979 0.8979167134966701 0.1671875024912879 0.15000000223517418
0 0.6898437602794729 0.54583336180076 0.1671875024912879 0.15000000223517418
0 0.6820312601630576 0.4458333565853536 0.1671875024912879 0.15000000223517418
0 0.8726562630035914 0.2718750141793862 0.17031250253785402 0.2015625030035153
0 0.24218750360887498 0.16875000880099833 0.14687500218860805 0.16562500246800482
0 0.3562500053085387 0.825000043027103 0.14687500218860805 0.16562500246800482
0 0.7695312614669092 0.7541667059995234 0.1796875026775524 0.1625000024214387
1 0.569531258486677 0.6843750356929377 0.05781250086147338 0.048437500721774995
1 0.5031250074971467 0.8062500420492142 0.05625000083819032 0.059375000884756446
1 0.14218750211875886 0.23229167878162116 0.0656250009778887 0.06406250095460564
1 0.27031250402797014 0.506250026402995 0.3562500053085387 0.36250000540167093
0 0.12265625182772055 0.7770833738613874 0.18281250272411853 0.1843750027474016
0 0.5335937579511665 0.2531250132014975 0.14843750221189111 0.16093750239815563
0 0.35859375534346327 0.1354166737291962 0.19218750286381692 0.14687500218860805
0 0.6742187600466423 0.210416677640751 0.1671875024912879 0.15000000223517418
0 0.6414062595576979 0.8979167134966701 0.1671875024912879 0.15000000223517418
0 0.6898437602794729 0.54583336180076 0.1671875024912879 0.15000000223517418
0 0.6820312601630576 0.4458333565853536 0.1671875024912879 0.15000000223517418
0 0.8726562630035914 0.2718750141793862 0.17031250253785402 0.2015625030035153
0 0.24218750360887498 0.16875000880099833 0.14687500218860805 0.16562500246800482
0 0.3562500053085387 0.825000043027103 0.14687500218860805 0.16562500246800482
0 0.7695312614669092 0.7541667059995234 0.1796875026775524 0.1625000024214387
1 0.569531258486677 0.6843750356929377 0.05781250086147338 0.048437500721774995
1 0.5031250074971467 0.8062500420492142 0.05625000083819032 0.059375000884756446
1 0.14218750211875886 0.23229167878162116 0.0656250009778887 0.06406250095460564
1 0.27031250402797014 0.506250026402995 0.3562500053085387 0.36250000540167093
0 0.12265625182772055 0.7770833738613874 0.18281250272411853 0.1843750027474016
0 0.5335937579511665 0.2531250132014975 0.14843750221189111 0.16093750239815563
0 0.35859375534346327 0.1354166737291962 0.19218750286381692 0.14687500218860805
0 0.6742187600466423 0.210416677640751 0.1671875024912879 0.15000000223517418
0 0.6414062595576979 0.8979167134966701 0.1671875024912879 0.15000000223517418
0 0.6898437602794729 0.54583336180076 0.1671875024912879 0.15000000223517418
0 0.6820312601630576 0.4458333565853536 0.1671875024912879 0.15000000223517418
0 0.8726562630035914 0.2718750141793862 0.17031250253785402 0.2015625030035153
0 0.24218750360887498 0.16875000880099833 0.14687500218860805 0.16562500246800482
0 0.3562500053085387 0.825000043027103 0.14687500218860805 0.16562500246800482
0 0.7695312614669092 0.7541667059995234 0.1796875026775524 0.1625000024214387
1 0.569531258486677 0.6843750356929377 0.05781250086147338 0.048437500721774995
1 0.5031250074971467 0.8062500420492142 0.05625000083819032 0.059375000884756446
1 0.14218750211875886 0.23229167878162116 0.0656250009778887 0.06406250095460564
1 0.27031250402797014 0.506250026402995 0.3562500053085387 0.36250000540167093
0 0.12265625182772055 0.7770833738613874 0.18281250272411853 0.1843750027474016
0 0.5335937579511665 0.2531250132014975 0.14843750221189111 0.16093750239815563
0 0.35859375534346327 0.1354166737291962 0.19218750286381692 0.14687500218860805
0 0.6742187600466423 0.210416677640751 0.1671875024912879 0.15000000223517418
0 0.6414062595576979 0.8979167134966701 0.1671875024912879 0.15000000223517418
0 0.6898437602794729 0.54583336180076 0.1671875024912879 0.15000000223517418
0 0.6820312601630576 0.4458333565853536 0.1671875024912879 0.15000000223517418
0 0.8726562630035914 0.2718750141793862 0.17031250253785402 0.2015625030035153
0 0.24218750360887498 0.16875000880099833 0.14687500218860805 0.16562500246800482
0 0.3562500053085387 0.825000043027103 0.14687500218860805 0.16562500246800482
0 0.7695312614669092 0.7541667059995234 0.1796875026775524 0.1625000024214387
1 0.569531258486677 0.6843750356929377 0.05781250086147338 0.048437500721774995
1 0.5031250074971467 0.8062500420492142 0.05625000083819032 0.059375000884756446
1 0.14218750211875886 0.23229167878162116 0.0656250009778887 0.06406250095460564
1 0.27031250402797014 0.506250026402995 0.3562500053085387 0.36250000540167093
0 0.12265625182772055 0.7770833738613874 0.18281250272411853 0.1843750027474016
0 0.5335937579511665 0.2531250132014975 0.14843750221189111 0.16093750239815563
0 0.35859375534346327 0.1354166737291962 0.19218750286381692 0.14687500218860805
0 0.6742187600466423 0.210416677640751 0.1671875024912879 0.15000000223517418
0 0.6414062595576979 0.8979167134966701 0.1671875024912879 0.15000000223517418
0 0.6898437602794729 0.54583336180076 0.1671875024912879 0.15000000223517418
0 0.6820312601630576 0.4458333565853536 0.1671875024912879 0.15000000223517418
0 0.8726562630035914 0.2718750141793862 0.17031250253785402 0.2015625030035153
0 0.24218750360887498 0.16875000880099833 0.14687500218860805 0.16562500246800482
0 0.3562500053085387 0.825000043027103 0.14687500218860805 0.16562500246800482
0 0.7695312614669092 0.7541667059995234 0.1796875026775524 0.1625000024214387
2 0.569531258486677 0.6843750356929377 0.05781250086147338 0.048437500721774995
2 0.5031250074971467 0.8062500420492142 0.05625000083819032 0.059375000884756446
2 0.14218750211875886 0.23229167878162116 0.0656250009778887 0.06406250095460564
1 0.27031250402797014 0.506250026402995 0.3562500053085387 0.36250000540167093
0 0.12265625182772055 0.7770833738613874 0.18281250272411853 0.1843750027474016
0 0.5335937579511665 0.2531250132014975 0.14843750221189111 0.16093750239815563
0 0.35859375534346327 0.1354166737291962 0.19218750286381692 0.14687500218860805
0 0.6742187600466423 0.210416677640751 0.1671875024912879 0.15000000223517418
0 0.6414062595576979 0.8979167134966701 0.1671875024912879 0.15000000223517418
0 0.6898437602794729 0.54583336180076 0.1671875024912879 0.15000000223517418
0 0.6820312601630576 0.4458333565853536 0.1671875024912879 0.15000000223517418
0 0.8726562630035914 0.2718750141793862 0.17031250253785402 0.2015625030035153
0 0.24218750360887498 0.16875000880099833 0.14687500218860805 0.16562500246800482
0 0.3562500053085387 0.825000043027103 0.14687500218860805 0.16562500246800482
0 0.7695312614669092 0.7541667059995234 0.1796875026775524 0.1625000024214387
2 0.569531258486677 0.6843750356929377 0.05781250086147338 0.048437500721774995
2 0.5031250074971467 0.8062500420492142 0.05625000083819032 0.059375000884756446
2 0.14218750211875886 0.23229167878162116 0.0656250009778887 0.06406250095460564
1 0.27031250402797014 0.506250026402995 0.3562500053085387 0.36250000540167093
0 0.12265624850988388 0.7770833969116211 0.18281249701976776 0.18437500298023224
0 0.5335937738418579 0.25312501192092896 0.1484375 0.16093750298023224
0 0.35859376192092896 0.1354166716337204 0.19218750298023224 0.14687500894069672
0 0.6742187738418579 0.21041667461395264 0.16718749701976776 0.15000000596046448
0 0.641406238079071 0.8979167342185974 0.16718749701976776 0.15000000596046448
0 0.6898437738418579 0.5458333492279053 0.16718749701976776 0.15000000596046448
0 0.6820312738418579 0.44583335518836975 0.16718749701976776 0.15000000596046448
0 0.8726562857627869 0.2718750238418579 0.17031250894069672 0.20156250894069672
0 0.2421875 0.16875000298023224 0.14687500894069672 0.16562500596046448
0 0.35625001788139343 0.8250000476837158 0.14687500894069672 0.16562500596046448
0 0.76953125 0.7541667222976685 0.1796875 0.16250000894069672
2 0.569531261920929 0.6843750476837158 0.05781250074505806 0.04843750223517418
2 0.503125011920929 0.8062500357627869 0.05625000223517418 0.05937499925494194
2 0.14218750596046448 0.23229168355464935 0.06562500447034836 0.06406249850988388
1 0.27031251788139343 0.5062500238418579 0.35625001788139343 0.36250001192092896
0 0.12265624850988388 0.7770833969116211 0.18281249701976776 0.18437500298023224
0 0.5335937738418579 0.25312501192092896 0.1484375 0.16093750298023224
0 0.35859376192092896 0.1354166716337204 0.19218750298023224 0.14687500894069672
0 0.6742187738418579 0.21041667461395264 0.16718749701976776 0.15000000596046448
0 0.641406238079071 0.8979167342185974 0.16718749701976776 0.15000000596046448
0 0.6898437738418579 0.5458333492279053 0.16718749701976776 0.15000000596046448
0 0.6820312738418579 0.44583335518836975 0.16718749701976776 0.15000000596046448
0 0.8726562857627869 0.2718750238418579 0.17031250894069672 0.20156250894069672
0 0.2421875 0.16875000298023224 0.14687500894069672 0.16562500596046448
0 0.35625001788139343 0.8250000476837158 0.14687500894069672 0.16562500596046448
0 0.76953125 0.7541667222976685 0.1796875 0.16250000894069672
2 0.569531261920929 0.6843750476837158 0.05781250074505806 0.04843750223517418
2 0.503125011920929 0.8062500357627869 0.05625000223517418 0.05937499925494194
2 0.14218750596046448 0.23229168355464935 0.06562500447034836 0.06406249850988388
1 0.27031251788139343 0.5062500238418579 0.35625001788139343 0.36250001192092896
0 0.12265624850988388 0.7770833969116211 0.18281249701976776 0.18437500298023224
0 0.5335937738418579 0.25312501192092896 0.1484375 0.16093750298023224
0 0.35859376192092896 0.1354166716337204 0.19218750298023224 0.14687500894069672
0 0.6742187738418579 0.21041667461395264 0.16718749701976776 0.15000000596046448
0 0.641406238079071 0.8979167342185974 0.16718749701976776 0.15000000596046448
0 0.6898437738418579 0.5458333492279053 0.16718749701976776 0.15000000596046448
0 0.6820312738418579 0.44583335518836975 0.16718749701976776 0.15000000596046448
0 0.8726562857627869 0.2718750238418579 0.17031250894069672 0.20156250894069672
0 0.2421875 0.16875000298023224 0.14687500894069672 0.16562500596046448
0 0.35625001788139343 0.8250000476837158 0.14687500894069672 0.16562500596046448
0 0.76953125 0.7541667222976685 0.1796875 0.16250000894069672
2 0.569531261920929 0.6843750476837158 0.05781250074505806 0.04843750223517418
2 0.503125011920929 0.8062500357627869 0.05625000223517418 0.05937499925494194
2 0.14218750596046448 0.23229168355464935 0.06562500447034836 0.06406249850988388
1 0.27031251788139343 0.5062500238418579 0.35625001788139343 0.36250001192092896
0 0.12265624850988388 0.7770833969116211 0.18281249701976776 0.18437500298023224
0 0.5335937738418579 0.25312501192092896 0.1484375 0.16093750298023224
0 0.35859376192092896 0.1354166716337204 0.19218750298023224 0.14687500894069672
0 0.6742187738418579 0.21041667461395264 0.16718749701976776 0.15000000596046448
0 0.641406238079071 0.8979167342185974 0.16718749701976776 0.15000000596046448
0 0.6898437738418579 0.5458333492279053 0.16718749701976776 0.15000000596046448
0 0.6820312738418579 0.44583335518836975 0.16718749701976776 0.15000000596046448
0 0.8726562857627869 0.2718750238418579 0.17031250894069672 0.20156250894069672
0 0.2421875 0.16875000298023224 0.14687500894069672 0.16562500596046448
0 0.35625001788139343 0.8250000476837158 0.14687500894069672 0.16562500596046448
0 0.76953125 0.7541667222976685 0.1796875 0.16250000894069672
2 0.569531261920929 0.6843750476837158 0.05781250074505806 0.04843750223517418
2 0.503125011920929 0.8062500357627869 0.05625000223517418 0.05937499925494194
2 0.14218750596046448 0.23229168355464935 0.06562500447034836 0.06406249850988388
1 0.27031251788139343 0.5062500238418579 0.35625001788139343 0.36250001192092896
0 0.12265624850988388 0.7770833969116211 0.18281249701976776 0.18437500298023224
0 0.5335937738418579 0.25312501192092896 0.1484375 0.16093750298023224
0 0.35859376192092896 0.1354166716337204 0.19218750298023224 0.14687500894069672
0 0.6742187738418579 0.21041667461395264 0.16718749701976776 0.15000000596046448
0 0.641406238079071 0.8979167342185974 0.16718749701976776 0.15000000596046448
0 0.6898437738418579 0.5458333492279053 0.16718749701976776 0.15000000596046448
0 0.6820312738418579 0.44583335518836975 0.16718749701976776 0.15000000596046448
0 0.8726562857627869 0.2718750238418579 0.17031250894069672 0.20156250894069672
0 0.2421875 0.16875000298023224 0.14687500894069672 0.16562500596046448
0 0.35625001788139343 0.8250000476837158 0.14687500894069672 0.16562500596046448
0 0.76953125 0.7541667222976685 0.1796875 0.16250000894069672
2 0.569531261920929 0.6843750476837158 0.05781250074505806 0.04843750223517418
2 0.503125011920929 0.8062500357627869 0.05625000223517418 0.05937499925494194
2 0.14218750596046448 0.23229168355464935 0.06562500447034836 0.06406249850988388
1 0.27031251788139343 0.5062500238418579 0.35625001788139343 0.36250001192092896
0 0.12265624850988388 0.7770833969116211 0.18281249701976776 0.18437500298023224
0 0.5335937738418579 0.25312501192092896 0.1484375 0.16093750298023224
0 0.35859376192092896 0.1354166716337204 0.19218750298023224 0.14687500894069672
0 0.6742187738418579 0.21041667461395264 0.16718749701976776 0.15000000596046448
0 0.641406238079071 0.8979167342185974 0.16718749701976776 0.15000000596046448
0 0.6898437738418579 0.5458333492279053 0.16718749701976776 0.15000000596046448
0 0.6820312738418579 0.44583335518836975 0.16718749701976776 0.15000000596046448
0 0.8726562857627869 0.2718750238418579 0.17031250894069672 0.20156250894069672
0 0.2421875 0.16875000298023224 0.14687500894069672 0.16562500596046448
0 0.35625001788139343 0.8250000476837158 0.14687500894069672 0.16562500596046448
0 0.76953125 0.7541667222976685 0.1796875 0.16250000894069672
2 0.569531261920929 0.6843750476837158 0.05781250074505806 0.04843750223517418
2 0.503125011920929 0.8062500357627869 0.05625000223517418 0.05937499925494194
2 0.14218750596046448 0.23229168355464935 0.06562500447034836 0.06406249850988388
1 0.27031251788139343 0.5062500238418579 0.35625001788139343 0.36250001192092896
0 0.12265624850988388 0.7770833969116211 0.18281249701976776 0.18437500298023224
0 0.5335937738418579 0.25312501192092896 0.1484375 0.16093750298023224
0 0.35859376192092896 0.1354166716337204 0.19218750298023224 0.14687500894069672
0 0.6742187738418579 0.21041667461395264 0.16718749701976776 0.15000000596046448
0 0.641406238079071 0.8979167342185974 0.16718749701976776 0.15000000596046448
0 0.6898437738418579 0.5458333492279053 0.16718749701976776 0.15000000596046448
0 0.6820312738418579 0.44583335518836975 0.16718749701976776 0.15000000596046448
0 0.8726562857627869 0.2718750238418579 0.17031250894069672 0.20156250894069672
0 0.2421875 0.16875000298023224 0.14687500894069672 0.16562500596046448
0 0.35625001788139343 0.8250000476837158 0.14687500894069672 0.16562500596046448
0 0.76953125 0.7541667222976685 0.1796875 0.16250000894069672
2 0.569531261920929 0.6843750476837158 0.05781250074505806 0.04843750223517418
2 0.503125011920929 0.8062500357627869 0.05625000223517418 0.05937499925494194
2 0.14218750596046448 0.23229168355464935 0.06562500447034836 0.06406249850988388
1 0.27031251788139343 0.5062500238418579 0.35625001788139343 0.36250001192092896
