0 0.7562500112690032 0.1489583411021158 0.14687500218860805 0.13281250197906047
0 0.5179687577183358 0.221875011571683 0.16406250244472176 0.15156250225845724
0 0.2890625043073669 0.28645834827329963 0.1625000024214387 0.12968750193249434
0 0.09765625145519152 0.26979168073739856 0.12343750183936208 0.19531250291038305
0 0.8523437627009116 0.4395833562593907 0.1796875026775524 0.20000000298023224
0 0.5367187579977326 0.43020835577044636 0.16406250244472176 0.15156250225845724
0 0.4250000063329935 0.4385416895383969 0.14375000214204192 0.15156250225845724
0 0.5054687575320713 0.767708373372443 0.16406250244472176 0.15156250225845724
0 0.5882812587660737 0.6416667001321912 0.1796875026775524 0.15625000232830644
0 0.691406260302756 0.5479166952427477 0.1796875026775524 0.15625000232830644
0 0.8726562630035914 0.7312500381376594 0.1796875026775524 0.15625000232830644
0 0.25859375385334715 0.4572916905162856 0.15156250225845724 0.14218750211875886
0 0.18984375282889232 0.47812502493616194 0.15156250225845724 0.14218750211875886
0 0.255468753806781 0.6677083681570366 0.18281250272411853 0.14843750221189111
0 0.3835937557159923 0.8656250451458618 0.18281250272411853 0.14843750221189111
0 0.36093750537838787 0.10104167193640023 0.22500000335276127 0.14843750221189111
0 0.7250000108033419 0.7427083720685914 0.14687500218860805 0.13281250197906047
0 0.704687510500662 0.8489583776099607 0.14687500218860805 0.13281250197906047
1 0.18828125280560926 0.9000000469386578 0.3078125045867637 0.15000000223517418
0 0.7562500112690032 0.1489583411021158 0.14687500218860805 0.13281250197906047
0 0.5179687577183358 0.221875011571683 0.16406250244472176 0.15156250225845724
0 0.2890625043073669 0.28645834827329963 0.1625000024214387 0.12968750193249434
0 0.09765625145519152 0.26979168073739856 0.12343750183936208 0.19531250291038305
0 0.8523437627009116 0.4395833562593907 0.1796875026775524 0.20000000298023224
0 0.5367187579977326 0.43020835577044636 0.16406250244472176 0.15156250225845724
0 0.4250000063329935 0.4385416895383969 0.14375000214204192 0.15156250225845724
0 0.5054687575320713 0.767708373372443 0.16406250244472176 0.15156250225845724
0 0.5882812587660737 0.6416667001321912 0.1796875026775524 0.15625000232830644
0 0.691406260302756 0.5479166952427477 0.1796875026775524 0.15625000232830644
0 0.8726562630035914 0.7312500381376594 0.1796875026775524 0.15625000232830644
0 0.25859375385334715 0.4572916905162856 0.15156250225845724 0.14218750211875886
0 0.18984375282889232 0.47812502493616194 0.15156250225845724 0.14218750211875886
0 0.255468753806781 0.6677083681570366 0.18281250272411853 0.14843750221189111
0 0.3835937557159923 0.8656250451458618 0.18281250272411853 0.14843750221189111
0 0.36093750537838787 0.10104167193640023 0.22500000335276127 0.14843750221189111
0 0.7250000108033419 0.7427083720685914 0.14687500218860805 0.13281250197906047
0 0.704687510500662 0.8489583776099607 0.14687500218860805 0.13281250197906047
1 0.18828125280560926 0.9000000469386578 0.3078125045867637 0.15000000223517418
0 0.7562500112690032 0.1489583411021158 0.14687500218860805 0.13281250197906047
0 0.5179687577183358 0.221875011571683 0.16406250244472176 0.15156250225845724
0 0.2890625043073669 0.28645834827329963 0.1625000024214387 0.12968750193249434
0 0.09765625145519152 0.26979168073739856 0.12343750183936208 0.19531250291038305
0 0.8523437627009116 0.4395833562593907 0.1796875026775524 0.20000000298023224
0 0.5367187579977326 0.43020835577044636 0.16406250244472176 0.15156250225845724
0 0.4250000063329935 0.4385416895383969 0.14375000214204192 0.15156250225845724
0 0.5054687575320713 0.767708373372443 0.16406250244472176 0.15156250225845724
0 0.5882812587660737 0.6416667001321912 0.1796875026775524 0.15625000232830644
0 0.691406260302756 0.5479166952427477 0.1796875026775524 0.15625000232830644
0 0.8726562630035914 0.7312500381376594 0.1796875026775524 0.15625000232830644
0 0.25859375385334715 0.4572916905162856 0.15156250225845724 0.14218750211875886
0 0.18984375282889232 0.47812502493616194 0.15156250225845724 0.14218750211875886
0 0.255468753806781 0.6677083681570366 0.18281250272411853 0.14843750221189111
0 0.3835937557159923 0.8656250451458618 0.18281250272411853 0.14843750221189111
0 0.36093750537838787 0.10104167193640023 0.22500000335276127 0.14843750221189111
0 0.7250000108033419 0.7427083720685914 0.14687500218860805 0.13281250197906047
0 0.704687510500662 0.8489583776099607 0.14687500218860805 0.13281250197906047
1 0.18828125280560926 0.9000000469386578 0.3078125045867637 0.15000000223517418
0 0.7562500112690032 0.1489583411021158 0.14687500218860805 0.13281250197906047
0 0.5179687577183358 0.221875011571683 0.16406250244472176 0.15156250225845724
0 0.2890625043073669 0.28645834827329963 0.1625000024214387 0.12968750193249434
0 0.09765625145519152 0.26979168073739856 0.12343750183936208 0.19531250291038305
0 0.8523437627009116 0.4395833562593907 0.1796875026775524 0.20000000298023224
0 0.5367187579977326 0.43020835577044636 0.16406250244472176 0.15156250225845724
0 0.4250000063329935 0.4385416895383969 0.14375000214204192 0.15156250225845724
0 0.5054687575320713 0.767708373372443 0.16406250244472176 0.15156250225845724
0 0.5882812587660737 0.6416667001321912 0.1796875026775524 0.15625000232830644
0 0.691406260302756 0.5479166952427477 0.1796875026775524 0.15625000232830644
0 0.8726562630035914 0.7312500381376594 0.1796875026775524 0.15625000232830644
0 0.25859375385334715 0.4572916905162856 0.15156250225845724 0.14218750211875886
0 0.18984375282889232 0.47812502493616194 0.15156250225845724 0.14218750211875886
0 0.255468753806781 0.6677083681570366 0.18281250272411853 0.14843750221189111
0 0.3835937557159923 0.8656250451458618 0.18281250272411853 0.14843750221189111
0 0.36093750537838787 0.10104167193640023 0.22500000335276127 0.14843750221189111
0 0.7250000108033419 0.7427083720685914 0.14687500218860805 0.13281250197906047
0 0.704687510500662 0.8489583776099607 0.14687500218860805 0.13281250197906047
1 0.18828125280560926 0.9000000469386578 0.3078125045867637 0.15000000223517418
0 0.7562500112690032 0.1489583411021158 0.14687500218860805 0.13281250197906047
0 0.5179687577183358 0.221875011571683 0.16406250244472176 0.15156250225845724
0 0.2890625043073669 0.28645834827329963 0.1625000024214387 0.12968750193249434
0 0.09765625145519152 0.26979168073739856 0.12343750183936208 0.19531250291038305
0 0.8523437627009116 0.4395833562593907 0.1796875026775524 0.20000000298023224
0 0.5367187579977326 0.43020835577044636 0.16406250244472176 0.15156250225845724
0 0.4250000063329935 0.4385416895383969 0.14375000214204192 0.15156250225845724
0 0.5054687575320713 0.767708373372443 0.16406250244472176 0.15156250225845724
0 0.5882812587660737 0.6416667001321912 0.1796875026775524 0.15625000232830644
0 0.691406260302756 0.5479166952427477 0.1796875026775524 0.15625000232830644
0 0.8726562630035914 0.7312500381376594 0.1796875026775524 0.15625000232830644
0 0.25859375385334715 0.4572916905162856 0.15156250225845724 0.14218750211875886
0 0.18984375282889232 0.47812502493616194 0.15156250225845724 0.14218750211875886
0 0.255468753806781 0.6677083681570366 0.18281250272411853 0.14843750221189111
0 0.3835937557159923 0.8656250451458618 0.18281250272411853 0.14843750221189111
0 0.36093750537838787 0.10104167193640023 0.22500000335276127 0.14843750221189111
0 0.7250000108033419 0.7427083720685914 0.14687500218860805 0.13281250197906047
0 0.704687510500662 0.8489583776099607 0.14687500218860805 0.13281250197906047
1 0.18828125280560926 0.9000000469386578 0.3078125045867637 0.15000000223517418
0 0.7562500112690032 0.1489583411021158 0.14687500218860805 0.13281250197906047
0 0.5179687577183358 0.221875011571683 0.16406250244472176 0.15156250225845724
0 0.2890625043073669 0.28645834827329963 0.1625000024214387 0.12968750193249434
0 0.09765625145519152 0.26979168073739856 0.12343750183936208 0.19531250291038305
0 0.8523437627009116 0.4395833562593907 0.1796875026775524 0.20000000298023224
0 0.5367187579977326 0.43020835577044636 0.16406250244472176 0.15156250225845724
0 0.4250000063329935 0.4385416895383969 0.14375000214204192 0.15156250225845724
0 0.5054687575320713 0.767708373372443 0.16406250244472176 0.15156250225845724
0 0.5882812587660737 0.6416667001321912 0.1796875026775524 0.15625000232830644
0 0.691406260302756 0.5479166952427477 0.1796875026775524 0.15625000232830644
0 0.8726562630035914 0.7312500381376594 0.1796875026775524 0.15625000232830644
0 0.25859375385334715 0.4572916905162856 0.15156250225845724 0.14218750211875886
0 0.18984375282889232 0.47812502493616194 0.15156250225845724 0.14218750211875886
0 0.255468753806781 0.6677083681570366 0.18281250272411853 0.14843750221189111
0 0.3835937557159923 0.8656250451458618 0.18281250272411853 0.14843750221189111
0 0.36093750537838787 0.10104167193640023 0.22500000335276127 0.14843750221189111
0 0.7250000108033419 0.7427083720685914 0.14687500218860805 0.13281250197906047
0 0.704687510500662 0.8489583776099607 0.14687500218860805 0.13281250197906047
1 0.18828125280560926 0.9000000469386578 0.3078125045867637 0.15000000223517418
0 0.7562500112690032 0.1489583411021158 0.14687500218860805 0.13281250197906047
0 0.5179687577183358 0.221875011571683 0.16406250244472176 0.15156250225845724
0 0.2890625043073669 0.28645834827329963 0.1625000024214387 0.12968750193249434
0 0.09765625145519152 0.26979168073739856 0.12343750183936208 0.19531250291038305
0 0.8523437627009116 0.4395833562593907 0.1796875026775524 0.20000000298023224
0 0.5367187579977326 0.43020835577044636 0.16406250244472176 0.15156250225845724
0 0.4250000063329935 0.4385416895383969 0.14375000214204192 0.15156250225845724
0 0.5054687575320713 0.767708373372443 0.16406250244472176 0.15156250225845724
0 0.5882812587660737 0.6416667001321912 0.1796875026775524 0.15625000232830644
0 0.691406260302756 0.5479166952427477 0.1796875026775524 0.15625000232830644
0 0.8726562630035914 0.7312500381376594 0.1796875026775524 0.15625000232830644
0 0.25859375385334715 0.4572916905162856 0.15156250225845724 0.14218750211875886
0 0.18984375282889232 0.47812502493616194 0.15156250225845724 0.14218750211875886
0 0.255468753806781 0.6677083681570366 0.18281250272411853 0.14843750221189111
0 0.3835937557159923 0.8656250451458618 0.18281250272411853 0.14843750221189111
0 0.36093750537838787 0.10104167193640023 0.22500000335276127 0.14843750221189111
0 0.7250000108033419 0.7427083720685914 0.14687500218860805 0.13281250197906047
0 0.704687510500662 0.8489583776099607 0.14687500218860805 0.13281250197906047
1 0.18828125280560926 0.9000000469386578 0.3078125045867637 0.15000000223517418
0 0.7562500112690032 0.1489583411021158 0.14687500218860805 0.13281250197906047
0 0.5179687577183358 0.221875011571683 0.16406250244472176 0.15156250225845724
0 0.2890625043073669 0.28645834827329963 0.1625000024214387 0.12968750193249434
0 0.09765625145519152 0.26979168073739856 0.12343750183936208 0.19531250291038305
0 0.8523437627009116 0.4395833562593907 0.1796875026775524 0.20000000298023224
0 0.5367187579977326 0.43020835577044636 0.16406250244472176 0.15156250225845724
0 0.4250000063329935 0.4385416895383969 0.14375000214204192 0.15156250225845724
0 0.5054687575320713 0.767708373372443 0.16406250244472176 0.15156250225845724
0 0.5882812587660737 0.6416667001321912 0.1796875026775524 0.15625000232830644
0 0.691406260302756 0.5479166952427477 0.1796875026775524 0.15625000232830644
0 0.8726562630035914 0.7312500381376594 0.1796875026775524 0.15625000232830644
0 0.25859375385334715 0.4572916905162856 0.15156250225845724 0.14218750211875886
0 0.18984375282889232 0.47812502493616194 0.15156250225845724 0.14218750211875886
0 0.255468753806781 0.6677083681570366 0.18281250272411853 0.14843750221189111
0 0.3835937557159923 0.8656250451458618 0.18281250272411853 0.14843750221189111
0 0.36093750537838787 0.10104167193640023 0.22500000335276127 0.14843750221189111
0 0.7250000108033419 0.7427083720685914 0.14687500218860805 0.13281250197906047
0 0.704687510500662 0.8489583776099607 0.14687500218860805 0.13281250197906047
1 0.18828125280560926 0.9000000469386578 0.3078125045867637 0.15000000223517418
0 0.7562500112690032 0.1489583411021158 0.14687500218860805 0.13281250197906047
0 0.5179687577183358 0.221875011571683 0.16406250244472176 0.15156250225845724
0 0.2890625043073669 0.28645834827329963 0.1625000024214387 0.12968750193249434
0 0.09765625145519152 0.26979168073739856 0.12343750183936208 0.19531250291038305
0 0.8523437627009116 0.4395833562593907 0.1796875026775524 0.20000000298023224
0 0.5367187579977326 0.43020835577044636 0.16406250244472176 0.15156250225845724
0 0.4250000063329935 0.4385416895383969 0.14375000214204192 0.15156250225845724
0 0.5054687575320713 0.767708373372443 0.16406250244472176 0.15156250225845724
0 0.5882812587660737 0.6416667001321912 0.1796875026775524 0.15625000232830644
0 0.691406260302756 0.5479166952427477 0.1796875026775524 0.15625000232830644
0 0.8726562630035914 0.7312500381376594 0.1796875026775524 0.15625000232830644
0 0.25859375385334715 0.4572916905162856 0.15156250225845724 0.14218750211875886
0 0.18984375282889232 0.47812502493616194 0.15156250225845724 0.14218750211875886
0 0.255468753806781 0.6677083681570366 0.18281250272411853 0.14843750221189111
0 0.3835937557159923 0.8656250451458618 0.18281250272411853 0.14843750221189111
0 0.36093750537838787 0.10104167193640023 0.22500000335276127 0.14843750221189111
0 0.7250000108033419 0.7427083720685914 0.14687500218860805 0.13281250197906047
0 0.704687510500662 0.8489583776099607 0.14687500218860805 0.13281250197906047
1 0.18828125280560926 0.9000000469386578 0.3078125045867637 0.15000000223517418
0 0.7562500112690032 0.1489583411021158 0.14687500218860805 0.13281250197906047
0 0.5179687577183358 0.221875011571683 0.16406250244472176 0.15156250225845724
0 0.2890625043073669 0.28645834827329963 0.1625000024214387 0.12968750193249434
0 0.09765625145519152 0.26979168073739856 0.12343750183936208 0.19531250291038305
0 0.8523437627009116 0.4395833562593907 0.1796875026775524 0.20000000298023224
0 0.5367187579977326 0.43020835577044636 0.16406250244472176 0.15156250225845724
0 0.4250000063329935 0.4385416895383969 0.14375000214204192 0.15156250225845724
0 0.5054687575320713 0.767708373372443 0.16406250244472176 0.15156250225845724
0 0.5882812587660737 0.6416667001321912 0.1796875026775524 0.15625000232830644
0 0.691406260302756 0.5479166952427477 0.1796875026775524 0.15625000232830644
0 0.8726562630035914 0.7312500381376594 0.1796875026775524 0.15625000232830644
0 0.25859375385334715 0.4572916905162856 0.15156250225845724 0.14218750211875886
0 0.18984375282889232 0.47812502493616194 0.15156250225845724 0.14218750211875886
0 0.255468753806781 0.6677083681570366 0.18281250272411853 0.14843750221189111
0 0.3835937557159923 0.8656250451458618 0.18281250272411853 0.14843750221189111
0 0.36093750537838787 0.10104167193640023 0.22500000335276127 0.14843750221189111
0 0.7250000108033419 0.7427083720685914 0.14687500218860805 0.13281250197906047
0 0.704687510500662 0.8489583776099607 0.14687500218860805 0.13281250197906047
1 0.18828125280560926 0.9000000469386578 0.3078125045867637 0.15000000223517418
0 0.7562500112690032 0.1489583411021158 0.14687500218860805 0.13281250197906047
0 0.5179687577183358 0.221875011571683 0.16406250244472176 0.15156250225845724
0 0.2890625043073669 0.28645834827329963 0.1625000024214387 0.12968750193249434
0 0.09765625145519152 0.26979168073739856 0.12343750183936208 0.19531250291038305
0 0.8523437627009116 0.4395833562593907 0.1796875026775524 0.20000000298023224
0 0.5367187579977326 0.43020835577044636 0.16406250244472176 0.15156250225845724
0 0.4250000063329935 0.4385416895383969 0.14375000214204192 0.15156250225845724
0 0.5054687575320713 0.767708373372443 0.16406250244472176 0.15156250225845724
0 0.5882812587660737 0.6416667001321912 0.1796875026775524 0.15625000232830644
0 0.691406260302756 0.5479166952427477 0.1796875026775524 0.15625000232830644
0 0.8726562630035914 0.7312500381376594 0.1796875026775524 0.15625000232830644
0 0.25859375385334715 0.4572916905162856 0.15156250225845724 0.14218750211875886
0 0.18984375282889232 0.47812502493616194 0.15156250225845724 0.14218750211875886
0 0.255468753806781 0.6677083681570366 0.18281250272411853 0.14843750221189111
0 0.3835937557159923 0.8656250451458618 0.18281250272411853 0.14843750221189111
0 0.36093750537838787 0.10104167193640023 0.22500000335276127 0.14843750221189111
0 0.7250000108033419 0.7427083720685914 0.14687500218860805 0.13281250197906047
0 0.704687510500662 0.8489583776099607 0.14687500218860805 0.13281250197906047
1 0.18828125280560926 0.9000000469386578 0.3078125045867637 0.15000000223517418
0 0.7562500112690032 0.1489583411021158 0.14687500218860805 0.13281250197906047
0 0.5179687577183358 0.221875011571683 0.16406250244472176 0.15156250225845724
0 0.2890625043073669 0.28645834827329963 0.1625000024214387 0.12968750193249434
0 0.09765625145519152 0.26979168073739856 0.12343750183936208 0.19531250291038305
0 0.8523437627009116 0.4395833562593907 0.1796875026775524 0.20000000298023224
0 0.5367187579977326 0.43020835577044636 0.16406250244472176 0.15156250225845724
0 0.4250000063329935 0.4385416895383969 0.14375000214204192 0.15156250225845724
0 0.5054687575320713 0.767708373372443 0.16406250244472176 0.15156250225845724
0 0.5882812587660737 0.6416667001321912 0.1796875026775524 0.15625000232830644
0 0.691406260302756 0.5479166952427477 0.1796875026775524 0.15625000232830644
0 0.8726562630035914 0.7312500381376594 0.1796875026775524 0.15625000232830644
0 0.25859375385334715 0.4572916905162856 0.15156250225845724 0.14218750211875886
0 0.18984375282889232 0.47812502493616194 0.15156250225845724 0.14218750211875886
0 0.255468753806781 0.6677083681570366 0.18281250272411853 0.14843750221189111
0 0.3835937557159923 0.8656250451458618 0.18281250272411853 0.14843750221189111
0 0.36093750537838787 0.10104167193640023 0.22500000335276127 0.14843750221189111
0 0.7250000108033419 0.7427083720685914 0.14687500218860805 0.13281250197906047
0 0.704687510500662 0.8489583776099607 0.14687500218860805 0.13281250197906047
1 0.18828125280560926 0.9000000469386578 0.3078125045867637 0.15000000223517418
0 0.7562500112690032 0.1489583411021158 0.14687500218860805 0.13281250197906047
0 0.5179687577183358 0.221875011571683 0.16406250244472176 0.15156250225845724
0 0.2890625043073669 0.28645834827329963 0.1625000024214387 0.12968750193249434
0 0.09765625145519152 0.26979168073739856 0.12343750183936208 0.19531250291038305
0 0.8523437627009116 0.4395833562593907 0.1796875026775524 0.20000000298023224
0 0.5367187579977326 0.43020835577044636 0.16406250244472176 0.15156250225845724
0 0.4250000063329935 0.4385416895383969 0.14375000214204192 0.15156250225845724
0 0.5054687575320713 0.767708373372443 0.16406250244472176 0.15156250225845724
0 0.5882812587660737 0.6416667001321912 0.1796875026775524 0.15625000232830644
0 0.691406260302756 0.5479166952427477 0.1796875026775524 0.15625000232830644
0 0.8726562630035914 0.7312500381376594 0.1796875026775524 0.15625000232830644
0 0.25859375385334715 0.4572916905162856 0.15156250225845724 0.14218750211875886
0 0.18984375282889232 0.47812502493616194 0.15156250225845724 0.14218750211875886
0 0.255468753806781 0.6677083681570366 0.18281250272411853 0.14843750221189111
0 0.3835937557159923 0.8656250451458618 0.18281250272411853 0.14843750221189111
0 0.36093750537838787 0.10104167193640023 0.22500000335276127 0.14843750221189111
0 0.7250000108033419 0.7427083720685914 0.14687500218860805 0.13281250197906047
0 0.704687510500662 0.8489583776099607 0.14687500218860805 0.13281250197906047
1 0.18828125280560926 0.9000000469386578 0.3078125045867637 0.15000000223517418
0 0.7562500112690032 0.1489583411021158 0.14687500218860805 0.13281250197906047
0 0.5179687577183358 0.221875011571683 0.16406250244472176 0.15156250225845724
0 0.2890625043073669 0.28645834827329963 0.1625000024214387 0.12968750193249434
0 0.09765625145519152 0.26979168073739856 0.12343750183936208 0.19531250291038305
0 0.8523437627009116 0.4395833562593907 0.1796875026775524 0.20000000298023224
0 0.5367187579977326 0.43020835577044636 0.16406250244472176 0.15156250225845724
0 0.4250000063329935 0.4385416895383969 0.14375000214204192 0.15156250225845724
0 0.5054687575320713 0.767708373372443 0.16406250244472176 0.15156250225845724
0 0.5882812587660737 0.6416667001321912 0.1796875026775524 0.15625000232830644
0 0.691406260302756 0.5479166952427477 0.1796875026775524 0.15625000232830644
0 0.8726562630035914 0.7312500381376594 0.1796875026775524 0.15625000232830644
0 0.25859375385334715 0.4572916905162856 0.15156250225845724 0.14218750211875886
0 0.18984375282889232 0.47812502493616194 0.15156250225845724 0.14218750211875886
0 0.255468753806781 0.6677083681570366 0.18281250272411853 0.14843750221189111
0 0.3835937557159923 0.8656250451458618 0.18281250272411853 0.14843750221189111
0 0.36093750537838787 0.10104167193640023 0.22500000335276127 0.14843750221189111
0 0.7250000108033419 0.7427083720685914 0.14687500218860805 0.13281250197906047
0 0.704687510500662 0.8489583776099607 0.14687500218860805 0.13281250197906047
1 0.18828125280560926 0.9000000469386578 0.3078125045867637 0.15000000223517418
0 0.7562500112690032 0.1489583411021158 0.14687500218860805 0.13281250197906047
0 0.5179687577183358 0.221875011571683 0.16406250244472176 0.15156250225845724
0 0.2890625043073669 0.28645834827329963 0.1625000024214387 0.12968750193249434
0 0.09765625145519152 0.26979168073739856 0.12343750183936208 0.19531250291038305
0 0.8523437627009116 0.4395833562593907 0.1796875026775524 0.20000000298023224
0 0.5367187579977326 0.43020835577044636 0.16406250244472176 0.15156250225845724
0 0.4250000063329935 0.4385416895383969 0.14375000214204192 0.15156250225845724
0 0.5054687575320713 0.767708373372443 0.16406250244472176 0.15156250225845724
0 0.5882812587660737 0.6416667001321912 0.1796875026775524 0.15625000232830644
0 0.691406260302756 0.5479166952427477 0.1796875026775524 0.15625000232830644
0 0.8726562630035914 0.7312500381376594 0.1796875026775524 0.15625000232830644
0 0.25859375385334715 0.4572916905162856 0.15156250225845724 0.14218750211875886
0 0.18984375282889232 0.47812502493616194 0.15156250225845724 0.14218750211875886
0 0.255468753806781 0.6677083681570366 0.18281250272411853 0.14843750221189111
0 0.3835937557159923 0.8656250451458618 0.18281250272411853 0.14843750221189111
0 0.36093750537838787 0.10104167193640023 0.22500000335276127 0.14843750221189111
0 0.7250000108033419 0.7427083720685914 0.14687500218860805 0.13281250197906047
0 0.704687510500662 0.8489583776099607 0.14687500218860805 0.13281250197906047
1 0.18828125280560926 0.9000000469386578 0.3078125045867637 0.15000000223517418
0 0.7562500238418579 0.14895834028720856 0.14687500894069672 0.1328125
0 0.5179687738418579 0.22187501192092896 0.1640625 0.15156249701976776
0 0.2890625 0.2864583432674408 0.16250000894069672 0.12968750298023224
0 0.09765625 0.26979169249534607 0.12343750149011612 0.1953125
0 0.852343738079071 0.43958336114883423 0.1796875 0.20000000298023224
0 0.5367187857627869 0.43020835518836975 0.1640625 0.15156249701976776
0 0.42500001192092896 0.4385416805744171 0.14374999701976776 0.15156249701976776
0 0.5054687857627869 0.7677083611488342 0.1640625 0.15156249701976776
0 0.5882812738418579 0.6416667103767395 0.1796875 0.15625
0 0.69140625 0.5479167103767395 0.1796875 0.15625
0 0.8726562857627869 0.7312500476837158 0.1796875 0.15625
0 0.25859376788139343 0.45729169249534607 0.15156249701976776 0.14218750596046448
0 0.18984375894069672 0.47812503576278687 0.15156249701976776 0.14218750596046448
0 0.2554687559604645 0.6677083969116211 0.18281249701976776 0.1484375
0 0.38359376788139343 0.8656250238418579 0.18281249701976776 0.1484375
0 0.3609375059604645 0.10104167461395264 0.22500000894069672 0.1484375
0 0.7250000238418579 0.7427083849906921 0.14687500894069672 0.1328125
0 0.7046875357627869 0.8489583730697632 0.14687500894069672 0.1328125
1 0.18828125298023224 0.9000000357627869 0.30781251192092896 0.15000000596046448
0 0.7562500238418579 0.14895834028720856 0.14687500894069672 0.1328125
0 0.5179687738418579 0.22187501192092896 0.1640625 0.15156249701976776
0 0.2890625 0.2864583432674408 0.16250000894069672 0.12968750298023224
0 0.09765625 0.26979169249534607 0.12343750149011612 0.1953125
0 0.852343738079071 0.43958336114883423 0.1796875 0.20000000298023224
0 0.5367187857627869 0.43020835518836975 0.1640625 0.15156249701976776
0 0.42500001192092896 0.4385416805744171 0.14374999701976776 0.15156249701976776
0 0.5054687857627869 0.7677083611488342 0.1640625 0.15156249701976776
0 0.5882812738418579 0.6416667103767395 0.1796875 0.15625
0 0.69140625 0.5479167103767395 0.1796875 0.15625
0 0.8726562857627869 0.7312500476837158 0.1796875 0.15625
0 0.25859376788139343 0.45729169249534607 0.15156249701976776 0.14218750596046448
0 0.18984375894069672 0.47812503576278687 0.15156249701976776 0.14218750596046448
0 0.2554687559604645 0.6677083969116211 0.18281249701976776 0.1484375
0 0.38359376788139343 0.8656250238418579 0.18281249701976776 0.1484375
0 0.3609375059604645 0.10104167461395264 0.22500000894069672 0.1484375
0 0.7250000238418579 0.7427083849906921 0.14687500894069672 0.1328125
0 0.7046875357627869 0.8489583730697632 0.14687500894069672 0.1328125
1 0.18828125298023224 0.9000000357627869 0.30781251192092896 0.15000000596046448
0 0.7562500238418579 0.14895834028720856 0.14687500894069672 0.1328125
0 0.5179687738418579 0.22187501192092896 0.1640625 0.15156249701976776
0 0.2890625 0.2864583432674408 0.16250000894069672 0.12968750298023224
0 0.09765625 0.26979169249534607 0.12343750149011612 0.1953125
0 0.852343738079071 0.43958336114883423 0.1796875 0.20000000298023224
0 0.5367187857627869 0.43020835518836975 0.1640625 0.15156249701976776
0 0.42500001192092896 0.4385416805744171 0.14374999701976776 0.15156249701976776
0 0.5054687857627869 0.7677083611488342 0.1640625 0.15156249701976776
0 0.5882812738418579 0.6416667103767395 0.1796875 0.15625
0 0.69140625 0.5479167103767395 0.1796875 0.15625
0 0.8726562857627869 0.7312500476837158 0.1796875 0.15625
0 0.25859376788139343 0.45729169249534607 0.15156249701976776 0.14218750596046448
0 0.18984375894069672 0.47812503576278687 0.15156249701976776 0.14218750596046448
0 0.2554687559604645 0.6677083969116211 0.18281249701976776 0.1484375
0 0.38359376788139343 0.8656250238418579 0.18281249701976776 0.1484375
0 0.3609375059604645 0.10104167461395264 0.22500000894069672 0.1484375
0 0.7250000238418579 0.7427083849906921 0.14687500894069672 0.1328125
0 0.7046875357627869 0.8489583730697632 0.14687500894069672 0.1328125
1 0.18828125298023224 0.9000000357627869 0.30781251192092896 0.15000000596046448
0 0.7562500238418579 0.14895834028720856 0.14687500894069672 0.1328125
0 0.5179687738418579 0.22187501192092896 0.1640625 0.15156249701976776
0 0.2890625 0.2864583432674408 0.16250000894069672 0.12968750298023224
0 0.09765625 0.26979169249534607 0.12343750149011612 0.1953125
0 0.852343738079071 0.43958336114883423 0.1796875 0.20000000298023224
0 0.5367187857627869 0.43020835518836975 0.1640625 0.15156249701976776
0 0.42500001192092896 0.4385416805744171 0.14374999701976776 0.15156249701976776
0 0.5054687857627869 0.7677083611488342 0.1640625 0.15156249701976776
0 0.5882812738418579 0.6416667103767395 0.1796875 0.15625
0 0.69140625 0.5479167103767395 0.1796875 0.15625
0 0.8726562857627869 0.7312500476837158 0.1796875 0.15625
0 0.25859376788139343 0.45729169249534607 0.15156249701976776 0.14218750596046448
0 0.18984375894069672 0.47812503576278687 0.15156249701976776 0.14218750596046448
0 0.2554687559604645 0.6677083969116211 0.18281249701976776 0.1484375
0 0.38359376788139343 0.8656250238418579 0.18281249701976776 0.1484375
0 0.3609375059604645 0.10104167461395264 0.22500000894069672 0.1484375
0 0.7250000238418579 0.7427083849906921 0.14687500894069672 0.1328125
0 0.7046875357627869 0.8489583730697632 0.14687500894069672 0.1328125
1 0.18828125298023224 0.9000000357627869 0.30781251192092896 0.15000000596046448
0 0.7562500238418579 0.14895834028720856 0.14687500894069672 0.1328125
0 0.5179687738418579 0.22187501192092896 0.1640625 0.15156249701976776
0 0.2890625 0.2864583432674408 0.16250000894069672 0.12968750298023224
0 0.09765625 0.26979169249534607 0.12343750149011612 0.1953125
0 0.852343738079071 0.43958336114883423 0.1796875 0.20000000298023224
0 0.5367187857627869 0.43020835518836975 0.1640625 0.15156249701976776
0 0.42500001192092896 0.4385416805744171 0.14374999701976776 0.15156249701976776
0 0.5054687857627869 0.7677083611488342 0.1640625 0.15156249701976776
0 0.5882812738418579 0.6416667103767395 0.1796875 0.15625
0 0.69140625 0.5479167103767395 0.1796875 0.15625
0 0.8726562857627869 0.7312500476837158 0.1796875 0.15625
0 0.25859376788139343 0.45729169249534607 0.15156249701976776 0.14218750596046448
0 0.18984375894069672 0.47812503576278687 0.15156249701976776 0.14218750596046448
0 0.2554687559604645 0.6677083969116211 0.18281249701976776 0.1484375
0 0.38359376788139343 0.8656250238418579 0.18281249701976776 0.1484375
0 0.3609375059604645 0.10104167461395264 0.22500000894069672 0.1484375
0 0.7250000238418579 0.7427083849906921 0.14687500894069672 0.1328125
0 0.7046875357627869 0.8489583730697632 0.14687500894069672 0.1328125
1 0.18828125298023224 0.9000000357627869 0.30781251192092896 0.15000000596046448
0 0.7562500238418579 0.14895834028720856 0.14687500894069672 0.1328125
0 0.5179687738418579 0.22187501192092896 0.1640625 0.15156249701976776
0 0.2890625 0.2864583432674408 0.16250000894069672 0.12968750298023224
0 0.09765625 0.26979169249534607 0.12343750149011612 0.1953125
0 0.852343738079071 0.43958336114883423 0.1796875 0.20000000298023224
0 0.5367187857627869 0.43020835518836975 0.1640625 0.15156249701976776
0 0.42500001192092896 0.4385416805744171 0.14374999701976776 0.15156249701976776
0 0.5054687857627869 0.7677083611488342 0.1640625 0.15156249701976776
0 0.5882812738418579 0.6416667103767395 0.1796875 0.15625
0 0.69140625 0.5479167103767395 0.1796875 0.15625
0 0.8726562857627869 0.7312500476837158 0.1796875 0.15625
0 0.25859376788139343 0.45729169249534607 0.15156249701976776 0.14218750596046448
0 0.18984375894069672 0.47812503576278687 0.15156249701976776 0.14218750596046448
0 0.2554687559604645 0.6677083969116211 0.18281249701976776 0.1484375
0 0.38359376788139343 0.8656250238418579 0.18281249701976776 0.1484375
0 0.3609375059604645 0.10104167461395264 0.22500000894069672 0.1484375
0 0.7250000238418579 0.7427083849906921 0.14687500894069672 0.1328125
0 0.7046875357627869 0.8489583730697632 0.14687500894069672 0.1328125
1 0.18828125298023224 0.9000000357627869 0.30781251192092896 0.15000000596046448
0 0.7562500238418579 0.14895834028720856 0.14687500894069672 0.1328125
0 0.5179687738418579 0.22187501192092896 0.1640625 0.15156249701976776
0 0.2890625 0.2864583432674408 0.16250000894069672 0.12968750298023224
0 0.09765625 0.26979169249534607 0.12343750149011612 0.1953125
0 0.852343738079071 0.43958336114883423 0.1796875 0.20000000298023224
0 0.5367187857627869 0.43020835518836975 0.1640625 0.15156249701976776
0 0.42500001192092896 0.4385416805744171 0.14374999701976776 0.15156249701976776
0 0.5054687857627869 0.7677083611488342 0.1640625 0.15156249701976776
0 0.5882812738418579 0.6416667103767395 0.1796875 0.15625
0 0.69140625 0.5479167103767395 0.1796875 0.15625
0 0.8726562857627869 0.7312500476837158 0.1796875 0.15625
0 0.25859376788139343 0.45729169249534607 0.15156249701976776 0.14218750596046448
0 0.18984375894069672 0.47812503576278687 0.15156249701976776 0.14218750596046448
0 0.2554687559604645 0.6677083969116211 0.18281249701976776 0.1484375
0 0.38359376788139343 0.8656250238418579 0.18281249701976776 0.1484375
0 0.3609375059604645 0.10104167461395264 0.22500000894069672 0.1484375
0 0.7250000238418579 0.7427083849906921 0.14687500894069672 0.1328125
0 0.7046875357627869 0.8489583730697632 0.14687500894069672 0.1328125
1 0.18828125298023224 0.9000000357627869 0.30781251192092896 0.15000000596046448
