0 0.3257812548545189 0.728125037974678 0.15468750230502337 0.15468750230502337
0 0.8312500123865902 0.7041667033918202 0.1625000024214387 0.12812500190921128
0 0.28750000428408384 0.4885416921461001 0.16875000251457095 0.16093750239815563
0 0.41875000623986125 0.5416666949167848 0.18125000270083547 0.20000000298023224
0 0.6757812600699253 0.7375000384636223 0.17656250263098627 0.1531250022817403
0 0.29218750435393304 0.20625001075677574 0.15937500237487257 0.13750000204890966
0 0.6578125098021701 0.10208333865739405 0.19375000288709998 0.15000000223517418
1 0.7273437608382665 0.45937502395827323 0.3296875049127266 0.3015625044936314
1 0.826562512316741 0.8968750467756763 0.3468750051688403 0.15156250225845724
0 0.3257812548545189 0.728125037974678 0.15468750230502337 0.15468750230502337
0 0.8312500123865902 0.7041667033918202 0.1625000024214387 0.12812500190921128
0 0.28750000428408384 0.4885416921461001 0.16875000251457095 0.16093750239815563
0 0.41875000623986125 0.5416666949167848 0.18125000270083547 0.20000000298023224
0 0.6757812600699253 0.7375000384636223 0.17656250263098627 0.1531250022817403
0 0.29218750435393304 0.20625001075677574 0.15937500237487257 0.13750000204890966
0 0.6578125098021701 0.10208333865739405 0.19375000288709998 0.15000000223517418
1 0.7273437608382665 0.45937502395827323 0.3296875049127266 0.3015625044936314
1 0.826562512316741 0.8968750467756763 0.3468750051688403 0.15156250225845724
0 0.3257812548545189 0.728125037974678 0.15468750230502337 0.15468750230502337
0 0.8312500123865902 0.7041667033918202 0.1625000024214387 0.12812500190921128
0 0.28750000428408384 0.4885416921461001 0.16875000251457095 0.16093750239815563
0 0.41875000623986125 0.5416666949167848 0.18125000270083547 0.20000000298023224
0 0.6757812600699253 0.7375000384636223 0.17656250263098627 0.1531250022817403
0 0.29218750435393304 0.20625001075677574 0.15937500237487257 0.13750000204890966
0 0.6578125098021701 0.10208333865739405 0.19375000288709998 0.15000000223517418
1 0.7273437608382665 0.45937502395827323 0.3296875049127266 0.3015625044936314
1 0.826562512316741 0.8968750467756763 0.3468750051688403 0.15156250225845724
0 0.3257812548545189 0.728125037974678 0.15468750230502337 0.15468750230502337
0 0.8312500123865902 0.7041667033918202 0.1625000024214387 0.12812500190921128
0 0.28750000428408384 0.4885416921461001 0.16875000251457095 0.16093750239815563
0 0.41875000623986125 0.5416666949167848 0.18125000270083547 0.20000000298023224
0 0.6757812600699253 0.7375000384636223 0.17656250263098627 0.1531250022817403
0 0.29218750435393304 0.20625001075677574 0.15937500237487257 0.13750000204890966
0 0.6578125098021701 0.10208333865739405 0.19375000288709998 0.15000000223517418
1 0.7273437608382665 0.45937502395827323 0.3296875049127266 0.3015625044936314
1 0.826562512316741 0.8968750467756763 0.3468750051688403 0.15156250225845724
0 0.3257812548545189 0.728125037974678 0.15468750230502337 0.15468750230502337
0 0.8312500123865902 0.7041667033918202 0.1625000024214387 0.12812500190921128
0 0.28750000428408384 0.4885416921461001 0.16875000251457095 0.16093750239815563
0 0.41875000623986125 0.5416666949167848 0.18125000270083547 0.20000000298023224
0 0.6757812600699253 0.7375000384636223 0.17656250263098627 0.1531250022817403
0 0.29218750435393304 0.20625001075677574 0.15937500237487257 0.13750000204890966
0 0.6578125098021701 0.10208333865739405 0.19375000288709998 0.15000000223517418
1 0.7273437608382665 0.45937502395827323 0.3296875049127266 0.3015625044936314
1 0.826562512316741 0.8968750467756763 0.3468750051688403 0.15156250225845724
0 0.3257812548545189 0.728125037974678 0.15468750230502337 0.15468750230502337
0 0.8312500123865902 0.7041667033918202 0.1625000024214387 0.12812500190921128
0 0.28750000428408384 0.4885416921461001 0.16875000251457095 0.16093750239815563
0 0.41875000623986125 0.5416666949167848 0.18125000270083547 0.20000000298023224
0 0.6757812600699253 0.7375000384636223 0.17656250263098627 0.1531250022817403
0 0.29218750435393304 0.20625001075677574 0.15937500237487257 0.13750000204890966
0 0.6578125098021701 0.10208333865739405 0.19375000288709998 0.15000000223517418
1 0.7273437608382665 0.45937502395827323 0.3296875049127266 0.3015625044936314
1 0.826562512316741 0.8968750467756763 0.3468750051688403 0.15156250225845724
0 0.3257812548545189 0.728125037974678 0.15468750230502337 0.15468750230502337
0 0.8312500123865902 0.7041667033918202 0.1625000024214387 0.12812500190921128
0 0.28750000428408384 0.4885416921461001 0.16875000251457095 0.16093750239815563
0 0.41875000623986125 0.5416666949167848 0.18125000270083547 0.20000000298023224
0 0.6757812600699253 0.7375000384636223 0.17656250263098627 0.1531250022817403
0 0.29218750435393304 0.20625001075677574 0.15937500237487257 0.13750000204890966
0 0.6578125098021701 0.10208333865739405 0.19375000288709998 0.15000000223517418
1 0.7273437608382665 0.45937502395827323 0.3296875049127266 0.3015625044936314
1 0.826562512316741 0.8968750467756763 0.3468750051688403 0.15156250225845724
0 0.3257812548545189 0.728125037974678 0.15468750230502337 0.15468750230502337
0 0.8312500123865902 0.7041667033918202 0.1625000024214387 0.12812500190921128
0 0.28750000428408384 0.4885416921461001 0.16875000251457095 0.16093750239815563
0 0.41875000623986125 0.5416666949167848 0.18125000270083547 0.20000000298023224
0 0.6757812600699253 0.7375000384636223 0.17656250263098627 0.1531250022817403
0 0.29218750435393304 0.20625001075677574 0.15937500237487257 0.13750000204890966
0 0.6578125098021701 0.10208333865739405 0.19375000288709998 0.15000000223517418
1 0.7273437608382665 0.45937502395827323 0.3296875049127266 0.3015625044936314
1 0.826562512316741 0.8968750467756763 0.3468750051688403 0.15156250225845724
0 0.3257812548545189 0.728125037974678 0.15468750230502337 0.15468750230502337
0 0.8312500123865902 0.7041667033918202 0.1625000024214387 0.12812500190921128
0 0.28750000428408384 0.4885416921461001 0.16875000251457095 0.16093750239815563
0 0.41875000623986125 0.5416666949167848 0.18125000270083547 0.20000000298023224
0 0.6757812600699253 0.7375000384636223 0.17656250263098627 0.1531250022817403
0 0.29218750435393304 0.20625001075677574 0.15937500237487257 0.13750000204890966
0 0.6578125098021701 0.10208333865739405 0.19375000288709998 0.15000000223517418
1 0.7273437608382665 0.45937502395827323 0.3296875049127266 0.3015625044936314
1 0.826562512316741 0.8968750467756763 0.3468750051688403 0.15156250225845724
0 0.3257812548545189 0.728125037974678 0.15468750230502337 0.15468750230502337
0 0.8312500123865902 0.7041667033918202 0.1625000024214387 0.12812500190921128
0 0.28750000428408384 0.4885416921461001 0.16875000251457095 0.16093750239815563
0 0.41875000623986125 0.5416666949167848 0.18125000270083547 0.20000000298023224
0 0.6757812600699253 0.7375000384636223 0.17656250263098627 0.1531250022817403
0 0.29218750435393304 0.20625001075677574 0.15937500237487257 0.13750000204890966
0 0.6578125098021701 0.10208333865739405 0.19375000288709998 0.15000000223517418
1 0.7273437608382665 0.45937502395827323 0.3296875049127266 0.3015625044936314
1 0.826562512316741 0.8968750467756763 0.3468750051688403 0.15156250225845724
0 0.3257812548545189 0.728125037974678 0.15468750230502337 0.15468750230502337
0 0.8312500123865902 0.7041667033918202 0.1625000024214387 0.12812500190921128
0 0.28750000428408384 0.4885416921461001 0.16875000251457095 0.16093750239815563
0 0.41875000623986125 0.5416666949167848 0.18125000270083547 0.20000000298023224
0 0.6757812600699253 0.7375000384636223 0.17656250263098627 0.1531250022817403
0 0.29218750435393304 0.20625001075677574 0.15937500237487257 0.13750000204890966
0 0.6578125098021701 0.10208333865739405 0.19375000288709998 0.15000000223517418
1 0.7273437608382665 0.45937502395827323 0.3296875049127266 0.3015625044936314
1 0.826562512316741 0.8968750467756763 0.3468750051688403 0.15156250225845724
0 0.3257812548545189 0.728125037974678 0.15468750230502337 0.15468750230502337
0 0.8312500123865902 0.7041667033918202 0.1625000024214387 0.12812500190921128
0 0.28750000428408384 0.4885416921461001 0.16875000251457095 0.16093750239815563
0 0.41875000623986125 0.5416666949167848 0.18125000270083547 0.20000000298023224
0 0.6757812600699253 0.7375000384636223 0.17656250263098627 0.1531250022817403
0 0.29218750435393304 0.20625001075677574 0.15937500237487257 0.13750000204890966
0 0.6578125098021701 0.10208333865739405 0.19375000288709998 0.15000000223517418
1 0.7273437608382665 0.45937502395827323 0.3296875049127266 0.3015625044936314
1 0.826562512316741 0.8968750467756763 0.3468750051688403 0.15156250225845724
0 0.3257812548545189 0.728125037974678 0.15468750230502337 0.15468750230502337
0 0.8312500123865902 0.7041667033918202 0.1625000024214387 0.12812500190921128
0 0.28750000428408384 0.4885416921461001 0.16875000251457095 0.16093750239815563
0 0.41875000623986125 0.5416666949167848 0.18125000270083547 0.20000000298023224
0 0.6757812600699253 0.7375000384636223 0.17656250263098627 0.1531250022817403
0 0.29218750435393304 0.20625001075677574 0.15937500237487257 0.13750000204890966
0 0.6578125098021701 0.10208333865739405 0.19375000288709998 0.15000000223517418
1 0.7273437608382665 0.45937502395827323 0.3296875049127266 0.3015625044936314
1 0.826562512316741 0.8968750467756763 0.3468750051688403 0.15156250225845724
0 0.3257812548545189 0.728125037974678 0.15468750230502337 0.15468750230502337
0 0.8312500123865902 0.7041667033918202 0.1625000024214387 0.12812500190921128
0 0.28750000428408384 0.4885416921461001 0.16875000251457095 0.16093750239815563
0 0.41875000623986125 0.5416666949167848 0.18125000270083547 0.20000000298023224
0 0.6757812600699253 0.7375000384636223 0.17656250263098627 0.1531250022817403
0 0.29218750435393304 0.20625001075677574 0.15937500237487257 0.13750000204890966
0 0.6578125098021701 0.10208333865739405 0.19375000288709998 0.15000000223517418
1 0.7273437608382665 0.45937502395827323 0.3296875049127266 0.3015625044936314
1 0.826562512316741 0.8968750467756763 0.3468750051688403 0.15156250225845724
0 0.3257812548545189 0.728125037974678 0.15468750230502337 0.15468750230502337
0 0.8312500123865902 0.7041667033918202 0.1625000024214387 0.12812500190921128
0 0.28750000428408384 0.4885416921461001 0.16875000251457095 0.16093750239815563
0 0.41875000623986125 0.5416666949167848 0.18125000270083547 0.20000000298023224
0 0.6757812600699253 0.7375000384636223 0.17656250263098627 0.1531250022817403
0 0.29218750435393304 0.20625001075677574 0.15937500237487257 0.13750000204890966
0 0.6578125098021701 0.10208333865739405 0.19375000288709998 0.15000000223517418
1 0.7273437608382665 0.45937502395827323 0.3296875049127266 0.3015625044936314
1 0.826562512316741 0.8968750467756763 0.3468750051688403 0.15156250225845724
0 0.3257812559604645 0.7281250357627869 0.15468750894069672 0.15468750894069672
0 0.831250011920929 0.7041667103767395 0.16250000894069672 0.12812499701976776
0 0.2874999940395355 0.48854169249534607 0.16875000298023224 0.16093750298023224
0 0.41875001788139343 0.5416666865348816 0.18125000596046448 0.20000000298023224
0 0.67578125 0.737500011920929 0.17656250298023224 0.15312500298023224
0 0.29218751192092896 0.20625001192092896 0.15937499701976776 0.13750000298023224
0 0.6578125357627869 0.10208334028720856 0.19375000894069672 0.15000000596046448
1 0.727343738079071 0.4593750238418579 0.3296875059604645 0.30156251788139343
1 0.8265625238418579 0.8968750238418579 0.34687501192092896 0.15156249701976776
0 0.3257812559604645 0.7281250357627869 0.15468750894069672 0.15468750894069672
0 0.831250011920929 0.7041667103767395 0.16250000894069672 0.12812499701976776
0 0.2874999940395355 0.48854169249534607 0.16875000298023224 0.16093750298023224
0 0.41875001788139343 0.5416666865348816 0.18125000596046448 0.20000000298023224
0 0.67578125 0.737500011920929 0.17656250298023224 0.15312500298023224
0 0.29218751192092896 0.20625001192092896 0.15937499701976776 0.13750000298023224
0 0.6578125357627869 0.10208334028720856 0.19375000894069672 0.15000000596046448
1 0.727343738079071 0.4593750238418579 0.3296875059604645 0.30156251788139343
1 0.8265625238418579 0.8968750238418579 0.34687501192092896 0.15156249701976776
0 0.3257812559604645 0.7281250357627869 0.15468750894069672 0.15468750894069672
0 0.831250011920929 0.7041667103767395 0.16250000894069672 0.12812499701976776
0 0.2874999940395355 0.48854169249534607 0.16875000298023224 0.16093750298023224
0 0.41875001788139343 0.5416666865348816 0.18125000596046448 0.20000000298023224
0 0.67578125 0.737500011920929 0.17656250298023224 0.15312500298023224
0 0.29218751192092896 0.20625001192092896 0.15937499701976776 0.13750000298023224
0 0.6578125357627869 0.10208334028720856 0.19375000894069672 0.15000000596046448
1 0.727343738079071 0.4593750238418579 0.3296875059604645 0.30156251788139343
1 0.8265625238418579 0.8968750238418579 0.34687501192092896 0.15156249701976776
0 0.3257812559604645 0.7281250357627869 0.15468750894069672 0.15468750894069672
0 0.831250011920929 0.7041667103767395 0.16250000894069672 0.12812499701976776
0 0.2874999940395355 0.48854169249534607 0.16875000298023224 0.16093750298023224
0 0.41875001788139343 0.5416666865348816 0.18125000596046448 0.20000000298023224
0 0.67578125 0.737500011920929 0.17656250298023224 0.15312500298023224
0 0.29218751192092896 0.20625001192092896 0.15937499701976776 0.13750000298023224
0 0.6578125357627869 0.10208334028720856 0.19375000894069672 0.15000000596046448
1 0.727343738079071 0.4593750238418579 0.3296875059604645 0.30156251788139343
1 0.8265625238418579 0.8968750238418579 0.34687501192092896 0.15156249701976776
0 0.3257812559604645 0.7281250357627869 0.15468750894069672 0.15468750894069672
0 0.831250011920929 0.7041667103767395 0.16250000894069672 0.12812499701976776
0 0.2874999940395355 0.48854169249534607 0.16875000298023224 0.16093750298023224
0 0.41875001788139343 0.5416666865348816 0.18125000596046448 0.20000000298023224
0 0.67578125 0.737500011920929 0.17656250298023224 0.15312500298023224
0 0.29218751192092896 0.20625001192092896 0.15937499701976776 0.13750000298023224
0 0.6578125357627869 0.10208334028720856 0.19375000894069672 0.15000000596046448
1 0.727343738079071 0.4593750238418579 0.3296875059604645 0.30156251788139343
1 0.8265625238418579 0.8968750238418579 0.34687501192092896 0.15156249701976776
0 0.3257812559604645 0.7281250357627869 0.15468750894069672 0.15468750894069672
0 0.831250011920929 0.7041667103767395 0.16250000894069672 0.12812499701976776
0 0.2874999940395355 0.48854169249534607 0.16875000298023224 0.16093750298023224
0 0.41875001788139343 0.5416666865348816 0.18125000596046448 0.20000000298023224
0 0.67578125 0.737500011920929 0.17656250298023224 0.15312500298023224
0 0.29218751192092896 0.20625001192092896 0.15937499701976776 0.13750000298023224
0 0.6578125357627869 0.10208334028720856 0.19375000894069672 0.15000000596046448
1 0.727343738079071 0.4593750238418579 0.3296875059604645 0.30156251788139343
1 0.8265625238418579 0.8968750238418579 0.34687501192092896 0.15156249701976776
0 0.3257812559604645 0.7281250357627869 0.15468750894069672 0.15468750894069672
0 0.831250011920929 0.7041667103767395 0.16250000894069672 0.12812499701976776
0 0.2874999940395355 0.48854169249534607 0.16875000298023224 0.16093750298023224
0 0.41875001788139343 0.5416666865348816 0.18125000596046448 0.20000000298023224
0 0.67578125 0.737500011920929 0.17656250298023224 0.15312500298023224
0 0.29218751192092896 0.20625001192092896 0.15937499701976776 0.13750000298023224
0 0.6578125357627869 0.10208334028720856 0.19375000894069672 0.15000000596046448
1 0.727343738079071 0.4593750238418579 0.3296875059604645 0.30156251788139343
1 0.8265625238418579 0.8968750238418579 0.34687501192092896 0.15156249701976776
