0 0.18125000270083547 0.45312502363231033 0.1531250022817403 0.1578125023515895
0 0.3671875054715201 0.23645834566559643 0.1531250022817403 0.1578125023515895
0 0.22890625341096893 0.2833333481103182 0.14843750221189111 0.11875000176951289
0 0.33906250505242497 0.5229166939388961 0.17187500256113708 0.16875000251457095
0 0.4593750068452209 0.39375002053566277 0.20000000298023224 0.17187500256113708
0 0.7593750113155693 0.8583333780989051 0.1750000026077032 0.14375000214204192
0 0.873437513015233 0.9104167141485959 0.15625000232830644 0.13437500200234354
0 0.7523437612107955 0.642708366853185 0.20468750305008143 0.16406250244472176
0 0.8523437627009116 0.3718750193947926 0.1578125023515895 0.16406250244472176
0 0.11953125178115442 0.17604167584795505 0.22031250328291208 0.16406250244472176
0 0.6273437593481503 0.4572916905162856 0.1578125023515895 0.18593750277068466
1 0.36015625536674634 0.8052083753282204 0.3765625056112185 0.2890625043073669
1 0.28046875417931005 0.15208334126509726 0.051562500768341124 0.05000000074505806
0 0.18125000270083547 0.45312502363231033 0.1531250022817403 0.1578125023515895
0 0.3671875054715201 0.23645834566559643 0.1531250022817403 0.1578125023515895
0 0.22890625341096893 0.2833333481103182 0.14843750221189111 0.11875000176951289
0 0.33906250505242497 0.5229166939388961 0.17187500256113708 0.16875000251457095
0 0.4593750068452209 0.39375002053566277 0.20000000298023224 0.17187500256113708
0 0.7593750113155693 0.8583333780989051 0.1750000026077032 0.14375000214204192
0 0.873437513015233 0.9104167141485959 0.15625000232830644 0.13437500200234354
0 0.7523437612107955 0.642708366853185 0.20468750305008143 0.16406250244472176
0 0.8523437627009116 0.3718750193947926 0.1578125023515895 0.16406250244472176
0 0.11953125178115442 0.17604167584795505 0.22031250328291208 0.16406250244472176
0 0.6273437593481503 0.4572916905162856 0.1578125023515895 0.18593750277068466
1 0.36015625536674634 0.8052083753282204 0.3765625056112185 0.2890625043073669
1 0.28046875417931005 0.15208334126509726 0.051562500768341124 0.05000000074505806
0 0.18125000270083547 0.45312502363231033 0.1531250022817403 0.1578125023515895
0 0.3671875054715201 0.23645834566559643 0.1531250022817403 0.1578125023515895
0 0.22890625341096893 0.2833333481103182 0.14843750221189111 0.11875000176951289
0 0.33906250505242497 0.5229166939388961 0.17187500256113708 0.16875000251457095
0 0.4593750068452209 0.39375002053566277 0.20000000298023224 0.17187500256113708
0 0.7593750113155693 0.8583333780989051 0.1750000026077032 0.14375000214204192
0 0.873437513015233 0.9104167141485959 0.15625000232830644 0.13437500200234354
0 0.7523437612107955 0.642708366853185 0.20468750305008143 0.16406250244472176
0 0.8523437627009116 0.3718750193947926 0.1578125023515895 0.16406250244472176
0 0.11953125178115442 0.17604167584795505 0.22031250328291208 0.16406250244472176
0 0.6273437593481503 0.4572916905162856 0.1578125023515895 0.18593750277068466
1 0.36015625536674634 0.8052083753282204 0.3765625056112185 0.2890625043073669
1 0.28046875417931005 0.15208334126509726 0.051562500768341124 0.05000000074505806
0 0.18125000270083547 0.45312502363231033 0.1531250022817403 0.1578125023515895
0 0.3671875054715201 0.23645834566559643 0.1531250022817403 0.1578125023515895
0 0.22890625341096893 0.2833333481103182 0.14843750221189111 0.11875000176951289
0 0.33906250505242497 0.5229166939388961 0.17187500256113708 0.16875000251457095
0 0.4593750068452209 0.39375002053566277 0.20000000298023224 0.17187500256113708
0 0.7593750113155693 0.8583333780989051 0.1750000026077032 0.14375000214204192
0 0.873437513015233 0.9104167141485959 0.15625000232830644 0.13437500200234354
0 0.7523437612107955 0.642708366853185 0.20468750305008143 0.16406250244472176
0 0.8523437627009116 0.3718750193947926 0.1578125023515895 0.16406250244472176
0 0.11953125178115442 0.17604167584795505 0.22031250328291208 0.16406250244472176
0 0.6273437593481503 0.4572916905162856 0.1578125023515895 0.18593750277068466
1 0.36015625536674634 0.8052083753282204 0.3765625056112185 0.2890625043073669
1 0.28046875417931005 0.15208334126509726 0.051562500768341124 0.05000000074505806
0 0.18125000270083547 0.45312502363231033 0.1531250022817403 0.1578125023515895
0 0.3671875054715201 0.23645834566559643 0.1531250022817403 0.1578125023515895
0 0.22890625341096893 0.2833333481103182 0.14843750221189111 0.11875000176951289
0 0.33906250505242497 0.5229166939388961 0.17187500256113708 0.16875000251457095
0 0.4593750068452209 0.39375002053566277 0.20000000298023224 0.17187500256113708
0 0.7593750113155693 0.8583333780989051 0.1750000026077032 0.14375000214204192
0 0.873437513015233 0.9104167141485959 0.15625000232830644 0.13437500200234354
0 0.7523437612107955 0.642708366853185 0.20468750305008143 0.16406250244472176
0 0.8523437627009116 0.3718750193947926 0.1578125023515895 0.16406250244472176
0 0.11953125178115442 0.17604167584795505 0.22031250328291208 0.16406250244472176
0 0.6273437593481503 0.4572916905162856 0.1578125023515895 0.18593750277068466
1 0.36015625536674634 0.8052083753282204 0.3765625056112185 0.2890625043073669
1 0.28046875417931005 0.15208334126509726 0.051562500768341124 0.05000000074505806
0 0.18125000270083547 0.45312502363231033 0.1531250022817403 0.1578125023515895
0 0.3671875054715201 0.23645834566559643 0.1531250022817403 0.1578125023515895
0 0.22890625341096893 0.2833333481103182 0.14843750221189111 0.11875000176951289
0 0.33906250505242497 0.5229166939388961 0.17187500256113708 0.16875000251457095
0 0.4593750068452209 0.39375002053566277 0.20000000298023224 0.17187500256113708
0 0.7593750113155693 0.8583333780989051 0.1750000026077032 0.14375000214204192
0 0.873437513015233 0.9104167141485959 0.15625000232830644 0.13437500200234354
0 0.7523437612107955 0.642708366853185 0.20468750305008143 0.16406250244472176
0 0.8523437627009116 0.3718750193947926 0.1578125023515895 0.16406250244472176
0 0.11953125178115442 0.17604167584795505 0.22031250328291208 0.16406250244472176
0 0.6273437593481503 0.4572916905162856 0.1578125023515895 0.18593750277068466
1 0.36015625536674634 0.8052083753282204 0.3765625056112185 0.2890625043073669
1 0.28046875417931005 0.15208334126509726 0.051562500768341124 0.05000000074505806
0 0.18125000270083547 0.45312502363231033 0.1531250022817403 0.1578125023515895
0 0.3671875054715201 0.23645834566559643 0.1531250022817403 0.1578125023515895
0 0.22890625341096893 0.2833333481103182 0.14843750221189111 0.11875000176951289
0 0.33906250505242497 0.5229166939388961 0.17187500256113708 0.16875000251457095
0 0.4593750068452209 0.39375002053566277 0.20000000298023224 0.17187500256113708
0 0.7593750113155693 0.8583333780989051 0.1750000026077032 0.14375000214204192
0 0.873437513015233 0.9104167141485959 0.15625000232830644 0.13437500200234354
0 0.7523437612107955 0.642708366853185 0.20468750305008143 0.16406250244472176
0 0.8523437627009116 0.3718750193947926 0.1578125023515895 0.16406250244472176
0 0.11953125178115442 0.17604167584795505 0.22031250328291208 0.16406250244472176
0 0.6273437593481503 0.4572916905162856 0.1578125023515895 0.18593750277068466
1 0.36015625536674634 0.8052083753282204 0.3765625056112185 0.2890625043073669
1 0.28046875417931005 0.15208334126509726 0.051562500768341124 0.05000000074505806
0 0.18125000270083547 0.45312502363231033 0.1531250022817403 0.1578125023515895
0 0.3671875054715201 0.23645834566559643 0.1531250022817403 0.1578125023515895
0 0.22890625341096893 0.2833333481103182 0.14843750221189111 0.11875000176951289
0 0.33906250505242497 0.5229166939388961 0.17187500256113708 0.16875000251457095
0 0.4593750068452209 0.39375002053566277 0.20000000298023224 0.17187500256113708
0 0.7593750113155693 0.8583333780989051 0.1750000026077032 0.14375000214204192
0 0.873437513015233 0.9104167141485959 0.15625000232830644 0.13437500200234354
0 0.7523437612107955 0.642708366853185 0.20468750305008143 0.16406250244472176
0 0.8523437627009116 0.3718750193947926 0.1578125023515895 0.16406250244472176
0 0.11953125178115442 0.17604167584795505 0.22031250328291208 0.16406250244472176
0 0.6273437593481503 0.4572916905162856 0.1578125023515895 0.18593750277068466
1 0.36015625536674634 0.8052083753282204 0.3765625056112185 0.2890625043073669
1 0.28046875417931005 0.15208334126509726 0.051562500768341124 0.05000000074505806
0 0.18125000270083547 0.45312502363231033 0.1531250022817403 0.1578125023515895
0 0.3671875054715201 0.23645834566559643 0.1531250022817403 0.1578125023515895
0 0.22890625341096893 0.2833333481103182 0.14843750221189111 0.11875000176951289
0 0.33906250505242497 0.5229166939388961 0.17187500256113708 0.16875000251457095
0 0.4593750068452209 0.39375002053566277 0.20000000298023224 0.17187500256113708
0 0.7593750113155693 0.8583333780989051 0.1750000026077032 0.14375000214204192
0 0.873437513015233 0.9104167141485959 0.15625000232830644 0.13437500200234354
0 0.7523437612107955 0.642708366853185 0.20468750305008143 0.16406250244472176
0 0.8523437627009116 0.3718750193947926 0.1578125023515895 0.16406250244472176
0 0.11953125178115442 0.17604167584795505 0.22031250328291208 0.16406250244472176
0 0.6273437593481503 0.4572916905162856 0.1578125023515895 0.18593750277068466
1 0.36015625536674634 0.8052083753282204 0.3765625056112185 0.2890625043073669
1 0.28046875417931005 0.15208334126509726 0.051562500768341124 0.05000000074505806
0 0.18125000270083547 0.45312502363231033 0.1531250022817403 0.1578125023515895
0 0.3671875054715201 0.23645834566559643 0.1531250022817403 0.1578125023515895
0 0.22890625341096893 0.2833333481103182 0.14843750221189111 0.11875000176951289
0 0.33906250505242497 0.5229166939388961 0.17187500256113708 0.16875000251457095
0 0.4593750068452209 0.39375002053566277 0.20000000298023224 0.17187500256113708
0 0.7593750113155693 0.8583333780989051 0.1750000026077032 0.14375000214204192
0 0.873437513015233 0.9104167141485959 0.15625000232830644 0.13437500200234354
0 0.7523437612107955 0.642708366853185 0.20468750305008143 0.16406250244472176
0 0.8523437627009116 0.3718750193947926 0.1578125023515895 0.16406250244472176
0 0.11953125178115442 0.17604167584795505 0.22031250328291208 0.16406250244472176
0 0.6273437593481503 0.4572916905162856 0.1578125023515895 0.18593750277068466
1 0.36015625536674634 0.8052083753282204 0.3765625056112185 0.2890625043073669
1 0.28046875417931005 0.15208334126509726 0.051562500768341124 0.05000000074505806
0 0.18125000270083547 0.45312502363231033 0.1531250022817403 0.1578125023515895
0 0.3671875054715201 0.23645834566559643 0.1531250022817403 0.1578125023515895
0 0.22890625341096893 0.2833333481103182 0.14843750221189111 0.11875000176951289
0 0.33906250505242497 0.5229166939388961 0.17187500256113708 0.16875000251457095
0 0.4593750068452209 0.39375002053566277 0.20000000298023224 0.17187500256113708
0 0.7593750113155693 0.8583333780989051 0.1750000026077032 0.14375000214204192
0 0.873437513015233 0.9104167141485959 0.15625000232830644 0.13437500200234354
0 0.7523437612107955 0.642708366853185 0.20468750305008143 0.16406250244472176
0 0.8523437627009116 0.3718750193947926 0.1578125023515895 0.16406250244472176
0 0.11953125178115442 0.17604167584795505 0.22031250328291208 0.16406250244472176
0 0.6273437593481503 0.4572916905162856 0.1578125023515895 0.18593750277068466
1 0.36015625536674634 0.8052083753282204 0.3765625056112185 0.2890625043073669
1 0.28046875417931005 0.15208334126509726 0.051562500768341124 0.05000000074505806
0 0.18125000270083547 0.45312502363231033 0.1531250022817403 0.1578125023515895
0 0.3671875054715201 0.23645834566559643 0.1531250022817403 0.1578125023515895
0 0.22890625341096893 0.2833333481103182 0.14843750221189111 0.11875000176951289
0 0.33906250505242497 0.5229166939388961 0.17187500256113708 0.16875000251457095
0 0.4593750068452209 0.39375002053566277 0.20000000298023224 0.17187500256113708
0 0.7593750113155693 0.8583333780989051 0.1750000026077032 0.14375000214204192
0 0.873437513015233 0.9104167141485959 0.15625000232830644 0.13437500200234354
0 0.7523437612107955 0.642708366853185 0.20468750305008143 0.16406250244472176
0 0.8523437627009116 0.3718750193947926 0.1578125023515895 0.16406250244472176
0 0.11953125178115442 0.17604167584795505 0.22031250328291208 0.16406250244472176
0 0.6273437593481503 0.4572916905162856 0.1578125023515895 0.18593750277068466
1 0.36015625536674634 0.8052083753282204 0.3765625056112185 0.2890625043073669
1 0.28046875417931005 0.15208334126509726 0.051562500768341124 0.05000000074505806
0 0.18125000270083547 0.45312502363231033 0.1531250022817403 0.1578125023515895
0 0.3671875054715201 0.23645834566559643 0.1531250022817403 0.1578125023515895
0 0.22890625341096893 0.2833333481103182 0.14843750221189111 0.11875000176951289
0 0.33906250505242497 0.5229166939388961 0.17187500256113708 0.16875000251457095
0 0.4593750068452209 0.39375002053566277 0.20000000298023224 0.17187500256113708
0 0.7593750113155693 0.8583333780989051 0.1750000026077032 0.14375000214204192
0 0.873437513015233 0.9104167141485959 0.15625000232830644 0.13437500200234354
0 0.7523437612107955 0.642708366853185 0.20468750305008143 0.16406250244472176
0 0.8523437627009116 0.3718750193947926 0.1578125023515895 0.16406250244472176
0 0.11953125178115442 0.17604167584795505 0.22031250328291208 0.16406250244472176
0 0.6273437593481503 0.4572916905162856 0.1578125023515895 0.18593750277068466
1 0.36015625536674634 0.8052083753282204 0.3765625056112185 0.2890625043073669
1 0.28046875417931005 0.15208334126509726 0.051562500768341124 0.05000000074505806
0 0.18125000270083547 0.45312502363231033 0.1531250022817403 0.1578125023515895
0 0.3671875054715201 0.23645834566559643 0.1531250022817403 0.1578125023515895
0 0.22890625341096893 0.2833333481103182 0.14843750221189111 0.11875000176951289
0 0.33906250505242497 0.5229166939388961 0.17187500256113708 0.16875000251457095
0 0.4593750068452209 0.39375002053566277 0.20000000298023224 0.17187500256113708
0 0.7593750113155693 0.8583333780989051 0.1750000026077032 0.14375000214204192
0 0.873437513015233 0.9104167141485959 0.15625000232830644 0.13437500200234354
0 0.7523437612107955 0.642708366853185 0.20468750305008143 0.16406250244472176
0 0.8523437627009116 0.3718750193947926 0.1578125023515895 0.16406250244472176
0 0.11953125178115442 0.17604167584795505 0.22031250328291208 0.16406250244472176
0 0.6273437593481503 0.4572916905162856 0.1578125023515895 0.18593750277068466
1 0.36015625536674634 0.8052083753282204 0.3765625056112185 0.2890625043073669
2 0.28046875417931005 0.15208334126509726 0.051562500768341124 0.05000000074505806
0 0.18125000270083547 0.45312502363231033 0.1531250022817403 0.1578125023515895
0 0.3671875054715201 0.23645834566559643 0.1531250022817403 0.1578125023515895
0 0.22890625341096893 0.2833333481103182 0.14843750221189111 0.11875000176951289
0 0.33906250505242497 0.5229166939388961 0.17187500256113708 0.16875000251457095
0 0.4593750068452209 0.39375002053566277 0.20000000298023224 0.17187500256113708
0 0.7593750113155693 0.8583333780989051 0.1750000026077032 0.14375000214204192
0 0.873437513015233 0.9104167141485959 0.15625000232830644 0.13437500200234354
0 0.7523437612107955 0.642708366853185 0.20468750305008143 0.16406250244472176
0 0.8523437627009116 0.3718750193947926 0.1578125023515895 0.16406250244472176
0 0.11953125178115442 0.17604167584795505 0.22031250328291208 0.16406250244472176
0 0.6273437593481503 0.4572916905162856 0.1578125023515895 0.18593750277068466
1 0.36015625536674634 0.8052083753282204 0.3765625056112185 0.2890625043073669
2 0.28046875417931005 0.15208334126509726 0.051562500768341124 0.05000000074505806
0 0.18125000596046448 0.4531250298023224 0.15312500298023224 0.15781250596046448
0 0.3671875 0.23645834624767303 0.15312500298023224 0.15781250596046448
0 0.22890625894069672 0.28333336114883423 0.1484375 0.11874999850988388
0 0.33906251192092896 0.5229166746139526 0.171875 0.16875000298023224
0 0.4593749940395355 0.39375001192092896 0.20000000298023224 0.171875
0 0.7593750357627869 0.8583333492279053 0.17499999701976776 0.14374999701976776
0 0.8734375238418579 0.9104167222976685 0.15625 0.13437500596046448
0 0.7523437738418579 0.6427083611488342 0.20468750596046448 0.1640625
0 0.852343738079071 0.37187501788139343 0.15781250596046448 0.1640625
0 0.11953125149011612 0.17604167759418488 0.22031250596046448 0.1640625
0 0.6273437738418579 0.45729169249534607 0.15781250596046448 0.18593750894069672
1 0.36015626788139343 0.8052083849906921 0.3765625059604645 0.2890625
2 0.28046876192092896 0.15208333730697632 0.05156249925494194 0.05000000074505806
0 0.18125000596046448 0.4531250298023224 0.15312500298023224 0.15781250596046448
0 0.3671875 0.23645834624767303 0.15312500298023224 0.15781250596046448
0 0.22890625894069672 0.28333336114883423 0.1484375 0.11874999850988388
0 0.33906251192092896 0.5229166746139526 0.171875 0.16875000298023224
0 0.4593749940395355 0.39375001192092896 0.20000000298023224 0.171875
0 0.7593750357627869 0.8583333492279053 0.17499999701976776 0.14374999701976776
0 0.8734375238418579 0.9104167222976685 0.15625 0.13437500596046448
0 0.7523437738418579 0.6427083611488342 0.20468750596046448 0.1640625
0 0.852343738079071 0.37187501788139343 0.15781250596046448 0.1640625
0 0.11953125149011612 0.17604167759418488 0.22031250596046448 0.1640625
0 0.6273437738418579 0.45729169249534607 0.15781250596046448 0.18593750894069672
1 0.36015626788139343 0.8052083849906921 0.3765625059604645 0.2890625
2 0.28046876192092896 0.15208333730697632 0.05156249925494194 0.05000000074505806
0 0.18125000596046448 0.4531250298023224 0.15312500298023224 0.15781250596046448
0 0.3671875 0.23645834624767303 0.15312500298023224 0.15781250596046448
0 0.22890625894069672 0.28333336114883423 0.1484375 0.11874999850988388
0 0.33906251192092896 0.5229166746139526 0.171875 0.16875000298023224
0 0.4593749940395355 0.39375001192092896 0.20000000298023224 0.171875
0 0.7593750357627869 0.8583333492279053 0.17499999701976776 0.14374999701976776
0 0.8734375238418579 0.9104167222976685 0.15625 0.13437500596046448
0 0.7523437738418579 0.6427083611488342 0.20468750596046448 0.1640625
0 0.852343738079071 0.37187501788139343 0.15781250596046448 0.1640625
0 0.11953125149011612 0.17604167759418488 0.22031250596046448 0.1640625
0 0.6273437738418579 0.45729169249534607 0.15781250596046448 0.18593750894069672
1 0.36015626788139343 0.8052083849906921 0.3765625059604645 0.2890625
2 0.28046876192092896 0.15208333730697632 0.05156249925494194 0.05000000074505806
0 0.18125000596046448 0.4531250298023224 0.15312500298023224 0.15781250596046448
0 0.3671875 0.23645834624767303 0.15312500298023224 0.15781250596046448
0 0.22890625894069672 0.28333336114883423 0.1484375 0.11874999850988388
0 0.33906251192092896 0.5229166746139526 0.171875 0.16875000298023224
0 0.4593749940395355 0.39375001192092896 0.20000000298023224 0.171875
0 0.7593750357627869 0.8583333492279053 0.17499999701976776 0.14374999701976776
0 0.8734375238418579 0.9104167222976685 0.15625 0.13437500596046448
0 0.7523437738418579 0.6427083611488342 0.20468750596046448 0.1640625
0 0.852343738079071 0.37187501788139343 0.15781250596046448 0.1640625
0 0.11953125149011612 0.17604167759418488 0.22031250596046448 0.1640625
0 0.6273437738418579 0.45729169249534607 0.15781250596046448 0.18593750894069672
1 0.36015626788139343 0.8052083849906921 0.3765625059604645 0.2890625
2 0.28046876192092896 0.15208333730697632 0.05156249925494194 0.05000000074505806
0 0.18125000596046448 0.4531250298023224 0.15312500298023224 0.15781250596046448
0 0.3671875 0.23645834624767303 0.15312500298023224 0.15781250596046448
0 0.22890625894069672 0.28333336114883423 0.1484375 0.11874999850988388
0 0.33906251192092896 0.5229166746139526 0.171875 0.16875000298023224
0 0.4593749940395355 0.39375001192092896 0.20000000298023224 0.171875
0 0.7593750357627869 0.8583333492279053 0.17499999701976776 0.14374999701976776
0 0.8734375238418579 0.9104167222976685 0.15625 0.13437500596046448
0 0.7523437738418579 0.6427083611488342 0.20468750596046448 0.1640625
0 0.852343738079071 0.37187501788139343 0.15781250596046448 0.1640625
0 0.11953125149011612 0.17604167759418488 0.22031250596046448 0.1640625
0 0.6273437738418579 0.45729169249534607 0.15781250596046448 0.18593750894069672
1 0.36015626788139343 0.8052083849906921 0.3765625059604645 0.2890625
2 0.28046876192092896 0.15208333730697632 0.05156249925494194 0.05000000074505806
0 0.18125000596046448 0.4531250298023224 0.15312500298023224 0.15781250596046448
0 0.3671875 0.23645834624767303 0.15312500298023224 0.15781250596046448
0 0.22890625894069672 0.28333336114883423 0.1484375 0.11874999850988388
0 0.33906251192092896 0.5229166746139526 0.171875 0.16875000298023224
0 0.4593749940395355 0.39375001192092896 0.20000000298023224 0.171875
0 0.7593750357627869 0.8583333492279053 0.17499999701976776 0.14374999701976776
0 0.8734375238418579 0.9104167222976685 0.15625 0.13437500596046448
0 0.7523437738418579 0.6427083611488342 0.20468750596046448 0.1640625
0 0.852343738079071 0.37187501788139343 0.15781250596046448 0.1640625
0 0.11953125149011612 0.17604167759418488 0.22031250596046448 0.1640625
0 0.6273437738418579 0.45729169249534607 0.15781250596046448 0.18593750894069672
1 0.36015626788139343 0.8052083849906921 0.3765625059604645 0.2890625
2 0.28046876192092896 0.15208333730697632 0.05156249925494194 0.05000000074505806
0 0.18125000596046448 0.4531250298023224 0.15312500298023224 0.15781250596046448
0 0.3671875 0.23645834624767303 0.15312500298023224 0.15781250596046448
0 0.22890625894069672 0.28333336114883423 0.1484375 0.11874999850988388
0 0.33906251192092896 0.5229166746139526 0.171875 0.16875000298023224
0 0.4593749940395355 0.39375001192092896 0.20000000298023224 0.171875
0 0.7593750357627869 0.8583333492279053 0.17499999701976776 0.14374999701976776
0 0.8734375238418579 0.9104167222976685 0.15625 0.13437500596046448
0 0.7523437738418579 0.6427083611488342 0.20468750596046448 0.1640625
0 0.852343738079071 0.37187501788139343 0.15781250596046448 0.1640625
0 0.11953125149011612 0.17604167759418488 0.22031250596046448 0.1640625
0 0.6273437738418579 0.45729169249534607 0.15781250596046448 0.18593750894069672
1 0.36015626788139343 0.8052083849906921 0.3765625059604645 0.2890625
2 0.28046876192092896 0.15208333730697632 0.05156249925494194 0.05000000074505806
