1 0.3421875050989911 0.5656250294996426 0.059375000884756446 0.0703125010477379
1 0.666406259930227 0.2593750135274604 0.27343750407453626 0.2578125038417056
1 0.3421875050989911 0.5656250294996426 0.059375000884756446 0.0703125010477379
1 0.666406259930227 0.2593750135274604 0.27343750407453626 0.2578125038417056
1 0.3421875050989911 0.5656250294996426 0.059375000884756446 0.0703125010477379
1 0.666406259930227 0.2593750135274604 0.27343750407453626 0.2578125038417056
1 0.3421875050989911 0.5656250294996426 0.059375000884756446 0.0703125010477379
1 0.666406259930227 0.2593750135274604 0.27343750407453626 0.2578125038417056
1 0.3421875050989911 0.5656250294996426 0.059375000884756446 0.0703125010477379
1 0.666406259930227 0.2593750135274604 0.27343750407453626 0.2578125038417056
1 0.3421875050989911 0.5656250294996426 0.059375000884756446 0.0703125010477379
1 0.666406259930227 0.2593750135274604 0.27343750407453626 0.2578125038417056
1 0.3421875050989911 0.5656250294996426 0.059375000884756446 0.0703125010477379
1 0.666406259930227 0.2593750135274604 0.27343750407453626 0.2578125038417056
1 0.3421875050989911 0.5656250294996426 0.059375000884756446 0.0703125010477379
1 0.666406259930227 0.2593750135274604 0.27343750407453626 0.2578125038417056
1 0.3421875050989911 0.5656250294996426 0.059375000884756446 0.0703125010477379
1 0.666406259930227 0.2593750135274604 0.27343750407453626 0.2578125038417056
1 0.3421875050989911 0.5656250294996426 0.059375000884756446 0.0703125010477379
1 0.666406259930227 0.2593750135274604 0.27343750407453626 0.2578125038417056
1 0.3421875050989911 0.5656250294996426 0.059375000884756446 0.0703125010477379
1 0.666406259930227 0.2593750135274604 0.27343750407453626 0.2578125038417056
1 0.3421875050989911 0.5656250294996426 0.059375000884756446 0.0703125010477379
1 0.666406259930227 0.2593750135274604 0.27343750407453626 0.2578125038417056
1 0.3421875050989911 0.5656250294996426 0.059375000884756446 0.0703125010477379
1 0.666406259930227 0.2593750135274604 0.27343750407453626 0.2578125038417056
2 0.3421875050989911 0.5656250294996426 0.059375000884756446 0.0703125010477379
1 0.666406259930227 0.2593750135274604 0.27343750407453626 0.2578125038417056
2 0.3421875050989911 0.5656250294996426 0.059375000884756446 0.0703125010477379
1 0.666406259930227 0.2593750135274604 0.27343750407453626 0.2578125038417056
2 0.3421874940395355 0.565625011920929 0.05937499925494194 0.0703125
1 0.6664062738418579 0.2593750059604645 0.2734375 0.2578125
2 0.3421874940395355 0.565625011920929 0.05937499925494194 0.0703125
1 0.6664062738418579 0.2593750059604645 0.2734375 0.2578125
2 0.3421874940395355 0.565625011920929 0.05937499925494194 0.0703125
1 0.6664062738418579 0.2593750059604645 0.2734375 0.2578125
2 0.3421874940395355 0.565625011920929 0.05937499925494194 0.0703125
1 0.6664062738418579 0.2593750059604645 0.2734375 0.2578125
2 0.3421874940395355 0.565625011920929 0.05937499925494194 0.0703125
1 0.6664062738418579 0.2593750059604645 0.2734375 0.2578125
2 0.3421874940395355 0.565625011920929 0.05937499925494194 0.0703125
1 0.6664062738418579 0.2593750059604645 0.2734375 0.2578125
2 0.3421874940395355 0.565625011920929 0.05937499925494194 0.0703125
1 0.6664062738418579 0.2593750059604645 0.2734375 0.2578125
