0 0.11796875175787136 0.2416666792705655 0.1796875026775524 0.15000000223517418
0 0.1164062517345883 0.4447916898643598 0.17031250253785402 0.14218750211875886
0 0.23437500349245965 0.6333333663642406 0.17187500256113708 0.15937500237487257
0 0.1265625018859282 0.7812500407453626 0.17812500265426934 0.15000000223517418
0 0.32421875483123586 0.8166667092591524 0.17656250263098627 0.1312500019557774
0 0.4687500069849193 0.81875004270114 0.18125000270083547 0.14687500218860805
0 0.6484375096624717 0.8395833771210164 0.16562500246800482 0.17187500256113708
0 0.7695312614669092 0.8218750428641215 0.1578125023515895 0.12968750193249434
0 0.7843750116880983 0.6250000325962901 0.15625000232830644 0.16875000251457095
0 0.8679687629337423 0.5239583606598899 0.19218750286381692 0.12031250179279596
0 0.8359375124564394 0.34895835153292865 0.19375000288709998 0.1265625018859282
0 0.5906250088009983 0.1979166769888252 0.17187500256113708 0.15000000223517418
0 0.8437500125728548 0.12291667307727039 0.17812500265426934 0.18125000270083547
0 0.36484375543659553 0.31145834957715124 0.1890625028172508 0.20781250309664756
1 0.5507812582072802 0.49062502558808774 0.3515625052386895 0.3421875050989911
0 0.11796875175787136 0.2416666792705655 0.1796875026775524 0.15000000223517418
0 0.1164062517345883 0.4447916898643598 0.17031250253785402 0.14218750211875886
0 0.23437500349245965 0.6333333663642406 0.17187500256113708 0.15937500237487257
0 0.1265625018859282 0.7812500407453626 0.17812500265426934 0.15000000223517418
0 0.32421875483123586 0.8166667092591524 0.17656250263098627 0.1312500019557774
0 0.4687500069849193 0.81875004270114 0.18125000270083547 0.14687500218860805
0 0.6484375096624717 0.8395833771210164 0.16562500246800482 0.17187500256113708
0 0.7695312614669092 0.8218750428641215 0.1578125023515895 0.12968750193249434
0 0.7843750116880983 0.6250000325962901 0.15625000232830644 0.16875000251457095
0 0.8679687629337423 0.5239583606598899 0.19218750286381692 0.12031250179279596
0 0.8359375124564394 0.34895835153292865 0.19375000288709998 0.1265625018859282
0 0.5906250088009983 0.1979166769888252 0.17187500256113708 0.15000000223517418
0 0.8437500125728548 0.12291667307727039 0.17812500265426934 0.18125000270083547
0 0.36484375543659553 0.31145834957715124 0.1890625028172508 0.20781250309664756
1 0.5507812582072802 0.49062502558808774 0.3515625052386895 0.3421875050989911
0 0.11796875175787136 0.2416666792705655 0.1796875026775524 0.15000000223517418
0 0.1164062517345883 0.4447916898643598 0.17031250253785402 0.14218750211875886
0 0.23437500349245965 0.6333333663642406 0.17187500256113708 0.15937500237487257
0 0.1265625018859282 0.7812500407453626 0.17812500265426934 0.15000000223517418
0 0.32421875483123586 0.8166667092591524 0.17656250263098627 0.1312500019557774
0 0.4687500069849193 0.81875004270114 0.18125000270083547 0.14687500218860805
0 0.6484375096624717 0.8395833771210164 0.16562500246800482 0.17187500256113708
0 0.7695312614669092 0.8218750428641215 0.1578125023515895 0.12968750193249434
0 0.7843750116880983 0.6250000325962901 0.15625000232830644 0.16875000251457095
0 0.8679687629337423 0.5239583606598899 0.19218750286381692 0.12031250179279596
0 0.8359375124564394 0.34895835153292865 0.19375000288709998 0.1265625018859282
0 0.5906250088009983 0.1979166769888252 0.17187500256113708 0.15000000223517418
0 0.8437500125728548 0.12291667307727039 0.17812500265426934 0.18125000270083547
0 0.36484375543659553 0.31145834957715124 0.1890625028172508 0.20781250309664756
1 0.5507812582072802 0.49062502558808774 0.3515625052386895 0.3421875050989911
0 0.11796875175787136 0.2416666792705655 0.1796875026775524 0.15000000223517418
0 0.1164062517345883 0.4447916898643598 0.17031250253785402 0.14218750211875886
0 0.23437500349245965 0.6333333663642406 0.17187500256113708 0.15937500237487257
0 0.1265625018859282 0.7812500407453626 0.17812500265426934 0.15000000223517418
0 0.32421875483123586 0.8166667092591524 0.17656250263098627 0.1312500019557774
0 0.4687500069849193 0.81875004270114 0.18125000270083547 0.14687500218860805
0 0.6484375096624717 0.8395833771210164 0.16562500246800482 0.17187500256113708
0 0.7695312614669092 0.8218750428641215 0.1578125023515895 0.12968750193249434
0 0.7843750116880983 0.6250000325962901 0.15625000232830644 0.16875000251457095
0 0.8679687629337423 0.5239583606598899 0.19218750286381692 0.12031250179279596
0 0.8359375124564394 0.34895835153292865 0.19375000288709998 0.1265625018859282
0 0.5906250088009983 0.1979166769888252 0.17187500256113708 0.15000000223517418
0 0.8437500125728548 0.12291667307727039 0.17812500265426934 0.18125000270083547
0 0.36484375543659553 0.31145834957715124 0.1890625028172508 0.20781250309664756
1 0.5507812582072802 0.49062502558808774 0.3515625052386895 0.3421875050989911
0 0.11796875175787136 0.2416666792705655 0.1796875026775524 0.15000000223517418
0 0.1164062517345883 0.4447916898643598 0.17031250253785402 0.14218750211875886
0 0.23437500349245965 0.6333333663642406 0.17187500256113708 0.15937500237487257
0 0.1265625018859282 0.7812500407453626 0.17812500265426934 0.15000000223517418
0 0.32421875483123586 0.8166667092591524 0.17656250263098627 0.1312500019557774
0 0.4687500069849193 0.81875004270114 0.18125000270083547 0.14687500218860805
0 0.6484375096624717 0.8395833771210164 0.16562500246800482 0.17187500256113708
0 0.7695312614669092 0.8218750428641215 0.1578125023515895 0.12968750193249434
0 0.7843750116880983 0.6250000325962901 0.15625000232830644 0.16875000251457095
0 0.8679687629337423 0.5239583606598899 0.19218750286381692 0.12031250179279596
0 0.8359375124564394 0.34895835153292865 0.19375000288709998 0.1265625018859282
0 0.5906250088009983 0.1979166769888252 0.17187500256113708 0.15000000223517418
0 0.8437500125728548 0.12291667307727039 0.17812500265426934 0.18125000270083547
0 0.36484375543659553 0.31145834957715124 0.1890625028172508 0.20781250309664756
1 0.5507812582072802 0.49062502558808774 0.3515625052386895 0.3421875050989911
0 0.11796875175787136 0.2416666792705655 0.1796875026775524 0.15000000223517418
0 0.1164062517345883 0.4447916898643598 0.17031250253785402 0.14218750211875886
0 0.23437500349245965 0.6333333663642406 0.17187500256113708 0.15937500237487257
0 0.1265625018859282 0.7812500407453626 0.17812500265426934 0.15000000223517418
0 0.32421875483123586 0.8166667092591524 0.17656250263098627 0.1312500019557774
0 0.4687500069849193 0.81875004270114 0.18125000270083547 0.14687500218860805
0 0.6484375096624717 0.8395833771210164 0.16562500246800482 0.17187500256113708
0 0.7695312614669092 0.8218750428641215 0.1578125023515895 0.12968750193249434
0 0.7843750116880983 0.6250000325962901 0.15625000232830644 0.16875000251457095
0 0.8679687629337423 0.5239583606598899 0.19218750286381692 0.12031250179279596
0 0.8359375124564394 0.34895835153292865 0.19375000288709998 0.1265625018859282
0 0.5906250088009983 0.1979166769888252 0.17187500256113708 0.15000000223517418
0 0.8437500125728548 0.12291667307727039 0.17812500265426934 0.18125000270083547
0 0.36484375543659553 0.31145834957715124 0.1890625028172508 0.20781250309664756
1 0.5507812582072802 0.49062502558808774 0.3515625052386895 0.3421875050989911
0 0.11796875175787136 0.2416666792705655 0.1796875026775524 0.15000000223517418
0 0.1164062517345883 0.4447916898643598 0.17031250253785402 0.14218750211875886
0 0.23437500349245965 0.6333333663642406 0.17187500256113708 0.15937500237487257
0 0.1265625018859282 0.7812500407453626 0.17812500265426934 0.15000000223517418
0 0.32421875483123586 0.8166667092591524 0.17656250263098627 0.1312500019557774
0 0.4687500069849193 0.81875004270114 0.18125000270083547 0.14687500218860805
0 0.6484375096624717 0.8395833771210164 0.16562500246800482 0.17187500256113708
0 0.7695312614669092 0.8218750428641215 0.1578125023515895 0.12968750193249434
0 0.7843750116880983 0.6250000325962901 0.15625000232830644 0.16875000251457095
0 0.8679687629337423 0.5239583606598899 0.19218750286381692 0.12031250179279596
0 0.8359375124564394 0.34895835153292865 0.19375000288709998 0.1265625018859282
0 0.5906250088009983 0.1979166769888252 0.17187500256113708 0.15000000223517418
0 0.8437500125728548 0.12291667307727039 0.17812500265426934 0.18125000270083547
0 0.36484375543659553 0.31145834957715124 0.1890625028172508 0.20781250309664756
1 0.5507812582072802 0.49062502558808774 0.3515625052386895 0.3421875050989911
0 0.11796875175787136 0.2416666792705655 0.1796875026775524 0.15000000223517418
0 0.1164062517345883 0.4447916898643598 0.17031250253785402 0.14218750211875886
0 0.23437500349245965 0.6333333663642406 0.17187500256113708 0.15937500237487257
0 0.1265625018859282 0.7812500407453626 0.17812500265426934 0.15000000223517418
0 0.32421875483123586 0.8166667092591524 0.17656250263098627 0.1312500019557774
0 0.4687500069849193 0.81875004270114 0.18125000270083547 0.14687500218860805
0 0.6484375096624717 0.8395833771210164 0.16562500246800482 0.17187500256113708
0 0.7695312614669092 0.8218750428641215 0.1578125023515895 0.12968750193249434
0 0.7843750116880983 0.6250000325962901 0.15625000232830644 0.16875000251457095
0 0.8679687629337423 0.5239583606598899 0.19218750286381692 0.12031250179279596
0 0.8359375124564394 0.34895835153292865 0.19375000288709998 0.1265625018859282
0 0.5906250088009983 0.1979166769888252 0.17187500256113708 0.15000000223517418
0 0.8437500125728548 0.12291667307727039 0.17812500265426934 0.18125000270083547
0 0.36484375543659553 0.31145834957715124 0.1890625028172508 0.20781250309664756
1 0.5507812582072802 0.49062502558808774 0.3515625052386895 0.3421875050989911
0 0.11796875175787136 0.2416666792705655 0.1796875026775524 0.15000000223517418
0 0.1164062517345883 0.4447916898643598 0.17031250253785402 0.14218750211875886
0 0.23437500349245965 0.6333333663642406 0.17187500256113708 0.15937500237487257
0 0.1265625018859282 0.7812500407453626 0.17812500265426934 0.15000000223517418
0 0.32421875483123586 0.8166667092591524 0.17656250263098627 0.1312500019557774
0 0.4687500069849193 0.81875004270114 0.18125000270083547 0.14687500218860805
0 0.6484375096624717 0.8395833771210164 0.16562500246800482 0.17187500256113708
0 0.7695312614669092 0.8218750428641215 0.1578125023515895 0.12968750193249434
0 0.7843750116880983 0.6250000325962901 0.15625000232830644 0.16875000251457095
0 0.8679687629337423 0.5239583606598899 0.19218750286381692 0.12031250179279596
0 0.8359375124564394 0.34895835153292865 0.19375000288709998 0.1265625018859282
0 0.5906250088009983 0.1979166769888252 0.17187500256113708 0.15000000223517418
0 0.8437500125728548 0.12291667307727039 0.17812500265426934 0.18125000270083547
0 0.36484375543659553 0.31145834957715124 0.1890625028172508 0.20781250309664756
1 0.5507812582072802 0.49062502558808774 0.3515625052386895 0.3421875050989911
0 0.11796875175787136 0.2416666792705655 0.1796875026775524 0.15000000223517418
0 0.1164062517345883 0.4447916898643598 0.17031250253785402 0.14218750211875886
0 0.23437500349245965 0.6333333663642406 0.17187500256113708 0.15937500237487257
0 0.1265625018859282 0.7812500407453626 0.17812500265426934 0.15000000223517418
0 0.32421875483123586 0.8166667092591524 0.17656250263098627 0.1312500019557774
0 0.4687500069849193 0.81875004270114 0.18125000270083547 0.14687500218860805
0 0.6484375096624717 0.8395833771210164 0.16562500246800482 0.17187500256113708
0 0.7695312614669092 0.8218750428641215 0.1578125023515895 0.12968750193249434
0 0.7843750116880983 0.6250000325962901 0.15625000232830644 0.16875000251457095
0 0.8679687629337423 0.5239583606598899 0.19218750286381692 0.12031250179279596
0 0.8359375124564394 0.34895835153292865 0.19375000288709998 0.1265625018859282
0 0.5906250088009983 0.1979166769888252 0.17187500256113708 0.15000000223517418
0 0.8437500125728548 0.12291667307727039 0.17812500265426934 0.18125000270083547
0 0.36484375543659553 0.31145834957715124 0.1890625028172508 0.20781250309664756
1 0.5507812582072802 0.49062502558808774 0.3515625052386895 0.3421875050989911
0 0.11796875175787136 0.2416666792705655 0.1796875026775524 0.15000000223517418
0 0.1164062517345883 0.4447916898643598 0.17031250253785402 0.14218750211875886
0 0.23437500349245965 0.6333333663642406 0.17187500256113708 0.15937500237487257
0 0.1265625018859282 0.7812500407453626 0.17812500265426934 0.15000000223517418
0 0.32421875483123586 0.8166667092591524 0.17656250263098627 0.1312500019557774
0 0.4687500069849193 0.81875004270114 0.18125000270083547 0.14687500218860805
0 0.6484375096624717 0.8395833771210164 0.16562500246800482 0.17187500256113708
0 0.7695312614669092 0.8218750428641215 0.1578125023515895 0.12968750193249434
0 0.7843750116880983 0.6250000325962901 0.15625000232830644 0.16875000251457095
0 0.8679687629337423 0.5239583606598899 0.19218750286381692 0.12031250179279596
0 0.8359375124564394 0.34895835153292865 0.19375000288709998 0.1265625018859282
0 0.5906250088009983 0.1979166769888252 0.17187500256113708 0.15000000223517418
0 0.8437500125728548 0.12291667307727039 0.17812500265426934 0.18125000270083547
0 0.36484375543659553 0.31145834957715124 0.1890625028172508 0.20781250309664756
1 0.5507812582072802 0.49062502558808774 0.3515625052386895 0.3421875050989911
0 0.11796875175787136 0.2416666792705655 0.1796875026775524 0.15000000223517418
0 0.1164062517345883 0.4447916898643598 0.17031250253785402 0.14218750211875886
0 0.23437500349245965 0.6333333663642406 0.17187500256113708 0.15937500237487257
0 0.1265625018859282 0.7812500407453626 0.17812500265426934 0.15000000223517418
0 0.32421875483123586 0.8166667092591524 0.17656250263098627 0.1312500019557774
0 0.4687500069849193 0.81875004270114 0.18125000270083547 0.14687500218860805
0 0.6484375096624717 0.8395833771210164 0.16562500246800482 0.17187500256113708
0 0.7695312614669092 0.8218750428641215 0.1578125023515895 0.12968750193249434
0 0.7843750116880983 0.6250000325962901 0.15625000232830644 0.16875000251457095
0 0.8679687629337423 0.5239583606598899 0.19218750286381692 0.12031250179279596
0 0.8359375124564394 0.34895835153292865 0.19375000288709998 0.1265625018859282
0 0.5906250088009983 0.1979166769888252 0.17187500256113708 0.15000000223517418
0 0.8437500125728548 0.12291667307727039 0.17812500265426934 0.18125000270083547
0 0.36484375543659553 0.31145834957715124 0.1890625028172508 0.20781250309664756
1 0.5507812582072802 0.49062502558808774 0.3515625052386895 0.3421875050989911
0 0.11796875175787136 0.2416666792705655 0.1796875026775524 0.15000000223517418
0 0.1164062517345883 0.4447916898643598 0.17031250253785402 0.14218750211875886
0 0.23437500349245965 0.6333333663642406 0.17187500256113708 0.15937500237487257
0 0.1265625018859282 0.7812500407453626 0.17812500265426934 0.15000000223517418
0 0.32421875483123586 0.8166667092591524 0.17656250263098627 0.1312500019557774
0 0.4687500069849193 0.81875004270114 0.18125000270083547 0.14687500218860805
0 0.6484375096624717 0.8395833771210164 0.16562500246800482 0.17187500256113708
0 0.7695312614669092 0.8218750428641215 0.1578125023515895 0.12968750193249434
0 0.7843750116880983 0.6250000325962901 0.15625000232830644 0.16875000251457095
0 0.8679687629337423 0.5239583606598899 0.19218750286381692 0.12031250179279596
0 0.8359375124564394 0.34895835153292865 0.19375000288709998 0.1265625018859282
0 0.5906250088009983 0.1979166769888252 0.17187500256113708 0.15000000223517418
0 0.8437500125728548 0.12291667307727039 0.17812500265426934 0.18125000270083547
0 0.36484375543659553 0.31145834957715124 0.1890625028172508 0.20781250309664756
1 0.5507812582072802 0.49062502558808774 0.3515625052386895 0.3421875050989911
0 0.11796875175787136 0.2416666792705655 0.1796875026775524 0.15000000223517418
0 0.1164062517345883 0.4447916898643598 0.17031250253785402 0.14218750211875886
0 0.23437500349245965 0.6333333663642406 0.17187500256113708 0.15937500237487257
0 0.1265625018859282 0.7812500407453626 0.17812500265426934 0.15000000223517418
0 0.32421875483123586 0.8166667092591524 0.17656250263098627 0.1312500019557774
0 0.4687500069849193 0.81875004270114 0.18125000270083547 0.14687500218860805
0 0.6484375096624717 0.8395833771210164 0.16562500246800482 0.17187500256113708
0 0.7695312614669092 0.8218750428641215 0.1578125023515895 0.12968750193249434
0 0.7843750116880983 0.6250000325962901 0.15625000232830644 0.16875000251457095
0 0.8679687629337423 0.5239583606598899 0.19218750286381692 0.12031250179279596
0 0.8359375124564394 0.34895835153292865 0.19375000288709998 0.1265625018859282
0 0.5906250088009983 0.1979166769888252 0.17187500256113708 0.15000000223517418
0 0.8437500125728548 0.12291667307727039 0.17812500265426934 0.18125000270083547
0 0.36484375543659553 0.31145834957715124 0.1890625028172508 0.20781250309664756
1 0.5507812582072802 0.49062502558808774 0.3515625052386895 0.3421875050989911
0 0.11796875175787136 0.2416666792705655 0.1796875026775524 0.15000000223517418
0 0.1164062517345883 0.4447916898643598 0.17031250253785402 0.14218750211875886
0 0.23437500349245965 0.6333333663642406 0.17187500256113708 0.15937500237487257
0 0.1265625018859282 0.7812500407453626 0.17812500265426934 0.15000000223517418
0 0.32421875483123586 0.8166667092591524 0.17656250263098627 0.1312500019557774
0 0.4687500069849193 0.81875004270114 0.18125000270083547 0.14687500218860805
0 0.6484375096624717 0.8395833771210164 0.16562500246800482 0.17187500256113708
0 0.7695312614669092 0.8218750428641215 0.1578125023515895 0.12968750193249434
0 0.7843750116880983 0.6250000325962901 0.15625000232830644 0.16875000251457095
0 0.8679687629337423 0.5239583606598899 0.19218750286381692 0.12031250179279596
0 0.8359375124564394 0.34895835153292865 0.19375000288709998 0.1265625018859282
0 0.5906250088009983 0.1979166769888252 0.17187500256113708 0.15000000223517418
0 0.8437500125728548 0.12291667307727039 0.17812500265426934 0.18125000270083547
0 0.36484375543659553 0.31145834957715124 0.1890625028172508 0.20781250309664756
1 0.5507812582072802 0.49062502558808774 0.3515625052386895 0.3421875050989911
0 0.11796875298023224 0.24166667461395264 0.1796875 0.15000000596046448
0 0.11640625447034836 0.444791704416275 0.17031250894069672 0.14218750596046448
0 0.234375 0.6333333849906921 0.171875 0.15937499701976776
0 0.12656250596046448 0.7812500596046448 0.17812500894069672 0.15000000596046448
0 0.32421875 0.8166667222976685 0.17656250298023224 0.13125000894069672
0 0.46875 0.8187500238418579 0.18125000596046448 0.14687500894069672
0 0.6484375 0.8395833969116211 0.16562500596046448 0.171875
0 0.76953125 0.8218750357627869 0.15781250596046448 0.12968750298023224
0 0.784375011920929 0.6250000596046448 0.15625 0.16875000298023224
0 0.867968738079071 0.5239583849906921 0.19218750298023224 0.12031250447034836
0 0.8359375 0.3489583432674408 0.19375000894069672 0.12656250596046448
0 0.590624988079071 0.1979166716337204 0.171875 0.15000000596046448
0 0.84375 0.12291667610406876 0.17812500894069672 0.18125000596046448
0 0.3648437559604645 0.3114583492279053 0.18906250596046448 0.20781250298023224
1 0.55078125 0.4906250238418579 0.3515625 0.3421874940395355
0 0.11796875298023224 0.24166667461395264 0.1796875 0.15000000596046448
0 0.11640625447034836 0.444791704416275 0.17031250894069672 0.14218750596046448
0 0.234375 0.6333333849906921 0.171875 0.15937499701976776
0 0.12656250596046448 0.7812500596046448 0.17812500894069672 0.15000000596046448
0 0.32421875 0.8166667222976685 0.17656250298023224 0.13125000894069672
0 0.46875 0.8187500238418579 0.18125000596046448 0.14687500894069672
0 0.6484375 0.8395833969116211 0.16562500596046448 0.171875
0 0.76953125 0.8218750357627869 0.15781250596046448 0.12968750298023224
0 0.784375011920929 0.6250000596046448 0.15625 0.16875000298023224
0 0.867968738079071 0.5239583849906921 0.19218750298023224 0.12031250447034836
0 0.8359375 0.3489583432674408 0.19375000894069672 0.12656250596046448
0 0.590624988079071 0.1979166716337204 0.171875 0.15000000596046448
0 0.84375 0.12291667610406876 0.17812500894069672 0.18125000596046448
0 0.3648437559604645 0.3114583492279053 0.18906250596046448 0.20781250298023224
1 0.55078125 0.4906250238418579 0.3515625 0.3421874940395355
0 0.11796875298023224 0.24166667461395264 0.1796875 0.15000000596046448
0 0.11640625447034836 0.444791704416275 0.17031250894069672 0.14218750596046448
0 0.234375 0.6333333849906921 0.171875 0.15937499701976776
0 0.12656250596046448 0.7812500596046448 0.17812500894069672 0.15000000596046448
0 0.32421875 0.8166667222976685 0.17656250298023224 0.13125000894069672
0 0.46875 0.8187500238418579 0.18125000596046448 0.14687500894069672
0 0.6484375 0.8395833969116211 0.16562500596046448 0.171875
0 0.76953125 0.8218750357627869 0.15781250596046448 0.12968750298023224
0 0.784375011920929 0.6250000596046448 0.15625 0.16875000298023224
0 0.867968738079071 0.5239583849906921 0.19218750298023224 0.12031250447034836
0 0.8359375 0.3489583432674408 0.19375000894069672 0.12656250596046448
0 0.590624988079071 0.1979166716337204 0.171875 0.15000000596046448
0 0.84375 0.12291667610406876 0.17812500894069672 0.18125000596046448
0 0.3648437559604645 0.3114583492279053 0.18906250596046448 0.20781250298023224
1 0.55078125 0.4906250238418579 0.3515625 0.3421874940395355
0 0.11796875298023224 0.24166667461395264 0.1796875 0.15000000596046448
0 0.11640625447034836 0.444791704416275 0.17031250894069672 0.14218750596046448
0 0.234375 0.6333333849906921 0.171875 0.15937499701976776
0 0.12656250596046448 0.7812500596046448 0.17812500894069672 0.15000000596046448
0 0.32421875 0.8166667222976685 0.17656250298023224 0.13125000894069672
0 0.46875 0.8187500238418579 0.18125000596046448 0.14687500894069672
0 0.6484375 0.8395833969116211 0.16562500596046448 0.171875
0 0.76953125 0.8218750357627869 0.15781250596046448 0.12968750298023224
0 0.784375011920929 0.6250000596046448 0.15625 0.16875000298023224
0 0.867968738079071 0.5239583849906921 0.19218750298023224 0.12031250447034836
0 0.8359375 0.3489583432674408 0.19375000894069672 0.12656250596046448
0 0.590624988079071 0.1979166716337204 0.171875 0.15000000596046448
0 0.84375 0.12291667610406876 0.17812500894069672 0.18125000596046448
0 0.3648437559604645 0.3114583492279053 0.18906250596046448 0.20781250298023224
1 0.55078125 0.4906250238418579 0.3515625 0.3421874940395355
0 0.11796875298023224 0.24166667461395264 0.1796875 0.15000000596046448
0 0.11640625447034836 0.444791704416275 0.17031250894069672 0.14218750596046448
0 0.234375 0.6333333849906921 0.171875 0.15937499701976776
0 0.12656250596046448 0.7812500596046448 0.17812500894069672 0.15000000596046448
0 0.32421875 0.8166667222976685 0.17656250298023224 0.13125000894069672
0 0.46875 0.8187500238418579 0.18125000596046448 0.14687500894069672
0 0.6484375 0.8395833969116211 0.16562500596046448 0.171875
0 0.76953125 0.8218750357627869 0.15781250596046448 0.12968750298023224
0 0.784375011920929 0.6250000596046448 0.15625 0.16875000298023224
0 0.867968738079071 0.5239583849906921 0.19218750298023224 0.12031250447034836
0 0.8359375 0.3489583432674408 0.19375000894069672 0.12656250596046448
0 0.590624988079071 0.1979166716337204 0.171875 0.15000000596046448
0 0.84375 0.12291667610406876 0.17812500894069672 0.18125000596046448
0 0.3648437559604645 0.3114583492279053 0.18906250596046448 0.20781250298023224
1 0.55078125 0.4906250238418579 0.3515625 0.3421874940395355
0 0.11796875298023224 0.24166667461395264 0.1796875 0.15000000596046448
0 0.11640625447034836 0.444791704416275 0.17031250894069672 0.14218750596046448
0 0.234375 0.6333333849906921 0.171875 0.15937499701976776
0 0.12656250596046448 0.7812500596046448 0.17812500894069672 0.15000000596046448
0 0.32421875 0.8166667222976685 0.17656250298023224 0.13125000894069672
0 0.46875 0.8187500238418579 0.18125000596046448 0.14687500894069672
0 0.6484375 0.8395833969116211 0.16562500596046448 0.171875
0 0.76953125 0.8218750357627869 0.15781250596046448 0.12968750298023224
0 0.784375011920929 0.6250000596046448 0.15625 0.16875000298023224
0 0.867968738079071 0.5239583849906921 0.19218750298023224 0.12031250447034836
0 0.8359375 0.3489583432674408 0.19375000894069672 0.12656250596046448
0 0.590624988079071 0.1979166716337204 0.171875 0.15000000596046448
0 0.84375 0.12291667610406876 0.17812500894069672 0.18125000596046448
0 0.3648437559604645 0.3114583492279053 0.18906250596046448 0.20781250298023224
1 0.55078125 0.4906250238418579 0.3515625 0.3421874940395355
0 0.11796875298023224 0.24166667461395264 0.1796875 0.15000000596046448
0 0.11640625447034836 0.444791704416275 0.17031250894069672 0.14218750596046448
0 0.234375 0.6333333849906921 0.171875 0.15937499701976776
0 0.12656250596046448 0.7812500596046448 0.17812500894069672 0.15000000596046448
0 0.32421875 0.8166667222976685 0.17656250298023224 0.13125000894069672
0 0.46875 0.8187500238418579 0.18125000596046448 0.14687500894069672
0 0.6484375 0.8395833969116211 0.16562500596046448 0.171875
0 0.76953125 0.8218750357627869 0.15781250596046448 0.12968750298023224
0 0.784375011920929 0.6250000596046448 0.15625 0.16875000298023224
0 0.867968738079071 0.5239583849906921 0.19218750298023224 0.12031250447034836
0 0.8359375 0.3489583432674408 0.19375000894069672 0.12656250596046448
0 0.590624988079071 0.1979166716337204 0.171875 0.15000000596046448
0 0.84375 0.12291667610406876 0.17812500894069672 0.18125000596046448
0 0.3648437559604645 0.3114583492279053 0.18906250596046448 0.20781250298023224
1 0.55078125 0.4906250238418579 0.3515625 0.3421874940395355
