0 0.8718750129919499 0.2531250132014975 0.15937500237487257 0.18281250272411853
0 0.7453125111060217 0.8989583802176639 0.15937500237487257 0.15156250225845724
0 0.3718750055413693 0.23750001238659024 0.1625000024214387 0.18750000279396772
0 0.2625000039115548 0.10937500570435077 0.18750000279396772 0.16093750239815563
0 0.0898437513387762 0.10104167193640023 0.17656250263098627 0.14843750221189111
0 0.5796875086380169 0.11041667242534459 0.17812500265426934 0.15000000223517418
0 0.17656250263098627 0.6458333670161664 0.1625000024214387 0.1531250022817403
0 0.22656250337604433 0.9093750474276021 0.14687500218860805 0.1359375020256266
1 0.8578125127824023 0.7864583743503317 0.07812500116415322 0.06406250095460564
1 0.352343755250331 0.6843750356929377 0.051562500768341124 0.05781250086147338
1 0.5531250082422048 0.40416668774560094 0.3500000052154064 0.3343750049825758
0 0.5335937579511665 0.8989583802176639 0.17031250253785402 0.15156250225845724
0 0.8882812632364221 0.915625047753565 0.16093750239815563 0.10781250160653144
0 0.8718750129919499 0.2531250132014975 0.15937500237487257 0.18281250272411853
0 0.7453125111060217 0.8989583802176639 0.15937500237487257 0.15156250225845724
0 0.3718750055413693 0.23750001238659024 0.1625000024214387 0.18750000279396772
0 0.2625000039115548 0.10937500570435077 0.18750000279396772 0.16093750239815563
0 0.0898437513387762 0.10104167193640023 0.17656250263098627 0.14843750221189111
0 0.5796875086380169 0.11041667242534459 0.17812500265426934 0.15000000223517418
0 0.17656250263098627 0.6458333670161664 0.1625000024214387 0.1531250022817403
0 0.22656250337604433 0.9093750474276021 0.14687500218860805 0.1359375020256266
1 0.8578125127824023 0.7864583743503317 0.07812500116415322 0.06406250095460564
1 0.352343755250331 0.6843750356929377 0.051562500768341124 0.05781250086147338
1 0.5531250082422048 0.40416668774560094 0.3500000052154064 0.3343750049825758
0 0.5335937579511665 0.8989583802176639 0.17031250253785402 0.15156250225845724
0 0.8882812632364221 0.915625047753565 0.16093750239815563 0.10781250160653144
0 0.8718750129919499 0.2531250132014975 0.15937500237487257 0.18281250272411853
0 0.7453125111060217 0.8989583802176639 0.15937500237487257 0.15156250225845724
0 0.3718750055413693 0.23750001238659024 0.1625000024214387 0.18750000279396772
0 0.2625000039115548 0.10937500570435077 0.18750000279396772 0.16093750239815563
0 0.0898437513387762 0.10104167193640023 0.17656250263098627 0.14843750221189111
0 0.5796875086380169 0.11041667242534459 0.17812500265426934 0.15000000223517418
0 0.17656250263098627 0.6458333670161664 0.1625000024214387 0.1531250022817403
0 0.22656250337604433 0.9093750474276021 0.14687500218860805 0.1359375020256266
1 0.8578125127824023 0.7864583743503317 0.07812500116415322 0.06406250095460564
1 0.352343755250331 0.6843750356929377 0.051562500768341124 0.05781250086147338
1 0.5531250082422048 0.40416668774560094 0.3500000052154064 0.3343750049825758
0 0.5335937579511665 0.8989583802176639 0.17031250253785402 0.15156250225845724
0 0.8882812632364221 0.915625047753565 0.16093750239815563 0.10781250160653144
0 0.8718750129919499 0.2531250132014975 0.15937500237487257 0.18281250272411853
0 0.7453125111060217 0.8989583802176639 0.15937500237487257 0.15156250225845724
0 0.3718750055413693 0.23750001238659024 0.1625000024214387 0.18750000279396772
0 0.2625000039115548 0.10937500570435077 0.18750000279396772 0.16093750239815563
0 0.0898437513387762 0.10104167193640023 0.17656250263098627 0.14843750221189111
0 0.5796875086380169 0.11041667242534459 0.17812500265426934 0.15000000223517418
0 0.17656250263098627 0.6458333670161664 0.1625000024214387 0.1531250022817403
0 0.22656250337604433 0.9093750474276021 0.14687500218860805 0.1359375020256266
1 0.8578125127824023 0.7864583743503317 0.07812500116415322 0.06406250095460564
1 0.352343755250331 0.6843750356929377 0.051562500768341124 0.05781250086147338
1 0.5531250082422048 0.40416668774560094 0.3500000052154064 0.3343750049825758
0 0.5335937579511665 0.8989583802176639 0.17031250253785402 0.15156250225845724
0 0.8882812632364221 0.915625047753565 0.16093750239815563 0.10781250160653144
0 0.8718750129919499 0.2531250132014975 0.15937500237487257 0.18281250272411853
0 0.7453125111060217 0.8989583802176639 0.15937500237487257 0.15156250225845724
0 0.3718750055413693 0.23750001238659024 0.1625000024214387 0.18750000279396772
0 0.2625000039115548 0.10937500570435077 0.18750000279396772 0.16093750239815563
0 0.0898437513387762 0.10104167193640023 0.17656250263098627 0.14843750221189111
0 0.5796875086380169 0.11041667242534459 0.17812500265426934 0.15000000223517418
0 0.17656250263098627 0.6458333670161664 0.1625000024214387 0.1531250022817403
0 0.22656250337604433 0.9093750474276021 0.14687500218860805 0.1359375020256266
1 0.8578125127824023 0.7864583743503317 0.07812500116415322 0.06406250095460564
1 0.352343755250331 0.6843750356929377 0.051562500768341124 0.05781250086147338
1 0.5531250082422048 0.40416668774560094 0.3500000052154064 0.3343750049825758
0 0.5335937579511665 0.8989583802176639 0.17031250253785402 0.15156250225845724
0 0.8882812632364221 0.915625047753565 0.16093750239815563 0.10781250160653144
0 0.8718750129919499 0.2531250132014975 0.15937500237487257 0.18281250272411853
0 0.7453125111060217 0.8989583802176639 0.15937500237487257 0.15156250225845724
0 0.3718750055413693 0.23750001238659024 0.1625000024214387 0.18750000279396772
0 0.2625000039115548 0.10937500570435077 0.18750000279396772 0.16093750239815563
0 0.0898437513387762 0.10104167193640023 0.17656250263098627 0.14843750221189111
0 0.5796875086380169 0.11041667242534459 0.17812500265426934 0.15000000223517418
0 0.17656250263098627 0.6458333670161664 0.1625000024214387 0.1531250022817403
0 0.22656250337604433 0.9093750474276021 0.14687500218860805 0.1359375020256266
1 0.8578125127824023 0.7864583743503317 0.07812500116415322 0.06406250095460564
1 0.352343755250331 0.6843750356929377 0.051562500768341124 0.05781250086147338
1 0.5531250082422048 0.40416668774560094 0.3500000052154064 0.3343750049825758
0 0.5335937579511665 0.8989583802176639 0.17031250253785402 0.15156250225845724
0 0.8882812632364221 0.915625047753565 0.16093750239815563 0.10781250160653144
0 0.8718750129919499 0.2531250132014975 0.15937500237487257 0.18281250272411853
0 0.7453125111060217 0.8989583802176639 0.15937500237487257 0.15156250225845724
0 0.3718750055413693 0.23750001238659024 0.1625000024214387 0.18750000279396772
0 0.2625000039115548 0.10937500570435077 0.18750000279396772 0.16093750239815563
0 0.0898437513387762 0.10104167193640023 0.17656250263098627 0.14843750221189111
0 0.5796875086380169 0.11041667242534459 0.17812500265426934 0.15000000223517418
0 0.17656250263098627 0.6458333670161664 0.1625000024214387 0.1531250022817403
0 0.22656250337604433 0.9093750474276021 0.14687500218860805 0.1359375020256266
1 0.8578125127824023 0.7864583743503317 0.07812500116415322 0.06406250095460564
1 0.352343755250331 0.6843750356929377 0.051562500768341124 0.05781250086147338
1 0.5531250082422048 0.40416668774560094 0.3500000052154064 0.3343750049825758
0 0.5335937579511665 0.8989583802176639 0.17031250253785402 0.15156250225845724
0 0.8882812632364221 0.915625047753565 0.16093750239815563 0.10781250160653144
0 0.8718750129919499 0.2531250132014975 0.15937500237487257 0.18281250272411853
0 0.7453125111060217 0.8989583802176639 0.15937500237487257 0.15156250225845724
0 0.3718750055413693 0.23750001238659024 0.1625000024214387 0.18750000279396772
0 0.2625000039115548 0.10937500570435077 0.18750000279396772 0.16093750239815563
0 0.0898437513387762 0.10104167193640023 0.17656250263098627 0.14843750221189111
0 0.5796875086380169 0.11041667242534459 0.17812500265426934 0.15000000223517418
0 0.17656250263098627 0.6458333670161664 0.1625000024214387 0.1531250022817403
0 0.22656250337604433 0.9093750474276021 0.14687500218860805 0.1359375020256266
1 0.8578125127824023 0.7864583743503317 0.07812500116415322 0.06406250095460564
1 0.352343755250331 0.6843750356929377 0.051562500768341124 0.05781250086147338
1 0.5531250082422048 0.40416668774560094 0.3500000052154064 0.3343750049825758
0 0.5335937579511665 0.8989583802176639 0.17031250253785402 0.15156250225845724
0 0.8882812632364221 0.915625047753565 0.16093750239815563 0.10781250160653144
0 0.8718750129919499 0.2531250132014975 0.15937500237487257 0.18281250272411853
0 0.7453125111060217 0.8989583802176639 0.15937500237487257 0.15156250225845724
0 0.3718750055413693 0.23750001238659024 0.1625000024214387 0.18750000279396772
0 0.2625000039115548 0.10937500570435077 0.18750000279396772 0.16093750239815563
0 0.0898437513387762 0.10104167193640023 0.17656250263098627 0.14843750221189111
0 0.5796875086380169 0.11041667242534459 0.17812500265426934 0.15000000223517418
0 0.17656250263098627 0.6458333670161664 0.1625000024214387 0.1531250022817403
0 0.22656250337604433 0.9093750474276021 0.14687500218860805 0.1359375020256266
1 0.8578125127824023 0.7864583743503317 0.07812500116415322 0.06406250095460564
1 0.352343755250331 0.6843750356929377 0.051562500768341124 0.05781250086147338
1 0.5531250082422048 0.40416668774560094 0.3500000052154064 0.3343750049825758
0 0.5335937579511665 0.8989583802176639 0.17031250253785402 0.15156250225845724
0 0.8882812632364221 0.915625047753565 0.16093750239815563 0.10781250160653144
0 0.8718750129919499 0.2531250132014975 0.15937500237487257 0.18281250272411853
0 0.7453125111060217 0.8989583802176639 0.15937500237487257 0.15156250225845724
0 0.3718750055413693 0.23750001238659024 0.1625000024214387 0.18750000279396772
0 0.2625000039115548 0.10937500570435077 0.18750000279396772 0.16093750239815563
0 0.0898437513387762 0.10104167193640023 0.17656250263098627 0.14843750221189111
0 0.5796875086380169 0.11041667242534459 0.17812500265426934 0.15000000223517418
0 0.17656250263098627 0.6458333670161664 0.1625000024214387 0.1531250022817403
0 0.22656250337604433 0.9093750474276021 0.14687500218860805 0.1359375020256266
1 0.8578125127824023 0.7864583743503317 0.07812500116415322 0.06406250095460564
1 0.352343755250331 0.6843750356929377 0.051562500768341124 0.05781250086147338
1 0.5531250082422048 0.40416668774560094 0.3500000052154064 0.3343750049825758
0 0.5335937579511665 0.8989583802176639 0.17031250253785402 0.15156250225845724
0 0.8882812632364221 0.915625047753565 0.16093750239815563 0.10781250160653144
0 0.8718750129919499 0.2531250132014975 0.15937500237487257 0.18281250272411853
0 0.7453125111060217 0.8989583802176639 0.15937500237487257 0.15156250225845724
0 0.3718750055413693 0.23750001238659024 0.1625000024214387 0.18750000279396772
0 0.2625000039115548 0.10937500570435077 0.18750000279396772 0.16093750239815563
0 0.0898437513387762 0.10104167193640023 0.17656250263098627 0.14843750221189111
0 0.5796875086380169 0.11041667242534459 0.17812500265426934 0.15000000223517418
0 0.17656250263098627 0.6458333670161664 0.1625000024214387 0.1531250022817403
0 0.22656250337604433 0.9093750474276021 0.14687500218860805 0.1359375020256266
1 0.8578125127824023 0.7864583743503317 0.07812500116415322 0.06406250095460564
1 0.352343755250331 0.6843750356929377 0.051562500768341124 0.05781250086147338
1 0.5531250082422048 0.40416668774560094 0.3500000052154064 0.3343750049825758
0 0.5335937579511665 0.8989583802176639 0.17031250253785402 0.15156250225845724
0 0.8882812632364221 0.915625047753565 0.16093750239815563 0.10781250160653144
0 0.8718750129919499 0.2531250132014975 0.15937500237487257 0.18281250272411853
0 0.7453125111060217 0.8989583802176639 0.15937500237487257 0.15156250225845724
0 0.3718750055413693 0.23750001238659024 0.1625000024214387 0.18750000279396772
0 0.2625000039115548 0.10937500570435077 0.18750000279396772 0.16093750239815563
0 0.0898437513387762 0.10104167193640023 0.17656250263098627 0.14843750221189111
0 0.5796875086380169 0.11041667242534459 0.17812500265426934 0.15000000223517418
0 0.17656250263098627 0.6458333670161664 0.1625000024214387 0.1531250022817403
0 0.22656250337604433 0.9093750474276021 0.14687500218860805 0.1359375020256266
1 0.8578125127824023 0.7864583743503317 0.07812500116415322 0.06406250095460564
1 0.352343755250331 0.6843750356929377 0.051562500768341124 0.05781250086147338
1 0.5531250082422048 0.40416668774560094 0.3500000052154064 0.3343750049825758
0 0.5335937579511665 0.8989583802176639 0.17031250253785402 0.15156250225845724
0 0.8882812632364221 0.915625047753565 0.16093750239815563 0.10781250160653144
0 0.8718750129919499 0.2531250132014975 0.15937500237487257 0.18281250272411853
0 0.7453125111060217 0.8989583802176639 0.15937500237487257 0.15156250225845724
0 0.3718750055413693 0.23750001238659024 0.1625000024214387 0.18750000279396772
0 0.2625000039115548 0.10937500570435077 0.18750000279396772 0.16093750239815563
0 0.0898437513387762 0.10104167193640023 0.17656250263098627 0.14843750221189111
0 0.5796875086380169 0.11041667242534459 0.17812500265426934 0.15000000223517418
0 0.17656250263098627 0.6458333670161664 0.1625000024214387 0.1531250022817403
0 0.22656250337604433 0.9093750474276021 0.14687500218860805 0.1359375020256266
1 0.8578125127824023 0.7864583743503317 0.07812500116415322 0.06406250095460564
1 0.352343755250331 0.6843750356929377 0.051562500768341124 0.05781250086147338
1 0.5531250082422048 0.40416668774560094 0.3500000052154064 0.3343750049825758
0 0.5335937579511665 0.8989583802176639 0.17031250253785402 0.15156250225845724
0 0.8882812632364221 0.915625047753565 0.16093750239815563 0.10781250160653144
0 0.8718750129919499 0.2531250132014975 0.15937500237487257 0.18281250272411853
0 0.7453125111060217 0.8989583802176639 0.15937500237487257 0.15156250225845724
0 0.3718750055413693 0.23750001238659024 0.1625000024214387 0.18750000279396772
0 0.2625000039115548 0.10937500570435077 0.18750000279396772 0.16093750239815563
0 0.0898437513387762 0.10104167193640023 0.17656250263098627 0.14843750221189111
0 0.5796875086380169 0.11041667242534459 0.17812500265426934 0.15000000223517418
0 0.17656250263098627 0.6458333670161664 0.1625000024214387 0.1531250022817403
0 0.22656250337604433 0.9093750474276021 0.14687500218860805 0.1359375020256266
2 0.8578125127824023 0.7864583743503317 0.07812500116415322 0.06406250095460564
2 0.352343755250331 0.6843750356929377 0.051562500768341124 0.05781250086147338
1 0.5531250082422048 0.40416668774560094 0.3500000052154064 0.3343750049825758
0 0.5335937579511665 0.8989583802176639 0.17031250253785402 0.15156250225845724
0 0.8882812632364221 0.915625047753565 0.16093750239815563 0.10781250160653144
0 0.8718750129919499 0.2531250132014975 0.15937500237487257 0.18281250272411853
0 0.7453125111060217 0.8989583802176639 0.15937500237487257 0.15156250225845724
0 0.3718750055413693 0.23750001238659024 0.1625000024214387 0.18750000279396772
0 0.2625000039115548 0.10937500570435077 0.18750000279396772 0.16093750239815563
0 0.0898437513387762 0.10104167193640023 0.17656250263098627 0.14843750221189111
0 0.5796875086380169 0.11041667242534459 0.17812500265426934 0.15000000223517418
0 0.17656250263098627 0.6458333670161664 0.1625000024214387 0.1531250022817403
0 0.22656250337604433 0.9093750474276021 0.14687500218860805 0.1359375020256266
2 0.8578125127824023 0.7864583743503317 0.07812500116415322 0.06406250095460564
2 0.352343755250331 0.6843750356929377 0.051562500768341124 0.05781250086147338
1 0.5531250082422048 0.40416668774560094 0.3500000052154064 0.3343750049825758
0 0.5335937579511665 0.8989583802176639 0.17031250253785402 0.15156250225845724
0 0.8882812632364221 0.915625047753565 0.16093750239815563 0.10781250160653144
0 0.871874988079071 0.25312501192092896 0.15937499701976776 0.18281249701976776
0 0.745312511920929 0.8989583849906921 0.15937499701976776 0.15156249701976776
0 0.37187501788139343 0.23750001192092896 0.16250000894069672 0.1875
0 0.26250001788139343 0.1093750074505806 0.1875 0.16093750298023224
0 0.08984375 0.10104167461395264 0.17656250298023224 0.1484375
0 0.5796875357627869 0.11041667312383652 0.17812500894069672 0.15000000596046448
0 0.17656250298023224 0.6458333730697632 0.16250000894069672 0.15312500298023224
0 0.2265625 0.9093750715255737 0.14687500894069672 0.13593749701976776
2 0.8578125238418579 0.7864583730697632 0.078125 0.06406249850988388
2 0.35234376788139343 0.6843750476837158 0.05156249925494194 0.05781250074505806
1 0.5531250238418579 0.40416669845581055 0.3499999940395355 0.3343749940395355
0 0.5335937738418579 0.8989583849906921 0.17031250894069672 0.15156249701976776
0 0.8882812857627869 0.9156250357627869 0.16093750298023224 0.10781250149011612
0 0.871874988079071 0.25312501192092896 0.15937499701976776 0.18281249701976776
0 0.745312511920929 0.8989583849906921 0.15937499701976776 0.15156249701976776
0 0.37187501788139343 0.23750001192092896 0.16250000894069672 0.1875
0 0.26250001788139343 0.1093750074505806 0.1875 0.16093750298023224
0 0.08984375 0.10104167461395264 0.17656250298023224 0.1484375
0 0.5796875357627869 0.11041667312383652 0.17812500894069672 0.15000000596046448
0 0.17656250298023224 0.6458333730697632 0.16250000894069672 0.15312500298023224
0 0.2265625 0.9093750715255737 0.14687500894069672 0.13593749701976776
2 0.8578125238418579 0.7864583730697632 0.078125 0.06406249850988388
2 0.35234376788139343 0.6843750476837158 0.05156249925494194 0.05781250074505806
1 0.5531250238418579 0.40416669845581055 0.3499999940395355 0.3343749940395355
0 0.5335937738418579 0.8989583849906921 0.17031250894069672 0.15156249701976776
0 0.8882812857627869 0.9156250357627869 0.16093750298023224 0.10781250149011612
0 0.871874988079071 0.25312501192092896 0.15937499701976776 0.18281249701976776
0 0.745312511920929 0.8989583849906921 0.15937499701976776 0.15156249701976776
0 0.37187501788139343 0.23750001192092896 0.16250000894069672 0.1875
0 0.26250001788139343 0.1093750074505806 0.1875 0.16093750298023224
0 0.08984375 0.10104167461395264 0.17656250298023224 0.1484375
0 0.5796875357627869 0.11041667312383652 0.17812500894069672 0.15000000596046448
0 0.17656250298023224 0.6458333730697632 0.16250000894069672 0.15312500298023224
0 0.2265625 0.9093750715255737 0.14687500894069672 0.13593749701976776
2 0.8578125238418579 0.7864583730697632 0.078125 0.06406249850988388
2 0.35234376788139343 0.6843750476837158 0.05156249925494194 0.05781250074505806
1 0.5531250238418579 0.40416669845581055 0.3499999940395355 0.3343749940395355
0 0.5335937738418579 0.8989583849906921 0.17031250894069672 0.15156249701976776
0 0.8882812857627869 0.9156250357627869 0.16093750298023224 0.10781250149011612
0 0.871874988079071 0.25312501192092896 0.15937499701976776 0.18281249701976776
0 0.745312511920929 0.8989583849906921 0.15937499701976776 0.15156249701976776
0 0.37187501788139343 0.23750001192092896 0.16250000894069672 0.1875
0 0.26250001788139343 0.1093750074505806 0.1875 0.16093750298023224
0 0.08984375 0.10104167461395264 0.17656250298023224 0.1484375
0 0.5796875357627869 0.11041667312383652 0.17812500894069672 0.15000000596046448
0 0.17656250298023224 0.6458333730697632 0.16250000894069672 0.15312500298023224
0 0.2265625 0.9093750715255737 0.14687500894069672 0.13593749701976776
2 0.8578125238418579 0.7864583730697632 0.078125 0.06406249850988388
2 0.35234376788139343 0.6843750476837158 0.05156249925494194 0.05781250074505806
1 0.5531250238418579 0.40416669845581055 0.3499999940395355 0.3343749940395355
0 0.5335937738418579 0.8989583849906921 0.17031250894069672 0.15156249701976776
0 0.8882812857627869 0.9156250357627869 0.16093750298023224 0.10781250149011612
0 0.871874988079071 0.25312501192092896 0.15937499701976776 0.18281249701976776
0 0.745312511920929 0.8989583849906921 0.15937499701976776 0.15156249701976776
0 0.37187501788139343 0.23750001192092896 0.16250000894069672 0.1875
0 0.26250001788139343 0.1093750074505806 0.1875 0.16093750298023224
0 0.08984375 0.10104167461395264 0.17656250298023224 0.1484375
0 0.5796875357627869 0.11041667312383652 0.17812500894069672 0.15000000596046448
0 0.17656250298023224 0.6458333730697632 0.16250000894069672 0.15312500298023224
0 0.2265625 0.9093750715255737 0.14687500894069672 0.13593749701976776
2 0.8578125238418579 0.7864583730697632 0.078125 0.06406249850988388
2 0.35234376788139343 0.6843750476837158 0.05156249925494194 0.05781250074505806
1 0.5531250238418579 0.40416669845581055 0.3499999940395355 0.3343749940395355
0 0.5335937738418579 0.8989583849906921 0.17031250894069672 0.15156249701976776
0 0.8882812857627869 0.9156250357627869 0.16093750298023224 0.10781250149011612
0 0.871874988079071 0.25312501192092896 0.15937499701976776 0.18281249701976776
0 0.745312511920929 0.8989583849906921 0.15937499701976776 0.15156249701976776
0 0.37187501788139343 0.23750001192092896 0.16250000894069672 0.1875
0 0.26250001788139343 0.1093750074505806 0.1875 0.16093750298023224
0 0.08984375 0.10104167461395264 0.17656250298023224 0.1484375
0 0.5796875357627869 0.11041667312383652 0.17812500894069672 0.15000000596046448
0 0.17656250298023224 0.6458333730697632 0.16250000894069672 0.15312500298023224
0 0.2265625 0.9093750715255737 0.14687500894069672 0.13593749701976776
2 0.8578125238418579 0.7864583730697632 0.078125 0.06406249850988388
2 0.35234376788139343 0.6843750476837158 0.05156249925494194 0.05781250074505806
1 0.5531250238418579 0.40416669845581055 0.3499999940395355 0.3343749940395355
0 0.5335937738418579 0.8989583849906921 0.17031250894069672 0.15156249701976776
0 0.8882812857627869 0.9156250357627869 0.16093750298023224 0.10781250149011612
0 0.871874988079071 0.25312501192092896 0.15937499701976776 0.18281249701976776
0 0.745312511920929 0.8989583849906921 0.15937499701976776 0.15156249701976776
0 0.37187501788139343 0.23750001192092896 0.16250000894069672 0.1875
0 0.26250001788139343 0.1093750074505806 0.1875 0.16093750298023224
0 0.08984375 0.10104167461395264 0.17656250298023224 0.1484375
0 0.5796875357627869 0.11041667312383652 0.17812500894069672 0.15000000596046448
0 0.17656250298023224 0.6458333730697632 0.16250000894069672 0.15312500298023224
0 0.2265625 0.9093750715255737 0.14687500894069672 0.13593749701976776
2 0.8578125238418579 0.7864583730697632 0.078125 0.06406249850988388
2 0.35234376788139343 0.6843750476837158 0.05156249925494194 0.05781250074505806
1 0.5531250238418579 0.40416669845581055 0.3499999940395355 0.3343749940395355
0 0.5335937738418579 0.8989583849906921 0.17031250894069672 0.15156249701976776
0 0.8882812857627869 0.9156250357627869 0.16093750298023224 0.10781250149011612
