0 0.5031250074971467 0.9010417136596516 0.21562500321306288 0.14843750221189111
0 0.7335937609313987 0.35000001825392246 0.18593750277068466 0.14687500218860805
0 0.9320312638883479 0.443750023143366 0.1359375020256266 0.14687500218860805
0 0.532812507939525 0.4937500257510692 0.14375000214204192 0.15000000223517418
0 0.3320312549476512 0.9020833803806454 0.1359375020256266 0.14687500218860805
0 0.412500006146729 0.6885417025769129 0.1312500019557774 0.13281250197906047
0 0.13046875194413587 0.09583333833143115 0.18593750277068466 0.1406250020954758
0 0.2476562536903657 0.5833333637565374 0.14843750221189111 0.13437500200234354
0 0.9257812637952156 0.6333333663642406 0.14843750221189111 0.13437500200234354
0 0.9390625139931217 0.8208333761431277 0.12187500181607902 0.13437500200234354
0 0.6320312594179995 0.49687502591405064 0.12343750183936208 0.11718750174622983
1 0.44062500656582415 0.2354166789446026 0.22187500330619514 0.20000000298023224
1 0.4343750064726919 0.4343750226544216 0.04687500069849193 0.04531250067520887
1 0.825000012293458 0.4885416921461001 0.04687500069849193 0.04531250067520887
0 0.5031250074971467 0.9010417136596516 0.21562500321306288 0.14843750221189111
0 0.7335937609313987 0.35000001825392246 0.18593750277068466 0.14687500218860805
0 0.9320312638883479 0.443750023143366 0.1359375020256266 0.14687500218860805
0 0.532812507939525 0.4937500257510692 0.14375000214204192 0.15000000223517418
0 0.3320312549476512 0.9020833803806454 0.1359375020256266 0.14687500218860805
0 0.412500006146729 0.6885417025769129 0.1312500019557774 0.13281250197906047
0 0.13046875194413587 0.09583333833143115 0.18593750277068466 0.1406250020954758
0 0.2476562536903657 0.5833333637565374 0.14843750221189111 0.13437500200234354
0 0.9257812637952156 0.6333333663642406 0.14843750221189111 0.13437500200234354
0 0.9390625139931217 0.8208333761431277 0.12187500181607902 0.13437500200234354
0 0.6320312594179995 0.49687502591405064 0.12343750183936208 0.11718750174622983
1 0.44062500656582415 0.2354166789446026 0.22187500330619514 0.20000000298023224
1 0.4343750064726919 0.4343750226544216 0.04687500069849193 0.04531250067520887
1 0.825000012293458 0.4885416921461001 0.04687500069849193 0.04531250067520887
0 0.5031250074971467 0.9010417136596516 0.21562500321306288 0.14843750221189111
0 0.7335937609313987 0.35000001825392246 0.18593750277068466 0.14687500218860805
0 0.9320312638883479 0.443750023143366 0.1359375020256266 0.14687500218860805
0 0.532812507939525 0.4937500257510692 0.14375000214204192 0.15000000223517418
0 0.3320312549476512 0.9020833803806454 0.1359375020256266 0.14687500218860805
0 0.412500006146729 0.6885417025769129 0.1312500019557774 0.13281250197906047
0 0.13046875194413587 0.09583333833143115 0.18593750277068466 0.1406250020954758
0 0.2476562536903657 0.5833333637565374 0.14843750221189111 0.13437500200234354
0 0.9257812637952156 0.6333333663642406 0.14843750221189111 0.13437500200234354
0 0.9390625139931217 0.8208333761431277 0.12187500181607902 0.13437500200234354
0 0.6320312594179995 0.49687502591405064 0.12343750183936208 0.11718750174622983
1 0.44062500656582415 0.2354166789446026 0.22187500330619514 0.20000000298023224
1 0.4343750064726919 0.4343750226544216 0.04687500069849193 0.04531250067520887
1 0.825000012293458 0.4885416921461001 0.04687500069849193 0.04531250067520887
0 0.5031250074971467 0.9010417136596516 0.21562500321306288 0.14843750221189111
0 0.7335937609313987 0.35000001825392246 0.18593750277068466 0.14687500218860805
0 0.9320312638883479 0.443750023143366 0.1359375020256266 0.14687500218860805
0 0.532812507939525 0.4937500257510692 0.14375000214204192 0.15000000223517418
0 0.3320312549476512 0.9020833803806454 0.1359375020256266 0.14687500218860805
0 0.412500006146729 0.6885417025769129 0.1312500019557774 0.13281250197906047
0 0.13046875194413587 0.09583333833143115 0.18593750277068466 0.1406250020954758
0 0.2476562536903657 0.5833333637565374 0.14843750221189111 0.13437500200234354
0 0.9257812637952156 0.6333333663642406 0.14843750221189111 0.13437500200234354
0 0.9390625139931217 0.8208333761431277 0.12187500181607902 0.13437500200234354
0 0.6320312594179995 0.49687502591405064 0.12343750183936208 0.11718750174622983
1 0.44062500656582415 0.2354166789446026 0.22187500330619514 0.20000000298023224
1 0.4343750064726919 0.4343750226544216 0.04687500069849193 0.04531250067520887
1 0.825000012293458 0.4885416921461001 0.04687500069849193 0.04531250067520887
0 0.5031250074971467 0.9010417136596516 0.21562500321306288 0.14843750221189111
0 0.7335937609313987 0.35000001825392246 0.18593750277068466 0.14687500218860805
0 0.9320312638883479 0.443750023143366 0.1359375020256266 0.14687500218860805
0 0.532812507939525 0.4937500257510692 0.14375000214204192 0.15000000223517418
0 0.3320312549476512 0.9020833803806454 0.1359375020256266 0.14687500218860805
0 0.412500006146729 0.6885417025769129 0.1312500019557774 0.13281250197906047
0 0.13046875194413587 0.09583333833143115 0.18593750277068466 0.1406250020954758
0 0.2476562536903657 0.5833333637565374 0.14843750221189111 0.13437500200234354
0 0.9257812637952156 0.6333333663642406 0.14843750221189111 0.13437500200234354
0 0.9390625139931217 0.8208333761431277 0.12187500181607902 0.13437500200234354
0 0.6320312594179995 0.49687502591405064 0.12343750183936208 0.11718750174622983
1 0.44062500656582415 0.2354166789446026 0.22187500330619514 0.20000000298023224
1 0.4343750064726919 0.4343750226544216 0.04687500069849193 0.04531250067520887
1 0.825000012293458 0.4885416921461001 0.04687500069849193 0.04531250067520887
0 0.5031250074971467 0.9010417136596516 0.21562500321306288 0.14843750221189111
0 0.7335937609313987 0.35000001825392246 0.18593750277068466 0.14687500218860805
0 0.9320312638883479 0.443750023143366 0.1359375020256266 0.14687500218860805
0 0.532812507939525 0.4937500257510692 0.14375000214204192 0.15000000223517418
0 0.3320312549476512 0.9020833803806454 0.1359375020256266 0.14687500218860805
0 0.412500006146729 0.6885417025769129 0.1312500019557774 0.13281250197906047
0 0.13046875194413587 0.09583333833143115 0.18593750277068466 0.1406250020954758
0 0.2476562536903657 0.5833333637565374 0.14843750221189111 0.13437500200234354
0 0.9257812637952156 0.6333333663642406 0.14843750221189111 0.13437500200234354
0 0.9390625139931217 0.8208333761431277 0.12187500181607902 0.13437500200234354
0 0.6320312594179995 0.49687502591405064 0.12343750183936208 0.11718750174622983
1 0.44062500656582415 0.2354166789446026 0.22187500330619514 0.20000000298023224
1 0.4343750064726919 0.4343750226544216 0.04687500069849193 0.04531250067520887
1 0.825000012293458 0.4885416921461001 0.04687500069849193 0.04531250067520887
0 0.5031250074971467 0.9010417136596516 0.21562500321306288 0.14843750221189111
0 0.7335937609313987 0.35000001825392246 0.18593750277068466 0.14687500218860805
0 0.9320312638883479 0.443750023143366 0.1359375020256266 0.14687500218860805
0 0.532812507939525 0.4937500257510692 0.14375000214204192 0.15000000223517418
0 0.3320312549476512 0.9020833803806454 0.1359375020256266 0.14687500218860805
0 0.412500006146729 0.6885417025769129 0.1312500019557774 0.13281250197906047
0 0.13046875194413587 0.09583333833143115 0.18593750277068466 0.1406250020954758
0 0.2476562536903657 0.5833333637565374 0.14843750221189111 0.13437500200234354
0 0.9257812637952156 0.6333333663642406 0.14843750221189111 0.13437500200234354
0 0.9390625139931217 0.8208333761431277 0.12187500181607902 0.13437500200234354
0 0.6320312594179995 0.49687502591405064 0.12343750183936208 0.11718750174622983
1 0.44062500656582415 0.2354166789446026 0.22187500330619514 0.20000000298023224
1 0.4343750064726919 0.4343750226544216 0.04687500069849193 0.04531250067520887
1 0.825000012293458 0.4885416921461001 0.04687500069849193 0.04531250067520887
0 0.5031250074971467 0.9010417136596516 0.21562500321306288 0.14843750221189111
0 0.7335937609313987 0.35000001825392246 0.18593750277068466 0.14687500218860805
0 0.9320312638883479 0.443750023143366 0.1359375020256266 0.14687500218860805
0 0.532812507939525 0.4937500257510692 0.14375000214204192 0.15000000223517418
0 0.3320312549476512 0.9020833803806454 0.1359375020256266 0.14687500218860805
0 0.412500006146729 0.6885417025769129 0.1312500019557774 0.13281250197906047
0 0.13046875194413587 0.09583333833143115 0.18593750277068466 0.1406250020954758
0 0.2476562536903657 0.5833333637565374 0.14843750221189111 0.13437500200234354
0 0.9257812637952156 0.6333333663642406 0.14843750221189111 0.13437500200234354
0 0.9390625139931217 0.8208333761431277 0.12187500181607902 0.13437500200234354
0 0.6320312594179995 0.49687502591405064 0.12343750183936208 0.11718750174622983
1 0.44062500656582415 0.2354166789446026 0.22187500330619514 0.20000000298023224
1 0.4343750064726919 0.4343750226544216 0.04687500069849193 0.04531250067520887
1 0.825000012293458 0.4885416921461001 0.04687500069849193 0.04531250067520887
0 0.5031250074971467 0.9010417136596516 0.21562500321306288 0.14843750221189111
0 0.7335937609313987 0.35000001825392246 0.18593750277068466 0.14687500218860805
0 0.9320312638883479 0.443750023143366 0.1359375020256266 0.14687500218860805
0 0.532812507939525 0.4937500257510692 0.14375000214204192 0.15000000223517418
0 0.3320312549476512 0.9020833803806454 0.1359375020256266 0.14687500218860805
0 0.412500006146729 0.6885417025769129 0.1312500019557774 0.13281250197906047
0 0.13046875194413587 0.09583333833143115 0.18593750277068466 0.1406250020954758
0 0.2476562536903657 0.5833333637565374 0.14843750221189111 0.13437500200234354
0 0.9257812637952156 0.6333333663642406 0.14843750221189111 0.13437500200234354
0 0.9390625139931217 0.8208333761431277 0.12187500181607902 0.13437500200234354
0 0.6320312594179995 0.49687502591405064 0.12343750183936208 0.11718750174622983
1 0.44062500656582415 0.2354166789446026 0.22187500330619514 0.20000000298023224
1 0.4343750064726919 0.4343750226544216 0.04687500069849193 0.04531250067520887
1 0.825000012293458 0.4885416921461001 0.04687500069849193 0.04531250067520887
0 0.5031250074971467 0.9010417136596516 0.21562500321306288 0.14843750221189111
0 0.7335937609313987 0.35000001825392246 0.18593750277068466 0.14687500218860805
0 0.9320312638883479 0.443750023143366 0.1359375020256266 0.14687500218860805
0 0.532812507939525 0.4937500257510692 0.14375000214204192 0.15000000223517418
0 0.3320312549476512 0.9020833803806454 0.1359375020256266 0.14687500218860805
0 0.412500006146729 0.6885417025769129 0.1312500019557774 0.13281250197906047
0 0.13046875194413587 0.09583333833143115 0.18593750277068466 0.1406250020954758
0 0.2476562536903657 0.5833333637565374 0.14843750221189111 0.13437500200234354
0 0.9257812637952156 0.6333333663642406 0.14843750221189111 0.13437500200234354
0 0.9390625139931217 0.8208333761431277 0.12187500181607902 0.13437500200234354
0 0.6320312594179995 0.49687502591405064 0.12343750183936208 0.11718750174622983
1 0.44062500656582415 0.2354166789446026 0.22187500330619514 0.20000000298023224
1 0.4343750064726919 0.4343750226544216 0.04687500069849193 0.04531250067520887
1 0.825000012293458 0.4885416921461001 0.04687500069849193 0.04531250067520887
0 0.5031250074971467 0.9010417136596516 0.21562500321306288 0.14843750221189111
0 0.7335937609313987 0.35000001825392246 0.18593750277068466 0.14687500218860805
0 0.9320312638883479 0.443750023143366 0.1359375020256266 0.14687500218860805
0 0.532812507939525 0.4937500257510692 0.14375000214204192 0.15000000223517418
0 0.3320312549476512 0.9020833803806454 0.1359375020256266 0.14687500218860805
0 0.412500006146729 0.6885417025769129 0.1312500019557774 0.13281250197906047
0 0.13046875194413587 0.09583333833143115 0.18593750277068466 0.1406250020954758
0 0.2476562536903657 0.5833333637565374 0.14843750221189111 0.13437500200234354
0 0.9257812637952156 0.6333333663642406 0.14843750221189111 0.13437500200234354
0 0.9390625139931217 0.8208333761431277 0.12187500181607902 0.13437500200234354
0 0.6320312594179995 0.49687502591405064 0.12343750183936208 0.11718750174622983
1 0.44062500656582415 0.2354166789446026 0.22187500330619514 0.20000000298023224
1 0.4343750064726919 0.4343750226544216 0.04687500069849193 0.04531250067520887
1 0.825000012293458 0.4885416921461001 0.04687500069849193 0.04531250067520887
0 0.5031250074971467 0.9010417136596516 0.21562500321306288 0.14843750221189111
0 0.7335937609313987 0.35000001825392246 0.18593750277068466 0.14687500218860805
0 0.9320312638883479 0.443750023143366 0.1359375020256266 0.14687500218860805
0 0.532812507939525 0.4937500257510692 0.14375000214204192 0.15000000223517418
0 0.3320312549476512 0.9020833803806454 0.1359375020256266 0.14687500218860805
0 0.412500006146729 0.6885417025769129 0.1312500019557774 0.13281250197906047
0 0.13046875194413587 0.09583333833143115 0.18593750277068466 0.1406250020954758
0 0.2476562536903657 0.5833333637565374 0.14843750221189111 0.13437500200234354
0 0.9257812637952156 0.6333333663642406 0.14843750221189111 0.13437500200234354
0 0.9390625139931217 0.8208333761431277 0.12187500181607902 0.13437500200234354
0 0.6320312594179995 0.49687502591405064 0.12343750183936208 0.11718750174622983
1 0.44062500656582415 0.2354166789446026 0.22187500330619514 0.20000000298023224
1 0.4343750064726919 0.4343750226544216 0.04687500069849193 0.04531250067520887
1 0.825000012293458 0.4885416921461001 0.04687500069849193 0.04531250067520887
0 0.5031250074971467 0.9010417136596516 0.21562500321306288 0.14843750221189111
0 0.7335937609313987 0.35000001825392246 0.18593750277068466 0.14687500218860805
0 0.9320312638883479 0.443750023143366 0.1359375020256266 0.14687500218860805
0 0.532812507939525 0.4937500257510692 0.14375000214204192 0.15000000223517418
0 0.3320312549476512 0.9020833803806454 0.1359375020256266 0.14687500218860805
0 0.412500006146729 0.6885417025769129 0.1312500019557774 0.13281250197906047
0 0.13046875194413587 0.09583333833143115 0.18593750277068466 0.1406250020954758
0 0.2476562536903657 0.5833333637565374 0.14843750221189111 0.13437500200234354
0 0.9257812637952156 0.6333333663642406 0.14843750221189111 0.13437500200234354
0 0.9390625139931217 0.8208333761431277 0.12187500181607902 0.13437500200234354
0 0.6320312594179995 0.49687502591405064 0.12343750183936208 0.11718750174622983
1 0.44062500656582415 0.2354166789446026 0.22187500330619514 0.20000000298023224
1 0.4343750064726919 0.4343750226544216 0.04687500069849193 0.04531250067520887
1 0.825000012293458 0.4885416921461001 0.04687500069849193 0.04531250067520887
0 0.5031250074971467 0.9010417136596516 0.21562500321306288 0.14843750221189111
0 0.7335937609313987 0.35000001825392246 0.18593750277068466 0.14687500218860805
0 0.9320312638883479 0.443750023143366 0.1359375020256266 0.14687500218860805
0 0.532812507939525 0.4937500257510692 0.14375000214204192 0.15000000223517418
0 0.3320312549476512 0.9020833803806454 0.1359375020256266 0.14687500218860805
0 0.412500006146729 0.6885417025769129 0.1312500019557774 0.13281250197906047
0 0.13046875194413587 0.09583333833143115 0.18593750277068466 0.1406250020954758
0 0.2476562536903657 0.5833333637565374 0.14843750221189111 0.13437500200234354
0 0.9257812637952156 0.6333333663642406 0.14843750221189111 0.13437500200234354
0 0.9390625139931217 0.8208333761431277 0.12187500181607902 0.13437500200234354
0 0.6320312594179995 0.49687502591405064 0.12343750183936208 0.11718750174622983
1 0.44062500656582415 0.2354166789446026 0.22187500330619514 0.20000000298023224
2 0.4343750064726919 0.4343750226544216 0.04687500069849193 0.04531250067520887
2 0.825000012293458 0.4885416921461001 0.04687500069849193 0.04531250067520887
0 0.5031250074971467 0.9010417136596516 0.21562500321306288 0.14843750221189111
0 0.7335937609313987 0.35000001825392246 0.18593750277068466 0.14687500218860805
0 0.9320312638883479 0.443750023143366 0.1359375020256266 0.14687500218860805
0 0.532812507939525 0.4937500257510692 0.14375000214204192 0.15000000223517418
0 0.3320312549476512 0.9020833803806454 0.1359375020256266 0.14687500218860805
0 0.412500006146729 0.6885417025769129 0.1312500019557774 0.13281250197906047
0 0.13046875194413587 0.09583333833143115 0.18593750277068466 0.1406250020954758
0 0.2476562536903657 0.5833333637565374 0.14843750221189111 0.13437500200234354
0 0.9257812637952156 0.6333333663642406 0.14843750221189111 0.13437500200234354
0 0.9390625139931217 0.8208333761431277 0.12187500181607902 0.13437500200234354
0 0.6320312594179995 0.49687502591405064 0.12343750183936208 0.11718750174622983
1 0.44062500656582415 0.2354166789446026 0.22187500330619514 0.20000000298023224
2 0.4343750064726919 0.4343750226544216 0.04687500069849193 0.04531250067520887
2 0.825000012293458 0.4885416921461001 0.04687500069849193 0.04531250067520887
0 0.503125011920929 0.9010416865348816 0.21562500298023224 0.1484375
0 0.733593761920929 0.3500000238418579 0.18593750894069672 0.14687500894069672
0 0.9320312738418579 0.4437500238418579 0.13593749701976776 0.14687500894069672
0 0.5328125357627869 0.49375003576278687 0.14374999701976776 0.15000000596046448
0 0.33203125 0.9020833969116211 0.13593749701976776 0.14687500894069672
0 0.4124999940395355 0.6885417103767395 0.13125000894069672 0.1328125
0 0.13046875596046448 0.09583333879709244 0.18593750894069672 0.140625
0 0.24765625596046448 0.5833333730697632 0.1484375 0.13437500596046448
0 0.92578125 0.6333333849906921 0.1484375 0.13437500596046448
0 0.9390625357627869 0.8208333849906921 0.12187500298023224 0.13437500596046448
0 0.632031261920929 0.49687501788139343 0.12343750149011612 0.1171875
1 0.44062501192092896 0.23541668057441711 0.22187499701976776 0.20000000298023224
2 0.43437501788139343 0.43437501788139343 0.046875 0.04531250149011612
2 0.824999988079071 0.48854169249534607 0.046875 0.04531250149011612
0 0.503125011920929 0.9010416865348816 0.21562500298023224 0.1484375
0 0.733593761920929 0.3500000238418579 0.18593750894069672 0.14687500894069672
0 0.9320312738418579 0.4437500238418579 0.13593749701976776 0.14687500894069672
0 0.5328125357627869 0.49375003576278687 0.14374999701976776 0.15000000596046448
0 0.33203125 0.9020833969116211 0.13593749701976776 0.14687500894069672
0 0.4124999940395355 0.6885417103767395 0.13125000894069672 0.1328125
0 0.13046875596046448 0.09583333879709244 0.18593750894069672 0.140625
0 0.24765625596046448 0.5833333730697632 0.1484375 0.13437500596046448
0 0.92578125 0.6333333849906921 0.1484375 0.13437500596046448
0 0.9390625357627869 0.8208333849906921 0.12187500298023224 0.13437500596046448
0 0.632031261920929 0.49687501788139343 0.12343750149011612 0.1171875
1 0.44062501192092896 0.23541668057441711 0.22187499701976776 0.20000000298023224
2 0.43437501788139343 0.43437501788139343 0.046875 0.04531250149011612
2 0.824999988079071 0.48854169249534607 0.046875 0.04531250149011612
0 0.503125011920929 0.9010416865348816 0.21562500298023224 0.1484375
0 0.733593761920929 0.3500000238418579 0.18593750894069672 0.14687500894069672
0 0.9320312738418579 0.4437500238418579 0.13593749701976776 0.14687500894069672
0 0.5328125357627869 0.49375003576278687 0.14374999701976776 0.15000000596046448
0 0.33203125 0.9020833969116211 0.13593749701976776 0.14687500894069672
0 0.4124999940395355 0.6885417103767395 0.13125000894069672 0.1328125
0 0.13046875596046448 0.09583333879709244 0.18593750894069672 0.140625
0 0.24765625596046448 0.5833333730697632 0.1484375 0.13437500596046448
0 0.92578125 0.6333333849906921 0.1484375 0.13437500596046448
0 0.9390625357627869 0.8208333849906921 0.12187500298023224 0.13437500596046448
0 0.632031261920929 0.49687501788139343 0.12343750149011612 0.1171875
1 0.44062501192092896 0.23541668057441711 0.22187499701976776 0.20000000298023224
2 0.43437501788139343 0.43437501788139343 0.046875 0.04531250149011612
2 0.824999988079071 0.48854169249534607 0.046875 0.04531250149011612
0 0.503125011920929 0.9010416865348816 0.21562500298023224 0.1484375
0 0.733593761920929 0.3500000238418579 0.18593750894069672 0.14687500894069672
0 0.9320312738418579 0.4437500238418579 0.13593749701976776 0.14687500894069672
0 0.5328125357627869 0.49375003576278687 0.14374999701976776 0.15000000596046448
0 0.33203125 0.9020833969116211 0.13593749701976776 0.14687500894069672
0 0.4124999940395355 0.6885417103767395 0.13125000894069672 0.1328125
0 0.13046875596046448 0.09583333879709244 0.18593750894069672 0.140625
0 0.24765625596046448 0.5833333730697632 0.1484375 0.13437500596046448
0 0.92578125 0.6333333849906921 0.1484375 0.13437500596046448
0 0.9390625357627869 0.8208333849906921 0.12187500298023224 0.13437500596046448
0 0.632031261920929 0.49687501788139343 0.12343750149011612 0.1171875
1 0.44062501192092896 0.23541668057441711 0.22187499701976776 0.20000000298023224
2 0.43437501788139343 0.43437501788139343 0.046875 0.04531250149011612
2 0.824999988079071 0.48854169249534607 0.046875 0.04531250149011612
0 0.503125011920929 0.9010416865348816 0.21562500298023224 0.1484375
0 0.733593761920929 0.3500000238418579 0.18593750894069672 0.14687500894069672
0 0.9320312738418579 0.4437500238418579 0.13593749701976776 0.14687500894069672
0 0.5328125357627869 0.49375003576278687 0.14374999701976776 0.15000000596046448
0 0.33203125 0.9020833969116211 0.13593749701976776 0.14687500894069672
0 0.4124999940395355 0.6885417103767395 0.13125000894069672 0.1328125
0 0.13046875596046448 0.09583333879709244 0.18593750894069672 0.140625
0 0.24765625596046448 0.5833333730697632 0.1484375 0.13437500596046448
0 0.92578125 0.6333333849906921 0.1484375 0.13437500596046448
0 0.9390625357627869 0.8208333849906921 0.12187500298023224 0.13437500596046448
0 0.632031261920929 0.49687501788139343 0.12343750149011612 0.1171875
1 0.44062501192092896 0.23541668057441711 0.22187499701976776 0.20000000298023224
2 0.43437501788139343 0.43437501788139343 0.046875 0.04531250149011612
2 0.824999988079071 0.48854169249534607 0.046875 0.04531250149011612
0 0.503125011920929 0.9010416865348816 0.21562500298023224 0.1484375
0 0.733593761920929 0.3500000238418579 0.18593750894069672 0.14687500894069672
0 0.9320312738418579 0.4437500238418579 0.13593749701976776 0.14687500894069672
0 0.5328125357627869 0.49375003576278687 0.14374999701976776 0.15000000596046448
0 0.33203125 0.9020833969116211 0.13593749701976776 0.14687500894069672
0 0.4124999940395355 0.6885417103767395 0.13125000894069672 0.1328125
0 0.13046875596046448 0.09583333879709244 0.18593750894069672 0.140625
0 0.24765625596046448 0.5833333730697632 0.1484375 0.13437500596046448
0 0.92578125 0.6333333849906921 0.1484375 0.13437500596046448
0 0.9390625357627869 0.8208333849906921 0.12187500298023224 0.13437500596046448
0 0.632031261920929 0.49687501788139343 0.12343750149011612 0.1171875
1 0.44062501192092896 0.23541668057441711 0.22187499701976776 0.20000000298023224
2 0.43437501788139343 0.43437501788139343 0.046875 0.04531250149011612
2 0.824999988079071 0.48854169249534607 0.046875 0.04531250149011612
0 0.503125011920929 0.9010416865348816 0.21562500298023224 0.1484375
0 0.733593761920929 0.3500000238418579 0.18593750894069672 0.14687500894069672
0 0.9320312738418579 0.4437500238418579 0.13593749701976776 0.14687500894069672
0 0.5328125357627869 0.49375003576278687 0.14374999701976776 0.15000000596046448
0 0.33203125 0.9020833969116211 0.13593749701976776 0.14687500894069672
0 0.4124999940395355 0.6885417103767395 0.13125000894069672 0.1328125
0 0.13046875596046448 0.09583333879709244 0.18593750894069672 0.140625
0 0.24765625596046448 0.5833333730697632 0.1484375 0.13437500596046448
0 0.92578125 0.6333333849906921 0.1484375 0.13437500596046448
0 0.9390625357627869 0.8208333849906921 0.12187500298023224 0.13437500596046448
0 0.632031261920929 0.49687501788139343 0.12343750149011612 0.1171875
1 0.44062501192092896 0.23541668057441711 0.22187499701976776 0.20000000298023224
2 0.43437501788139343 0.43437501788139343 0.046875 0.04531250149011612
2 0.824999988079071 0.48854169249534607 0.046875 0.04531250149011612
