0 0.11093750165309757 0.8395833771210164 0.16562500246800482 0.16562500246800482
0 0.8812500131316483 0.54583336180076 0.16562500246800482 0.16562500246800482
0 0.8921875132946298 0.7708333735354245 0.16562500246800482 0.16562500246800482
0 0.6843750101979822 0.20000001043081284 0.16562500246800482 0.16562500246800482
0 0.5562500082887709 0.24375001271255314 0.16562500246800482 0.16562500246800482
0 0.2234375033294782 0.41666668839752674 0.16562500246800482 0.16562500246800482
1 0.449218756693881 0.5531250288477167 0.3109375046333298 0.31406250467989594
1 0.8296875123633072 0.654166700784117 0.05625000083819032 0.05000000074505806
0 0.11093750165309757 0.8395833771210164 0.16562500246800482 0.16562500246800482
0 0.8812500131316483 0.54583336180076 0.16562500246800482 0.16562500246800482
0 0.8921875132946298 0.7708333735354245 0.16562500246800482 0.16562500246800482
0 0.6843750101979822 0.20000001043081284 0.16562500246800482 0.16562500246800482
0 0.5562500082887709 0.24375001271255314 0.16562500246800482 0.16562500246800482
0 0.2234375033294782 0.41666668839752674 0.16562500246800482 0.16562500246800482
1 0.449218756693881 0.5531250288477167 0.3109375046333298 0.31406250467989594
1 0.8296875123633072 0.654166700784117 0.05625000083819032 0.05000000074505806
0 0.11093750165309757 0.8395833771210164 0.16562500246800482 0.16562500246800482
0 0.8812500131316483 0.54583336180076 0.16562500246800482 0.16562500246800482
0 0.8921875132946298 0.7708333735354245 0.16562500246800482 0.16562500246800482
0 0.6843750101979822 0.20000001043081284 0.16562500246800482 0.16562500246800482
0 0.5562500082887709 0.24375001271255314 0.16562500246800482 0.16562500246800482
0 0.2234375033294782 0.41666668839752674 0.16562500246800482 0.16562500246800482
1 0.449218756693881 0.5531250288477167 0.3109375046333298 0.31406250467989594
1 0.8296875123633072 0.654166700784117 0.05625000083819032 0.05000000074505806
0 0.11093750165309757 0.8395833771210164 0.16562500246800482 0.16562500246800482
0 0.8812500131316483 0.54583336180076 0.16562500246800482 0.16562500246800482
0 0.8921875132946298 0.7708333735354245 0.16562500246800482 0.16562500246800482
0 0.6843750101979822 0.20000001043081284 0.16562500246800482 0.16562500246800482
0 0.5562500082887709 0.24375001271255314 0.16562500246800482 0.16562500246800482
0 0.2234375033294782 0.41666668839752674 0.16562500246800482 0.16562500246800482
1 0.449218756693881 0.5531250288477167 0.3109375046333298 0.31406250467989594
1 0.8296875123633072 0.654166700784117 0.05625000083819032 0.05000000074505806
0 0.11093750165309757 0.8395833771210164 0.16562500246800482 0.16562500246800482
0 0.8812500131316483 0.54583336180076 0.16562500246800482 0.16562500246800482
0 0.8921875132946298 0.7708333735354245 0.16562500246800482 0.16562500246800482
0 0.6843750101979822 0.20000001043081284 0.16562500246800482 0.16562500246800482
0 0.5562500082887709 0.24375001271255314 0.16562500246800482 0.16562500246800482
0 0.2234375033294782 0.41666668839752674 0.16562500246800482 0.16562500246800482
1 0.449218756693881 0.5531250288477167 0.3109375046333298 0.31406250467989594
1 0.8296875123633072 0.654166700784117 0.05625000083819032 0.05000000074505806
0 0.11093750165309757 0.8395833771210164 0.16562500246800482 0.16562500246800482
0 0.8812500131316483 0.54583336180076 0.16562500246800482 0.16562500246800482
0 0.8921875132946298 0.7708333735354245 0.16562500246800482 0.16562500246800482
0 0.6843750101979822 0.20000001043081284 0.16562500246800482 0.16562500246800482
0 0.5562500082887709 0.24375001271255314 0.16562500246800482 0.16562500246800482
0 0.2234375033294782 0.41666668839752674 0.16562500246800482 0.16562500246800482
1 0.449218756693881 0.5531250288477167 0.3109375046333298 0.31406250467989594
1 0.8296875123633072 0.654166700784117 0.05625000083819032 0.05000000074505806
0 0.11093750165309757 0.8395833771210164 0.16562500246800482 0.16562500246800482
0 0.8812500131316483 0.54583336180076 0.16562500246800482 0.16562500246800482
0 0.8921875132946298 0.7708333735354245 0.16562500246800482 0.16562500246800482
0 0.6843750101979822 0.20000001043081284 0.16562500246800482 0.16562500246800482
0 0.5562500082887709 0.24375001271255314 0.16562500246800482 0.16562500246800482
0 0.2234375033294782 0.41666668839752674 0.16562500246800482 0.16562500246800482
1 0.449218756693881 0.5531250288477167 0.3109375046333298 0.31406250467989594
1 0.8296875123633072 0.654166700784117 0.05625000083819032 0.05000000074505806
0 0.11093750165309757 0.8395833771210164 0.16562500246800482 0.16562500246800482
0 0.8812500131316483 0.54583336180076 0.16562500246800482 0.16562500246800482
0 0.8921875132946298 0.7708333735354245 0.16562500246800482 0.16562500246800482
0 0.6843750101979822 0.20000001043081284 0.16562500246800482 0.16562500246800482
0 0.5562500082887709 0.24375001271255314 0.16562500246800482 0.16562500246800482
0 0.2234375033294782 0.41666668839752674 0.16562500246800482 0.16562500246800482
1 0.449218756693881 0.5531250288477167 0.3109375046333298 0.31406250467989594
1 0.8296875123633072 0.654166700784117 0.05625000083819032 0.05000000074505806
0 0.11093750165309757 0.8395833771210164 0.16562500246800482 0.16562500246800482
0 0.8812500131316483 0.54583336180076 0.16562500246800482 0.16562500246800482
0 0.8921875132946298 0.7708333735354245 0.16562500246800482 0.16562500246800482
0 0.6843750101979822 0.20000001043081284 0.16562500246800482 0.16562500246800482
0 0.5562500082887709 0.24375001271255314 0.16562500246800482 0.16562500246800482
0 0.2234375033294782 0.41666668839752674 0.16562500246800482 0.16562500246800482
1 0.449218756693881 0.5531250288477167 0.3109375046333298 0.31406250467989594
1 0.8296875123633072 0.654166700784117 0.05625000083819032 0.05000000074505806
0 0.11093750165309757 0.8395833771210164 0.16562500246800482 0.16562500246800482
0 0.8812500131316483 0.54583336180076 0.16562500246800482 0.16562500246800482
0 0.8921875132946298 0.7708333735354245 0.16562500246800482 0.16562500246800482
0 0.6843750101979822 0.20000001043081284 0.16562500246800482 0.16562500246800482
0 0.5562500082887709 0.24375001271255314 0.16562500246800482 0.16562500246800482
0 0.2234375033294782 0.41666668839752674 0.16562500246800482 0.16562500246800482
1 0.449218756693881 0.5531250288477167 0.3109375046333298 0.31406250467989594
1 0.8296875123633072 0.654166700784117 0.05625000083819032 0.05000000074505806
0 0.11093750165309757 0.8395833771210164 0.16562500246800482 0.16562500246800482
0 0.8812500131316483 0.54583336180076 0.16562500246800482 0.16562500246800482
0 0.8921875132946298 0.7708333735354245 0.16562500246800482 0.16562500246800482
0 0.6843750101979822 0.20000001043081284 0.16562500246800482 0.16562500246800482
0 0.5562500082887709 0.24375001271255314 0.16562500246800482 0.16562500246800482
0 0.2234375033294782 0.41666668839752674 0.16562500246800482 0.16562500246800482
1 0.449218756693881 0.5531250288477167 0.3109375046333298 0.31406250467989594
1 0.8296875123633072 0.654166700784117 0.05625000083819032 0.05000000074505806
0 0.11093750165309757 0.8395833771210164 0.16562500246800482 0.16562500246800482
0 0.8812500131316483 0.54583336180076 0.16562500246800482 0.16562500246800482
0 0.8921875132946298 0.7708333735354245 0.16562500246800482 0.16562500246800482
0 0.6843750101979822 0.20000001043081284 0.16562500246800482 0.16562500246800482
0 0.5562500082887709 0.24375001271255314 0.16562500246800482 0.16562500246800482
0 0.2234375033294782 0.41666668839752674 0.16562500246800482 0.16562500246800482
1 0.449218756693881 0.5531250288477167 0.3109375046333298 0.31406250467989594
1 0.8296875123633072 0.654166700784117 0.05625000083819032 0.05000000074505806
0 0.11093750165309757 0.8395833771210164 0.16562500246800482 0.16562500246800482
0 0.8812500131316483 0.54583336180076 0.16562500246800482 0.16562500246800482
0 0.8921875132946298 0.7708333735354245 0.16562500246800482 0.16562500246800482
0 0.6843750101979822 0.20000001043081284 0.16562500246800482 0.16562500246800482
0 0.5562500082887709 0.24375001271255314 0.16562500246800482 0.16562500246800482
0 0.2234375033294782 0.41666668839752674 0.16562500246800482 0.16562500246800482
1 0.449218756693881 0.5531250288477167 0.3109375046333298 0.31406250467989594
1 0.8296875123633072 0.654166700784117 0.05625000083819032 0.05000000074505806
0 0.11093750165309757 0.8395833771210164 0.16562500246800482 0.16562500246800482
0 0.8812500131316483 0.54583336180076 0.16562500246800482 0.16562500246800482
0 0.8921875132946298 0.7708333735354245 0.16562500246800482 0.16562500246800482
0 0.6843750101979822 0.20000001043081284 0.16562500246800482 0.16562500246800482
0 0.5562500082887709 0.24375001271255314 0.16562500246800482 0.16562500246800482
0 0.2234375033294782 0.41666668839752674 0.16562500246800482 0.16562500246800482
1 0.449218756693881 0.5531250288477167 0.3109375046333298 0.31406250467989594
2 0.8296875123633072 0.654166700784117 0.05625000083819032 0.05000000074505806
0 0.11093750165309757 0.8395833771210164 0.16562500246800482 0.16562500246800482
0 0.8812500131316483 0.54583336180076 0.16562500246800482 0.16562500246800482
0 0.8921875132946298 0.7708333735354245 0.16562500246800482 0.16562500246800482
0 0.6843750101979822 0.20000001043081284 0.16562500246800482 0.16562500246800482
0 0.5562500082887709 0.24375001271255314 0.16562500246800482 0.16562500246800482
0 0.2234375033294782 0.41666668839752674 0.16562500246800482 0.16562500246800482
1 0.449218756693881 0.5531250288477167 0.3109375046333298 0.31406250467989594
2 0.8296875123633072 0.654166700784117 0.05625000083819032 0.05000000074505806
0 0.11093749850988388 0.8395833969116211 0.16562500596046448 0.16562500596046448
0 0.8812500238418579 0.5458333492279053 0.16562500596046448 0.16562500596046448
0 0.8921875357627869 0.7708333730697632 0.16562500596046448 0.16562500596046448
0 0.684374988079071 0.20000001788139343 0.16562500596046448 0.16562500596046448
0 0.5562500357627869 0.24375000596046448 0.16562500596046448 0.16562500596046448
0 0.22343750298023224 0.4166666865348816 0.16562500596046448 0.16562500596046448
1 0.44921875 0.5531250238418579 0.3109374940395355 0.3140625059604645
2 0.8296875357627869 0.6541666984558105 0.05625000223517418 0.05000000074505806
0 0.11093749850988388 0.8395833969116211 0.16562500596046448 0.16562500596046448
0 0.8812500238418579 0.5458333492279053 0.16562500596046448 0.16562500596046448
0 0.8921875357627869 0.7708333730697632 0.16562500596046448 0.16562500596046448
0 0.684374988079071 0.20000001788139343 0.16562500596046448 0.16562500596046448
0 0.5562500357627869 0.24375000596046448 0.16562500596046448 0.16562500596046448
0 0.22343750298023224 0.4166666865348816 0.16562500596046448 0.16562500596046448
1 0.44921875 0.5531250238418579 0.3109374940395355 0.3140625059604645
2 0.8296875357627869 0.6541666984558105 0.05625000223517418 0.05000000074505806
0 0.11093749850988388 0.8395833969116211 0.16562500596046448 0.16562500596046448
0 0.8812500238418579 0.5458333492279053 0.16562500596046448 0.16562500596046448
0 0.8921875357627869 0.7708333730697632 0.16562500596046448 0.16562500596046448
0 0.684374988079071 0.20000001788139343 0.16562500596046448 0.16562500596046448
0 0.5562500357627869 0.24375000596046448 0.16562500596046448 0.16562500596046448
0 0.22343750298023224 0.4166666865348816 0.16562500596046448 0.16562500596046448
1 0.44921875 0.5531250238418579 0.3109374940395355 0.3140625059604645
2 0.8296875357627869 0.6541666984558105 0.05625000223517418 0.05000000074505806
0 0.11093749850988388 0.8395833969116211 0.16562500596046448 0.16562500596046448
0 0.8812500238418579 0.5458333492279053 0.16562500596046448 0.16562500596046448
0 0.8921875357627869 0.7708333730697632 0.16562500596046448 0.16562500596046448
0 0.684374988079071 0.20000001788139343 0.16562500596046448 0.16562500596046448
0 0.5562500357627869 0.24375000596046448 0.16562500596046448 0.16562500596046448
0 0.22343750298023224 0.4166666865348816 0.16562500596046448 0.16562500596046448
1 0.44921875 0.5531250238418579 0.3109374940395355 0.3140625059604645
2 0.8296875357627869 0.6541666984558105 0.05625000223517418 0.05000000074505806
0 0.11093749850988388 0.8395833969116211 0.16562500596046448 0.16562500596046448
0 0.8812500238418579 0.5458333492279053 0.16562500596046448 0.16562500596046448
0 0.8921875357627869 0.7708333730697632 0.16562500596046448 0.16562500596046448
0 0.684374988079071 0.20000001788139343 0.16562500596046448 0.16562500596046448
0 0.5562500357627869 0.24375000596046448 0.16562500596046448 0.16562500596046448
0 0.22343750298023224 0.4166666865348816 0.16562500596046448 0.16562500596046448
1 0.44921875 0.5531250238418579 0.3109374940395355 0.3140625059604645
2 0.8296875357627869 0.6541666984558105 0.05625000223517418 0.05000000074505806
0 0.11093749850988388 0.8395833969116211 0.16562500596046448 0.16562500596046448
0 0.8812500238418579 0.5458333492279053 0.16562500596046448 0.16562500596046448
0 0.8921875357627869 0.7708333730697632 0.16562500596046448 0.16562500596046448
0 0.684374988079071 0.20000001788139343 0.16562500596046448 0.16562500596046448
0 0.5562500357627869 0.24375000596046448 0.16562500596046448 0.16562500596046448
0 0.22343750298023224 0.4166666865348816 0.16562500596046448 0.16562500596046448
1 0.44921875 0.5531250238418579 0.3109374940395355 0.3140625059604645
2 0.8296875357627869 0.6541666984558105 0.05625000223517418 0.05000000074505806
0 0.11093749850988388 0.8395833969116211 0.16562500596046448 0.16562500596046448
0 0.8812500238418579 0.5458333492279053 0.16562500596046448 0.16562500596046448
0 0.8921875357627869 0.7708333730697632 0.16562500596046448 0.16562500596046448
0 0.684374988079071 0.20000001788139343 0.16562500596046448 0.16562500596046448
0 0.5562500357627869 0.24375000596046448 0.16562500596046448 0.16562500596046448
0 0.22343750298023224 0.4166666865348816 0.16562500596046448 0.16562500596046448
1 0.44921875 0.5531250238418579 0.3109374940395355 0.3140625059604645
2 0.8296875357627869 0.6541666984558105 0.05625000223517418 0.05000000074505806
