0 0.8039062619791366 0.5145833601709455 0.17656250263098627 0.1531250022817403
0 0.7210937607451342 0.6020833647344261 0.17656250263098627 0.1531250022817403
0 0.6585937598138116 0.1854166763368994 0.17656250263098627 0.1531250022817403
0 0.8921875132946298 0.27395834762137383 0.1843750027474016 0.17656250263098627
0 0.8109375120839104 0.25625001336447895 0.15937500237487257 0.1625000024214387
0 0.3617187553900294 0.45416669035330415 0.17656250263098627 0.1531250022817403
0 0.522656257788185 0.8479167108889669 0.17656250263098627 0.1531250022817403
0 0.9117187635856681 0.73958337190561 0.17656250263098627 0.1531250022817403
0 0.4460937566473149 0.1666666753590107 0.17656250263098627 0.1531250022817403
0 0.12421875185100362 0.19375001010484993 0.17656250263098627 0.1531250022817403
0 0.12109375180443749 0.7479167056735605 0.17656250263098627 0.1531250022817403
0 0.2773437541327439 0.6854167024139315 0.17656250263098627 0.1531250022817403
0 0.15859375236323103 0.8979167134966701 0.12968750193249434 0.1531250022817403
0 0.19062500284053385 0.40416668774560094 0.22500000335276127 0.18750000279396772
0 0.6984375104075298 0.9218750480795279 0.15000000223517418 0.11718750174622983
1 0.3125000046566129 0.8937500466126949 0.18125000270083547 0.15937500237487257
1 0.5898437587893568 0.20833334419876337 0.05468750081490725 0.04687500069849193
0 0.8039062619791366 0.5145833601709455 0.17656250263098627 0.1531250022817403
0 0.7210937607451342 0.6020833647344261 0.17656250263098627 0.1531250022817403
0 0.6585937598138116 0.1854166763368994 0.17656250263098627 0.1531250022817403
0 0.8921875132946298 0.27395834762137383 0.1843750027474016 0.17656250263098627
0 0.8109375120839104 0.25625001336447895 0.15937500237487257 0.1625000024214387
0 0.3617187553900294 0.45416669035330415 0.17656250263098627 0.1531250022817403
0 0.522656257788185 0.8479167108889669 0.17656250263098627 0.1531250022817403
0 0.9117187635856681 0.73958337190561 0.17656250263098627 0.1531250022817403
0 0.4460937566473149 0.1666666753590107 0.17656250263098627 0.1531250022817403
0 0.12421875185100362 0.19375001010484993 0.17656250263098627 0.1531250022817403
0 0.12109375180443749 0.7479167056735605 0.17656250263098627 0.1531250022817403
0 0.2773437541327439 0.6854167024139315 0.17656250263098627 0.1531250022817403
0 0.15859375236323103 0.8979167134966701 0.12968750193249434 0.1531250022817403
0 0.19062500284053385 0.40416668774560094 0.22500000335276127 0.18750000279396772
0 0.6984375104075298 0.9218750480795279 0.15000000223517418 0.11718750174622983
1 0.3125000046566129 0.8937500466126949 0.18125000270083547 0.15937500237487257
1 0.5898437587893568 0.20833334419876337 0.05468750081490725 0.04687500069849193
0 0.8039062619791366 0.5145833601709455 0.17656250263098627 0.1531250022817403
0 0.7210937607451342 0.6020833647344261 0.17656250263098627 0.1531250022817403
0 0.6585937598138116 0.1854166763368994 0.17656250263098627 0.1531250022817403
0 0.8921875132946298 0.27395834762137383 0.1843750027474016 0.17656250263098627
0 0.8109375120839104 0.25625001336447895 0.15937500237487257 0.1625000024214387
0 0.3617187553900294 0.45416669035330415 0.17656250263098627 0.1531250022817403
0 0.522656257788185 0.8479167108889669 0.17656250263098627 0.1531250022817403
0 0.9117187635856681 0.73958337190561 0.17656250263098627 0.1531250022817403
0 0.4460937566473149 0.1666666753590107 0.17656250263098627 0.1531250022817403
0 0.12421875185100362 0.19375001010484993 0.17656250263098627 0.1531250022817403
0 0.12109375180443749 0.7479167056735605 0.17656250263098627 0.1531250022817403
0 0.2773437541327439 0.6854167024139315 0.17656250263098627 0.1531250022817403
0 0.15859375236323103 0.8979167134966701 0.12968750193249434 0.1531250022817403
0 0.19062500284053385 0.40416668774560094 0.22500000335276127 0.18750000279396772
0 0.6984375104075298 0.9218750480795279 0.15000000223517418 0.11718750174622983
1 0.3125000046566129 0.8937500466126949 0.18125000270083547 0.15937500237487257
1 0.5898437587893568 0.20833334419876337 0.05468750081490725 0.04687500069849193
0 0.8039062619791366 0.5145833601709455 0.17656250263098627 0.1531250022817403
0 0.7210937607451342 0.6020833647344261 0.17656250263098627 0.1531250022817403
0 0.6585937598138116 0.1854166763368994 0.17656250263098627 0.1531250022817403
0 0.8921875132946298 0.27395834762137383 0.1843750027474016 0.17656250263098627
0 0.8109375120839104 0.25625001336447895 0.15937500237487257 0.1625000024214387
0 0.3617187553900294 0.45416669035330415 0.17656250263098627 0.1531250022817403
0 0.522656257788185 0.8479167108889669 0.17656250263098627 0.1531250022817403
0 0.9117187635856681 0.73958337190561 0.17656250263098627 0.1531250022817403
0 0.4460937566473149 0.1666666753590107 0.17656250263098627 0.1531250022817403
0 0.12421875185100362 0.19375001010484993 0.17656250263098627 0.1531250022817403
0 0.12109375180443749 0.7479167056735605 0.17656250263098627 0.1531250022817403
0 0.2773437541327439 0.6854167024139315 0.17656250263098627 0.1531250022817403
0 0.15859375236323103 0.8979167134966701 0.12968750193249434 0.1531250022817403
0 0.19062500284053385 0.40416668774560094 0.22500000335276127 0.18750000279396772
0 0.6984375104075298 0.9218750480795279 0.15000000223517418 0.11718750174622983
1 0.3125000046566129 0.8937500466126949 0.18125000270083547 0.15937500237487257
1 0.5898437587893568 0.20833334419876337 0.05468750081490725 0.04687500069849193
0 0.8039062619791366 0.5145833601709455 0.17656250263098627 0.1531250022817403
0 0.7210937607451342 0.6020833647344261 0.17656250263098627 0.1531250022817403
0 0.6585937598138116 0.1854166763368994 0.17656250263098627 0.1531250022817403
0 0.8921875132946298 0.27395834762137383 0.1843750027474016 0.17656250263098627
0 0.8109375120839104 0.25625001336447895 0.15937500237487257 0.1625000024214387
0 0.3617187553900294 0.45416669035330415 0.17656250263098627 0.1531250022817403
0 0.522656257788185 0.8479167108889669 0.17656250263098627 0.1531250022817403
0 0.9117187635856681 0.73958337190561 0.17656250263098627 0.1531250022817403
0 0.4460937566473149 0.1666666753590107 0.17656250263098627 0.1531250022817403
0 0.12421875185100362 0.19375001010484993 0.17656250263098627 0.1531250022817403
0 0.12109375180443749 0.7479167056735605 0.17656250263098627 0.1531250022817403
0 0.2773437541327439 0.6854167024139315 0.17656250263098627 0.1531250022817403
0 0.15859375236323103 0.8979167134966701 0.12968750193249434 0.1531250022817403
0 0.19062500284053385 0.40416668774560094 0.22500000335276127 0.18750000279396772
0 0.6984375104075298 0.9218750480795279 0.15000000223517418 0.11718750174622983
1 0.3125000046566129 0.8937500466126949 0.18125000270083547 0.15937500237487257
1 0.5898437587893568 0.20833334419876337 0.05468750081490725 0.04687500069849193
0 0.8039062619791366 0.5145833601709455 0.17656250263098627 0.1531250022817403
0 0.7210937607451342 0.6020833647344261 0.17656250263098627 0.1531250022817403
0 0.6585937598138116 0.1854166763368994 0.17656250263098627 0.1531250022817403
0 0.8921875132946298 0.27395834762137383 0.1843750027474016 0.17656250263098627
0 0.8109375120839104 0.25625001336447895 0.15937500237487257 0.1625000024214387
0 0.3617187553900294 0.45416669035330415 0.17656250263098627 0.1531250022817403
0 0.522656257788185 0.8479167108889669 0.17656250263098627 0.1531250022817403
0 0.9117187635856681 0.73958337190561 0.17656250263098627 0.1531250022817403
0 0.4460937566473149 0.1666666753590107 0.17656250263098627 0.1531250022817403
0 0.12421875185100362 0.19375001010484993 0.17656250263098627 0.1531250022817403
0 0.12109375180443749 0.7479167056735605 0.17656250263098627 0.1531250022817403
0 0.2773437541327439 0.6854167024139315 0.17656250263098627 0.1531250022817403
0 0.15859375236323103 0.8979167134966701 0.12968750193249434 0.1531250022817403
0 0.19062500284053385 0.40416668774560094 0.22500000335276127 0.18750000279396772
0 0.6984375104075298 0.9218750480795279 0.15000000223517418 0.11718750174622983
1 0.3125000046566129 0.8937500466126949 0.18125000270083547 0.15937500237487257
1 0.5898437587893568 0.20833334419876337 0.05468750081490725 0.04687500069849193
0 0.8039062619791366 0.5145833601709455 0.17656250263098627 0.1531250022817403
0 0.7210937607451342 0.6020833647344261 0.17656250263098627 0.1531250022817403
0 0.6585937598138116 0.1854166763368994 0.17656250263098627 0.1531250022817403
0 0.8921875132946298 0.27395834762137383 0.1843750027474016 0.17656250263098627
0 0.8109375120839104 0.25625001336447895 0.15937500237487257 0.1625000024214387
0 0.3617187553900294 0.45416669035330415 0.17656250263098627 0.1531250022817403
0 0.522656257788185 0.8479167108889669 0.17656250263098627 0.1531250022817403
0 0.9117187635856681 0.73958337190561 0.17656250263098627 0.1531250022817403
0 0.4460937566473149 0.1666666753590107 0.17656250263098627 0.1531250022817403
0 0.12421875185100362 0.19375001010484993 0.17656250263098627 0.1531250022817403
0 0.12109375180443749 0.7479167056735605 0.17656250263098627 0.1531250022817403
0 0.2773437541327439 0.6854167024139315 0.17656250263098627 0.1531250022817403
0 0.15859375236323103 0.8979167134966701 0.12968750193249434 0.1531250022817403
0 0.19062500284053385 0.40416668774560094 0.22500000335276127 0.18750000279396772
0 0.6984375104075298 0.9218750480795279 0.15000000223517418 0.11718750174622983
1 0.3125000046566129 0.8937500466126949 0.18125000270083547 0.15937500237487257
1 0.5898437587893568 0.20833334419876337 0.05468750081490725 0.04687500069849193
0 0.8039062619791366 0.5145833601709455 0.17656250263098627 0.1531250022817403
0 0.7210937607451342 0.6020833647344261 0.17656250263098627 0.1531250022817403
0 0.6585937598138116 0.1854166763368994 0.17656250263098627 0.1531250022817403
0 0.8921875132946298 0.27395834762137383 0.1843750027474016 0.17656250263098627
0 0.8109375120839104 0.25625001336447895 0.15937500237487257 0.1625000024214387
0 0.3617187553900294 0.45416669035330415 0.17656250263098627 0.1531250022817403
0 0.522656257788185 0.8479167108889669 0.17656250263098627 0.1531250022817403
0 0.9117187635856681 0.73958337190561 0.17656250263098627 0.1531250022817403
0 0.4460937566473149 0.1666666753590107 0.17656250263098627 0.1531250022817403
0 0.12421875185100362 0.19375001010484993 0.17656250263098627 0.1531250022817403
0 0.12109375180443749 0.7479167056735605 0.17656250263098627 0.1531250022817403
0 0.2773437541327439 0.6854167024139315 0.17656250263098627 0.1531250022817403
0 0.15859375236323103 0.8979167134966701 0.12968750193249434 0.1531250022817403
0 0.19062500284053385 0.40416668774560094 0.22500000335276127 0.18750000279396772
0 0.6984375104075298 0.9218750480795279 0.15000000223517418 0.11718750174622983
1 0.3125000046566129 0.8937500466126949 0.18125000270083547 0.15937500237487257
1 0.5898437587893568 0.20833334419876337 0.05468750081490725 0.04687500069849193
0 0.8039062619791366 0.5145833601709455 0.17656250263098627 0.1531250022817403
0 0.7210937607451342 0.6020833647344261 0.17656250263098627 0.1531250022817403
0 0.6585937598138116 0.1854166763368994 0.17656250263098627 0.1531250022817403
0 0.8921875132946298 0.27395834762137383 0.1843750027474016 0.17656250263098627
0 0.8109375120839104 0.25625001336447895 0.15937500237487257 0.1625000024214387
0 0.3617187553900294 0.45416669035330415 0.17656250263098627 0.1531250022817403
0 0.522656257788185 0.8479167108889669 0.17656250263098627 0.1531250022817403
0 0.9117187635856681 0.73958337190561 0.17656250263098627 0.1531250022817403
0 0.4460937566473149 0.1666666753590107 0.17656250263098627 0.1531250022817403
0 0.12421875185100362 0.19375001010484993 0.17656250263098627 0.1531250022817403
0 0.12109375180443749 0.7479167056735605 0.17656250263098627 0.1531250022817403
0 0.2773437541327439 0.6854167024139315 0.17656250263098627 0.1531250022817403
0 0.15859375236323103 0.8979167134966701 0.12968750193249434 0.1531250022817403
0 0.19062500284053385 0.40416668774560094 0.22500000335276127 0.18750000279396772
0 0.6984375104075298 0.9218750480795279 0.15000000223517418 0.11718750174622983
1 0.3125000046566129 0.8937500466126949 0.18125000270083547 0.15937500237487257
1 0.5898437587893568 0.20833334419876337 0.05468750081490725 0.04687500069849193
0 0.8039062619791366 0.5145833601709455 0.17656250263098627 0.1531250022817403
0 0.7210937607451342 0.6020833647344261 0.17656250263098627 0.1531250022817403
0 0.6585937598138116 0.1854166763368994 0.17656250263098627 0.1531250022817403
0 0.8921875132946298 0.27395834762137383 0.1843750027474016 0.17656250263098627
0 0.8109375120839104 0.25625001336447895 0.15937500237487257 0.1625000024214387
0 0.3617187553900294 0.45416669035330415 0.17656250263098627 0.1531250022817403
0 0.522656257788185 0.8479167108889669 0.17656250263098627 0.1531250022817403
0 0.9117187635856681 0.73958337190561 0.17656250263098627 0.1531250022817403
0 0.4460937566473149 0.1666666753590107 0.17656250263098627 0.1531250022817403
0 0.12421875185100362 0.19375001010484993 0.17656250263098627 0.1531250022817403
0 0.12109375180443749 0.7479167056735605 0.17656250263098627 0.1531250022817403
0 0.2773437541327439 0.6854167024139315 0.17656250263098627 0.1531250022817403
0 0.15859375236323103 0.8979167134966701 0.12968750193249434 0.1531250022817403
0 0.19062500284053385 0.40416668774560094 0.22500000335276127 0.18750000279396772
0 0.6984375104075298 0.9218750480795279 0.15000000223517418 0.11718750174622983
1 0.3125000046566129 0.8937500466126949 0.18125000270083547 0.15937500237487257
1 0.5898437587893568 0.20833334419876337 0.05468750081490725 0.04687500069849193
0 0.8039062619791366 0.5145833601709455 0.17656250263098627 0.1531250022817403
0 0.7210937607451342 0.6020833647344261 0.17656250263098627 0.1531250022817403
0 0.6585937598138116 0.1854166763368994 0.17656250263098627 0.1531250022817403
0 0.8921875132946298 0.27395834762137383 0.1843750027474016 0.17656250263098627
0 0.8109375120839104 0.25625001336447895 0.15937500237487257 0.1625000024214387
0 0.3617187553900294 0.45416669035330415 0.17656250263098627 0.1531250022817403
0 0.522656257788185 0.8479167108889669 0.17656250263098627 0.1531250022817403
0 0.9117187635856681 0.73958337190561 0.17656250263098627 0.1531250022817403
0 0.4460937566473149 0.1666666753590107 0.17656250263098627 0.1531250022817403
0 0.12421875185100362 0.19375001010484993 0.17656250263098627 0.1531250022817403
0 0.12109375180443749 0.7479167056735605 0.17656250263098627 0.1531250022817403
0 0.2773437541327439 0.6854167024139315 0.17656250263098627 0.1531250022817403
0 0.15859375236323103 0.8979167134966701 0.12968750193249434 0.1531250022817403
0 0.19062500284053385 0.40416668774560094 0.22500000335276127 0.18750000279396772
0 0.6984375104075298 0.9218750480795279 0.15000000223517418 0.11718750174622983
1 0.3125000046566129 0.8937500466126949 0.18125000270083547 0.15937500237487257
1 0.5898437587893568 0.20833334419876337 0.05468750081490725 0.04687500069849193
0 0.8039062619791366 0.5145833601709455 0.17656250263098627 0.1531250022817403
0 0.7210937607451342 0.6020833647344261 0.17656250263098627 0.1531250022817403
0 0.6585937598138116 0.1854166763368994 0.17656250263098627 0.1531250022817403
0 0.8921875132946298 0.27395834762137383 0.1843750027474016 0.17656250263098627
0 0.8109375120839104 0.25625001336447895 0.15937500237487257 0.1625000024214387
0 0.3617187553900294 0.45416669035330415 0.17656250263098627 0.1531250022817403
0 0.522656257788185 0.8479167108889669 0.17656250263098627 0.1531250022817403
0 0.9117187635856681 0.73958337190561 0.17656250263098627 0.1531250022817403
0 0.4460937566473149 0.1666666753590107 0.17656250263098627 0.1531250022817403
0 0.12421875185100362 0.19375001010484993 0.17656250263098627 0.1531250022817403
0 0.12109375180443749 0.7479167056735605 0.17656250263098627 0.1531250022817403
0 0.2773437541327439 0.6854167024139315 0.17656250263098627 0.1531250022817403
0 0.15859375236323103 0.8979167134966701 0.12968750193249434 0.1531250022817403
0 0.19062500284053385 0.40416668774560094 0.22500000335276127 0.18750000279396772
0 0.6984375104075298 0.9218750480795279 0.15000000223517418 0.11718750174622983
1 0.3125000046566129 0.8937500466126949 0.18125000270083547 0.15937500237487257
1 0.5898437587893568 0.20833334419876337 0.05468750081490725 0.04687500069849193
0 0.8039062619791366 0.5145833601709455 0.17656250263098627 0.1531250022817403
0 0.7210937607451342 0.6020833647344261 0.17656250263098627 0.1531250022817403
0 0.6585937598138116 0.1854166763368994 0.17656250263098627 0.1531250022817403
0 0.8921875132946298 0.27395834762137383 0.1843750027474016 0.17656250263098627
0 0.8109375120839104 0.25625001336447895 0.15937500237487257 0.1625000024214387
0 0.3617187553900294 0.45416669035330415 0.17656250263098627 0.1531250022817403
0 0.522656257788185 0.8479167108889669 0.17656250263098627 0.1531250022817403
0 0.9117187635856681 0.73958337190561 0.17656250263098627 0.1531250022817403
0 0.4460937566473149 0.1666666753590107 0.17656250263098627 0.1531250022817403
0 0.12421875185100362 0.19375001010484993 0.17656250263098627 0.1531250022817403
0 0.12109375180443749 0.7479167056735605 0.17656250263098627 0.1531250022817403
0 0.2773437541327439 0.6854167024139315 0.17656250263098627 0.1531250022817403
0 0.15859375236323103 0.8979167134966701 0.12968750193249434 0.1531250022817403
0 0.19062500284053385 0.40416668774560094 0.22500000335276127 0.18750000279396772
0 0.6984375104075298 0.9218750480795279 0.15000000223517418 0.11718750174622983
1 0.3125000046566129 0.8937500466126949 0.18125000270083547 0.15937500237487257
1 0.5898437587893568 0.20833334419876337 0.05468750081490725 0.04687500069849193
0 0.8039062619791366 0.5145833601709455 0.17656250263098627 0.1531250022817403
0 0.7210937607451342 0.6020833647344261 0.17656250263098627 0.1531250022817403
0 0.6585937598138116 0.1854166763368994 0.17656250263098627 0.1531250022817403
0 0.8921875132946298 0.27395834762137383 0.1843750027474016 0.17656250263098627
0 0.8109375120839104 0.25625001336447895 0.15937500237487257 0.1625000024214387
0 0.3617187553900294 0.45416669035330415 0.17656250263098627 0.1531250022817403
0 0.522656257788185 0.8479167108889669 0.17656250263098627 0.1531250022817403
0 0.9117187635856681 0.73958337190561 0.17656250263098627 0.1531250022817403
0 0.4460937566473149 0.1666666753590107 0.17656250263098627 0.1531250022817403
0 0.12421875185100362 0.19375001010484993 0.17656250263098627 0.1531250022817403
0 0.12109375180443749 0.7479167056735605 0.17656250263098627 0.1531250022817403
0 0.2773437541327439 0.6854167024139315 0.17656250263098627 0.1531250022817403
0 0.15859375236323103 0.8979167134966701 0.12968750193249434 0.1531250022817403
0 0.19062500284053385 0.40416668774560094 0.22500000335276127 0.18750000279396772
0 0.6984375104075298 0.9218750480795279 0.15000000223517418 0.11718750174622983
1 0.3125000046566129 0.8937500466126949 0.18125000270083547 0.15937500237487257
2 0.5898437587893568 0.20833334419876337 0.05468750081490725 0.04687500069849193
0 0.8039062619791366 0.5145833601709455 0.17656250263098627 0.1531250022817403
0 0.7210937607451342 0.6020833647344261 0.17656250263098627 0.1531250022817403
0 0.6585937598138116 0.1854166763368994 0.17656250263098627 0.1531250022817403
0 0.8921875132946298 0.27395834762137383 0.1843750027474016 0.17656250263098627
0 0.8109375120839104 0.25625001336447895 0.15937500237487257 0.1625000024214387
0 0.3617187553900294 0.45416669035330415 0.17656250263098627 0.1531250022817403
0 0.522656257788185 0.8479167108889669 0.17656250263098627 0.1531250022817403
0 0.9117187635856681 0.73958337190561 0.17656250263098627 0.1531250022817403
0 0.4460937566473149 0.1666666753590107 0.17656250263098627 0.1531250022817403
0 0.12421875185100362 0.19375001010484993 0.17656250263098627 0.1531250022817403
0 0.12109375180443749 0.7479167056735605 0.17656250263098627 0.1531250022817403
0 0.2773437541327439 0.6854167024139315 0.17656250263098627 0.1531250022817403
0 0.15859375236323103 0.8979167134966701 0.12968750193249434 0.1531250022817403
0 0.19062500284053385 0.40416668774560094 0.22500000335276127 0.18750000279396772
0 0.6984375104075298 0.9218750480795279 0.15000000223517418 0.11718750174622983
1 0.3125000046566129 0.8937500466126949 0.18125000270083547 0.15937500237487257
2 0.5898437587893568 0.20833334419876337 0.05468750081490725 0.04687500069849193
0 0.803906261920929 0.5145833492279053 0.17656250298023224 0.15312500298023224
0 0.7210937738418579 0.6020833849906921 0.17656250298023224 0.15312500298023224
0 0.6585937738418579 0.18541668355464935 0.17656250298023224 0.15312500298023224
0 0.8921875357627869 0.27395835518836975 0.18437500298023224 0.17656250298023224
0 0.8109375238418579 0.2562500238418579 0.15937499701976776 0.16250000894069672
0 0.3617187440395355 0.4541666805744171 0.17656250298023224 0.15312500298023224
0 0.522656261920929 0.8479167222976685 0.17656250298023224 0.15312500298023224
0 0.9117187857627869 0.7395833730697632 0.17656250298023224 0.15312500298023224
0 0.44609376788139343 0.1666666716337204 0.17656250298023224 0.15312500298023224
0 0.12421875447034836 0.19375000894069672 0.17656250298023224 0.15312500298023224
0 0.12109375 0.7479166984558105 0.17656250298023224 0.15312500298023224
0 0.27734375 0.6854166984558105 0.17656250298023224 0.15312500298023224
0 0.15859375894069672 0.8979167342185974 0.12968750298023224 0.15312500298023224
0 0.19062499701976776 0.40416669845581055 0.22500000894069672 0.1875
0 0.698437511920929 0.9218750596046448 0.15000000596046448 0.1171875
1 0.3125 0.8937500715255737 0.18125000596046448 0.15937499701976776
2 0.58984375 0.2083333432674408 0.0546875 0.046875
0 0.803906261920929 0.5145833492279053 0.17656250298023224 0.15312500298023224
0 0.7210937738418579 0.6020833849906921 0.17656250298023224 0.15312500298023224
0 0.6585937738418579 0.18541668355464935 0.17656250298023224 0.15312500298023224
0 0.8921875357627869 0.27395835518836975 0.18437500298023224 0.17656250298023224
0 0.8109375238418579 0.2562500238418579 0.15937499701976776 0.16250000894069672
0 0.3617187440395355 0.4541666805744171 0.17656250298023224 0.15312500298023224
0 0.522656261920929 0.8479167222976685 0.17656250298023224 0.15312500298023224
0 0.9117187857627869 0.7395833730697632 0.17656250298023224 0.15312500298023224
0 0.44609376788139343 0.1666666716337204 0.17656250298023224 0.15312500298023224
0 0.12421875447034836 0.19375000894069672 0.17656250298023224 0.15312500298023224
0 0.12109375 0.7479166984558105 0.17656250298023224 0.15312500298023224
0 0.27734375 0.6854166984558105 0.17656250298023224 0.15312500298023224
0 0.15859375894069672 0.8979167342185974 0.12968750298023224 0.15312500298023224
0 0.19062499701976776 0.40416669845581055 0.22500000894069672 0.1875
0 0.698437511920929 0.9218750596046448 0.15000000596046448 0.1171875
1 0.3125 0.8937500715255737 0.18125000596046448 0.15937499701976776
2 0.58984375 0.2083333432674408 0.0546875 0.046875
0 0.803906261920929 0.5145833492279053 0.17656250298023224 0.15312500298023224
0 0.7210937738418579 0.6020833849906921 0.17656250298023224 0.15312500298023224
0 0.6585937738418579 0.18541668355464935 0.17656250298023224 0.15312500298023224
0 0.8921875357627869 0.27395835518836975 0.18437500298023224 0.17656250298023224
0 0.8109375238418579 0.2562500238418579 0.15937499701976776 0.16250000894069672
0 0.3617187440395355 0.4541666805744171 0.17656250298023224 0.15312500298023224
0 0.522656261920929 0.8479167222976685 0.17656250298023224 0.15312500298023224
0 0.9117187857627869 0.7395833730697632 0.17656250298023224 0.15312500298023224
0 0.44609376788139343 0.1666666716337204 0.17656250298023224 0.15312500298023224
0 0.12421875447034836 0.19375000894069672 0.17656250298023224 0.15312500298023224
0 0.12109375 0.7479166984558105 0.17656250298023224 0.15312500298023224
0 0.27734375 0.6854166984558105 0.17656250298023224 0.15312500298023224
0 0.15859375894069672 0.8979167342185974 0.12968750298023224 0.15312500298023224
0 0.19062499701976776 0.40416669845581055 0.22500000894069672 0.1875
0 0.698437511920929 0.9218750596046448 0.15000000596046448 0.1171875
1 0.3125 0.8937500715255737 0.18125000596046448 0.15937499701976776
2 0.58984375 0.2083333432674408 0.0546875 0.046875
0 0.803906261920929 0.5145833492279053 0.17656250298023224 0.15312500298023224
0 0.7210937738418579 0.6020833849906921 0.17656250298023224 0.15312500298023224
0 0.6585937738418579 0.18541668355464935 0.17656250298023224 0.15312500298023224
0 0.8921875357627869 0.27395835518836975 0.18437500298023224 0.17656250298023224
0 0.8109375238418579 0.2562500238418579 0.15937499701976776 0.16250000894069672
0 0.3617187440395355 0.4541666805744171 0.17656250298023224 0.15312500298023224
0 0.522656261920929 0.8479167222976685 0.17656250298023224 0.15312500298023224
0 0.9117187857627869 0.7395833730697632 0.17656250298023224 0.15312500298023224
0 0.44609376788139343 0.1666666716337204 0.17656250298023224 0.15312500298023224
0 0.12421875447034836 0.19375000894069672 0.17656250298023224 0.15312500298023224
0 0.12109375 0.7479166984558105 0.17656250298023224 0.15312500298023224
0 0.27734375 0.6854166984558105 0.17656250298023224 0.15312500298023224
0 0.15859375894069672 0.8979167342185974 0.12968750298023224 0.15312500298023224
0 0.19062499701976776 0.40416669845581055 0.22500000894069672 0.1875
0 0.698437511920929 0.9218750596046448 0.15000000596046448 0.1171875
1 0.3125 0.8937500715255737 0.18125000596046448 0.15937499701976776
2 0.58984375 0.2083333432674408 0.0546875 0.046875
0 0.803906261920929 0.5145833492279053 0.17656250298023224 0.15312500298023224
0 0.7210937738418579 0.6020833849906921 0.17656250298023224 0.15312500298023224
0 0.6585937738418579 0.18541668355464935 0.17656250298023224 0.15312500298023224
0 0.8921875357627869 0.27395835518836975 0.18437500298023224 0.17656250298023224
0 0.8109375238418579 0.2562500238418579 0.15937499701976776 0.16250000894069672
0 0.3617187440395355 0.4541666805744171 0.17656250298023224 0.15312500298023224
0 0.522656261920929 0.8479167222976685 0.17656250298023224 0.15312500298023224
0 0.9117187857627869 0.7395833730697632 0.17656250298023224 0.15312500298023224
0 0.44609376788139343 0.1666666716337204 0.17656250298023224 0.15312500298023224
0 0.12421875447034836 0.19375000894069672 0.17656250298023224 0.15312500298023224
0 0.12109375 0.7479166984558105 0.17656250298023224 0.15312500298023224
0 0.27734375 0.6854166984558105 0.17656250298023224 0.15312500298023224
0 0.15859375894069672 0.8979167342185974 0.12968750298023224 0.15312500298023224
0 0.19062499701976776 0.40416669845581055 0.22500000894069672 0.1875
0 0.698437511920929 0.9218750596046448 0.15000000596046448 0.1171875
1 0.3125 0.8937500715255737 0.18125000596046448 0.15937499701976776
2 0.58984375 0.2083333432674408 0.0546875 0.046875
0 0.803906261920929 0.5145833492279053 0.17656250298023224 0.15312500298023224
0 0.7210937738418579 0.6020833849906921 0.17656250298023224 0.15312500298023224
0 0.6585937738418579 0.18541668355464935 0.17656250298023224 0.15312500298023224
0 0.8921875357627869 0.27395835518836975 0.18437500298023224 0.17656250298023224
0 0.8109375238418579 0.2562500238418579 0.15937499701976776 0.16250000894069672
0 0.3617187440395355 0.4541666805744171 0.17656250298023224 0.15312500298023224
0 0.522656261920929 0.8479167222976685 0.17656250298023224 0.15312500298023224
0 0.9117187857627869 0.7395833730697632 0.17656250298023224 0.15312500298023224
0 0.44609376788139343 0.1666666716337204 0.17656250298023224 0.15312500298023224
0 0.12421875447034836 0.19375000894069672 0.17656250298023224 0.15312500298023224
0 0.12109375 0.7479166984558105 0.17656250298023224 0.15312500298023224
0 0.27734375 0.6854166984558105 0.17656250298023224 0.15312500298023224
0 0.15859375894069672 0.8979167342185974 0.12968750298023224 0.15312500298023224
0 0.19062499701976776 0.40416669845581055 0.22500000894069672 0.1875
0 0.698437511920929 0.9218750596046448 0.15000000596046448 0.1171875
1 0.3125 0.8937500715255737 0.18125000596046448 0.15937499701976776
2 0.58984375 0.2083333432674408 0.0546875 0.046875
0 0.803906261920929 0.5145833492279053 0.17656250298023224 0.15312500298023224
0 0.7210937738418579 0.6020833849906921 0.17656250298023224 0.15312500298023224
0 0.6585937738418579 0.18541668355464935 0.17656250298023224 0.15312500298023224
0 0.8921875357627869 0.27395835518836975 0.18437500298023224 0.17656250298023224
0 0.8109375238418579 0.2562500238418579 0.15937499701976776 0.16250000894069672
0 0.3617187440395355 0.4541666805744171 0.17656250298023224 0.15312500298023224
0 0.522656261920929 0.8479167222976685 0.17656250298023224 0.15312500298023224
0 0.9117187857627869 0.7395833730697632 0.17656250298023224 0.15312500298023224
0 0.44609376788139343 0.1666666716337204 0.17656250298023224 0.15312500298023224
0 0.12421875447034836 0.19375000894069672 0.17656250298023224 0.15312500298023224
0 0.12109375 0.7479166984558105 0.17656250298023224 0.15312500298023224
0 0.27734375 0.6854166984558105 0.17656250298023224 0.15312500298023224
0 0.15859375894069672 0.8979167342185974 0.12968750298023224 0.15312500298023224
0 0.19062499701976776 0.40416669845581055 0.22500000894069672 0.1875
0 0.698437511920929 0.9218750596046448 0.15000000596046448 0.1171875
1 0.3125 0.8937500715255737 0.18125000596046448 0.15937499701976776
2 0.58984375 0.2083333432674408 0.0546875 0.046875
