0 0.33125000493600965 0.6270833660382777 0.18125000270083547 0.17187500256113708
0 0.2765625041211024 0.4072916879085824 0.1531250022817403 0.14218750211875886
0 0.1140625016996637 0.09583333833143115 0.19375000288709998 0.1406250020954758
0 0.7976562618860044 0.16354167519602925 0.15468750230502337 0.14531250216532499
0 0.8007812619325705 0.7479167056735605 0.1578125023515895 0.15000000223517418
0 0.534375007962808 0.8104167089331895 0.17187500256113708 0.15625000232830644
0 0.11953125178115442 0.5302083609858528 0.21406250318977982 0.1671875024912879
0 0.07187500107102096 0.31770834990311414 0.1406250020954758 0.14218750211875886
0 0.7601562613272108 0.5500000286847353 0.1578125023515895 0.15000000223517418
0 0.6570312597905286 0.15729167487006634 0.17343750258442014 0.15156250225845724
1 0.4757812570896931 0.34270835120696574 0.33906250505242497 0.33593750500585884
0 0.33125000493600965 0.6270833660382777 0.18125000270083547 0.17187500256113708
0 0.2765625041211024 0.4072916879085824 0.1531250022817403 0.14218750211875886
0 0.1140625016996637 0.09583333833143115 0.19375000288709998 0.1406250020954758
0 0.7976562618860044 0.16354167519602925 0.15468750230502337 0.14531250216532499
0 0.8007812619325705 0.7479167056735605 0.1578125023515895 0.15000000223517418
0 0.534375007962808 0.8104167089331895 0.17187500256113708 0.15625000232830644
0 0.11953125178115442 0.5302083609858528 0.21406250318977982 0.1671875024912879
0 0.07187500107102096 0.31770834990311414 0.1406250020954758 0.14218750211875886
0 0.7601562613272108 0.5500000286847353 0.1578125023515895 0.15000000223517418
0 0.6570312597905286 0.15729167487006634 0.17343750258442014 0.15156250225845724
1 0.4757812570896931 0.34270835120696574 0.33906250505242497 0.33593750500585884
0 0.33125000493600965 0.6270833660382777 0.18125000270083547 0.17187500256113708
0 0.2765625041211024 0.4072916879085824 0.1531250022817403 0.14218750211875886
0 0.1140625016996637 0.09583333833143115 0.19375000288709998 0.1406250020954758
0 0.7976562618860044 0.16354167519602925 0.15468750230502337 0.14531250216532499
0 0.8007812619325705 0.7479167056735605 0.1578125023515895 0.15000000223517418
0 0.534375007962808 0.8104167089331895 0.17187500256113708 0.15625000232830644
0 0.11953125178115442 0.5302083609858528 0.21406250318977982 0.1671875024912879
0 0.07187500107102096 0.31770834990311414 0.1406250020954758 0.14218750211875886
0 0.7601562613272108 0.5500000286847353 0.1578125023515895 0.15000000223517418
0 0.6570312597905286 0.15729167487006634 0.17343750258442014 0.15156250225845724
1 0.4757812570896931 0.34270835120696574 0.33906250505242497 0.33593750500585884
0 0.33125000493600965 0.6270833660382777 0.18125000270083547 0.17187500256113708
0 0.2765625041211024 0.4072916879085824 0.1531250022817403 0.14218750211875886
0 0.1140625016996637 0.09583333833143115 0.19375000288709998 0.1406250020954758
0 0.7976562618860044 0.16354167519602925 0.15468750230502337 0.14531250216532499
0 0.8007812619325705 0.7479167056735605 0.1578125023515895 0.15000000223517418
0 0.534375007962808 0.8104167089331895 0.17187500256113708 0.15625000232830644
0 0.11953125178115442 0.5302083609858528 0.21406250318977982 0.1671875024912879
0 0.07187500107102096 0.31770834990311414 0.1406250020954758 0.14218750211875886
0 0.7601562613272108 0.5500000286847353 0.1578125023515895 0.15000000223517418
0 0.6570312597905286 0.15729167487006634 0.17343750258442014 0.15156250225845724
1 0.4757812570896931 0.34270835120696574 0.33906250505242497 0.33593750500585884
0 0.33125000493600965 0.6270833660382777 0.18125000270083547 0.17187500256113708
0 0.2765625041211024 0.4072916879085824 0.1531250022817403 0.14218750211875886
0 0.1140625016996637 0.09583333833143115 0.19375000288709998 0.1406250020954758
0 0.7976562618860044 0.16354167519602925 0.15468750230502337 0.14531250216532499
0 0.8007812619325705 0.7479167056735605 0.1578125023515895 0.15000000223517418
0 0.534375007962808 0.8104167089331895 0.17187500256113708 0.15625000232830644
0 0.11953125178115442 0.5302083609858528 0.21406250318977982 0.1671875024912879
0 0.07187500107102096 0.31770834990311414 0.1406250020954758 0.14218750211875886
0 0.7601562613272108 0.5500000286847353 0.1578125023515895 0.15000000223517418
0 0.6570312597905286 0.15729167487006634 0.17343750258442014 0.15156250225845724
1 0.4757812570896931 0.34270835120696574 0.33906250505242497 0.33593750500585884
0 0.33125000493600965 0.6270833660382777 0.18125000270083547 0.17187500256113708
0 0.2765625041211024 0.4072916879085824 0.1531250022817403 0.14218750211875886
0 0.1140625016996637 0.09583333833143115 0.19375000288709998 0.1406250020954758
0 0.7976562618860044 0.16354167519602925 0.15468750230502337 0.14531250216532499
0 0.8007812619325705 0.7479167056735605 0.1578125023515895 0.15000000223517418
0 0.534375007962808 0.8104167089331895 0.17187500256113708 0.15625000232830644
0 0.11953125178115442 0.5302083609858528 0.21406250318977982 0.1671875024912879
0 0.07187500107102096 0.31770834990311414 0.1406250020954758 0.14218750211875886
0 0.7601562613272108 0.5500000286847353 0.1578125023515895 0.15000000223517418
0 0.6570312597905286 0.15729167487006634 0.17343750258442014 0.15156250225845724
1 0.4757812570896931 0.34270835120696574 0.33906250505242497 0.33593750500585884
0 0.33125000493600965 0.6270833660382777 0.18125000270083547 0.17187500256113708
0 0.2765625041211024 0.4072916879085824 0.1531250022817403 0.14218750211875886
0 0.1140625016996637 0.09583333833143115 0.19375000288709998 0.1406250020954758
0 0.7976562618860044 0.16354167519602925 0.15468750230502337 0.14531250216532499
0 0.8007812619325705 0.7479167056735605 0.1578125023515895 0.15000000223517418
0 0.534375007962808 0.8104167089331895 0.17187500256113708 0.15625000232830644
0 0.11953125178115442 0.5302083609858528 0.21406250318977982 0.1671875024912879
0 0.07187500107102096 0.31770834990311414 0.1406250020954758 0.14218750211875886
0 0.7601562613272108 0.5500000286847353 0.1578125023515895 0.15000000223517418
0 0.6570312597905286 0.15729167487006634 0.17343750258442014 0.15156250225845724
1 0.4757812570896931 0.34270835120696574 0.33906250505242497 0.33593750500585884
0 0.33125000493600965 0.6270833660382777 0.18125000270083547 0.17187500256113708
0 0.2765625041211024 0.4072916879085824 0.1531250022817403 0.14218750211875886
0 0.1140625016996637 0.09583333833143115 0.19375000288709998 0.1406250020954758
0 0.7976562618860044 0.16354167519602925 0.15468750230502337 0.14531250216532499
0 0.8007812619325705 0.7479167056735605 0.1578125023515895 0.15000000223517418
0 0.534375007962808 0.8104167089331895 0.17187500256113708 0.15625000232830644
0 0.11953125178115442 0.5302083609858528 0.21406250318977982 0.1671875024912879
0 0.07187500107102096 0.31770834990311414 0.1406250020954758 0.14218750211875886
0 0.7601562613272108 0.5500000286847353 0.1578125023515895 0.15000000223517418
0 0.6570312597905286 0.15729167487006634 0.17343750258442014 0.15156250225845724
1 0.4757812570896931 0.34270835120696574 0.33906250505242497 0.33593750500585884
0 0.33125000493600965 0.6270833660382777 0.18125000270083547 0.17187500256113708
0 0.2765625041211024 0.4072916879085824 0.1531250022817403 0.14218750211875886
0 0.1140625016996637 0.09583333833143115 0.19375000288709998 0.1406250020954758
0 0.7976562618860044 0.16354167519602925 0.15468750230502337 0.14531250216532499
0 0.8007812619325705 0.7479167056735605 0.1578125023515895 0.15000000223517418
0 0.534375007962808 0.8104167089331895 0.17187500256113708 0.15625000232830644
0 0.11953125178115442 0.5302083609858528 0.21406250318977982 0.1671875024912879
0 0.07187500107102096 0.31770834990311414 0.1406250020954758 0.14218750211875886
0 0.7601562613272108 0.5500000286847353 0.1578125023515895 0.15000000223517418
0 0.6570312597905286 0.15729167487006634 0.17343750258442014 0.15156250225845724
1 0.4757812570896931 0.34270835120696574 0.33906250505242497 0.33593750500585884
0 0.33125000493600965 0.6270833660382777 0.18125000270083547 0.17187500256113708
0 0.2765625041211024 0.4072916879085824 0.1531250022817403 0.14218750211875886
0 0.1140625016996637 0.09583333833143115 0.19375000288709998 0.1406250020954758
0 0.7976562618860044 0.16354167519602925 0.15468750230502337 0.14531250216532499
0 0.8007812619325705 0.7479167056735605 0.1578125023515895 0.15000000223517418
0 0.534375007962808 0.8104167089331895 0.17187500256113708 0.15625000232830644
0 0.11953125178115442 0.5302083609858528 0.21406250318977982 0.1671875024912879
0 0.07187500107102096 0.31770834990311414 0.1406250020954758 0.14218750211875886
0 0.7601562613272108 0.5500000286847353 0.1578125023515895 0.15000000223517418
0 0.6570312597905286 0.15729167487006634 0.17343750258442014 0.15156250225845724
1 0.4757812570896931 0.34270835120696574 0.33906250505242497 0.33593750500585884
0 0.33125000493600965 0.6270833660382777 0.18125000270083547 0.17187500256113708
0 0.2765625041211024 0.4072916879085824 0.1531250022817403 0.14218750211875886
0 0.1140625016996637 0.09583333833143115 0.19375000288709998 0.1406250020954758
0 0.7976562618860044 0.16354167519602925 0.15468750230502337 0.14531250216532499
0 0.8007812619325705 0.7479167056735605 0.1578125023515895 0.15000000223517418
0 0.534375007962808 0.8104167089331895 0.17187500256113708 0.15625000232830644
0 0.11953125178115442 0.5302083609858528 0.21406250318977982 0.1671875024912879
0 0.07187500107102096 0.31770834990311414 0.1406250020954758 0.14218750211875886
0 0.7601562613272108 0.5500000286847353 0.1578125023515895 0.15000000223517418
0 0.6570312597905286 0.15729167487006634 0.17343750258442014 0.15156250225845724
1 0.4757812570896931 0.34270835120696574 0.33906250505242497 0.33593750500585884
0 0.33125000493600965 0.6270833660382777 0.18125000270083547 0.17187500256113708
0 0.2765625041211024 0.4072916879085824 0.1531250022817403 0.14218750211875886
0 0.1140625016996637 0.09583333833143115 0.19375000288709998 0.1406250020954758
0 0.7976562618860044 0.16354167519602925 0.15468750230502337 0.14531250216532499
0 0.8007812619325705 0.7479167056735605 0.1578125023515895 0.15000000223517418
0 0.534375007962808 0.8104167089331895 0.17187500256113708 0.15625000232830644
0 0.11953125178115442 0.5302083609858528 0.21406250318977982 0.1671875024912879
0 0.07187500107102096 0.31770834990311414 0.1406250020954758 0.14218750211875886
0 0.7601562613272108 0.5500000286847353 0.1578125023515895 0.15000000223517418
0 0.6570312597905286 0.15729167487006634 0.17343750258442014 0.15156250225845724
1 0.4757812570896931 0.34270835120696574 0.33906250505242497 0.33593750500585884
0 0.33125000493600965 0.6270833660382777 0.18125000270083547 0.17187500256113708
0 0.2765625041211024 0.4072916879085824 0.1531250022817403 0.14218750211875886
0 0.1140625016996637 0.09583333833143115 0.19375000288709998 0.1406250020954758
0 0.7976562618860044 0.16354167519602925 0.15468750230502337 0.14531250216532499
0 0.8007812619325705 0.7479167056735605 0.1578125023515895 0.15000000223517418
0 0.534375007962808 0.8104167089331895 0.17187500256113708 0.15625000232830644
0 0.11953125178115442 0.5302083609858528 0.21406250318977982 0.1671875024912879
0 0.07187500107102096 0.31770834990311414 0.1406250020954758 0.14218750211875886
0 0.7601562613272108 0.5500000286847353 0.1578125023515895 0.15000000223517418
0 0.6570312597905286 0.15729167487006634 0.17343750258442014 0.15156250225845724
1 0.4757812570896931 0.34270835120696574 0.33906250505242497 0.33593750500585884
0 0.33125000493600965 0.6270833660382777 0.18125000270083547 0.17187500256113708
0 0.2765625041211024 0.4072916879085824 0.1531250022817403 0.14218750211875886
0 0.1140625016996637 0.09583333833143115 0.19375000288709998 0.1406250020954758
0 0.7976562618860044 0.16354167519602925 0.15468750230502337 0.14531250216532499
0 0.8007812619325705 0.7479167056735605 0.1578125023515895 0.15000000223517418
0 0.534375007962808 0.8104167089331895 0.17187500256113708 0.15625000232830644
0 0.11953125178115442 0.5302083609858528 0.21406250318977982 0.1671875024912879
0 0.07187500107102096 0.31770834990311414 0.1406250020954758 0.14218750211875886
0 0.7601562613272108 0.5500000286847353 0.1578125023515895 0.15000000223517418
0 0.6570312597905286 0.15729167487006634 0.17343750258442014 0.15156250225845724
1 0.4757812570896931 0.34270835120696574 0.33906250505242497 0.33593750500585884
0 0.33125000493600965 0.6270833660382777 0.18125000270083547 0.17187500256113708
0 0.2765625041211024 0.4072916879085824 0.1531250022817403 0.14218750211875886
0 0.1140625016996637 0.09583333833143115 0.19375000288709998 0.1406250020954758
0 0.7976562618860044 0.16354167519602925 0.15468750230502337 0.14531250216532499
0 0.8007812619325705 0.7479167056735605 0.1578125023515895 0.15000000223517418
0 0.534375007962808 0.8104167089331895 0.17187500256113708 0.15625000232830644
0 0.11953125178115442 0.5302083609858528 0.21406250318977982 0.1671875024912879
0 0.07187500107102096 0.31770834990311414 0.1406250020954758 0.14218750211875886
0 0.7601562613272108 0.5500000286847353 0.1578125023515895 0.15000000223517418
0 0.6570312597905286 0.15729167487006634 0.17343750258442014 0.15156250225845724
1 0.4757812570896931 0.34270835120696574 0.33906250505242497 0.33593750500585884
0 0.33125001192092896 0.6270833611488342 0.18125000596046448 0.171875
0 0.27656251192092896 0.4072916805744171 0.15312500298023224 0.14218750596046448
0 0.11406250298023224 0.09583333879709244 0.19375000894069672 0.140625
0 0.797656238079071 0.16354167461395264 0.15468750894069672 0.14531250298023224
0 0.80078125 0.7479166984558105 0.15781250596046448 0.15000000596046448
0 0.534375011920929 0.8104166984558105 0.171875 0.15625
0 0.11953125149011612 0.5302083492279053 0.21406249701976776 0.16718749701976776
0 0.07187499850988388 0.3177083432674408 0.140625 0.14218750596046448
0 0.7601562738418579 0.550000011920929 0.15781250596046448 0.15000000596046448
0 0.657031238079071 0.15729168057441711 0.17343750596046448 0.15156249701976776
1 0.47578126192092896 0.3427083492279053 0.33906251192092896 0.3359375
0 0.33125001192092896 0.6270833611488342 0.18125000596046448 0.171875
0 0.27656251192092896 0.4072916805744171 0.15312500298023224 0.14218750596046448
0 0.11406250298023224 0.09583333879709244 0.19375000894069672 0.140625
0 0.797656238079071 0.16354167461395264 0.15468750894069672 0.14531250298023224
0 0.80078125 0.7479166984558105 0.15781250596046448 0.15000000596046448
0 0.534375011920929 0.8104166984558105 0.171875 0.15625
0 0.11953125149011612 0.5302083492279053 0.21406249701976776 0.16718749701976776
0 0.07187499850988388 0.3177083432674408 0.140625 0.14218750596046448
0 0.7601562738418579 0.550000011920929 0.15781250596046448 0.15000000596046448
0 0.657031238079071 0.15729168057441711 0.17343750596046448 0.15156249701976776
1 0.47578126192092896 0.3427083492279053 0.33906251192092896 0.3359375
0 0.33125001192092896 0.6270833611488342 0.18125000596046448 0.171875
0 0.27656251192092896 0.4072916805744171 0.15312500298023224 0.14218750596046448
0 0.11406250298023224 0.09583333879709244 0.19375000894069672 0.140625
0 0.797656238079071 0.16354167461395264 0.15468750894069672 0.14531250298023224
0 0.80078125 0.7479166984558105 0.15781250596046448 0.15000000596046448
0 0.534375011920929 0.8104166984558105 0.171875 0.15625
0 0.11953125149011612 0.5302083492279053 0.21406249701976776 0.16718749701976776
0 0.07187499850988388 0.3177083432674408 0.140625 0.14218750596046448
0 0.7601562738418579 0.550000011920929 0.15781250596046448 0.15000000596046448
0 0.657031238079071 0.15729168057441711 0.17343750596046448 0.15156249701976776
1 0.47578126192092896 0.3427083492279053 0.33906251192092896 0.3359375
0 0.33125001192092896 0.6270833611488342 0.18125000596046448 0.171875
0 0.27656251192092896 0.4072916805744171 0.15312500298023224 0.14218750596046448
0 0.11406250298023224 0.09583333879709244 0.19375000894069672 0.140625
0 0.797656238079071 0.16354167461395264 0.15468750894069672 0.14531250298023224
0 0.80078125 0.7479166984558105 0.15781250596046448 0.15000000596046448
0 0.534375011920929 0.8104166984558105 0.171875 0.15625
0 0.11953125149011612 0.5302083492279053 0.21406249701976776 0.16718749701976776
0 0.07187499850988388 0.3177083432674408 0.140625 0.14218750596046448
0 0.7601562738418579 0.550000011920929 0.15781250596046448 0.15000000596046448
0 0.657031238079071 0.15729168057441711 0.17343750596046448 0.15156249701976776
1 0.47578126192092896 0.3427083492279053 0.33906251192092896 0.3359375
0 0.33125001192092896 0.6270833611488342 0.18125000596046448 0.171875
0 0.27656251192092896 0.4072916805744171 0.15312500298023224 0.14218750596046448
0 0.11406250298023224 0.09583333879709244 0.19375000894069672 0.140625
0 0.797656238079071 0.16354167461395264 0.15468750894069672 0.14531250298023224
0 0.80078125 0.7479166984558105 0.15781250596046448 0.15000000596046448
0 0.534375011920929 0.8104166984558105 0.171875 0.15625
0 0.11953125149011612 0.5302083492279053 0.21406249701976776 0.16718749701976776
0 0.07187499850988388 0.3177083432674408 0.140625 0.14218750596046448
0 0.7601562738418579 0.550000011920929 0.15781250596046448 0.15000000596046448
0 0.657031238079071 0.15729168057441711 0.17343750596046448 0.15156249701976776
1 0.47578126192092896 0.3427083492279053 0.33906251192092896 0.3359375
0 0.33125001192092896 0.6270833611488342 0.18125000596046448 0.171875
0 0.27656251192092896 0.4072916805744171 0.15312500298023224 0.14218750596046448
0 0.11406250298023224 0.09583333879709244 0.19375000894069672 0.140625
0 0.797656238079071 0.16354167461395264 0.15468750894069672 0.14531250298023224
0 0.80078125 0.7479166984558105 0.15781250596046448 0.15000000596046448
0 0.534375011920929 0.8104166984558105 0.171875 0.15625
0 0.11953125149011612 0.5302083492279053 0.21406249701976776 0.16718749701976776
0 0.07187499850988388 0.3177083432674408 0.140625 0.14218750596046448
0 0.7601562738418579 0.550000011920929 0.15781250596046448 0.15000000596046448
0 0.657031238079071 0.15729168057441711 0.17343750596046448 0.15156249701976776
1 0.47578126192092896 0.3427083492279053 0.33906251192092896 0.3359375
0 0.33125001192092896 0.6270833611488342 0.18125000596046448 0.171875
0 0.27656251192092896 0.4072916805744171 0.15312500298023224 0.14218750596046448
0 0.11406250298023224 0.09583333879709244 0.19375000894069672 0.140625
0 0.797656238079071 0.16354167461395264 0.15468750894069672 0.14531250298023224
0 0.80078125 0.7479166984558105 0.15781250596046448 0.15000000596046448
0 0.534375011920929 0.8104166984558105 0.171875 0.15625
0 0.11953125149011612 0.5302083492279053 0.21406249701976776 0.16718749701976776
0 0.07187499850988388 0.3177083432674408 0.140625 0.14218750596046448
0 0.7601562738418579 0.550000011920929 0.15781250596046448 0.15000000596046448
0 0.657031238079071 0.15729168057441711 0.17343750596046448 0.15156249701976776
1 0.47578126192092896 0.3427083492279053 0.33906251192092896 0.3359375
