0 0.2992187544587068 0.631250032922253 0.1796875026775524 0.1750000026077032
0 0.6460937596275471 0.24583334615454078 0.1796875026775524 0.1750000026077032
0 0.7210937607451342 0.7145833706017584 0.1796875026775524 0.1750000026077032
0 0.5632812583935447 0.49270835903007537 0.1140625016996637 0.18281250272411853
0 0.3203125047730282 0.39270835381466895 0.19375000288709998 0.1796875026775524
0 0.5148437576717697 0.8708333787508309 0.1671875024912879 0.16875000251457095
0 0.3250000048428774 0.8375000436790287 0.20000000298023224 0.1531250022817403
0 0.8679687629337423 0.5562500290106982 0.1796875026775524 0.1750000026077032
0 0.8328125124098733 0.892708379891701 0.15625000232830644 0.16093750239815563
0 0.5984375089174137 0.07708333735354245 0.18125000270083547 0.11250000167638063
0 0.49140625732252374 0.4895833588670939 0.1796875026775524 0.17187500256113708
0 0.19843750295694917 0.8281250431900844 0.19062500284053385 0.15156250225845724
1 0.375781255599577 0.1666666753590107 0.33906250505242497 0.24687500367872417
0 0.2992187544587068 0.631250032922253 0.1796875026775524 0.1750000026077032
0 0.6460937596275471 0.24583334615454078 0.1796875026775524 0.1750000026077032
0 0.7210937607451342 0.7145833706017584 0.1796875026775524 0.1750000026077032
0 0.5632812583935447 0.49270835903007537 0.1140625016996637 0.18281250272411853
0 0.3203125047730282 0.39270835381466895 0.19375000288709998 0.1796875026775524
0 0.5148437576717697 0.8708333787508309 0.1671875024912879 0.16875000251457095
0 0.3250000048428774 0.8375000436790287 0.20000000298023224 0.1531250022817403
0 0.8679687629337423 0.5562500290106982 0.1796875026775524 0.1750000026077032
0 0.8328125124098733 0.892708379891701 0.15625000232830644 0.16093750239815563
0 0.5984375089174137 0.07708333735354245 0.18125000270083547 0.11250000167638063
0 0.49140625732252374 0.4895833588670939 0.1796875026775524 0.17187500256113708
0 0.19843750295694917 0.8281250431900844 0.19062500284053385 0.15156250225845724
1 0.375781255599577 0.1666666753590107 0.33906250505242497 0.24687500367872417
0 0.2992187544587068 0.631250032922253 0.1796875026775524 0.1750000026077032
0 0.6460937596275471 0.24583334615454078 0.1796875026775524 0.1750000026077032
0 0.7210937607451342 0.7145833706017584 0.1796875026775524 0.1750000026077032
0 0.5632812583935447 0.49270835903007537 0.1140625016996637 0.18281250272411853
0 0.3203125047730282 0.39270835381466895 0.19375000288709998 0.1796875026775524
0 0.5148437576717697 0.8708333787508309 0.1671875024912879 0.16875000251457095
0 0.3250000048428774 0.8375000436790287 0.20000000298023224 0.1531250022817403
0 0.8679687629337423 0.5562500290106982 0.1796875026775524 0.1750000026077032
0 0.8328125124098733 0.892708379891701 0.15625000232830644 0.16093750239815563
0 0.5984375089174137 0.07708333735354245 0.18125000270083547 0.11250000167638063
0 0.49140625732252374 0.4895833588670939 0.1796875026775524 0.17187500256113708
0 0.19843750295694917 0.8281250431900844 0.19062500284053385 0.15156250225845724
1 0.375781255599577 0.1666666753590107 0.33906250505242497 0.24687500367872417
0 0.2992187544587068 0.631250032922253 0.1796875026775524 0.1750000026077032
0 0.6460937596275471 0.24583334615454078 0.1796875026775524 0.1750000026077032
0 0.7210937607451342 0.7145833706017584 0.1796875026775524 0.1750000026077032
0 0.5632812583935447 0.49270835903007537 0.1140625016996637 0.18281250272411853
0 0.3203125047730282 0.39270835381466895 0.19375000288709998 0.1796875026775524
0 0.5148437576717697 0.8708333787508309 0.1671875024912879 0.16875000251457095
0 0.3250000048428774 0.8375000436790287 0.20000000298023224 0.1531250022817403
0 0.8679687629337423 0.5562500290106982 0.1796875026775524 0.1750000026077032
0 0.8328125124098733 0.892708379891701 0.15625000232830644 0.16093750239815563
0 0.5984375089174137 0.07708333735354245 0.18125000270083547 0.11250000167638063
0 0.49140625732252374 0.4895833588670939 0.1796875026775524 0.17187500256113708
0 0.19843750295694917 0.8281250431900844 0.19062500284053385 0.15156250225845724
1 0.375781255599577 0.1666666753590107 0.33906250505242497 0.24687500367872417
0 0.2992187544587068 0.631250032922253 0.1796875026775524 0.1750000026077032
0 0.6460937596275471 0.24583334615454078 0.1796875026775524 0.1750000026077032
0 0.7210937607451342 0.7145833706017584 0.1796875026775524 0.1750000026077032
0 0.5632812583935447 0.49270835903007537 0.1140625016996637 0.18281250272411853
0 0.3203125047730282 0.39270835381466895 0.19375000288709998 0.1796875026775524
0 0.5148437576717697 0.8708333787508309 0.1671875024912879 0.16875000251457095
0 0.3250000048428774 0.8375000436790287 0.20000000298023224 0.1531250022817403
0 0.8679687629337423 0.5562500290106982 0.1796875026775524 0.1750000026077032
0 0.8328125124098733 0.892708379891701 0.15625000232830644 0.16093750239815563
0 0.5984375089174137 0.07708333735354245 0.18125000270083547 0.11250000167638063
0 0.49140625732252374 0.4895833588670939 0.1796875026775524 0.17187500256113708
0 0.19843750295694917 0.8281250431900844 0.19062500284053385 0.15156250225845724
1 0.375781255599577 0.1666666753590107 0.33906250505242497 0.24687500367872417
0 0.2992187544587068 0.631250032922253 0.1796875026775524 0.1750000026077032
0 0.6460937596275471 0.24583334615454078 0.1796875026775524 0.1750000026077032
0 0.7210937607451342 0.7145833706017584 0.1796875026775524 0.1750000026077032
0 0.5632812583935447 0.49270835903007537 0.1140625016996637 0.18281250272411853
0 0.3203125047730282 0.39270835381466895 0.19375000288709998 0.1796875026775524
0 0.5148437576717697 0.8708333787508309 0.1671875024912879 0.16875000251457095
0 0.3250000048428774 0.8375000436790287 0.20000000298023224 0.1531250022817403
0 0.8679687629337423 0.5562500290106982 0.1796875026775524 0.1750000026077032
0 0.8328125124098733 0.892708379891701 0.15625000232830644 0.16093750239815563
0 0.5984375089174137 0.07708333735354245 0.18125000270083547 0.11250000167638063
0 0.49140625732252374 0.4895833588670939 0.1796875026775524 0.17187500256113708
0 0.19843750295694917 0.8281250431900844 0.19062500284053385 0.15156250225845724
1 0.375781255599577 0.1666666753590107 0.33906250505242497 0.24687500367872417
0 0.2992187544587068 0.631250032922253 0.1796875026775524 0.1750000026077032
0 0.6460937596275471 0.24583334615454078 0.1796875026775524 0.1750000026077032
0 0.7210937607451342 0.7145833706017584 0.1796875026775524 0.1750000026077032
0 0.5632812583935447 0.49270835903007537 0.1140625016996637 0.18281250272411853
0 0.3203125047730282 0.39270835381466895 0.19375000288709998 0.1796875026775524
0 0.5148437576717697 0.8708333787508309 0.1671875024912879 0.16875000251457095
0 0.3250000048428774 0.8375000436790287 0.20000000298023224 0.1531250022817403
0 0.8679687629337423 0.5562500290106982 0.1796875026775524 0.1750000026077032
0 0.8328125124098733 0.892708379891701 0.15625000232830644 0.16093750239815563
0 0.5984375089174137 0.07708333735354245 0.18125000270083547 0.11250000167638063
0 0.49140625732252374 0.4895833588670939 0.1796875026775524 0.17187500256113708
0 0.19843750295694917 0.8281250431900844 0.19062500284053385 0.15156250225845724
1 0.375781255599577 0.1666666753590107 0.33906250505242497 0.24687500367872417
0 0.2992187544587068 0.631250032922253 0.1796875026775524 0.1750000026077032
0 0.6460937596275471 0.24583334615454078 0.1796875026775524 0.1750000026077032
0 0.7210937607451342 0.7145833706017584 0.1796875026775524 0.1750000026077032
0 0.5632812583935447 0.49270835903007537 0.1140625016996637 0.18281250272411853
0 0.3203125047730282 0.39270835381466895 0.19375000288709998 0.1796875026775524
0 0.5148437576717697 0.8708333787508309 0.1671875024912879 0.16875000251457095
0 0.3250000048428774 0.8375000436790287 0.20000000298023224 0.1531250022817403
0 0.8679687629337423 0.5562500290106982 0.1796875026775524 0.1750000026077032
0 0.8328125124098733 0.892708379891701 0.15625000232830644 0.16093750239815563
0 0.5984375089174137 0.07708333735354245 0.18125000270083547 0.11250000167638063
0 0.49140625732252374 0.4895833588670939 0.1796875026775524 0.17187500256113708
0 0.19843750295694917 0.8281250431900844 0.19062500284053385 0.15156250225845724
1 0.375781255599577 0.1666666753590107 0.33906250505242497 0.24687500367872417
0 0.2992187544587068 0.631250032922253 0.1796875026775524 0.1750000026077032
0 0.6460937596275471 0.24583334615454078 0.1796875026775524 0.1750000026077032
0 0.7210937607451342 0.7145833706017584 0.1796875026775524 0.1750000026077032
0 0.5632812583935447 0.49270835903007537 0.1140625016996637 0.18281250272411853
0 0.3203125047730282 0.39270835381466895 0.19375000288709998 0.1796875026775524
0 0.5148437576717697 0.8708333787508309 0.1671875024912879 0.16875000251457095
0 0.3250000048428774 0.8375000436790287 0.20000000298023224 0.1531250022817403
0 0.8679687629337423 0.5562500290106982 0.1796875026775524 0.1750000026077032
0 0.8328125124098733 0.892708379891701 0.15625000232830644 0.16093750239815563
0 0.5984375089174137 0.07708333735354245 0.18125000270083547 0.11250000167638063
0 0.49140625732252374 0.4895833588670939 0.1796875026775524 0.17187500256113708
0 0.19843750295694917 0.8281250431900844 0.19062500284053385 0.15156250225845724
1 0.375781255599577 0.1666666753590107 0.33906250505242497 0.24687500367872417
0 0.2992187544587068 0.631250032922253 0.1796875026775524 0.1750000026077032
0 0.6460937596275471 0.24583334615454078 0.1796875026775524 0.1750000026077032
0 0.7210937607451342 0.7145833706017584 0.1796875026775524 0.1750000026077032
0 0.5632812583935447 0.49270835903007537 0.1140625016996637 0.18281250272411853
0 0.3203125047730282 0.39270835381466895 0.19375000288709998 0.1796875026775524
0 0.5148437576717697 0.8708333787508309 0.1671875024912879 0.16875000251457095
0 0.3250000048428774 0.8375000436790287 0.20000000298023224 0.1531250022817403
0 0.8679687629337423 0.5562500290106982 0.1796875026775524 0.1750000026077032
0 0.8328125124098733 0.892708379891701 0.15625000232830644 0.16093750239815563
0 0.5984375089174137 0.07708333735354245 0.18125000270083547 0.11250000167638063
0 0.49140625732252374 0.4895833588670939 0.1796875026775524 0.17187500256113708
0 0.19843750295694917 0.8281250431900844 0.19062500284053385 0.15156250225845724
1 0.375781255599577 0.1666666753590107 0.33906250505242497 0.24687500367872417
0 0.2992187544587068 0.631250032922253 0.1796875026775524 0.1750000026077032
0 0.6460937596275471 0.24583334615454078 0.1796875026775524 0.1750000026077032
0 0.7210937607451342 0.7145833706017584 0.1796875026775524 0.1750000026077032
0 0.5632812583935447 0.49270835903007537 0.1140625016996637 0.18281250272411853
0 0.3203125047730282 0.39270835381466895 0.19375000288709998 0.1796875026775524
0 0.5148437576717697 0.8708333787508309 0.1671875024912879 0.16875000251457095
0 0.3250000048428774 0.8375000436790287 0.20000000298023224 0.1531250022817403
0 0.8679687629337423 0.5562500290106982 0.1796875026775524 0.1750000026077032
0 0.8328125124098733 0.892708379891701 0.15625000232830644 0.16093750239815563
0 0.5984375089174137 0.07708333735354245 0.18125000270083547 0.11250000167638063
0 0.49140625732252374 0.4895833588670939 0.1796875026775524 0.17187500256113708
0 0.19843750295694917 0.8281250431900844 0.19062500284053385 0.15156250225845724
1 0.375781255599577 0.1666666753590107 0.33906250505242497 0.24687500367872417
0 0.2992187544587068 0.631250032922253 0.1796875026775524 0.1750000026077032
0 0.6460937596275471 0.24583334615454078 0.1796875026775524 0.1750000026077032
0 0.7210937607451342 0.7145833706017584 0.1796875026775524 0.1750000026077032
0 0.5632812583935447 0.49270835903007537 0.1140625016996637 0.18281250272411853
0 0.3203125047730282 0.39270835381466895 0.19375000288709998 0.1796875026775524
0 0.5148437576717697 0.8708333787508309 0.1671875024912879 0.16875000251457095
0 0.3250000048428774 0.8375000436790287 0.20000000298023224 0.1531250022817403
0 0.8679687629337423 0.5562500290106982 0.1796875026775524 0.1750000026077032
0 0.8328125124098733 0.892708379891701 0.15625000232830644 0.16093750239815563
0 0.5984375089174137 0.07708333735354245 0.18125000270083547 0.11250000167638063
0 0.49140625732252374 0.4895833588670939 0.1796875026775524 0.17187500256113708
0 0.19843750295694917 0.8281250431900844 0.19062500284053385 0.15156250225845724
1 0.375781255599577 0.1666666753590107 0.33906250505242497 0.24687500367872417
0 0.2992187544587068 0.631250032922253 0.1796875026775524 0.1750000026077032
0 0.6460937596275471 0.24583334615454078 0.1796875026775524 0.1750000026077032
0 0.7210937607451342 0.7145833706017584 0.1796875026775524 0.1750000026077032
0 0.5632812583935447 0.49270835903007537 0.1140625016996637 0.18281250272411853
0 0.3203125047730282 0.39270835381466895 0.19375000288709998 0.1796875026775524
0 0.5148437576717697 0.8708333787508309 0.1671875024912879 0.16875000251457095
0 0.3250000048428774 0.8375000436790287 0.20000000298023224 0.1531250022817403
0 0.8679687629337423 0.5562500290106982 0.1796875026775524 0.1750000026077032
0 0.8328125124098733 0.892708379891701 0.15625000232830644 0.16093750239815563
0 0.5984375089174137 0.07708333735354245 0.18125000270083547 0.11250000167638063
0 0.49140625732252374 0.4895833588670939 0.1796875026775524 0.17187500256113708
0 0.19843750295694917 0.8281250431900844 0.19062500284053385 0.15156250225845724
1 0.375781255599577 0.1666666753590107 0.33906250505242497 0.24687500367872417
0 0.2992187544587068 0.631250032922253 0.1796875026775524 0.1750000026077032
0 0.6460937596275471 0.24583334615454078 0.1796875026775524 0.1750000026077032
0 0.7210937607451342 0.7145833706017584 0.1796875026775524 0.1750000026077032
0 0.5632812583935447 0.49270835903007537 0.1140625016996637 0.18281250272411853
0 0.3203125047730282 0.39270835381466895 0.19375000288709998 0.1796875026775524
0 0.5148437576717697 0.8708333787508309 0.1671875024912879 0.16875000251457095
0 0.3250000048428774 0.8375000436790287 0.20000000298023224 0.1531250022817403
0 0.8679687629337423 0.5562500290106982 0.1796875026775524 0.1750000026077032
0 0.8328125124098733 0.892708379891701 0.15625000232830644 0.16093750239815563
0 0.5984375089174137 0.07708333735354245 0.18125000270083547 0.11250000167638063
0 0.49140625732252374 0.4895833588670939 0.1796875026775524 0.17187500256113708
0 0.19843750295694917 0.8281250431900844 0.19062500284053385 0.15156250225845724
1 0.375781255599577 0.1666666753590107 0.33906250505242497 0.24687500367872417
0 0.2992187544587068 0.631250032922253 0.1796875026775524 0.1750000026077032
0 0.6460937596275471 0.24583334615454078 0.1796875026775524 0.1750000026077032
0 0.7210937607451342 0.7145833706017584 0.1796875026775524 0.1750000026077032
0 0.5632812583935447 0.49270835903007537 0.1140625016996637 0.18281250272411853
0 0.3203125047730282 0.39270835381466895 0.19375000288709998 0.1796875026775524
0 0.5148437576717697 0.8708333787508309 0.1671875024912879 0.16875000251457095
0 0.3250000048428774 0.8375000436790287 0.20000000298023224 0.1531250022817403
0 0.8679687629337423 0.5562500290106982 0.1796875026775524 0.1750000026077032
0 0.8328125124098733 0.892708379891701 0.15625000232830644 0.16093750239815563
0 0.5984375089174137 0.07708333735354245 0.18125000270083547 0.11250000167638063
0 0.49140625732252374 0.4895833588670939 0.1796875026775524 0.17187500256113708
0 0.19843750295694917 0.8281250431900844 0.19062500284053385 0.15156250225845724
1 0.375781255599577 0.1666666753590107 0.33906250505242497 0.24687500367872417
0 0.2992187440395355 0.6312500238418579 0.1796875 0.17499999701976776
0 0.6460937857627869 0.2458333522081375 0.1796875 0.17499999701976776
0 0.7210937738418579 0.7145833969116211 0.1796875 0.17499999701976776
0 0.563281238079071 0.49270835518836975 0.11406250298023224 0.18281249701976776
0 0.3203125 0.39270836114883423 0.19375000894069672 0.1796875
0 0.514843761920929 0.8708333969116211 0.16718749701976776 0.16875000298023224
0 0.32500001788139343 0.8375000357627869 0.20000000298023224 0.15312500298023224
0 0.867968738079071 0.5562500357627869 0.1796875 0.17499999701976776
0 0.832812488079071 0.8927083611488342 0.15625 0.16093750298023224
0 0.598437488079071 0.07708333432674408 0.18125000596046448 0.11250000447034836
0 0.49140626192092896 0.4895833730697632 0.1796875 0.171875
0 0.19843749701976776 0.8281250596046448 0.19062499701976776 0.15156249701976776
1 0.37578126788139343 0.1666666716337204 0.33906251192092896 0.24687500298023224
0 0.2992187440395355 0.6312500238418579 0.1796875 0.17499999701976776
0 0.6460937857627869 0.2458333522081375 0.1796875 0.17499999701976776
0 0.7210937738418579 0.7145833969116211 0.1796875 0.17499999701976776
0 0.563281238079071 0.49270835518836975 0.11406250298023224 0.18281249701976776
0 0.3203125 0.39270836114883423 0.19375000894069672 0.1796875
0 0.514843761920929 0.8708333969116211 0.16718749701976776 0.16875000298023224
0 0.32500001788139343 0.8375000357627869 0.20000000298023224 0.15312500298023224
0 0.867968738079071 0.5562500357627869 0.1796875 0.17499999701976776
0 0.832812488079071 0.8927083611488342 0.15625 0.16093750298023224
0 0.598437488079071 0.07708333432674408 0.18125000596046448 0.11250000447034836
0 0.49140626192092896 0.4895833730697632 0.1796875 0.171875
0 0.19843749701976776 0.8281250596046448 0.19062499701976776 0.15156249701976776
1 0.37578126788139343 0.1666666716337204 0.33906251192092896 0.24687500298023224
0 0.2992187440395355 0.6312500238418579 0.1796875 0.17499999701976776
0 0.6460937857627869 0.2458333522081375 0.1796875 0.17499999701976776
0 0.7210937738418579 0.7145833969116211 0.1796875 0.17499999701976776
0 0.563281238079071 0.49270835518836975 0.11406250298023224 0.18281249701976776
0 0.3203125 0.39270836114883423 0.19375000894069672 0.1796875
0 0.514843761920929 0.8708333969116211 0.16718749701976776 0.16875000298023224
0 0.32500001788139343 0.8375000357627869 0.20000000298023224 0.15312500298023224
0 0.867968738079071 0.5562500357627869 0.1796875 0.17499999701976776
0 0.832812488079071 0.8927083611488342 0.15625 0.16093750298023224
0 0.598437488079071 0.07708333432674408 0.18125000596046448 0.11250000447034836
0 0.49140626192092896 0.4895833730697632 0.1796875 0.171875
0 0.19843749701976776 0.8281250596046448 0.19062499701976776 0.15156249701976776
1 0.37578126788139343 0.1666666716337204 0.33906251192092896 0.24687500298023224
0 0.2992187440395355 0.6312500238418579 0.1796875 0.17499999701976776
0 0.6460937857627869 0.2458333522081375 0.1796875 0.17499999701976776
0 0.7210937738418579 0.7145833969116211 0.1796875 0.17499999701976776
0 0.563281238079071 0.49270835518836975 0.11406250298023224 0.18281249701976776
0 0.3203125 0.39270836114883423 0.19375000894069672 0.1796875
0 0.514843761920929 0.8708333969116211 0.16718749701976776 0.16875000298023224
0 0.32500001788139343 0.8375000357627869 0.20000000298023224 0.15312500298023224
0 0.867968738079071 0.5562500357627869 0.1796875 0.17499999701976776
0 0.832812488079071 0.8927083611488342 0.15625 0.16093750298023224
0 0.598437488079071 0.07708333432674408 0.18125000596046448 0.11250000447034836
0 0.49140626192092896 0.4895833730697632 0.1796875 0.171875
0 0.19843749701976776 0.8281250596046448 0.19062499701976776 0.15156249701976776
1 0.37578126788139343 0.1666666716337204 0.33906251192092896 0.24687500298023224
0 0.2992187440395355 0.6312500238418579 0.1796875 0.17499999701976776
0 0.6460937857627869 0.2458333522081375 0.1796875 0.17499999701976776
0 0.7210937738418579 0.7145833969116211 0.1796875 0.17499999701976776
0 0.563281238079071 0.49270835518836975 0.11406250298023224 0.18281249701976776
0 0.3203125 0.39270836114883423 0.19375000894069672 0.1796875
0 0.514843761920929 0.8708333969116211 0.16718749701976776 0.16875000298023224
0 0.32500001788139343 0.8375000357627869 0.20000000298023224 0.15312500298023224
0 0.867968738079071 0.5562500357627869 0.1796875 0.17499999701976776
0 0.832812488079071 0.8927083611488342 0.15625 0.16093750298023224
0 0.598437488079071 0.07708333432674408 0.18125000596046448 0.11250000447034836
0 0.49140626192092896 0.4895833730697632 0.1796875 0.171875
0 0.19843749701976776 0.8281250596046448 0.19062499701976776 0.15156249701976776
1 0.37578126788139343 0.1666666716337204 0.33906251192092896 0.24687500298023224
0 0.2992187440395355 0.6312500238418579 0.1796875 0.17499999701976776
0 0.6460937857627869 0.2458333522081375 0.1796875 0.17499999701976776
0 0.7210937738418579 0.7145833969116211 0.1796875 0.17499999701976776
0 0.563281238079071 0.49270835518836975 0.11406250298023224 0.18281249701976776
0 0.3203125 0.39270836114883423 0.19375000894069672 0.1796875
0 0.514843761920929 0.8708333969116211 0.16718749701976776 0.16875000298023224
0 0.32500001788139343 0.8375000357627869 0.20000000298023224 0.15312500298023224
0 0.867968738079071 0.5562500357627869 0.1796875 0.17499999701976776
0 0.832812488079071 0.8927083611488342 0.15625 0.16093750298023224
0 0.598437488079071 0.07708333432674408 0.18125000596046448 0.11250000447034836
0 0.49140626192092896 0.4895833730697632 0.1796875 0.171875
0 0.19843749701976776 0.8281250596046448 0.19062499701976776 0.15156249701976776
1 0.37578126788139343 0.1666666716337204 0.33906251192092896 0.24687500298023224
0 0.2992187440395355 0.6312500238418579 0.1796875 0.17499999701976776
0 0.6460937857627869 0.2458333522081375 0.1796875 0.17499999701976776
0 0.7210937738418579 0.7145833969116211 0.1796875 0.17499999701976776
0 0.563281238079071 0.49270835518836975 0.11406250298023224 0.18281249701976776
0 0.3203125 0.39270836114883423 0.19375000894069672 0.1796875
0 0.514843761920929 0.8708333969116211 0.16718749701976776 0.16875000298023224
0 0.32500001788139343 0.8375000357627869 0.20000000298023224 0.15312500298023224
0 0.867968738079071 0.5562500357627869 0.1796875 0.17499999701976776
0 0.832812488079071 0.8927083611488342 0.15625 0.16093750298023224
0 0.598437488079071 0.07708333432674408 0.18125000596046448 0.11250000447034836
0 0.49140626192092896 0.4895833730697632 0.1796875 0.171875
0 0.19843749701976776 0.8281250596046448 0.19062499701976776 0.15156249701976776
1 0.37578126788139343 0.1666666716337204 0.33906251192092896 0.24687500298023224
