0 0.4460937566473149 0.8541667112149298 0.16406250244472176 0.1312500019557774
0 0.6265625093365088 0.8968750467756763 0.17187500256113708 0.14218750211875886
0 0.46250000689178705 0.2468750128755346 0.17187500256113708 0.14218750211875886
0 0.4812500071711838 0.08958333800546825 0.18125000270083547 0.1312500019557774
0 0.2593750038649887 0.7739583736984059 0.18750000279396772 0.17656250263098627
0 0.5335937579511665 0.420833355281502 0.16406250244472176 0.1312500019557774
0 0.6289062593714334 0.3145833497401327 0.16406250244472176 0.1312500019557774
0 0.24453125364379957 0.1291666734032333 0.16406250244472176 0.1312500019557774
0 0.08515625126892701 0.5656250294996426 0.1671875024912879 0.1578125023515895
0 0.9539062642143108 0.8947917133336887 0.08906250132713467 0.1578125023515895
0 0.7960937618627213 0.8625000449828804 0.16406250244472176 0.1312500019557774
0 0.9398437640047632 0.13854167389217764 0.12031250179279596 0.14531250216532499
0 0.5500000081956387 0.6760417019249871 0.15000000223517418 0.19531250291038305
1 0.41406250617001206 0.6208333657123148 0.08125000121071935 0.07187500107102096
1 0.24218750360887498 0.6041666981764138 0.10625000158324838 0.09375000139698386
1 0.12578125187428668 0.2979166822042316 0.07343750109430403 0.07500000111758709
1 0.023437500349245965 0.6385416999692097 0.0437500006519258 0.06406250095460564
1 0.7640625113854185 0.5833333637565374 0.3812500056810677 0.3562500053085387
0 0.4460937566473149 0.8541667112149298 0.16406250244472176 0.1312500019557774
0 0.6265625093365088 0.8968750467756763 0.17187500256113708 0.14218750211875886
0 0.46250000689178705 0.2468750128755346 0.17187500256113708 0.14218750211875886
0 0.4812500071711838 0.08958333800546825 0.18125000270083547 0.1312500019557774
0 0.2593750038649887 0.7739583736984059 0.18750000279396772 0.17656250263098627
0 0.5335937579511665 0.420833355281502 0.16406250244472176 0.1312500019557774
0 0.6289062593714334 0.3145833497401327 0.16406250244472176 0.1312500019557774
0 0.24453125364379957 0.1291666734032333 0.16406250244472176 0.1312500019557774
0 0.08515625126892701 0.5656250294996426 0.1671875024912879 0.1578125023515895
0 0.9539062642143108 0.8947917133336887 0.08906250132713467 0.1578125023515895
0 0.7960937618627213 0.8625000449828804 0.16406250244472176 0.1312500019557774
0 0.9398437640047632 0.13854167389217764 0.12031250179279596 0.14531250216532499
0 0.5500000081956387 0.6760417019249871 0.15000000223517418 0.19531250291038305
1 0.41406250617001206 0.6208333657123148 0.08125000121071935 0.07187500107102096
1 0.24218750360887498 0.6041666981764138 0.10625000158324838 0.09375000139698386
1 0.12578125187428668 0.2979166822042316 0.07343750109430403 0.07500000111758709
1 0.023437500349245965 0.6385416999692097 0.0437500006519258 0.06406250095460564
1 0.7640625113854185 0.5833333637565374 0.3812500056810677 0.3562500053085387
0 0.4460937566473149 0.8541667112149298 0.16406250244472176 0.1312500019557774
0 0.6265625093365088 0.8968750467756763 0.17187500256113708 0.14218750211875886
0 0.46250000689178705 0.2468750128755346 0.17187500256113708 0.14218750211875886
0 0.4812500071711838 0.08958333800546825 0.18125000270083547 0.1312500019557774
0 0.2593750038649887 0.7739583736984059 0.18750000279396772 0.17656250263098627
0 0.5335937579511665 0.420833355281502 0.16406250244472176 0.1312500019557774
0 0.6289062593714334 0.3145833497401327 0.16406250244472176 0.1312500019557774
0 0.24453125364379957 0.1291666734032333 0.16406250244472176 0.1312500019557774
0 0.08515625126892701 0.5656250294996426 0.1671875024912879 0.1578125023515895
0 0.9539062642143108 0.8947917133336887 0.08906250132713467 0.1578125023515895
0 0.7960937618627213 0.8625000449828804 0.16406250244472176 0.1312500019557774
0 0.9398437640047632 0.13854167389217764 0.12031250179279596 0.14531250216532499
0 0.5500000081956387 0.6760417019249871 0.15000000223517418 0.19531250291038305
1 0.41406250617001206 0.6208333657123148 0.08125000121071935 0.07187500107102096
1 0.24218750360887498 0.6041666981764138 0.10625000158324838 0.09375000139698386
1 0.12578125187428668 0.2979166822042316 0.07343750109430403 0.07500000111758709
1 0.023437500349245965 0.6385416999692097 0.0437500006519258 0.06406250095460564
1 0.7640625113854185 0.5833333637565374 0.3812500056810677 0.3562500053085387
0 0.4460937566473149 0.8541667112149298 0.16406250244472176 0.1312500019557774
0 0.6265625093365088 0.8968750467756763 0.17187500256113708 0.14218750211875886
0 0.46250000689178705 0.2468750128755346 0.17187500256113708 0.14218750211875886
0 0.4812500071711838 0.08958333800546825 0.18125000270083547 0.1312500019557774
0 0.2593750038649887 0.7739583736984059 0.18750000279396772 0.17656250263098627
0 0.5335937579511665 0.420833355281502 0.16406250244472176 0.1312500019557774
0 0.6289062593714334 0.3145833497401327 0.16406250244472176 0.1312500019557774
0 0.24453125364379957 0.1291666734032333 0.16406250244472176 0.1312500019557774
0 0.08515625126892701 0.5656250294996426 0.1671875024912879 0.1578125023515895
0 0.9539062642143108 0.8947917133336887 0.08906250132713467 0.1578125023515895
0 0.7960937618627213 0.8625000449828804 0.16406250244472176 0.1312500019557774
0 0.9398437640047632 0.13854167389217764 0.12031250179279596 0.14531250216532499
0 0.5500000081956387 0.6760417019249871 0.15000000223517418 0.19531250291038305
1 0.41406250617001206 0.6208333657123148 0.08125000121071935 0.07187500107102096
1 0.24218750360887498 0.6041666981764138 0.10625000158324838 0.09375000139698386
1 0.12578125187428668 0.2979166822042316 0.07343750109430403 0.07500000111758709
1 0.023437500349245965 0.6385416999692097 0.0437500006519258 0.06406250095460564
1 0.7640625113854185 0.5833333637565374 0.3812500056810677 0.3562500053085387
0 0.4460937566473149 0.8541667112149298 0.16406250244472176 0.1312500019557774
0 0.6265625093365088 0.8968750467756763 0.17187500256113708 0.14218750211875886
0 0.46250000689178705 0.2468750128755346 0.17187500256113708 0.14218750211875886
0 0.4812500071711838 0.08958333800546825 0.18125000270083547 0.1312500019557774
0 0.2593750038649887 0.7739583736984059 0.18750000279396772 0.17656250263098627
0 0.5335937579511665 0.420833355281502 0.16406250244472176 0.1312500019557774
0 0.6289062593714334 0.3145833497401327 0.16406250244472176 0.1312500019557774
0 0.24453125364379957 0.1291666734032333 0.16406250244472176 0.1312500019557774
0 0.08515625126892701 0.5656250294996426 0.1671875024912879 0.1578125023515895
0 0.9539062642143108 0.8947917133336887 0.08906250132713467 0.1578125023515895
0 0.7960937618627213 0.8625000449828804 0.16406250244472176 0.1312500019557774
0 0.9398437640047632 0.13854167389217764 0.12031250179279596 0.14531250216532499
0 0.5500000081956387 0.6760417019249871 0.15000000223517418 0.19531250291038305
1 0.41406250617001206 0.6208333657123148 0.08125000121071935 0.07187500107102096
1 0.24218750360887498 0.6041666981764138 0.10625000158324838 0.09375000139698386
1 0.12578125187428668 0.2979166822042316 0.07343750109430403 0.07500000111758709
1 0.023437500349245965 0.6385416999692097 0.0437500006519258 0.06406250095460564
1 0.7640625113854185 0.5833333637565374 0.3812500056810677 0.3562500053085387
0 0.4460937566473149 0.8541667112149298 0.16406250244472176 0.1312500019557774
0 0.6265625093365088 0.8968750467756763 0.17187500256113708 0.14218750211875886
0 0.46250000689178705 0.2468750128755346 0.17187500256113708 0.14218750211875886
0 0.4812500071711838 0.08958333800546825 0.18125000270083547 0.1312500019557774
0 0.2593750038649887 0.7739583736984059 0.18750000279396772 0.17656250263098627
0 0.5335937579511665 0.420833355281502 0.16406250244472176 0.1312500019557774
0 0.6289062593714334 0.3145833497401327 0.16406250244472176 0.1312500019557774
0 0.24453125364379957 0.1291666734032333 0.16406250244472176 0.1312500019557774
0 0.08515625126892701 0.5656250294996426 0.1671875024912879 0.1578125023515895
0 0.9539062642143108 0.8947917133336887 0.08906250132713467 0.1578125023515895
0 0.7960937618627213 0.8625000449828804 0.16406250244472176 0.1312500019557774
0 0.9398437640047632 0.13854167389217764 0.12031250179279596 0.14531250216532499
0 0.5500000081956387 0.6760417019249871 0.15000000223517418 0.19531250291038305
1 0.41406250617001206 0.6208333657123148 0.08125000121071935 0.07187500107102096
1 0.24218750360887498 0.6041666981764138 0.10625000158324838 0.09375000139698386
1 0.12578125187428668 0.2979166822042316 0.07343750109430403 0.07500000111758709
1 0.023437500349245965 0.6385416999692097 0.0437500006519258 0.06406250095460564
1 0.7640625113854185 0.5833333637565374 0.3812500056810677 0.3562500053085387
0 0.4460937566473149 0.8541667112149298 0.16406250244472176 0.1312500019557774
0 0.6265625093365088 0.8968750467756763 0.17187500256113708 0.14218750211875886
0 0.46250000689178705 0.2468750128755346 0.17187500256113708 0.14218750211875886
0 0.4812500071711838 0.08958333800546825 0.18125000270083547 0.1312500019557774
0 0.2593750038649887 0.7739583736984059 0.18750000279396772 0.17656250263098627
0 0.5335937579511665 0.420833355281502 0.16406250244472176 0.1312500019557774
0 0.6289062593714334 0.3145833497401327 0.16406250244472176 0.1312500019557774
0 0.24453125364379957 0.1291666734032333 0.16406250244472176 0.1312500019557774
0 0.08515625126892701 0.5656250294996426 0.1671875024912879 0.1578125023515895
0 0.9539062642143108 0.8947917133336887 0.08906250132713467 0.1578125023515895
0 0.7960937618627213 0.8625000449828804 0.16406250244472176 0.1312500019557774
0 0.9398437640047632 0.13854167389217764 0.12031250179279596 0.14531250216532499
0 0.5500000081956387 0.6760417019249871 0.15000000223517418 0.19531250291038305
1 0.41406250617001206 0.6208333657123148 0.08125000121071935 0.07187500107102096
1 0.24218750360887498 0.6041666981764138 0.10625000158324838 0.09375000139698386
1 0.12578125187428668 0.2979166822042316 0.07343750109430403 0.07500000111758709
1 0.023437500349245965 0.6385416999692097 0.0437500006519258 0.06406250095460564
1 0.7640625113854185 0.5833333637565374 0.3812500056810677 0.3562500053085387
0 0.4460937566473149 0.8541667112149298 0.16406250244472176 0.1312500019557774
0 0.6265625093365088 0.8968750467756763 0.17187500256113708 0.14218750211875886
0 0.46250000689178705 0.2468750128755346 0.17187500256113708 0.14218750211875886
0 0.4812500071711838 0.08958333800546825 0.18125000270083547 0.1312500019557774
0 0.2593750038649887 0.7739583736984059 0.18750000279396772 0.17656250263098627
0 0.5335937579511665 0.420833355281502 0.16406250244472176 0.1312500019557774
0 0.6289062593714334 0.3145833497401327 0.16406250244472176 0.1312500019557774
0 0.24453125364379957 0.1291666734032333 0.16406250244472176 0.1312500019557774
0 0.08515625126892701 0.5656250294996426 0.1671875024912879 0.1578125023515895
0 0.9539062642143108 0.8947917133336887 0.08906250132713467 0.1578125023515895
0 0.7960937618627213 0.8625000449828804 0.16406250244472176 0.1312500019557774
0 0.9398437640047632 0.13854167389217764 0.12031250179279596 0.14531250216532499
0 0.5500000081956387 0.6760417019249871 0.15000000223517418 0.19531250291038305
1 0.41406250617001206 0.6208333657123148 0.08125000121071935 0.07187500107102096
1 0.24218750360887498 0.6041666981764138 0.10625000158324838 0.09375000139698386
1 0.12578125187428668 0.2979166822042316 0.07343750109430403 0.07500000111758709
1 0.023437500349245965 0.6385416999692097 0.0437500006519258 0.06406250095460564
1 0.7640625113854185 0.5833333637565374 0.3812500056810677 0.3562500053085387
0 0.4460937566473149 0.8541667112149298 0.16406250244472176 0.1312500019557774
0 0.6265625093365088 0.8968750467756763 0.17187500256113708 0.14218750211875886
0 0.46250000689178705 0.2468750128755346 0.17187500256113708 0.14218750211875886
0 0.4812500071711838 0.08958333800546825 0.18125000270083547 0.1312500019557774
0 0.2593750038649887 0.7739583736984059 0.18750000279396772 0.17656250263098627
0 0.5335937579511665 0.420833355281502 0.16406250244472176 0.1312500019557774
0 0.6289062593714334 0.3145833497401327 0.16406250244472176 0.1312500019557774
0 0.24453125364379957 0.1291666734032333 0.16406250244472176 0.1312500019557774
0 0.08515625126892701 0.5656250294996426 0.1671875024912879 0.1578125023515895
0 0.9539062642143108 0.8947917133336887 0.08906250132713467 0.1578125023515895
0 0.7960937618627213 0.8625000449828804 0.16406250244472176 0.1312500019557774
0 0.9398437640047632 0.13854167389217764 0.12031250179279596 0.14531250216532499
0 0.5500000081956387 0.6760417019249871 0.15000000223517418 0.19531250291038305
1 0.41406250617001206 0.6208333657123148 0.08125000121071935 0.07187500107102096
1 0.24218750360887498 0.6041666981764138 0.10625000158324838 0.09375000139698386
1 0.12578125187428668 0.2979166822042316 0.07343750109430403 0.07500000111758709
1 0.023437500349245965 0.6385416999692097 0.0437500006519258 0.06406250095460564
1 0.7640625113854185 0.5833333637565374 0.3812500056810677 0.3562500053085387
0 0.4460937566473149 0.8541667112149298 0.16406250244472176 0.1312500019557774
0 0.6265625093365088 0.8968750467756763 0.17187500256113708 0.14218750211875886
0 0.46250000689178705 0.2468750128755346 0.17187500256113708 0.14218750211875886
0 0.4812500071711838 0.08958333800546825 0.18125000270083547 0.1312500019557774
0 0.2593750038649887 0.7739583736984059 0.18750000279396772 0.17656250263098627
0 0.5335937579511665 0.420833355281502 0.16406250244472176 0.1312500019557774
0 0.6289062593714334 0.3145833497401327 0.16406250244472176 0.1312500019557774
0 0.24453125364379957 0.1291666734032333 0.16406250244472176 0.1312500019557774
0 0.08515625126892701 0.5656250294996426 0.1671875024912879 0.1578125023515895
0 0.9539062642143108 0.8947917133336887 0.08906250132713467 0.1578125023515895
0 0.7960937618627213 0.8625000449828804 0.16406250244472176 0.1312500019557774
0 0.9398437640047632 0.13854167389217764 0.12031250179279596 0.14531250216532499
0 0.5500000081956387 0.6760417019249871 0.15000000223517418 0.19531250291038305
1 0.41406250617001206 0.6208333657123148 0.08125000121071935 0.07187500107102096
1 0.24218750360887498 0.6041666981764138 0.10625000158324838 0.09375000139698386
1 0.12578125187428668 0.2979166822042316 0.07343750109430403 0.07500000111758709
1 0.023437500349245965 0.6385416999692097 0.0437500006519258 0.06406250095460564
1 0.7640625113854185 0.5833333637565374 0.3812500056810677 0.3562500053085387
0 0.4460937566473149 0.8541667112149298 0.16406250244472176 0.1312500019557774
0 0.6265625093365088 0.8968750467756763 0.17187500256113708 0.14218750211875886
0 0.46250000689178705 0.2468750128755346 0.17187500256113708 0.14218750211875886
0 0.4812500071711838 0.08958333800546825 0.18125000270083547 0.1312500019557774
0 0.2593750038649887 0.7739583736984059 0.18750000279396772 0.17656250263098627
0 0.5335937579511665 0.420833355281502 0.16406250244472176 0.1312500019557774
0 0.6289062593714334 0.3145833497401327 0.16406250244472176 0.1312500019557774
0 0.24453125364379957 0.1291666734032333 0.16406250244472176 0.1312500019557774
0 0.08515625126892701 0.5656250294996426 0.1671875024912879 0.1578125023515895
0 0.9539062642143108 0.8947917133336887 0.08906250132713467 0.1578125023515895
0 0.7960937618627213 0.8625000449828804 0.16406250244472176 0.1312500019557774
0 0.9398437640047632 0.13854167389217764 0.12031250179279596 0.14531250216532499
0 0.5500000081956387 0.6760417019249871 0.15000000223517418 0.19531250291038305
1 0.41406250617001206 0.6208333657123148 0.08125000121071935 0.07187500107102096
1 0.24218750360887498 0.6041666981764138 0.10625000158324838 0.09375000139698386
1 0.12578125187428668 0.2979166822042316 0.07343750109430403 0.07500000111758709
1 0.023437500349245965 0.6385416999692097 0.0437500006519258 0.06406250095460564
1 0.7640625113854185 0.5833333637565374 0.3812500056810677 0.3562500053085387
0 0.4460937566473149 0.8541667112149298 0.16406250244472176 0.1312500019557774
0 0.6265625093365088 0.8968750467756763 0.17187500256113708 0.14218750211875886
0 0.46250000689178705 0.2468750128755346 0.17187500256113708 0.14218750211875886
0 0.4812500071711838 0.08958333800546825 0.18125000270083547 0.1312500019557774
0 0.2593750038649887 0.7739583736984059 0.18750000279396772 0.17656250263098627
0 0.5335937579511665 0.420833355281502 0.16406250244472176 0.1312500019557774
0 0.6289062593714334 0.3145833497401327 0.16406250244472176 0.1312500019557774
0 0.24453125364379957 0.1291666734032333 0.16406250244472176 0.1312500019557774
0 0.08515625126892701 0.5656250294996426 0.1671875024912879 0.1578125023515895
0 0.9539062642143108 0.8947917133336887 0.08906250132713467 0.1578125023515895
0 0.7960937618627213 0.8625000449828804 0.16406250244472176 0.1312500019557774
0 0.9398437640047632 0.13854167389217764 0.12031250179279596 0.14531250216532499
0 0.5500000081956387 0.6760417019249871 0.15000000223517418 0.19531250291038305
1 0.41406250617001206 0.6208333657123148 0.08125000121071935 0.07187500107102096
1 0.24218750360887498 0.6041666981764138 0.10625000158324838 0.09375000139698386
1 0.12578125187428668 0.2979166822042316 0.07343750109430403 0.07500000111758709
1 0.023437500349245965 0.6385416999692097 0.0437500006519258 0.06406250095460564
1 0.7640625113854185 0.5833333637565374 0.3812500056810677 0.3562500053085387
0 0.4460937566473149 0.8541667112149298 0.16406250244472176 0.1312500019557774
0 0.6265625093365088 0.8968750467756763 0.17187500256113708 0.14218750211875886
0 0.46250000689178705 0.2468750128755346 0.17187500256113708 0.14218750211875886
0 0.4812500071711838 0.08958333800546825 0.18125000270083547 0.1312500019557774
0 0.2593750038649887 0.7739583736984059 0.18750000279396772 0.17656250263098627
0 0.5335937579511665 0.420833355281502 0.16406250244472176 0.1312500019557774
0 0.6289062593714334 0.3145833497401327 0.16406250244472176 0.1312500019557774
0 0.24453125364379957 0.1291666734032333 0.16406250244472176 0.1312500019557774
0 0.08515625126892701 0.5656250294996426 0.1671875024912879 0.1578125023515895
0 0.9539062642143108 0.8947917133336887 0.08906250132713467 0.1578125023515895
0 0.7960937618627213 0.8625000449828804 0.16406250244472176 0.1312500019557774
0 0.9398437640047632 0.13854167389217764 0.12031250179279596 0.14531250216532499
0 0.5500000081956387 0.6760417019249871 0.15000000223517418 0.19531250291038305
1 0.41406250617001206 0.6208333657123148 0.08125000121071935 0.07187500107102096
1 0.24218750360887498 0.6041666981764138 0.10625000158324838 0.09375000139698386
1 0.12578125187428668 0.2979166822042316 0.07343750109430403 0.07500000111758709
1 0.023437500349245965 0.6385416999692097 0.0437500006519258 0.06406250095460564
1 0.7640625113854185 0.5833333637565374 0.3812500056810677 0.3562500053085387
0 0.4460937566473149 0.8541667112149298 0.16406250244472176 0.1312500019557774
0 0.6265625093365088 0.8968750467756763 0.17187500256113708 0.14218750211875886
0 0.46250000689178705 0.2468750128755346 0.17187500256113708 0.14218750211875886
0 0.4812500071711838 0.08958333800546825 0.18125000270083547 0.1312500019557774
0 0.2593750038649887 0.7739583736984059 0.18750000279396772 0.17656250263098627
0 0.5335937579511665 0.420833355281502 0.16406250244472176 0.1312500019557774
0 0.6289062593714334 0.3145833497401327 0.16406250244472176 0.1312500019557774
0 0.24453125364379957 0.1291666734032333 0.16406250244472176 0.1312500019557774
0 0.08515625126892701 0.5656250294996426 0.1671875024912879 0.1578125023515895
0 0.9539062642143108 0.8947917133336887 0.08906250132713467 0.1578125023515895
0 0.7960937618627213 0.8625000449828804 0.16406250244472176 0.1312500019557774
0 0.9398437640047632 0.13854167389217764 0.12031250179279596 0.14531250216532499
0 0.5500000081956387 0.6760417019249871 0.15000000223517418 0.19531250291038305
2 0.41406250617001206 0.6208333657123148 0.08125000121071935 0.07187500107102096
2 0.24218750360887498 0.6041666981764138 0.10625000158324838 0.09375000139698386
2 0.12578125187428668 0.2979166822042316 0.07343750109430403 0.07500000111758709
2 0.023437500349245965 0.6385416999692097 0.0437500006519258 0.06406250095460564
1 0.7640625113854185 0.5833333637565374 0.3812500056810677 0.3562500053085387
0 0.4460937566473149 0.8541667112149298 0.16406250244472176 0.1312500019557774
0 0.6265625093365088 0.8968750467756763 0.17187500256113708 0.14218750211875886
0 0.46250000689178705 0.2468750128755346 0.17187500256113708 0.14218750211875886
0 0.4812500071711838 0.08958333800546825 0.18125000270083547 0.1312500019557774
0 0.2593750038649887 0.7739583736984059 0.18750000279396772 0.17656250263098627
0 0.5335937579511665 0.420833355281502 0.16406250244472176 0.1312500019557774
0 0.6289062593714334 0.3145833497401327 0.16406250244472176 0.1312500019557774
0 0.24453125364379957 0.1291666734032333 0.16406250244472176 0.1312500019557774
0 0.08515625126892701 0.5656250294996426 0.1671875024912879 0.1578125023515895
0 0.9539062642143108 0.8947917133336887 0.08906250132713467 0.1578125023515895
0 0.7960937618627213 0.8625000449828804 0.16406250244472176 0.1312500019557774
0 0.9398437640047632 0.13854167389217764 0.12031250179279596 0.14531250216532499
0 0.5500000081956387 0.6760417019249871 0.15000000223517418 0.19531250291038305
2 0.41406250617001206 0.6208333657123148 0.08125000121071935 0.07187500107102096
2 0.24218750360887498 0.6041666981764138 0.10625000158324838 0.09375000139698386
2 0.12578125187428668 0.2979166822042316 0.07343750109430403 0.07500000111758709
2 0.023437500349245965 0.6385416999692097 0.0437500006519258 0.06406250095460564
1 0.7640625113854185 0.5833333637565374 0.3812500056810677 0.3562500053085387
0 0.44609376788139343 0.8541666865348816 0.1640625 0.13125000894069672
0 0.6265625357627869 0.8968750238418579 0.171875 0.14218750596046448
0 0.4625000059604645 0.24687501788139343 0.171875 0.14218750596046448
0 0.48125001788139343 0.08958333730697632 0.18125000596046448 0.13125000894069672
0 0.2593750059604645 0.7739583849906921 0.1875 0.17656250298023224
0 0.5335937738418579 0.4208333492279053 0.1640625 0.13125000894069672
0 0.62890625 0.31458336114883423 0.1640625 0.13125000894069672
0 0.24453125894069672 0.12916667759418488 0.1640625 0.13125000894069672
0 0.08515625447034836 0.565625011920929 0.16718749701976776 0.15781250596046448
0 0.953906238079071 0.8947917222976685 0.08906250447034836 0.15781250596046448
0 0.796093761920929 0.8625000715255737 0.1640625 0.13125000894069672
0 0.9398437738418579 0.13854166865348816 0.12031250447034836 0.14531250298023224
0 0.550000011920929 0.6760417222976685 0.15000000596046448 0.1953125
2 0.4140625 0.6208333373069763 0.08125000447034836 0.07187499850988388
2 0.2421875 0.6041666865348816 0.10625000298023224 0.09375
2 0.12578125298023224 0.2979166805744171 0.07343750447034836 0.07500000298023224
2 0.0234375 0.6385416984558105 0.04374999925494194 0.06406249850988388
1 0.7640625238418579 0.5833333730697632 0.3812499940395355 0.35625001788139343
0 0.44609376788139343 0.8541666865348816 0.1640625 0.13125000894069672
0 0.6265625357627869 0.8968750238418579 0.171875 0.14218750596046448
0 0.4625000059604645 0.24687501788139343 0.171875 0.14218750596046448
0 0.48125001788139343 0.08958333730697632 0.18125000596046448 0.13125000894069672
0 0.2593750059604645 0.7739583849906921 0.1875 0.17656250298023224
0 0.5335937738418579 0.4208333492279053 0.1640625 0.13125000894069672
0 0.62890625 0.31458336114883423 0.1640625 0.13125000894069672
0 0.24453125894069672 0.12916667759418488 0.1640625 0.13125000894069672
0 0.08515625447034836 0.565625011920929 0.16718749701976776 0.15781250596046448
0 0.953906238079071 0.8947917222976685 0.08906250447034836 0.15781250596046448
0 0.796093761920929 0.8625000715255737 0.1640625 0.13125000894069672
0 0.9398437738418579 0.13854166865348816 0.12031250447034836 0.14531250298023224
0 0.550000011920929 0.6760417222976685 0.15000000596046448 0.1953125
2 0.4140625 0.6208333373069763 0.08125000447034836 0.07187499850988388
2 0.2421875 0.6041666865348816 0.10625000298023224 0.09375
2 0.12578125298023224 0.2979166805744171 0.07343750447034836 0.07500000298023224
2 0.0234375 0.6385416984558105 0.04374999925494194 0.06406249850988388
1 0.7640625238418579 0.5833333730697632 0.3812499940395355 0.35625001788139343
0 0.44609376788139343 0.8541666865348816 0.1640625 0.13125000894069672
0 0.6265625357627869 0.8968750238418579 0.171875 0.14218750596046448
0 0.4625000059604645 0.24687501788139343 0.171875 0.14218750596046448
0 0.48125001788139343 0.08958333730697632 0.18125000596046448 0.13125000894069672
0 0.2593750059604645 0.7739583849906921 0.1875 0.17656250298023224
0 0.5335937738418579 0.4208333492279053 0.1640625 0.13125000894069672
0 0.62890625 0.31458336114883423 0.1640625 0.13125000894069672
0 0.24453125894069672 0.12916667759418488 0.1640625 0.13125000894069672
0 0.08515625447034836 0.565625011920929 0.16718749701976776 0.15781250596046448
0 0.953906238079071 0.8947917222976685 0.08906250447034836 0.15781250596046448
0 0.796093761920929 0.8625000715255737 0.1640625 0.13125000894069672
0 0.9398437738418579 0.13854166865348816 0.12031250447034836 0.14531250298023224
0 0.550000011920929 0.6760417222976685 0.15000000596046448 0.1953125
2 0.4140625 0.6208333373069763 0.08125000447034836 0.07187499850988388
2 0.2421875 0.6041666865348816 0.10625000298023224 0.09375
2 0.12578125298023224 0.2979166805744171 0.07343750447034836 0.07500000298023224
2 0.0234375 0.6385416984558105 0.04374999925494194 0.06406249850988388
1 0.7640625238418579 0.5833333730697632 0.3812499940395355 0.35625001788139343
0 0.44609376788139343 0.8541666865348816 0.1640625 0.13125000894069672
0 0.6265625357627869 0.8968750238418579 0.171875 0.14218750596046448
0 0.4625000059604645 0.24687501788139343 0.171875 0.14218750596046448
0 0.48125001788139343 0.08958333730697632 0.18125000596046448 0.13125000894069672
0 0.2593750059604645 0.7739583849906921 0.1875 0.17656250298023224
0 0.5335937738418579 0.4208333492279053 0.1640625 0.13125000894069672
0 0.62890625 0.31458336114883423 0.1640625 0.13125000894069672
0 0.24453125894069672 0.12916667759418488 0.1640625 0.13125000894069672
0 0.08515625447034836 0.565625011920929 0.16718749701976776 0.15781250596046448
0 0.953906238079071 0.8947917222976685 0.08906250447034836 0.15781250596046448
0 0.796093761920929 0.8625000715255737 0.1640625 0.13125000894069672
0 0.9398437738418579 0.13854166865348816 0.12031250447034836 0.14531250298023224
0 0.550000011920929 0.6760417222976685 0.15000000596046448 0.1953125
2 0.4140625 0.6208333373069763 0.08125000447034836 0.07187499850988388
2 0.2421875 0.6041666865348816 0.10625000298023224 0.09375
2 0.12578125298023224 0.2979166805744171 0.07343750447034836 0.07500000298023224
2 0.0234375 0.6385416984558105 0.04374999925494194 0.06406249850988388
1 0.7640625238418579 0.5833333730697632 0.3812499940395355 0.35625001788139343
0 0.44609376788139343 0.8541666865348816 0.1640625 0.13125000894069672
0 0.6265625357627869 0.8968750238418579 0.171875 0.14218750596046448
0 0.4625000059604645 0.24687501788139343 0.171875 0.14218750596046448
0 0.48125001788139343 0.08958333730697632 0.18125000596046448 0.13125000894069672
0 0.2593750059604645 0.7739583849906921 0.1875 0.17656250298023224
0 0.5335937738418579 0.4208333492279053 0.1640625 0.13125000894069672
0 0.62890625 0.31458336114883423 0.1640625 0.13125000894069672
0 0.24453125894069672 0.12916667759418488 0.1640625 0.13125000894069672
0 0.08515625447034836 0.565625011920929 0.16718749701976776 0.15781250596046448
0 0.953906238079071 0.8947917222976685 0.08906250447034836 0.15781250596046448
0 0.796093761920929 0.8625000715255737 0.1640625 0.13125000894069672
0 0.9398437738418579 0.13854166865348816 0.12031250447034836 0.14531250298023224
0 0.550000011920929 0.6760417222976685 0.15000000596046448 0.1953125
2 0.4140625 0.6208333373069763 0.08125000447034836 0.07187499850988388
2 0.2421875 0.6041666865348816 0.10625000298023224 0.09375
2 0.12578125298023224 0.2979166805744171 0.07343750447034836 0.07500000298023224
2 0.0234375 0.6385416984558105 0.04374999925494194 0.06406249850988388
1 0.7640625238418579 0.5833333730697632 0.3812499940395355 0.35625001788139343
0 0.44609376788139343 0.8541666865348816 0.1640625 0.13125000894069672
0 0.6265625357627869 0.8968750238418579 0.171875 0.14218750596046448
0 0.4625000059604645 0.24687501788139343 0.171875 0.14218750596046448
0 0.48125001788139343 0.08958333730697632 0.18125000596046448 0.13125000894069672
0 0.2593750059604645 0.7739583849906921 0.1875 0.17656250298023224
0 0.5335937738418579 0.4208333492279053 0.1640625 0.13125000894069672
0 0.62890625 0.31458336114883423 0.1640625 0.13125000894069672
0 0.24453125894069672 0.12916667759418488 0.1640625 0.13125000894069672
0 0.08515625447034836 0.565625011920929 0.16718749701976776 0.15781250596046448
0 0.953906238079071 0.8947917222976685 0.08906250447034836 0.15781250596046448
0 0.796093761920929 0.8625000715255737 0.1640625 0.13125000894069672
0 0.9398437738418579 0.13854166865348816 0.12031250447034836 0.14531250298023224
0 0.550000011920929 0.6760417222976685 0.15000000596046448 0.1953125
2 0.4140625 0.6208333373069763 0.08125000447034836 0.07187499850988388
2 0.2421875 0.6041666865348816 0.10625000298023224 0.09375
2 0.12578125298023224 0.2979166805744171 0.07343750447034836 0.07500000298023224
2 0.0234375 0.6385416984558105 0.04374999925494194 0.06406249850988388
1 0.7640625238418579 0.5833333730697632 0.3812499940395355 0.35625001788139343
0 0.44609376788139343 0.8541666865348816 0.1640625 0.13125000894069672
0 0.6265625357627869 0.8968750238418579 0.171875 0.14218750596046448
0 0.4625000059604645 0.24687501788139343 0.171875 0.14218750596046448
0 0.48125001788139343 0.08958333730697632 0.18125000596046448 0.13125000894069672
0 0.2593750059604645 0.7739583849906921 0.1875 0.17656250298023224
0 0.5335937738418579 0.4208333492279053 0.1640625 0.13125000894069672
0 0.62890625 0.31458336114883423 0.1640625 0.13125000894069672
0 0.24453125894069672 0.12916667759418488 0.1640625 0.13125000894069672
0 0.08515625447034836 0.565625011920929 0.16718749701976776 0.15781250596046448
0 0.953906238079071 0.8947917222976685 0.08906250447034836 0.15781250596046448
0 0.796093761920929 0.8625000715255737 0.1640625 0.13125000894069672
0 0.9398437738418579 0.13854166865348816 0.12031250447034836 0.14531250298023224
0 0.550000011920929 0.6760417222976685 0.15000000596046448 0.1953125
2 0.4140625 0.6208333373069763 0.08125000447034836 0.07187499850988388
2 0.2421875 0.6041666865348816 0.10625000298023224 0.09375
2 0.12578125298023224 0.2979166805744171 0.07343750447034836 0.07500000298023224
2 0.0234375 0.6385416984558105 0.04374999925494194 0.06406249850988388
1 0.7640625238418579 0.5833333730697632 0.3812499940395355 0.35625001788139343
