1 0.2859375042608008 0.8125000423751771 0.04687500069849193 0.05000000074505806
1 0.8523437627009116 0.5479166952427477 0.05781250086147338 0.059375000884756446
1 0.9117187635856681 0.8375000436790287 0.05781250086147338 0.059375000884756446
1 0.6523437597206794 0.5843750304775313 0.3453125051455572 0.3328125049592927
1 0.2859375042608008 0.8125000423751771 0.04687500069849193 0.05000000074505806
1 0.8523437627009116 0.5479166952427477 0.05781250086147338 0.059375000884756446
1 0.9117187635856681 0.8375000436790287 0.05781250086147338 0.059375000884756446
1 0.6523437597206794 0.5843750304775313 0.3453125051455572 0.3328125049592927
1 0.2859375042608008 0.8125000423751771 0.04687500069849193 0.05000000074505806
1 0.8523437627009116 0.5479166952427477 0.05781250086147338 0.059375000884756446
1 0.9117187635856681 0.8375000436790287 0.05781250086147338 0.059375000884756446
1 0.6523437597206794 0.5843750304775313 0.3453125051455572 0.3328125049592927
1 0.2859375042608008 0.8125000423751771 0.04687500069849193 0.05000000074505806
1 0.8523437627009116 0.5479166952427477 0.05781250086147338 0.059375000884756446
1 0.9117187635856681 0.8375000436790287 0.05781250086147338 0.059375000884756446
1 0.6523437597206794 0.5843750304775313 0.3453125051455572 0.3328125049592927
1 0.2859375042608008 0.8125000423751771 0.04687500069849193 0.05000000074505806
1 0.8523437627009116 0.5479166952427477 0.05781250086147338 0.059375000884756446
1 0.9117187635856681 0.8375000436790287 0.05781250086147338 0.059375000884756446
1 0.6523437597206794 0.5843750304775313 0.3453125051455572 0.3328125049592927
1 0.2859375042608008 0.8125000423751771 0.04687500069849193 0.05000000074505806
1 0.8523437627009116 0.5479166952427477 0.05781250086147338 0.059375000884756446
1 0.9117187635856681 0.8375000436790287 0.05781250086147338 0.059375000884756446
1 0.6523437597206794 0.5843750304775313 0.3453125051455572 0.3328125049592927
1 0.2859375042608008 0.8125000423751771 0.04687500069849193 0.05000000074505806
1 0.8523437627009116 0.5479166952427477 0.05781250086147338 0.059375000884756446
1 0.9117187635856681 0.8375000436790287 0.05781250086147338 0.059375000884756446
1 0.6523437597206794 0.5843750304775313 0.3453125051455572 0.3328125049592927
1 0.2859375042608008 0.8125000423751771 0.04687500069849193 0.05000000074505806
1 0.8523437627009116 0.5479166952427477 0.05781250086147338 0.059375000884756446
1 0.9117187635856681 0.8375000436790287 0.05781250086147338 0.059375000884756446
1 0.6523437597206794 0.5843750304775313 0.3453125051455572 0.3328125049592927
1 0.2859375042608008 0.8125000423751771 0.04687500069849193 0.05000000074505806
1 0.8523437627009116 0.5479166952427477 0.05781250086147338 0.059375000884756446
1 0.9117187635856681 0.8375000436790287 0.05781250086147338 0.059375000884756446
1 0.6523437597206794 0.5843750304775313 0.3453125051455572 0.3328125049592927
1 0.2859375042608008 0.8125000423751771 0.04687500069849193 0.05000000074505806
1 0.8523437627009116 0.5479166952427477 0.05781250086147338 0.059375000884756446
1 0.9117187635856681 0.8375000436790287 0.05781250086147338 0.059375000884756446
1 0.6523437597206794 0.5843750304775313 0.3453125051455572 0.3328125049592927
1 0.2859375042608008 0.8125000423751771 0.04687500069849193 0.05000000074505806
1 0.8523437627009116 0.5479166952427477 0.05781250086147338 0.059375000884756446
1 0.9117187635856681 0.8375000436790287 0.05781250086147338 0.059375000884756446
1 0.6523437597206794 0.5843750304775313 0.3453125051455572 0.3328125049592927
1 0.2859375042608008 0.8125000423751771 0.04687500069849193 0.05000000074505806
1 0.8523437627009116 0.5479166952427477 0.05781250086147338 0.059375000884756446
1 0.9117187635856681 0.8375000436790287 0.05781250086147338 0.059375000884756446
1 0.6523437597206794 0.5843750304775313 0.3453125051455572 0.3328125049592927
1 0.2859375042608008 0.8125000423751771 0.04687500069849193 0.05000000074505806
1 0.8523437627009116 0.5479166952427477 0.05781250086147338 0.059375000884756446
1 0.9117187635856681 0.8375000436790287 0.05781250086147338 0.059375000884756446
1 0.6523437597206794 0.5843750304775313 0.3453125051455572 0.3328125049592927
2 0.2859375042608008 0.8125000423751771 0.04687500069849193 0.05000000074505806
2 0.8523437627009116 0.5479166952427477 0.05781250086147338 0.059375000884756446
2 0.9117187635856681 0.8375000436790287 0.05781250086147338 0.059375000884756446
1 0.6523437597206794 0.5843750304775313 0.3453125051455572 0.3328125049592927
2 0.2859375042608008 0.8125000423751771 0.04687500069849193 0.05000000074505806
2 0.8523437627009116 0.5479166952427477 0.05781250086147338 0.059375000884756446
2 0.9117187635856681 0.8375000436790287 0.05781250086147338 0.059375000884756446
1 0.6523437597206794 0.5843750304775313 0.3453125051455572 0.3328125049592927
2 0.28593751788139343 0.8125000596046448 0.046875 0.05000000074505806
2 0.852343738079071 0.5479167103767395 0.05781250074505806 0.05937499925494194
2 0.9117187857627869 0.8375000357627869 0.05781250074505806 0.05937499925494194
1 0.65234375 0.5843750238418579 0.3453125059604645 0.33281251788139343
2 0.28593751788139343 0.8125000596046448 0.046875 0.05000000074505806
2 0.852343738079071 0.5479167103767395 0.05781250074505806 0.05937499925494194
2 0.9117187857627869 0.8375000357627869 0.05781250074505806 0.05937499925494194
1 0.65234375 0.5843750238418579 0.3453125059604645 0.33281251788139343
2 0.28593751788139343 0.8125000596046448 0.046875 0.05000000074505806
2 0.852343738079071 0.5479167103767395 0.05781250074505806 0.05937499925494194
2 0.9117187857627869 0.8375000357627869 0.05781250074505806 0.05937499925494194
1 0.65234375 0.5843750238418579 0.3453125059604645 0.33281251788139343
2 0.28593751788139343 0.8125000596046448 0.046875 0.05000000074505806
2 0.852343738079071 0.5479167103767395 0.05781250074505806 0.05937499925494194
2 0.9117187857627869 0.8375000357627869 0.05781250074505806 0.05937499925494194
1 0.65234375 0.5843750238418579 0.3453125059604645 0.33281251788139343
2 0.28593751788139343 0.8125000596046448 0.046875 0.05000000074505806
2 0.852343738079071 0.5479167103767395 0.05781250074505806 0.05937499925494194
2 0.9117187857627869 0.8375000357627869 0.05781250074505806 0.05937499925494194
1 0.65234375 0.5843750238418579 0.3453125059604645 0.33281251788139343
2 0.28593751788139343 0.8125000596046448 0.046875 0.05000000074505806
2 0.852343738079071 0.5479167103767395 0.05781250074505806 0.05937499925494194
2 0.9117187857627869 0.8375000357627869 0.05781250074505806 0.05937499925494194
1 0.65234375 0.5843750238418579 0.3453125059604645 0.33281251788139343
2 0.28593751788139343 0.8125000596046448 0.046875 0.05000000074505806
2 0.852343738079071 0.5479167103767395 0.05781250074505806 0.05937499925494194
2 0.9117187857627869 0.8375000357627869 0.05781250074505806 0.05937499925494194
1 0.65234375 0.5843750238418579 0.3453125059604645 0.33281251788139343
