0 0.6757812600699253 0.39791668741963804 0.1671875024912879 0.17187500256113708
0 0.8242187622818165 0.4645833575632423 0.1671875024912879 0.17187500256113708
0 0.6898437602794729 0.73958337190561 0.1671875024912879 0.17187500256113708
0 0.49921875743893906 0.8041667086072266 0.1671875024912879 0.17187500256113708
0 0.3976562559255399 0.8666667118668556 0.1671875024912879 0.17187500256113708
0 0.12500000186264515 0.7302083714166656 0.19062500284053385 0.1671875024912879
0 0.6671875099418685 0.15104167454410344 0.21250000316649675 0.16093750239815563
0 0.07265625108266249 0.22604167845565826 0.14218750211875886 0.1578125023515895
0 0.4484375066822395 0.17604167584795505 0.21250000316649675 0.16093750239815563
0 0.2914062543422915 0.7000000365078449 0.1671875024912879 0.17187500256113708
0 0.8726562630035914 0.7979167082812637 0.1671875024912879 0.17187500256113708
0 0.8445312625844963 0.11041667242534459 0.1671875024912879 0.1625000024214387
0 0.1164062517345883 0.9229167148005217 0.19843750295694917 0.11562500172294676
1 0.4148437561816536 0.46145835740026087 0.2859375042608008 0.2859375042608008
0 0.6757812600699253 0.39791668741963804 0.1671875024912879 0.17187500256113708
0 0.8242187622818165 0.4645833575632423 0.1671875024912879 0.17187500256113708
0 0.6898437602794729 0.73958337190561 0.1671875024912879 0.17187500256113708
0 0.49921875743893906 0.8041667086072266 0.1671875024912879 0.17187500256113708
0 0.3976562559255399 0.8666667118668556 0.1671875024912879 0.17187500256113708
0 0.12500000186264515 0.7302083714166656 0.19062500284053385 0.1671875024912879
0 0.6671875099418685 0.15104167454410344 0.21250000316649675 0.16093750239815563
0 0.07265625108266249 0.22604167845565826 0.14218750211875886 0.1578125023515895
0 0.4484375066822395 0.17604167584795505 0.21250000316649675 0.16093750239815563
0 0.2914062543422915 0.7000000365078449 0.1671875024912879 0.17187500256113708
0 0.8726562630035914 0.7979167082812637 0.1671875024912879 0.17187500256113708
0 0.8445312625844963 0.11041667242534459 0.1671875024912879 0.1625000024214387
0 0.1164062517345883 0.9229167148005217 0.19843750295694917 0.11562500172294676
1 0.4148437561816536 0.46145835740026087 0.2859375042608008 0.2859375042608008
0 0.6757812600699253 0.39791668741963804 0.1671875024912879 0.17187500256113708
0 0.8242187622818165 0.4645833575632423 0.1671875024912879 0.17187500256113708
0 0.6898437602794729 0.73958337190561 0.1671875024912879 0.17187500256113708
0 0.49921875743893906 0.8041667086072266 0.1671875024912879 0.17187500256113708
0 0.3976562559255399 0.8666667118668556 0.1671875024912879 0.17187500256113708
0 0.12500000186264515 0.7302083714166656 0.19062500284053385 0.1671875024912879
0 0.6671875099418685 0.15104167454410344 0.21250000316649675 0.16093750239815563
0 0.07265625108266249 0.22604167845565826 0.14218750211875886 0.1578125023515895
0 0.4484375066822395 0.17604167584795505 0.21250000316649675 0.16093750239815563
0 0.2914062543422915 0.7000000365078449 0.1671875024912879 0.17187500256113708
0 0.8726562630035914 0.7979167082812637 0.1671875024912879 0.17187500256113708
0 0.8445312625844963 0.11041667242534459 0.1671875024912879 0.1625000024214387
0 0.1164062517345883 0.9229167148005217 0.19843750295694917 0.11562500172294676
1 0.4148437561816536 0.46145835740026087 0.2859375042608008 0.2859375042608008
0 0.6757812600699253 0.39791668741963804 0.1671875024912879 0.17187500256113708
0 0.8242187622818165 0.4645833575632423 0.1671875024912879 0.17187500256113708
0 0.6898437602794729 0.73958337190561 0.1671875024912879 0.17187500256113708
0 0.49921875743893906 0.8041667086072266 0.1671875024912879 0.17187500256113708
0 0.3976562559255399 0.8666667118668556 0.1671875024912879 0.17187500256113708
0 0.12500000186264515 0.7302083714166656 0.19062500284053385 0.1671875024912879
0 0.6671875099418685 0.15104167454410344 0.21250000316649675 0.16093750239815563
0 0.07265625108266249 0.22604167845565826 0.14218750211875886 0.1578125023515895
0 0.4484375066822395 0.17604167584795505 0.21250000316649675 0.16093750239815563
0 0.2914062543422915 0.7000000365078449 0.1671875024912879 0.17187500256113708
0 0.8726562630035914 0.7979167082812637 0.1671875024912879 0.17187500256113708
0 0.8445312625844963 0.11041667242534459 0.1671875024912879 0.1625000024214387
0 0.1164062517345883 0.9229167148005217 0.19843750295694917 0.11562500172294676
1 0.4148437561816536 0.46145835740026087 0.2859375042608008 0.2859375042608008
0 0.6757812600699253 0.39791668741963804 0.1671875024912879 0.17187500256113708
0 0.8242187622818165 0.4645833575632423 0.1671875024912879 0.17187500256113708
0 0.6898437602794729 0.73958337190561 0.1671875024912879 0.17187500256113708
0 0.49921875743893906 0.8041667086072266 0.1671875024912879 0.17187500256113708
0 0.3976562559255399 0.8666667118668556 0.1671875024912879 0.17187500256113708
0 0.12500000186264515 0.7302083714166656 0.19062500284053385 0.1671875024912879
0 0.6671875099418685 0.15104167454410344 0.21250000316649675 0.16093750239815563
0 0.07265625108266249 0.22604167845565826 0.14218750211875886 0.1578125023515895
0 0.4484375066822395 0.17604167584795505 0.21250000316649675 0.16093750239815563
0 0.2914062543422915 0.7000000365078449 0.1671875024912879 0.17187500256113708
0 0.8726562630035914 0.7979167082812637 0.1671875024912879 0.17187500256113708
0 0.8445312625844963 0.11041667242534459 0.1671875024912879 0.1625000024214387
0 0.1164062517345883 0.9229167148005217 0.19843750295694917 0.11562500172294676
1 0.4148437561816536 0.46145835740026087 0.2859375042608008 0.2859375042608008
0 0.6757812600699253 0.39791668741963804 0.1671875024912879 0.17187500256113708
0 0.8242187622818165 0.4645833575632423 0.1671875024912879 0.17187500256113708
0 0.6898437602794729 0.73958337190561 0.1671875024912879 0.17187500256113708
0 0.49921875743893906 0.8041667086072266 0.1671875024912879 0.17187500256113708
0 0.3976562559255399 0.8666667118668556 0.1671875024912879 0.17187500256113708
0 0.12500000186264515 0.7302083714166656 0.19062500284053385 0.1671875024912879
0 0.6671875099418685 0.15104167454410344 0.21250000316649675 0.16093750239815563
0 0.07265625108266249 0.22604167845565826 0.14218750211875886 0.1578125023515895
0 0.4484375066822395 0.17604167584795505 0.21250000316649675 0.16093750239815563
0 0.2914062543422915 0.7000000365078449 0.1671875024912879 0.17187500256113708
0 0.8726562630035914 0.7979167082812637 0.1671875024912879 0.17187500256113708
0 0.8445312625844963 0.11041667242534459 0.1671875024912879 0.1625000024214387
0 0.1164062517345883 0.9229167148005217 0.19843750295694917 0.11562500172294676
1 0.4148437561816536 0.46145835740026087 0.2859375042608008 0.2859375042608008
0 0.6757812600699253 0.39791668741963804 0.1671875024912879 0.17187500256113708
0 0.8242187622818165 0.4645833575632423 0.1671875024912879 0.17187500256113708
0 0.6898437602794729 0.73958337190561 0.1671875024912879 0.17187500256113708
0 0.49921875743893906 0.8041667086072266 0.1671875024912879 0.17187500256113708
0 0.3976562559255399 0.8666667118668556 0.1671875024912879 0.17187500256113708
0 0.12500000186264515 0.7302083714166656 0.19062500284053385 0.1671875024912879
0 0.6671875099418685 0.15104167454410344 0.21250000316649675 0.16093750239815563
0 0.07265625108266249 0.22604167845565826 0.14218750211875886 0.1578125023515895
0 0.4484375066822395 0.17604167584795505 0.21250000316649675 0.16093750239815563
0 0.2914062543422915 0.7000000365078449 0.1671875024912879 0.17187500256113708
0 0.8726562630035914 0.7979167082812637 0.1671875024912879 0.17187500256113708
0 0.8445312625844963 0.11041667242534459 0.1671875024912879 0.1625000024214387
0 0.1164062517345883 0.9229167148005217 0.19843750295694917 0.11562500172294676
1 0.4148437561816536 0.46145835740026087 0.2859375042608008 0.2859375042608008
0 0.6757812600699253 0.39791668741963804 0.1671875024912879 0.17187500256113708
0 0.8242187622818165 0.4645833575632423 0.1671875024912879 0.17187500256113708
0 0.6898437602794729 0.73958337190561 0.1671875024912879 0.17187500256113708
0 0.49921875743893906 0.8041667086072266 0.1671875024912879 0.17187500256113708
0 0.3976562559255399 0.8666667118668556 0.1671875024912879 0.17187500256113708
0 0.12500000186264515 0.7302083714166656 0.19062500284053385 0.1671875024912879
0 0.6671875099418685 0.15104167454410344 0.21250000316649675 0.16093750239815563
0 0.07265625108266249 0.22604167845565826 0.14218750211875886 0.1578125023515895
0 0.4484375066822395 0.17604167584795505 0.21250000316649675 0.16093750239815563
0 0.2914062543422915 0.7000000365078449 0.1671875024912879 0.17187500256113708
0 0.8726562630035914 0.7979167082812637 0.1671875024912879 0.17187500256113708
0 0.8445312625844963 0.11041667242534459 0.1671875024912879 0.1625000024214387
0 0.1164062517345883 0.9229167148005217 0.19843750295694917 0.11562500172294676
1 0.4148437561816536 0.46145835740026087 0.2859375042608008 0.2859375042608008
0 0.6757812600699253 0.39791668741963804 0.1671875024912879 0.17187500256113708
0 0.8242187622818165 0.4645833575632423 0.1671875024912879 0.17187500256113708
0 0.6898437602794729 0.73958337190561 0.1671875024912879 0.17187500256113708
0 0.49921875743893906 0.8041667086072266 0.1671875024912879 0.17187500256113708
0 0.3976562559255399 0.8666667118668556 0.1671875024912879 0.17187500256113708
0 0.12500000186264515 0.7302083714166656 0.19062500284053385 0.1671875024912879
0 0.6671875099418685 0.15104167454410344 0.21250000316649675 0.16093750239815563
0 0.07265625108266249 0.22604167845565826 0.14218750211875886 0.1578125023515895
0 0.4484375066822395 0.17604167584795505 0.21250000316649675 0.16093750239815563
0 0.2914062543422915 0.7000000365078449 0.1671875024912879 0.17187500256113708
0 0.8726562630035914 0.7979167082812637 0.1671875024912879 0.17187500256113708
0 0.8445312625844963 0.11041667242534459 0.1671875024912879 0.1625000024214387
0 0.1164062517345883 0.9229167148005217 0.19843750295694917 0.11562500172294676
1 0.4148437561816536 0.46145835740026087 0.2859375042608008 0.2859375042608008
0 0.6757812600699253 0.39791668741963804 0.1671875024912879 0.17187500256113708
0 0.8242187622818165 0.4645833575632423 0.1671875024912879 0.17187500256113708
0 0.6898437602794729 0.73958337190561 0.1671875024912879 0.17187500256113708
0 0.49921875743893906 0.8041667086072266 0.1671875024912879 0.17187500256113708
0 0.3976562559255399 0.8666667118668556 0.1671875024912879 0.17187500256113708
0 0.12500000186264515 0.7302083714166656 0.19062500284053385 0.1671875024912879
0 0.6671875099418685 0.15104167454410344 0.21250000316649675 0.16093750239815563
0 0.07265625108266249 0.22604167845565826 0.14218750211875886 0.1578125023515895
0 0.4484375066822395 0.17604167584795505 0.21250000316649675 0.16093750239815563
0 0.2914062543422915 0.7000000365078449 0.1671875024912879 0.17187500256113708
0 0.8726562630035914 0.7979167082812637 0.1671875024912879 0.17187500256113708
0 0.8445312625844963 0.11041667242534459 0.1671875024912879 0.1625000024214387
0 0.1164062517345883 0.9229167148005217 0.19843750295694917 0.11562500172294676
1 0.4148437561816536 0.46145835740026087 0.2859375042608008 0.2859375042608008
0 0.6757812600699253 0.39791668741963804 0.1671875024912879 0.17187500256113708
0 0.8242187622818165 0.4645833575632423 0.1671875024912879 0.17187500256113708
0 0.6898437602794729 0.73958337190561 0.1671875024912879 0.17187500256113708
0 0.49921875743893906 0.8041667086072266 0.1671875024912879 0.17187500256113708
0 0.3976562559255399 0.8666667118668556 0.1671875024912879 0.17187500256113708
0 0.12500000186264515 0.7302083714166656 0.19062500284053385 0.1671875024912879
0 0.6671875099418685 0.15104167454410344 0.21250000316649675 0.16093750239815563
0 0.07265625108266249 0.22604167845565826 0.14218750211875886 0.1578125023515895
0 0.4484375066822395 0.17604167584795505 0.21250000316649675 0.16093750239815563
0 0.2914062543422915 0.7000000365078449 0.1671875024912879 0.17187500256113708
0 0.8726562630035914 0.7979167082812637 0.1671875024912879 0.17187500256113708
0 0.8445312625844963 0.11041667242534459 0.1671875024912879 0.1625000024214387
0 0.1164062517345883 0.9229167148005217 0.19843750295694917 0.11562500172294676
1 0.4148437561816536 0.46145835740026087 0.2859375042608008 0.2859375042608008
0 0.6757812600699253 0.39791668741963804 0.1671875024912879 0.17187500256113708
0 0.8242187622818165 0.4645833575632423 0.1671875024912879 0.17187500256113708
0 0.6898437602794729 0.73958337190561 0.1671875024912879 0.17187500256113708
0 0.49921875743893906 0.8041667086072266 0.1671875024912879 0.17187500256113708
0 0.3976562559255399 0.8666667118668556 0.1671875024912879 0.17187500256113708
0 0.12500000186264515 0.7302083714166656 0.19062500284053385 0.1671875024912879
0 0.6671875099418685 0.15104167454410344 0.21250000316649675 0.16093750239815563
0 0.07265625108266249 0.22604167845565826 0.14218750211875886 0.1578125023515895
0 0.4484375066822395 0.17604167584795505 0.21250000316649675 0.16093750239815563
0 0.2914062543422915 0.7000000365078449 0.1671875024912879 0.17187500256113708
0 0.8726562630035914 0.7979167082812637 0.1671875024912879 0.17187500256113708
0 0.8445312625844963 0.11041667242534459 0.1671875024912879 0.1625000024214387
0 0.1164062517345883 0.9229167148005217 0.19843750295694917 0.11562500172294676
1 0.4148437561816536 0.46145835740026087 0.2859375042608008 0.2859375042608008
0 0.6757812600699253 0.39791668741963804 0.1671875024912879 0.17187500256113708
0 0.8242187622818165 0.4645833575632423 0.1671875024912879 0.17187500256113708
0 0.6898437602794729 0.73958337190561 0.1671875024912879 0.17187500256113708
0 0.49921875743893906 0.8041667086072266 0.1671875024912879 0.17187500256113708
0 0.3976562559255399 0.8666667118668556 0.1671875024912879 0.17187500256113708
0 0.12500000186264515 0.7302083714166656 0.19062500284053385 0.1671875024912879
0 0.6671875099418685 0.15104167454410344 0.21250000316649675 0.16093750239815563
0 0.07265625108266249 0.22604167845565826 0.14218750211875886 0.1578125023515895
0 0.4484375066822395 0.17604167584795505 0.21250000316649675 0.16093750239815563
0 0.2914062543422915 0.7000000365078449 0.1671875024912879 0.17187500256113708
0 0.8726562630035914 0.7979167082812637 0.1671875024912879 0.17187500256113708
0 0.8445312625844963 0.11041667242534459 0.1671875024912879 0.1625000024214387
0 0.1164062517345883 0.9229167148005217 0.19843750295694917 0.11562500172294676
1 0.4148437561816536 0.46145835740026087 0.2859375042608008 0.2859375042608008
0 0.6757812600699253 0.39791668741963804 0.1671875024912879 0.17187500256113708
0 0.8242187622818165 0.4645833575632423 0.1671875024912879 0.17187500256113708
0 0.6898437602794729 0.73958337190561 0.1671875024912879 0.17187500256113708
0 0.49921875743893906 0.8041667086072266 0.1671875024912879 0.17187500256113708
0 0.3976562559255399 0.8666667118668556 0.1671875024912879 0.17187500256113708
0 0.12500000186264515 0.7302083714166656 0.19062500284053385 0.1671875024912879
0 0.6671875099418685 0.15104167454410344 0.21250000316649675 0.16093750239815563
0 0.07265625108266249 0.22604167845565826 0.14218750211875886 0.1578125023515895
0 0.4484375066822395 0.17604167584795505 0.21250000316649675 0.16093750239815563
0 0.2914062543422915 0.7000000365078449 0.1671875024912879 0.17187500256113708
0 0.8726562630035914 0.7979167082812637 0.1671875024912879 0.17187500256113708
0 0.8445312625844963 0.11041667242534459 0.1671875024912879 0.1625000024214387
0 0.1164062517345883 0.9229167148005217 0.19843750295694917 0.11562500172294676
1 0.4148437561816536 0.46145835740026087 0.2859375042608008 0.2859375042608008
0 0.6757812600699253 0.39791668741963804 0.1671875024912879 0.17187500256113708
0 0.8242187622818165 0.4645833575632423 0.1671875024912879 0.17187500256113708
0 0.6898437602794729 0.73958337190561 0.1671875024912879 0.17187500256113708
0 0.49921875743893906 0.8041667086072266 0.1671875024912879 0.17187500256113708
0 0.3976562559255399 0.8666667118668556 0.1671875024912879 0.17187500256113708
0 0.12500000186264515 0.7302083714166656 0.19062500284053385 0.1671875024912879
0 0.6671875099418685 0.15104167454410344 0.21250000316649675 0.16093750239815563
0 0.07265625108266249 0.22604167845565826 0.14218750211875886 0.1578125023515895
0 0.4484375066822395 0.17604167584795505 0.21250000316649675 0.16093750239815563
0 0.2914062543422915 0.7000000365078449 0.1671875024912879 0.17187500256113708
0 0.8726562630035914 0.7979167082812637 0.1671875024912879 0.17187500256113708
0 0.8445312625844963 0.11041667242534459 0.1671875024912879 0.1625000024214387
0 0.1164062517345883 0.9229167148005217 0.19843750295694917 0.11562500172294676
1 0.4148437561816536 0.46145835740026087 0.2859375042608008 0.2859375042608008
0 0.67578125 0.39791667461395264 0.16718749701976776 0.171875
0 0.82421875 0.4645833671092987 0.16718749701976776 0.171875
0 0.6898437738418579 0.7395833730697632 0.16718749701976776 0.171875
0 0.49921876192092896 0.8041667342185974 0.16718749701976776 0.171875
0 0.39765626192092896 0.8666667342185974 0.16718749701976776 0.171875
0 0.125 0.7302083969116211 0.19062499701976776 0.16718749701976776
0 0.667187511920929 0.1510416716337204 0.21250000596046448 0.16093750298023224
0 0.07265625149011612 0.22604167461395264 0.14218750596046448 0.15781250596046448
0 0.44843751192092896 0.17604167759418488 0.21250000596046448 0.16093750298023224
0 0.2914062440395355 0.7000000476837158 0.16718749701976776 0.171875
0 0.8726562857627869 0.7979167103767395 0.16718749701976776 0.171875
0 0.844531238079071 0.11041667312383652 0.16718749701976776 0.16250000894069672
0 0.11640625447034836 0.9229167103767395 0.19843749701976776 0.11562500149011612
1 0.41484376788139343 0.46145835518836975 0.28593751788139343 0.28593751788139343
0 0.67578125 0.39791667461395264 0.16718749701976776 0.171875
0 0.82421875 0.4645833671092987 0.16718749701976776 0.171875
0 0.6898437738418579 0.7395833730697632 0.16718749701976776 0.171875
0 0.49921876192092896 0.8041667342185974 0.16718749701976776 0.171875
0 0.39765626192092896 0.8666667342185974 0.16718749701976776 0.171875
0 0.125 0.7302083969116211 0.19062499701976776 0.16718749701976776
0 0.667187511920929 0.1510416716337204 0.21250000596046448 0.16093750298023224
0 0.07265625149011612 0.22604167461395264 0.14218750596046448 0.15781250596046448
0 0.44843751192092896 0.17604167759418488 0.21250000596046448 0.16093750298023224
0 0.2914062440395355 0.7000000476837158 0.16718749701976776 0.171875
0 0.8726562857627869 0.7979167103767395 0.16718749701976776 0.171875
0 0.844531238079071 0.11041667312383652 0.16718749701976776 0.16250000894069672
0 0.11640625447034836 0.9229167103767395 0.19843749701976776 0.11562500149011612
1 0.41484376788139343 0.46145835518836975 0.28593751788139343 0.28593751788139343
0 0.67578125 0.39791667461395264 0.16718749701976776 0.171875
0 0.82421875 0.4645833671092987 0.16718749701976776 0.171875
0 0.6898437738418579 0.7395833730697632 0.16718749701976776 0.171875
0 0.49921876192092896 0.8041667342185974 0.16718749701976776 0.171875
0 0.39765626192092896 0.8666667342185974 0.16718749701976776 0.171875
0 0.125 0.7302083969116211 0.19062499701976776 0.16718749701976776
0 0.667187511920929 0.1510416716337204 0.21250000596046448 0.16093750298023224
0 0.07265625149011612 0.22604167461395264 0.14218750596046448 0.15781250596046448
0 0.44843751192092896 0.17604167759418488 0.21250000596046448 0.16093750298023224
0 0.2914062440395355 0.7000000476837158 0.16718749701976776 0.171875
0 0.8726562857627869 0.7979167103767395 0.16718749701976776 0.171875
0 0.844531238079071 0.11041667312383652 0.16718749701976776 0.16250000894069672
0 0.11640625447034836 0.9229167103767395 0.19843749701976776 0.11562500149011612
1 0.41484376788139343 0.46145835518836975 0.28593751788139343 0.28593751788139343
0 0.67578125 0.39791667461395264 0.16718749701976776 0.171875
0 0.82421875 0.4645833671092987 0.16718749701976776 0.171875
0 0.6898437738418579 0.7395833730697632 0.16718749701976776 0.171875
0 0.49921876192092896 0.8041667342185974 0.16718749701976776 0.171875
0 0.39765626192092896 0.8666667342185974 0.16718749701976776 0.171875
0 0.125 0.7302083969116211 0.19062499701976776 0.16718749701976776
0 0.667187511920929 0.1510416716337204 0.21250000596046448 0.16093750298023224
0 0.07265625149011612 0.22604167461395264 0.14218750596046448 0.15781250596046448
0 0.44843751192092896 0.17604167759418488 0.21250000596046448 0.16093750298023224
0 0.2914062440395355 0.7000000476837158 0.16718749701976776 0.171875
0 0.8726562857627869 0.7979167103767395 0.16718749701976776 0.171875
0 0.844531238079071 0.11041667312383652 0.16718749701976776 0.16250000894069672
0 0.11640625447034836 0.9229167103767395 0.19843749701976776 0.11562500149011612
1 0.41484376788139343 0.46145835518836975 0.28593751788139343 0.28593751788139343
0 0.67578125 0.39791667461395264 0.16718749701976776 0.171875
0 0.82421875 0.4645833671092987 0.16718749701976776 0.171875
0 0.6898437738418579 0.7395833730697632 0.16718749701976776 0.171875
0 0.49921876192092896 0.8041667342185974 0.16718749701976776 0.171875
0 0.39765626192092896 0.8666667342185974 0.16718749701976776 0.171875
0 0.125 0.7302083969116211 0.19062499701976776 0.16718749701976776
0 0.667187511920929 0.1510416716337204 0.21250000596046448 0.16093750298023224
0 0.07265625149011612 0.22604167461395264 0.14218750596046448 0.15781250596046448
0 0.44843751192092896 0.17604167759418488 0.21250000596046448 0.16093750298023224
0 0.2914062440395355 0.7000000476837158 0.16718749701976776 0.171875
0 0.8726562857627869 0.7979167103767395 0.16718749701976776 0.171875
0 0.844531238079071 0.11041667312383652 0.16718749701976776 0.16250000894069672
0 0.11640625447034836 0.9229167103767395 0.19843749701976776 0.11562500149011612
1 0.41484376788139343 0.46145835518836975 0.28593751788139343 0.28593751788139343
0 0.67578125 0.39791667461395264 0.16718749701976776 0.171875
0 0.82421875 0.4645833671092987 0.16718749701976776 0.171875
0 0.6898437738418579 0.7395833730697632 0.16718749701976776 0.171875
0 0.49921876192092896 0.8041667342185974 0.16718749701976776 0.171875
0 0.39765626192092896 0.8666667342185974 0.16718749701976776 0.171875
0 0.125 0.7302083969116211 0.19062499701976776 0.16718749701976776
0 0.667187511920929 0.1510416716337204 0.21250000596046448 0.16093750298023224
0 0.07265625149011612 0.22604167461395264 0.14218750596046448 0.15781250596046448
0 0.44843751192092896 0.17604167759418488 0.21250000596046448 0.16093750298023224
0 0.2914062440395355 0.7000000476837158 0.16718749701976776 0.171875
0 0.8726562857627869 0.7979167103767395 0.16718749701976776 0.171875
0 0.844531238079071 0.11041667312383652 0.16718749701976776 0.16250000894069672
0 0.11640625447034836 0.9229167103767395 0.19843749701976776 0.11562500149011612
1 0.41484376788139343 0.46145835518836975 0.28593751788139343 0.28593751788139343
0 0.67578125 0.39791667461395264 0.16718749701976776 0.171875
0 0.82421875 0.4645833671092987 0.16718749701976776 0.171875
0 0.6898437738418579 0.7395833730697632 0.16718749701976776 0.171875
0 0.49921876192092896 0.8041667342185974 0.16718749701976776 0.171875
0 0.39765626192092896 0.8666667342185974 0.16718749701976776 0.171875
0 0.125 0.7302083969116211 0.19062499701976776 0.16718749701976776
0 0.667187511920929 0.1510416716337204 0.21250000596046448 0.16093750298023224
0 0.07265625149011612 0.22604167461395264 0.14218750596046448 0.15781250596046448
0 0.44843751192092896 0.17604167759418488 0.21250000596046448 0.16093750298023224
0 0.2914062440395355 0.7000000476837158 0.16718749701976776 0.171875
0 0.8726562857627869 0.7979167103767395 0.16718749701976776 0.171875
0 0.844531238079071 0.11041667312383652 0.16718749701976776 0.16250000894069672
0 0.11640625447034836 0.9229167103767395 0.19843749701976776 0.11562500149011612
1 0.41484376788139343 0.46145835518836975 0.28593751788139343 0.28593751788139343
