0 0.714843760652002 0.6343750330852345 0.1671875024912879 0.16093750239815563
0 0.5179687577183358 0.7322917048586532 0.1671875024912879 0.16093750239815563
0 0.8664062629104592 0.46145835740026087 0.1671875024912879 0.16093750239815563
0 0.21796875324798748 0.1302083401242271 0.1671875024912879 0.19218750286381692
1 0.5164062576950528 0.529166694264859 0.23593750351574272 0.20937500311993062
1 0.838281262491364 0.6239583658752963 0.0921875013737008 0.10781250160653144
0 0.714843760652002 0.6343750330852345 0.1671875024912879 0.16093750239815563
0 0.5179687577183358 0.7322917048586532 0.1671875024912879 0.16093750239815563
0 0.8664062629104592 0.46145835740026087 0.1671875024912879 0.16093750239815563
0 0.21796875324798748 0.1302083401242271 0.1671875024912879 0.19218750286381692
1 0.5164062576950528 0.529166694264859 0.23593750351574272 0.20937500311993062
1 0.838281262491364 0.6239583658752963 0.0921875013737008 0.10781250160653144
0 0.714843760652002 0.6343750330852345 0.1671875024912879 0.16093750239815563
0 0.5179687577183358 0.7322917048586532 0.1671875024912879 0.16093750239815563
0 0.8664062629104592 0.46145835740026087 0.1671875024912879 0.16093750239815563
0 0.21796875324798748 0.1302083401242271 0.1671875024912879 0.19218750286381692
1 0.5164062576950528 0.529166694264859 0.23593750351574272 0.20937500311993062
1 0.838281262491364 0.6239583658752963 0.0921875013737008 0.10781250160653144
0 0.714843760652002 0.6343750330852345 0.1671875024912879 0.16093750239815563
0 0.5179687577183358 0.7322917048586532 0.1671875024912879 0.16093750239815563
0 0.8664062629104592 0.46145835740026087 0.1671875024912879 0.16093750239815563
0 0.21796875324798748 0.1302083401242271 0.1671875024912879 0.19218750286381692
1 0.5164062576950528 0.529166694264859 0.23593750351574272 0.20937500311993062
1 0.838281262491364 0.6239583658752963 0.0921875013737008 0.10781250160653144
0 0.714843760652002 0.6343750330852345 0.1671875024912879 0.16093750239815563
0 0.5179687577183358 0.7322917048586532 0.1671875024912879 0.16093750239815563
0 0.8664062629104592 0.46145835740026087 0.1671875024912879 0.16093750239815563
0 0.21796875324798748 0.1302083401242271 0.1671875024912879 0.19218750286381692
1 0.5164062576950528 0.529166694264859 0.23593750351574272 0.20937500311993062
1 0.838281262491364 0.6239583658752963 0.0921875013737008 0.10781250160653144
0 0.714843760652002 0.6343750330852345 0.1671875024912879 0.16093750239815563
0 0.5179687577183358 0.7322917048586532 0.1671875024912879 0.16093750239815563
0 0.8664062629104592 0.46145835740026087 0.1671875024912879 0.16093750239815563
0 0.21796875324798748 0.1302083401242271 0.1671875024912879 0.19218750286381692
1 0.5164062576950528 0.529166694264859 0.23593750351574272 0.20937500311993062
1 0.838281262491364 0.6239583658752963 0.0921875013737008 0.10781250160653144
0 0.714843760652002 0.6343750330852345 0.1671875024912879 0.16093750239815563
0 0.5179687577183358 0.7322917048586532 0.1671875024912879 0.16093750239815563
0 0.8664062629104592 0.46145835740026087 0.1671875024912879 0.16093750239815563
0 0.21796875324798748 0.1302083401242271 0.1671875024912879 0.19218750286381692
1 0.5164062576950528 0.529166694264859 0.23593750351574272 0.20937500311993062
1 0.838281262491364 0.6239583658752963 0.0921875013737008 0.10781250160653144
0 0.714843760652002 0.6343750330852345 0.1671875024912879 0.16093750239815563
0 0.5179687577183358 0.7322917048586532 0.1671875024912879 0.16093750239815563
0 0.8664062629104592 0.46145835740026087 0.1671875024912879 0.16093750239815563
0 0.21796875324798748 0.1302083401242271 0.1671875024912879 0.19218750286381692
1 0.5164062576950528 0.529166694264859 0.23593750351574272 0.20937500311993062
1 0.838281262491364 0.6239583658752963 0.0921875013737008 0.10781250160653144
0 0.714843760652002 0.6343750330852345 0.1671875024912879 0.16093750239815563
0 0.5179687577183358 0.7322917048586532 0.1671875024912879 0.16093750239815563
0 0.8664062629104592 0.46145835740026087 0.1671875024912879 0.16093750239815563
0 0.21796875324798748 0.1302083401242271 0.1671875024912879 0.19218750286381692
1 0.5164062576950528 0.529166694264859 0.23593750351574272 0.20937500311993062
1 0.838281262491364 0.6239583658752963 0.0921875013737008 0.10781250160653144
0 0.714843760652002 0.6343750330852345 0.1671875024912879 0.16093750239815563
0 0.5179687577183358 0.7322917048586532 0.1671875024912879 0.16093750239815563
0 0.8664062629104592 0.46145835740026087 0.1671875024912879 0.16093750239815563
0 0.21796875324798748 0.1302083401242271 0.1671875024912879 0.19218750286381692
1 0.5164062576950528 0.529166694264859 0.23593750351574272 0.20937500311993062
1 0.838281262491364 0.6239583658752963 0.0921875013737008 0.10781250160653144
0 0.714843760652002 0.6343750330852345 0.1671875024912879 0.16093750239815563
0 0.5179687577183358 0.7322917048586532 0.1671875024912879 0.16093750239815563
0 0.8664062629104592 0.46145835740026087 0.1671875024912879 0.16093750239815563
0 0.21796875324798748 0.1302083401242271 0.1671875024912879 0.19218750286381692
1 0.5164062576950528 0.529166694264859 0.23593750351574272 0.20937500311993062
1 0.838281262491364 0.6239583658752963 0.0921875013737008 0.10781250160653144
0 0.714843760652002 0.6343750330852345 0.1671875024912879 0.16093750239815563
0 0.5179687577183358 0.7322917048586532 0.1671875024912879 0.16093750239815563
0 0.8664062629104592 0.46145835740026087 0.1671875024912879 0.16093750239815563
0 0.21796875324798748 0.1302083401242271 0.1671875024912879 0.19218750286381692
1 0.5164062576950528 0.529166694264859 0.23593750351574272 0.20937500311993062
1 0.838281262491364 0.6239583658752963 0.0921875013737008 0.10781250160653144
0 0.714843760652002 0.6343750330852345 0.1671875024912879 0.16093750239815563
0 0.5179687577183358 0.7322917048586532 0.1671875024912879 0.16093750239815563
0 0.8664062629104592 0.46145835740026087 0.1671875024912879 0.16093750239815563
0 0.21796875324798748 0.1302083401242271 0.1671875024912879 0.19218750286381692
1 0.5164062576950528 0.529166694264859 0.23593750351574272 0.20937500311993062
1 0.838281262491364 0.6239583658752963 0.0921875013737008 0.10781250160653144
0 0.714843760652002 0.6343750330852345 0.1671875024912879 0.16093750239815563
0 0.5179687577183358 0.7322917048586532 0.1671875024912879 0.16093750239815563
0 0.8664062629104592 0.46145835740026087 0.1671875024912879 0.16093750239815563
0 0.21796875324798748 0.1302083401242271 0.1671875024912879 0.19218750286381692
1 0.5164062576950528 0.529166694264859 0.23593750351574272 0.20937500311993062
2 0.838281262491364 0.6239583658752963 0.0921875013737008 0.10781250160653144
0 0.714843760652002 0.6343750330852345 0.1671875024912879 0.16093750239815563
0 0.5179687577183358 0.7322917048586532 0.1671875024912879 0.16093750239815563
0 0.8664062629104592 0.46145835740026087 0.1671875024912879 0.16093750239815563
0 0.21796875324798748 0.1302083401242271 0.1671875024912879 0.19218750286381692
1 0.5164062576950528 0.529166694264859 0.23593750351574272 0.20937500311993062
2 0.838281262491364 0.6239583658752963 0.0921875013737008 0.10781250160653144
0 0.71484375 0.6343750357627869 0.16718749701976776 0.16093750298023224
0 0.5179687738418579 0.7322916984558105 0.16718749701976776 0.16093750298023224
0 0.866406261920929 0.46145835518836975 0.16718749701976776 0.16093750298023224
0 0.21796874701976776 0.1302083432674408 0.16718749701976776 0.19218750298023224
1 0.516406238079071 0.5291666984558105 0.23593750596046448 0.20937500894069672
2 0.8382812738418579 0.6239583492279053 0.09218750149011612 0.10781250149011612
0 0.71484375 0.6343750357627869 0.16718749701976776 0.16093750298023224
0 0.5179687738418579 0.7322916984558105 0.16718749701976776 0.16093750298023224
0 0.866406261920929 0.46145835518836975 0.16718749701976776 0.16093750298023224
0 0.21796874701976776 0.1302083432674408 0.16718749701976776 0.19218750298023224
1 0.516406238079071 0.5291666984558105 0.23593750596046448 0.20937500894069672
2 0.8382812738418579 0.6239583492279053 0.09218750149011612 0.10781250149011612
0 0.71484375 0.6343750357627869 0.16718749701976776 0.16093750298023224
0 0.5179687738418579 0.7322916984558105 0.16718749701976776 0.16093750298023224
0 0.866406261920929 0.46145835518836975 0.16718749701976776 0.16093750298023224
0 0.21796874701976776 0.1302083432674408 0.16718749701976776 0.19218750298023224
1 0.516406238079071 0.5291666984558105 0.23593750596046448 0.20937500894069672
2 0.8382812738418579 0.6239583492279053 0.09218750149011612 0.10781250149011612
0 0.71484375 0.6343750357627869 0.16718749701976776 0.16093750298023224
0 0.5179687738418579 0.7322916984558105 0.16718749701976776 0.16093750298023224
0 0.866406261920929 0.46145835518836975 0.16718749701976776 0.16093750298023224
0 0.21796874701976776 0.1302083432674408 0.16718749701976776 0.19218750298023224
1 0.516406238079071 0.5291666984558105 0.23593750596046448 0.20937500894069672
2 0.8382812738418579 0.6239583492279053 0.09218750149011612 0.10781250149011612
0 0.71484375 0.6343750357627869 0.16718749701976776 0.16093750298023224
0 0.5179687738418579 0.7322916984558105 0.16718749701976776 0.16093750298023224
0 0.866406261920929 0.46145835518836975 0.16718749701976776 0.16093750298023224
0 0.21796874701976776 0.1302083432674408 0.16718749701976776 0.19218750298023224
1 0.516406238079071 0.5291666984558105 0.23593750596046448 0.20937500894069672
2 0.8382812738418579 0.6239583492279053 0.09218750149011612 0.10781250149011612
0 0.71484375 0.6343750357627869 0.16718749701976776 0.16093750298023224
0 0.5179687738418579 0.7322916984558105 0.16718749701976776 0.16093750298023224
0 0.866406261920929 0.46145835518836975 0.16718749701976776 0.16093750298023224
0 0.21796874701976776 0.1302083432674408 0.16718749701976776 0.19218750298023224
1 0.516406238079071 0.5291666984558105 0.23593750596046448 0.20937500894069672
2 0.8382812738418579 0.6239583492279053 0.09218750149011612 0.10781250149011612
0 0.71484375 0.6343750357627869 0.16718749701976776 0.16093750298023224
0 0.5179687738418579 0.7322916984558105 0.16718749701976776 0.16093750298023224
0 0.866406261920929 0.46145835518836975 0.16718749701976776 0.16093750298023224
0 0.21796874701976776 0.1302083432674408 0.16718749701976776 0.19218750298023224
1 0.516406238079071 0.5291666984558105 0.23593750596046448 0.20937500894069672
2 0.8382812738418579 0.6239583492279053 0.09218750149011612 0.10781250149011612
