0 0.826562512316741 0.3958333539776504 0.16875000251457095 0.1406250020954758
0 0.4078125060768798 0.40416668774560094 0.16875000251457095 0.1406250020954758
0 0.10312500153668225 0.5770833634305745 0.16875000251457095 0.1406250020954758
0 0.8531250127125531 0.8541667112149298 0.16875000251457095 0.1406250020954758
0 0.8890625132480636 0.756250039441511 0.16875000251457095 0.1406250020954758
0 0.26093750388827175 0.4625000241212547 0.18125000270083547 0.15937500237487257
0 0.09531250142026693 0.8031250418862328 0.18125000270083547 0.17656250263098627
0 0.0921875013737008 0.7989583750022575 0.18125000270083547 0.17656250263098627
1 0.6718750100117177 0.6416667001321912 0.3781250056345016 0.34062500507570803
0 0.826562512316741 0.3958333539776504 0.16875000251457095 0.1406250020954758
0 0.4078125060768798 0.40416668774560094 0.16875000251457095 0.1406250020954758
0 0.10312500153668225 0.5770833634305745 0.16875000251457095 0.1406250020954758
0 0.8531250127125531 0.8541667112149298 0.16875000251457095 0.1406250020954758
0 0.8890625132480636 0.756250039441511 0.16875000251457095 0.1406250020954758
0 0.26093750388827175 0.4625000241212547 0.18125000270083547 0.15937500237487257
0 0.09531250142026693 0.8031250418862328 0.18125000270083547 0.17656250263098627
0 0.0921875013737008 0.7989583750022575 0.18125000270083547 0.17656250263098627
1 0.6718750100117177 0.6416667001321912 0.3781250056345016 0.34062500507570803
0 0.826562512316741 0.3958333539776504 0.16875000251457095 0.1406250020954758
0 0.4078125060768798 0.40416668774560094 0.16875000251457095 0.1406250020954758
0 0.10312500153668225 0.5770833634305745 0.16875000251457095 0.1406250020954758
0 0.8531250127125531 0.8541667112149298 0.16875000251457095 0.1406250020954758
0 0.8890625132480636 0.756250039441511 0.16875000251457095 0.1406250020954758
0 0.26093750388827175 0.4625000241212547 0.18125000270083547 0.15937500237487257
0 0.09531250142026693 0.8031250418862328 0.18125000270083547 0.17656250263098627
0 0.0921875013737008 0.7989583750022575 0.18125000270083547 0.17656250263098627
1 0.6718750100117177 0.6416667001321912 0.3781250056345016 0.34062500507570803
0 0.826562512316741 0.3958333539776504 0.16875000251457095 0.1406250020954758
0 0.4078125060768798 0.40416668774560094 0.16875000251457095 0.1406250020954758
0 0.10312500153668225 0.5770833634305745 0.16875000251457095 0.1406250020954758
0 0.8531250127125531 0.8541667112149298 0.16875000251457095 0.1406250020954758
0 0.8890625132480636 0.756250039441511 0.16875000251457095 0.1406250020954758
0 0.26093750388827175 0.4625000241212547 0.18125000270083547 0.15937500237487257
0 0.09531250142026693 0.8031250418862328 0.18125000270083547 0.17656250263098627
0 0.0921875013737008 0.7989583750022575 0.18125000270083547 0.17656250263098627
1 0.6718750100117177 0.6416667001321912 0.3781250056345016 0.34062500507570803
0 0.826562512316741 0.3958333539776504 0.16875000251457095 0.1406250020954758
0 0.4078125060768798 0.40416668774560094 0.16875000251457095 0.1406250020954758
0 0.10312500153668225 0.5770833634305745 0.16875000251457095 0.1406250020954758
0 0.8531250127125531 0.8541667112149298 0.16875000251457095 0.1406250020954758
0 0.8890625132480636 0.756250039441511 0.16875000251457095 0.1406250020954758
0 0.26093750388827175 0.4625000241212547 0.18125000270083547 0.15937500237487257
0 0.09531250142026693 0.8031250418862328 0.18125000270083547 0.17656250263098627
0 0.0921875013737008 0.7989583750022575 0.18125000270083547 0.17656250263098627
1 0.6718750100117177 0.6416667001321912 0.3781250056345016 0.34062500507570803
0 0.826562512316741 0.3958333539776504 0.16875000251457095 0.1406250020954758
0 0.4078125060768798 0.40416668774560094 0.16875000251457095 0.1406250020954758
0 0.10312500153668225 0.5770833634305745 0.16875000251457095 0.1406250020954758
0 0.8531250127125531 0.8541667112149298 0.16875000251457095 0.1406250020954758
0 0.8890625132480636 0.756250039441511 0.16875000251457095 0.1406250020954758
0 0.26093750388827175 0.4625000241212547 0.18125000270083547 0.15937500237487257
0 0.09531250142026693 0.8031250418862328 0.18125000270083547 0.17656250263098627
0 0.0921875013737008 0.7989583750022575 0.18125000270083547 0.17656250263098627
1 0.6718750100117177 0.6416667001321912 0.3781250056345016 0.34062500507570803
0 0.826562512316741 0.3958333539776504 0.16875000251457095 0.1406250020954758
0 0.4078125060768798 0.40416668774560094 0.16875000251457095 0.1406250020954758
0 0.10312500153668225 0.5770833634305745 0.16875000251457095 0.1406250020954758
0 0.8531250127125531 0.8541667112149298 0.16875000251457095 0.1406250020954758
0 0.8890625132480636 0.756250039441511 0.16875000251457095 0.1406250020954758
0 0.26093750388827175 0.4625000241212547 0.18125000270083547 0.15937500237487257
0 0.09531250142026693 0.8031250418862328 0.18125000270083547 0.17656250263098627
0 0.0921875013737008 0.7989583750022575 0.18125000270083547 0.17656250263098627
1 0.6718750100117177 0.6416667001321912 0.3781250056345016 0.34062500507570803
0 0.826562512316741 0.3958333539776504 0.16875000251457095 0.1406250020954758
0 0.4078125060768798 0.40416668774560094 0.16875000251457095 0.1406250020954758
0 0.10312500153668225 0.5770833634305745 0.16875000251457095 0.1406250020954758
0 0.8531250127125531 0.8541667112149298 0.16875000251457095 0.1406250020954758
0 0.8890625132480636 0.756250039441511 0.16875000251457095 0.1406250020954758
0 0.26093750388827175 0.4625000241212547 0.18125000270083547 0.15937500237487257
0 0.09531250142026693 0.8031250418862328 0.18125000270083547 0.17656250263098627
0 0.0921875013737008 0.7989583750022575 0.18125000270083547 0.17656250263098627
1 0.6718750100117177 0.6416667001321912 0.3781250056345016 0.34062500507570803
0 0.826562512316741 0.3958333539776504 0.16875000251457095 0.1406250020954758
0 0.4078125060768798 0.40416668774560094 0.16875000251457095 0.1406250020954758
0 0.10312500153668225 0.5770833634305745 0.16875000251457095 0.1406250020954758
0 0.8531250127125531 0.8541667112149298 0.16875000251457095 0.1406250020954758
0 0.8890625132480636 0.756250039441511 0.16875000251457095 0.1406250020954758
0 0.26093750388827175 0.4625000241212547 0.18125000270083547 0.15937500237487257
0 0.09531250142026693 0.8031250418862328 0.18125000270083547 0.17656250263098627
0 0.0921875013737008 0.7989583750022575 0.18125000270083547 0.17656250263098627
1 0.6718750100117177 0.6416667001321912 0.3781250056345016 0.34062500507570803
0 0.826562512316741 0.3958333539776504 0.16875000251457095 0.1406250020954758
0 0.4078125060768798 0.40416668774560094 0.16875000251457095 0.1406250020954758
0 0.10312500153668225 0.5770833634305745 0.16875000251457095 0.1406250020954758
0 0.8531250127125531 0.8541667112149298 0.16875000251457095 0.1406250020954758
0 0.8890625132480636 0.756250039441511 0.16875000251457095 0.1406250020954758
0 0.26093750388827175 0.4625000241212547 0.18125000270083547 0.15937500237487257
0 0.09531250142026693 0.8031250418862328 0.18125000270083547 0.17656250263098627
0 0.0921875013737008 0.7989583750022575 0.18125000270083547 0.17656250263098627
1 0.6718750100117177 0.6416667001321912 0.3781250056345016 0.34062500507570803
0 0.826562512316741 0.3958333539776504 0.16875000251457095 0.1406250020954758
0 0.4078125060768798 0.40416668774560094 0.16875000251457095 0.1406250020954758
0 0.10312500153668225 0.5770833634305745 0.16875000251457095 0.1406250020954758
0 0.8531250127125531 0.8541667112149298 0.16875000251457095 0.1406250020954758
0 0.8890625132480636 0.756250039441511 0.16875000251457095 0.1406250020954758
0 0.26093750388827175 0.4625000241212547 0.18125000270083547 0.15937500237487257
0 0.09531250142026693 0.8031250418862328 0.18125000270083547 0.17656250263098627
0 0.0921875013737008 0.7989583750022575 0.18125000270083547 0.17656250263098627
1 0.6718750100117177 0.6416667001321912 0.3781250056345016 0.34062500507570803
0 0.826562512316741 0.3958333539776504 0.16875000251457095 0.1406250020954758
0 0.4078125060768798 0.40416668774560094 0.16875000251457095 0.1406250020954758
0 0.10312500153668225 0.5770833634305745 0.16875000251457095 0.1406250020954758
0 0.8531250127125531 0.8541667112149298 0.16875000251457095 0.1406250020954758
0 0.8890625132480636 0.756250039441511 0.16875000251457095 0.1406250020954758
0 0.26093750388827175 0.4625000241212547 0.18125000270083547 0.15937500237487257
0 0.09531250142026693 0.8031250418862328 0.18125000270083547 0.17656250263098627
0 0.0921875013737008 0.7989583750022575 0.18125000270083547 0.17656250263098627
1 0.6718750100117177 0.6416667001321912 0.3781250056345016 0.34062500507570803
0 0.826562512316741 0.3958333539776504 0.16875000251457095 0.1406250020954758
0 0.4078125060768798 0.40416668774560094 0.16875000251457095 0.1406250020954758
0 0.10312500153668225 0.5770833634305745 0.16875000251457095 0.1406250020954758
0 0.8531250127125531 0.8541667112149298 0.16875000251457095 0.1406250020954758
0 0.8890625132480636 0.756250039441511 0.16875000251457095 0.1406250020954758
0 0.26093750388827175 0.4625000241212547 0.18125000270083547 0.15937500237487257
0 0.09531250142026693 0.8031250418862328 0.18125000270083547 0.17656250263098627
0 0.0921875013737008 0.7989583750022575 0.18125000270083547 0.17656250263098627
1 0.6718750100117177 0.6416667001321912 0.3781250056345016 0.34062500507570803
0 0.826562512316741 0.3958333539776504 0.16875000251457095 0.1406250020954758
0 0.4078125060768798 0.40416668774560094 0.16875000251457095 0.1406250020954758
0 0.10312500153668225 0.5770833634305745 0.16875000251457095 0.1406250020954758
0 0.8531250127125531 0.8541667112149298 0.16875000251457095 0.1406250020954758
0 0.8890625132480636 0.756250039441511 0.16875000251457095 0.1406250020954758
0 0.26093750388827175 0.4625000241212547 0.18125000270083547 0.15937500237487257
0 0.09531250142026693 0.8031250418862328 0.18125000270083547 0.17656250263098627
0 0.0921875013737008 0.7989583750022575 0.18125000270083547 0.17656250263098627
1 0.6718750100117177 0.6416667001321912 0.3781250056345016 0.34062500507570803
0 0.826562512316741 0.3958333539776504 0.16875000251457095 0.1406250020954758
0 0.4078125060768798 0.40416668774560094 0.16875000251457095 0.1406250020954758
0 0.10312500153668225 0.5770833634305745 0.16875000251457095 0.1406250020954758
0 0.8531250127125531 0.8541667112149298 0.16875000251457095 0.1406250020954758
0 0.8890625132480636 0.756250039441511 0.16875000251457095 0.1406250020954758
0 0.26093750388827175 0.4625000241212547 0.18125000270083547 0.15937500237487257
0 0.09531250142026693 0.8031250418862328 0.18125000270083547 0.17656250263098627
0 0.0921875013737008 0.7989583750022575 0.18125000270083547 0.17656250263098627
1 0.6718750100117177 0.6416667001321912 0.3781250056345016 0.34062500507570803
0 0.8265625238418579 0.3958333432674408 0.16875000298023224 0.140625
0 0.4078125059604645 0.40416669845581055 0.16875000298023224 0.140625
0 0.10312499850988388 0.5770833492279053 0.16875000298023224 0.140625
0 0.8531250357627869 0.8541666865348816 0.16875000298023224 0.140625
0 0.8890625238418579 0.7562500238418579 0.16875000298023224 0.140625
0 0.26093751192092896 0.46250003576278687 0.18125000596046448 0.15937499701976776
0 0.09531249850988388 0.8031250238418579 0.18125000596046448 0.17656250298023224
0 0.09218750149011612 0.7989583611488342 0.18125000596046448 0.17656250298023224
1 0.671875 0.6416667103767395 0.37812501192092896 0.34062501788139343
0 0.8265625238418579 0.3958333432674408 0.16875000298023224 0.140625
0 0.4078125059604645 0.40416669845581055 0.16875000298023224 0.140625
0 0.10312499850988388 0.5770833492279053 0.16875000298023224 0.140625
0 0.8531250357627869 0.8541666865348816 0.16875000298023224 0.140625
0 0.8890625238418579 0.7562500238418579 0.16875000298023224 0.140625
0 0.26093751192092896 0.46250003576278687 0.18125000596046448 0.15937499701976776
0 0.09531249850988388 0.8031250238418579 0.18125000596046448 0.17656250298023224
0 0.09218750149011612 0.7989583611488342 0.18125000596046448 0.17656250298023224
1 0.671875 0.6416667103767395 0.37812501192092896 0.34062501788139343
0 0.8265625238418579 0.3958333432674408 0.16875000298023224 0.140625
0 0.4078125059604645 0.40416669845581055 0.16875000298023224 0.140625
0 0.10312499850988388 0.5770833492279053 0.16875000298023224 0.140625
0 0.8531250357627869 0.8541666865348816 0.16875000298023224 0.140625
0 0.8890625238418579 0.7562500238418579 0.16875000298023224 0.140625
0 0.26093751192092896 0.46250003576278687 0.18125000596046448 0.15937499701976776
0 0.09531249850988388 0.8031250238418579 0.18125000596046448 0.17656250298023224
0 0.09218750149011612 0.7989583611488342 0.18125000596046448 0.17656250298023224
1 0.671875 0.6416667103767395 0.37812501192092896 0.34062501788139343
0 0.8265625238418579 0.3958333432674408 0.16875000298023224 0.140625
0 0.4078125059604645 0.40416669845581055 0.16875000298023224 0.140625
0 0.10312499850988388 0.5770833492279053 0.16875000298023224 0.140625
0 0.8531250357627869 0.8541666865348816 0.16875000298023224 0.140625
0 0.8890625238418579 0.7562500238418579 0.16875000298023224 0.140625
0 0.26093751192092896 0.46250003576278687 0.18125000596046448 0.15937499701976776
0 0.09531249850988388 0.8031250238418579 0.18125000596046448 0.17656250298023224
0 0.09218750149011612 0.7989583611488342 0.18125000596046448 0.17656250298023224
1 0.671875 0.6416667103767395 0.37812501192092896 0.34062501788139343
0 0.8265625238418579 0.3958333432674408 0.16875000298023224 0.140625
0 0.4078125059604645 0.40416669845581055 0.16875000298023224 0.140625
0 0.10312499850988388 0.5770833492279053 0.16875000298023224 0.140625
0 0.8531250357627869 0.8541666865348816 0.16875000298023224 0.140625
0 0.8890625238418579 0.7562500238418579 0.16875000298023224 0.140625
0 0.26093751192092896 0.46250003576278687 0.18125000596046448 0.15937499701976776
0 0.09531249850988388 0.8031250238418579 0.18125000596046448 0.17656250298023224
0 0.09218750149011612 0.7989583611488342 0.18125000596046448 0.17656250298023224
1 0.671875 0.6416667103767395 0.37812501192092896 0.34062501788139343
0 0.8265625238418579 0.3958333432674408 0.16875000298023224 0.140625
0 0.4078125059604645 0.40416669845581055 0.16875000298023224 0.140625
0 0.10312499850988388 0.5770833492279053 0.16875000298023224 0.140625
0 0.8531250357627869 0.8541666865348816 0.16875000298023224 0.140625
0 0.8890625238418579 0.7562500238418579 0.16875000298023224 0.140625
0 0.26093751192092896 0.46250003576278687 0.18125000596046448 0.15937499701976776
0 0.09531249850988388 0.8031250238418579 0.18125000596046448 0.17656250298023224
0 0.09218750149011612 0.7989583611488342 0.18125000596046448 0.17656250298023224
1 0.671875 0.6416667103767395 0.37812501192092896 0.34062501788139343
0 0.8265625238418579 0.3958333432674408 0.16875000298023224 0.140625
0 0.4078125059604645 0.40416669845581055 0.16875000298023224 0.140625
0 0.10312499850988388 0.5770833492279053 0.16875000298023224 0.140625
0 0.8531250357627869 0.8541666865348816 0.16875000298023224 0.140625
0 0.8890625238418579 0.7562500238418579 0.16875000298023224 0.140625
0 0.26093751192092896 0.46250003576278687 0.18125000596046448 0.15937499701976776
0 0.09531249850988388 0.8031250238418579 0.18125000596046448 0.17656250298023224
0 0.09218750149011612 0.7989583611488342 0.18125000596046448 0.17656250298023224
1 0.671875 0.6416667103767395 0.37812501192092896 0.34062501788139343
