1 0.2835937542258762 0.6843750356929377 0.28281250421423465 0.22968750342261046
1 0.7500000111758709 0.210416677640751 0.05625000083819032 0.05625000083819032
1 0.7117187606054358 0.08437500440049917 0.08281250123400241 0.07656250114087015
1 0.2859375042608008 0.9354167154524475 0.05625000083819032 0.05625000083819032
0 0.8960937633528374 0.665625034715049 0.18593750277068466 0.16406250244472176
0 0.4195312562515028 0.42395835544448346 0.18593750277068466 0.16406250244472176
0 0.47890625713625923 0.3572916853008792 0.18593750277068466 0.16406250244472176
0 0.5773437586030923 0.3906250203726813 0.18593750277068466 0.16406250244472176
0 0.6492187596741132 0.38020835316274315 0.18593750277068466 0.16406250244472176
0 0.716406260675285 0.4281250223284587 0.18593750277068466 0.16406250244472176
0 0.7757812615600415 0.4447916898643598 0.18593750277068466 0.16406250244472176
0 0.8835937631665729 0.3947916872566566 0.18593750277068466 0.16406250244472176
0 0.2695312540163286 0.11041667242534459 0.18593750277068466 0.1625000024214387
0 0.4320312564377673 0.11041667242534459 0.18593750277068466 0.1625000024214387
0 0.5492187581839971 0.16562500863801688 0.18593750277068466 0.16406250244472176
0 0.07890625117579475 0.5145833601709455 0.15468750230502337 0.20312500302679837
0 0.6531250097323209 0.9145833810325712 0.18750000279396772 0.12812500190921128
1 0.2835937542258762 0.6843750356929377 0.28281250421423465 0.22968750342261046
1 0.7500000111758709 0.210416677640751 0.05625000083819032 0.05625000083819032
1 0.7117187606054358 0.08437500440049917 0.08281250123400241 0.07656250114087015
1 0.2859375042608008 0.9354167154524475 0.05625000083819032 0.05625000083819032
0 0.8960937633528374 0.665625034715049 0.18593750277068466 0.16406250244472176
0 0.4195312562515028 0.42395835544448346 0.18593750277068466 0.16406250244472176
0 0.47890625713625923 0.3572916853008792 0.18593750277068466 0.16406250244472176
0 0.5773437586030923 0.3906250203726813 0.18593750277068466 0.16406250244472176
0 0.6492187596741132 0.38020835316274315 0.18593750277068466 0.16406250244472176
0 0.716406260675285 0.4281250223284587 0.18593750277068466 0.16406250244472176
0 0.7757812615600415 0.4447916898643598 0.18593750277068466 0.16406250244472176
0 0.8835937631665729 0.3947916872566566 0.18593750277068466 0.16406250244472176
0 0.2695312540163286 0.11041667242534459 0.18593750277068466 0.1625000024214387
0 0.4320312564377673 0.11041667242534459 0.18593750277068466 0.1625000024214387
0 0.5492187581839971 0.16562500863801688 0.18593750277068466 0.16406250244472176
0 0.07890625117579475 0.5145833601709455 0.15468750230502337 0.20312500302679837
0 0.6531250097323209 0.9145833810325712 0.18750000279396772 0.12812500190921128
1 0.2835937542258762 0.6843750356929377 0.28281250421423465 0.22968750342261046
1 0.7500000111758709 0.210416677640751 0.05625000083819032 0.05625000083819032
1 0.7117187606054358 0.08437500440049917 0.08281250123400241 0.07656250114087015
1 0.2859375042608008 0.9354167154524475 0.05625000083819032 0.05625000083819032
0 0.8960937633528374 0.665625034715049 0.18593750277068466 0.16406250244472176
0 0.4195312562515028 0.42395835544448346 0.18593750277068466 0.16406250244472176
0 0.47890625713625923 0.3572916853008792 0.18593750277068466 0.16406250244472176
0 0.5773437586030923 0.3906250203726813 0.18593750277068466 0.16406250244472176
0 0.6492187596741132 0.38020835316274315 0.18593750277068466 0.16406250244472176
0 0.716406260675285 0.4281250223284587 0.18593750277068466 0.16406250244472176
0 0.7757812615600415 0.4447916898643598 0.18593750277068466 0.16406250244472176
0 0.8835937631665729 0.3947916872566566 0.18593750277068466 0.16406250244472176
0 0.2695312540163286 0.11041667242534459 0.18593750277068466 0.1625000024214387
0 0.4320312564377673 0.11041667242534459 0.18593750277068466 0.1625000024214387
0 0.5492187581839971 0.16562500863801688 0.18593750277068466 0.16406250244472176
0 0.07890625117579475 0.5145833601709455 0.15468750230502337 0.20312500302679837
0 0.6531250097323209 0.9145833810325712 0.18750000279396772 0.12812500190921128
1 0.2835937542258762 0.6843750356929377 0.28281250421423465 0.22968750342261046
1 0.7500000111758709 0.210416677640751 0.05625000083819032 0.05625000083819032
1 0.7117187606054358 0.08437500440049917 0.08281250123400241 0.07656250114087015
1 0.2859375042608008 0.9354167154524475 0.05625000083819032 0.05625000083819032
0 0.8960937633528374 0.665625034715049 0.18593750277068466 0.16406250244472176
0 0.4195312562515028 0.42395835544448346 0.18593750277068466 0.16406250244472176
0 0.47890625713625923 0.3572916853008792 0.18593750277068466 0.16406250244472176
0 0.5773437586030923 0.3906250203726813 0.18593750277068466 0.16406250244472176
0 0.6492187596741132 0.38020835316274315 0.18593750277068466 0.16406250244472176
0 0.716406260675285 0.4281250223284587 0.18593750277068466 0.16406250244472176
0 0.7757812615600415 0.4447916898643598 0.18593750277068466 0.16406250244472176
0 0.8835937631665729 0.3947916872566566 0.18593750277068466 0.16406250244472176
0 0.2695312540163286 0.11041667242534459 0.18593750277068466 0.1625000024214387
0 0.4320312564377673 0.11041667242534459 0.18593750277068466 0.1625000024214387
0 0.5492187581839971 0.16562500863801688 0.18593750277068466 0.16406250244472176
0 0.07890625117579475 0.5145833601709455 0.15468750230502337 0.20312500302679837
0 0.6531250097323209 0.9145833810325712 0.18750000279396772 0.12812500190921128
1 0.2835937542258762 0.6843750356929377 0.28281250421423465 0.22968750342261046
1 0.7500000111758709 0.210416677640751 0.05625000083819032 0.05625000083819032
1 0.7117187606054358 0.08437500440049917 0.08281250123400241 0.07656250114087015
1 0.2859375042608008 0.9354167154524475 0.05625000083819032 0.05625000083819032
0 0.8960937633528374 0.665625034715049 0.18593750277068466 0.16406250244472176
0 0.4195312562515028 0.42395835544448346 0.18593750277068466 0.16406250244472176
0 0.47890625713625923 0.3572916853008792 0.18593750277068466 0.16406250244472176
0 0.5773437586030923 0.3906250203726813 0.18593750277068466 0.16406250244472176
0 0.6492187596741132 0.38020835316274315 0.18593750277068466 0.16406250244472176
0 0.716406260675285 0.4281250223284587 0.18593750277068466 0.16406250244472176
0 0.7757812615600415 0.4447916898643598 0.18593750277068466 0.16406250244472176
0 0.8835937631665729 0.3947916872566566 0.18593750277068466 0.16406250244472176
0 0.2695312540163286 0.11041667242534459 0.18593750277068466 0.1625000024214387
0 0.4320312564377673 0.11041667242534459 0.18593750277068466 0.1625000024214387
0 0.5492187581839971 0.16562500863801688 0.18593750277068466 0.16406250244472176
0 0.07890625117579475 0.5145833601709455 0.15468750230502337 0.20312500302679837
0 0.6531250097323209 0.9145833810325712 0.18750000279396772 0.12812500190921128
1 0.2835937542258762 0.6843750356929377 0.28281250421423465 0.22968750342261046
1 0.7500000111758709 0.210416677640751 0.05625000083819032 0.05625000083819032
1 0.7117187606054358 0.08437500440049917 0.08281250123400241 0.07656250114087015
1 0.2859375042608008 0.9354167154524475 0.05625000083819032 0.05625000083819032
0 0.8960937633528374 0.665625034715049 0.18593750277068466 0.16406250244472176
0 0.4195312562515028 0.42395835544448346 0.18593750277068466 0.16406250244472176
0 0.47890625713625923 0.3572916853008792 0.18593750277068466 0.16406250244472176
0 0.5773437586030923 0.3906250203726813 0.18593750277068466 0.16406250244472176
0 0.6492187596741132 0.38020835316274315 0.18593750277068466 0.16406250244472176
0 0.716406260675285 0.4281250223284587 0.18593750277068466 0.16406250244472176
0 0.7757812615600415 0.4447916898643598 0.18593750277068466 0.16406250244472176
0 0.8835937631665729 0.3947916872566566 0.18593750277068466 0.16406250244472176
0 0.2695312540163286 0.11041667242534459 0.18593750277068466 0.1625000024214387
0 0.4320312564377673 0.11041667242534459 0.18593750277068466 0.1625000024214387
0 0.5492187581839971 0.16562500863801688 0.18593750277068466 0.16406250244472176
0 0.07890625117579475 0.5145833601709455 0.15468750230502337 0.20312500302679837
0 0.6531250097323209 0.9145833810325712 0.18750000279396772 0.12812500190921128
1 0.2835937542258762 0.6843750356929377 0.28281250421423465 0.22968750342261046
1 0.7500000111758709 0.210416677640751 0.05625000083819032 0.05625000083819032
1 0.7117187606054358 0.08437500440049917 0.08281250123400241 0.07656250114087015
1 0.2859375042608008 0.9354167154524475 0.05625000083819032 0.05625000083819032
0 0.8960937633528374 0.665625034715049 0.18593750277068466 0.16406250244472176
0 0.4195312562515028 0.42395835544448346 0.18593750277068466 0.16406250244472176
0 0.47890625713625923 0.3572916853008792 0.18593750277068466 0.16406250244472176
0 0.5773437586030923 0.3906250203726813 0.18593750277068466 0.16406250244472176
0 0.6492187596741132 0.38020835316274315 0.18593750277068466 0.16406250244472176
0 0.716406260675285 0.4281250223284587 0.18593750277068466 0.16406250244472176
0 0.7757812615600415 0.4447916898643598 0.18593750277068466 0.16406250244472176
0 0.8835937631665729 0.3947916872566566 0.18593750277068466 0.16406250244472176
0 0.2695312540163286 0.11041667242534459 0.18593750277068466 0.1625000024214387
0 0.4320312564377673 0.11041667242534459 0.18593750277068466 0.1625000024214387
0 0.5492187581839971 0.16562500863801688 0.18593750277068466 0.16406250244472176
0 0.07890625117579475 0.5145833601709455 0.15468750230502337 0.20312500302679837
0 0.6531250097323209 0.9145833810325712 0.18750000279396772 0.12812500190921128
1 0.2835937542258762 0.6843750356929377 0.28281250421423465 0.22968750342261046
1 0.7500000111758709 0.210416677640751 0.05625000083819032 0.05625000083819032
1 0.7117187606054358 0.08437500440049917 0.08281250123400241 0.07656250114087015
1 0.2859375042608008 0.9354167154524475 0.05625000083819032 0.05625000083819032
0 0.8960937633528374 0.665625034715049 0.18593750277068466 0.16406250244472176
0 0.4195312562515028 0.42395835544448346 0.18593750277068466 0.16406250244472176
0 0.47890625713625923 0.3572916853008792 0.18593750277068466 0.16406250244472176
0 0.5773437586030923 0.3906250203726813 0.18593750277068466 0.16406250244472176
0 0.6492187596741132 0.38020835316274315 0.18593750277068466 0.16406250244472176
0 0.716406260675285 0.4281250223284587 0.18593750277068466 0.16406250244472176
0 0.7757812615600415 0.4447916898643598 0.18593750277068466 0.16406250244472176
0 0.8835937631665729 0.3947916872566566 0.18593750277068466 0.16406250244472176
0 0.2695312540163286 0.11041667242534459 0.18593750277068466 0.1625000024214387
0 0.4320312564377673 0.11041667242534459 0.18593750277068466 0.1625000024214387
0 0.5492187581839971 0.16562500863801688 0.18593750277068466 0.16406250244472176
0 0.07890625117579475 0.5145833601709455 0.15468750230502337 0.20312500302679837
0 0.6531250097323209 0.9145833810325712 0.18750000279396772 0.12812500190921128
1 0.2835937542258762 0.6843750356929377 0.28281250421423465 0.22968750342261046
1 0.7500000111758709 0.210416677640751 0.05625000083819032 0.05625000083819032
1 0.7117187606054358 0.08437500440049917 0.08281250123400241 0.07656250114087015
1 0.2859375042608008 0.9354167154524475 0.05625000083819032 0.05625000083819032
0 0.8960937633528374 0.665625034715049 0.18593750277068466 0.16406250244472176
0 0.4195312562515028 0.42395835544448346 0.18593750277068466 0.16406250244472176
0 0.47890625713625923 0.3572916853008792 0.18593750277068466 0.16406250244472176
0 0.5773437586030923 0.3906250203726813 0.18593750277068466 0.16406250244472176
0 0.6492187596741132 0.38020835316274315 0.18593750277068466 0.16406250244472176
0 0.716406260675285 0.4281250223284587 0.18593750277068466 0.16406250244472176
0 0.7757812615600415 0.4447916898643598 0.18593750277068466 0.16406250244472176
0 0.8835937631665729 0.3947916872566566 0.18593750277068466 0.16406250244472176
0 0.2695312540163286 0.11041667242534459 0.18593750277068466 0.1625000024214387
0 0.4320312564377673 0.11041667242534459 0.18593750277068466 0.1625000024214387
0 0.5492187581839971 0.16562500863801688 0.18593750277068466 0.16406250244472176
0 0.07890625117579475 0.5145833601709455 0.15468750230502337 0.20312500302679837
0 0.6531250097323209 0.9145833810325712 0.18750000279396772 0.12812500190921128
1 0.2835937542258762 0.6843750356929377 0.28281250421423465 0.22968750342261046
1 0.7500000111758709 0.210416677640751 0.05625000083819032 0.05625000083819032
1 0.7117187606054358 0.08437500440049917 0.08281250123400241 0.07656250114087015
1 0.2859375042608008 0.9354167154524475 0.05625000083819032 0.05625000083819032
0 0.8960937633528374 0.665625034715049 0.18593750277068466 0.16406250244472176
0 0.4195312562515028 0.42395835544448346 0.18593750277068466 0.16406250244472176
0 0.47890625713625923 0.3572916853008792 0.18593750277068466 0.16406250244472176
0 0.5773437586030923 0.3906250203726813 0.18593750277068466 0.16406250244472176
0 0.6492187596741132 0.38020835316274315 0.18593750277068466 0.16406250244472176
0 0.716406260675285 0.4281250223284587 0.18593750277068466 0.16406250244472176
0 0.7757812615600415 0.4447916898643598 0.18593750277068466 0.16406250244472176
0 0.8835937631665729 0.3947916872566566 0.18593750277068466 0.16406250244472176
0 0.2695312540163286 0.11041667242534459 0.18593750277068466 0.1625000024214387
0 0.4320312564377673 0.11041667242534459 0.18593750277068466 0.1625000024214387
0 0.5492187581839971 0.16562500863801688 0.18593750277068466 0.16406250244472176
0 0.07890625117579475 0.5145833601709455 0.15468750230502337 0.20312500302679837
0 0.6531250097323209 0.9145833810325712 0.18750000279396772 0.12812500190921128
1 0.2835937542258762 0.6843750356929377 0.28281250421423465 0.22968750342261046
1 0.7500000111758709 0.210416677640751 0.05625000083819032 0.05625000083819032
1 0.7117187606054358 0.08437500440049917 0.08281250123400241 0.07656250114087015
1 0.2859375042608008 0.9354167154524475 0.05625000083819032 0.05625000083819032
0 0.8960937633528374 0.665625034715049 0.18593750277068466 0.16406250244472176
0 0.4195312562515028 0.42395835544448346 0.18593750277068466 0.16406250244472176
0 0.47890625713625923 0.3572916853008792 0.18593750277068466 0.16406250244472176
0 0.5773437586030923 0.3906250203726813 0.18593750277068466 0.16406250244472176
0 0.6492187596741132 0.38020835316274315 0.18593750277068466 0.16406250244472176
0 0.716406260675285 0.4281250223284587 0.18593750277068466 0.16406250244472176
0 0.7757812615600415 0.4447916898643598 0.18593750277068466 0.16406250244472176
0 0.8835937631665729 0.3947916872566566 0.18593750277068466 0.16406250244472176
0 0.2695312540163286 0.11041667242534459 0.18593750277068466 0.1625000024214387
0 0.4320312564377673 0.11041667242534459 0.18593750277068466 0.1625000024214387
0 0.5492187581839971 0.16562500863801688 0.18593750277068466 0.16406250244472176
0 0.07890625117579475 0.5145833601709455 0.15468750230502337 0.20312500302679837
0 0.6531250097323209 0.9145833810325712 0.18750000279396772 0.12812500190921128
1 0.2835937542258762 0.6843750356929377 0.28281250421423465 0.22968750342261046
1 0.7500000111758709 0.210416677640751 0.05625000083819032 0.05625000083819032
1 0.7117187606054358 0.08437500440049917 0.08281250123400241 0.07656250114087015
1 0.2859375042608008 0.9354167154524475 0.05625000083819032 0.05625000083819032
0 0.8960937633528374 0.665625034715049 0.18593750277068466 0.16406250244472176
0 0.4195312562515028 0.42395835544448346 0.18593750277068466 0.16406250244472176
0 0.47890625713625923 0.3572916853008792 0.18593750277068466 0.16406250244472176
0 0.5773437586030923 0.3906250203726813 0.18593750277068466 0.16406250244472176
0 0.6492187596741132 0.38020835316274315 0.18593750277068466 0.16406250244472176
0 0.716406260675285 0.4281250223284587 0.18593750277068466 0.16406250244472176
0 0.7757812615600415 0.4447916898643598 0.18593750277068466 0.16406250244472176
0 0.8835937631665729 0.3947916872566566 0.18593750277068466 0.16406250244472176
0 0.2695312540163286 0.11041667242534459 0.18593750277068466 0.1625000024214387
0 0.4320312564377673 0.11041667242534459 0.18593750277068466 0.1625000024214387
0 0.5492187581839971 0.16562500863801688 0.18593750277068466 0.16406250244472176
0 0.07890625117579475 0.5145833601709455 0.15468750230502337 0.20312500302679837
0 0.6531250097323209 0.9145833810325712 0.18750000279396772 0.12812500190921128
1 0.2835937542258762 0.6843750356929377 0.28281250421423465 0.22968750342261046
1 0.7500000111758709 0.210416677640751 0.05625000083819032 0.05625000083819032
1 0.7117187606054358 0.08437500440049917 0.08281250123400241 0.07656250114087015
1 0.2859375042608008 0.9354167154524475 0.05625000083819032 0.05625000083819032
0 0.8960937633528374 0.665625034715049 0.18593750277068466 0.16406250244472176
0 0.4195312562515028 0.42395835544448346 0.18593750277068466 0.16406250244472176
0 0.47890625713625923 0.3572916853008792 0.18593750277068466 0.16406250244472176
0 0.5773437586030923 0.3906250203726813 0.18593750277068466 0.16406250244472176
0 0.6492187596741132 0.38020835316274315 0.18593750277068466 0.16406250244472176
0 0.716406260675285 0.4281250223284587 0.18593750277068466 0.16406250244472176
0 0.7757812615600415 0.4447916898643598 0.18593750277068466 0.16406250244472176
0 0.8835937631665729 0.3947916872566566 0.18593750277068466 0.16406250244472176
0 0.2695312540163286 0.11041667242534459 0.18593750277068466 0.1625000024214387
0 0.4320312564377673 0.11041667242534459 0.18593750277068466 0.1625000024214387
0 0.5492187581839971 0.16562500863801688 0.18593750277068466 0.16406250244472176
0 0.07890625117579475 0.5145833601709455 0.15468750230502337 0.20312500302679837
0 0.6531250097323209 0.9145833810325712 0.18750000279396772 0.12812500190921128
1 0.2835937542258762 0.6843750356929377 0.28281250421423465 0.22968750342261046
2 0.7500000111758709 0.210416677640751 0.05625000083819032 0.05625000083819032
2 0.7117187606054358 0.08437500440049917 0.08281250123400241 0.07656250114087015
2 0.2859375042608008 0.9354167154524475 0.05625000083819032 0.05625000083819032
0 0.8960937633528374 0.665625034715049 0.18593750277068466 0.16406250244472176
0 0.4195312562515028 0.42395835544448346 0.18593750277068466 0.16406250244472176
0 0.47890625713625923 0.3572916853008792 0.18593750277068466 0.16406250244472176
0 0.5773437586030923 0.3906250203726813 0.18593750277068466 0.16406250244472176
0 0.6492187596741132 0.38020835316274315 0.18593750277068466 0.16406250244472176
0 0.716406260675285 0.4281250223284587 0.18593750277068466 0.16406250244472176
0 0.7757812615600415 0.4447916898643598 0.18593750277068466 0.16406250244472176
0 0.8835937631665729 0.3947916872566566 0.18593750277068466 0.16406250244472176
0 0.2695312540163286 0.11041667242534459 0.18593750277068466 0.1625000024214387
0 0.4320312564377673 0.11041667242534459 0.18593750277068466 0.1625000024214387
0 0.5492187581839971 0.16562500863801688 0.18593750277068466 0.16406250244472176
0 0.07890625117579475 0.5145833601709455 0.15468750230502337 0.20312500302679837
0 0.6531250097323209 0.9145833810325712 0.18750000279396772 0.12812500190921128
1 0.2835937542258762 0.6843750356929377 0.28281250421423465 0.22968750342261046
2 0.7500000111758709 0.210416677640751 0.05625000083819032 0.05625000083819032
2 0.7117187606054358 0.08437500440049917 0.08281250123400241 0.07656250114087015
2 0.2859375042608008 0.9354167154524475 0.05625000083819032 0.05625000083819032
0 0.8960937633528374 0.665625034715049 0.18593750277068466 0.16406250244472176
0 0.4195312562515028 0.42395835544448346 0.18593750277068466 0.16406250244472176
0 0.47890625713625923 0.3572916853008792 0.18593750277068466 0.16406250244472176
0 0.5773437586030923 0.3906250203726813 0.18593750277068466 0.16406250244472176
0 0.6492187596741132 0.38020835316274315 0.18593750277068466 0.16406250244472176
0 0.716406260675285 0.4281250223284587 0.18593750277068466 0.16406250244472176
0 0.7757812615600415 0.4447916898643598 0.18593750277068466 0.16406250244472176
0 0.8835937631665729 0.3947916872566566 0.18593750277068466 0.16406250244472176
0 0.2695312540163286 0.11041667242534459 0.18593750277068466 0.1625000024214387
0 0.4320312564377673 0.11041667242534459 0.18593750277068466 0.1625000024214387
0 0.5492187581839971 0.16562500863801688 0.18593750277068466 0.16406250244472176
0 0.07890625117579475 0.5145833601709455 0.15468750230502337 0.20312500302679837
0 0.6531250097323209 0.9145833810325712 0.18750000279396772 0.12812500190921128
1 0.2835937440395355 0.6843750476837158 0.2828125059604645 0.22968749701976776
2 0.75 0.21041667461395264 0.05625000223517418 0.05625000223517418
2 0.711718738079071 0.08437500149011612 0.08281250298023224 0.07656250149011612
2 0.28593751788139343 0.9354166984558105 0.05625000223517418 0.05625000223517418
0 0.8960937857627869 0.6656250357627869 0.18593750894069672 0.1640625
0 0.4195312559604645 0.42395836114883423 0.18593750894069672 0.1640625
0 0.4789062440395355 0.35729169845581055 0.18593750894069672 0.1640625
0 0.577343761920929 0.3906250298023224 0.18593750894069672 0.1640625
0 0.649218738079071 0.3802083432674408 0.18593750894069672 0.1640625
0 0.7164062857627869 0.4281250238418579 0.18593750894069672 0.1640625
0 0.7757812738418579 0.444791704416275 0.18593750894069672 0.1640625
0 0.883593738079071 0.39479169249534607 0.18593750894069672 0.1640625
0 0.26953125 0.11041667312383652 0.18593750894069672 0.16250000894069672
0 0.4320312440395355 0.11041667312383652 0.18593750894069672 0.16250000894069672
0 0.5492187738418579 0.16562500596046448 0.18593750894069672 0.1640625
0 0.07890625298023224 0.5145833492279053 0.15468750894069672 0.203125
0 0.653124988079071 0.9145833849906921 0.1875 0.12812499701976776
1 0.2835937440395355 0.6843750476837158 0.2828125059604645 0.22968749701976776
2 0.75 0.21041667461395264 0.05625000223517418 0.05625000223517418
2 0.711718738079071 0.08437500149011612 0.08281250298023224 0.07656250149011612
2 0.28593751788139343 0.9354166984558105 0.05625000223517418 0.05625000223517418
0 0.8960937857627869 0.6656250357627869 0.18593750894069672 0.1640625
0 0.4195312559604645 0.42395836114883423 0.18593750894069672 0.1640625
0 0.4789062440395355 0.35729169845581055 0.18593750894069672 0.1640625
0 0.577343761920929 0.3906250298023224 0.18593750894069672 0.1640625
0 0.649218738079071 0.3802083432674408 0.18593750894069672 0.1640625
0 0.7164062857627869 0.4281250238418579 0.18593750894069672 0.1640625
0 0.7757812738418579 0.444791704416275 0.18593750894069672 0.1640625
0 0.883593738079071 0.39479169249534607 0.18593750894069672 0.1640625
0 0.26953125 0.11041667312383652 0.18593750894069672 0.16250000894069672
0 0.4320312440395355 0.11041667312383652 0.18593750894069672 0.16250000894069672
0 0.5492187738418579 0.16562500596046448 0.18593750894069672 0.1640625
0 0.07890625298023224 0.5145833492279053 0.15468750894069672 0.203125
0 0.653124988079071 0.9145833849906921 0.1875 0.12812499701976776
1 0.2835937440395355 0.6843750476837158 0.2828125059604645 0.22968749701976776
2 0.75 0.21041667461395264 0.05625000223517418 0.05625000223517418
2 0.711718738079071 0.08437500149011612 0.08281250298023224 0.07656250149011612
2 0.28593751788139343 0.9354166984558105 0.05625000223517418 0.05625000223517418
0 0.8960937857627869 0.6656250357627869 0.18593750894069672 0.1640625
0 0.4195312559604645 0.42395836114883423 0.18593750894069672 0.1640625
0 0.4789062440395355 0.35729169845581055 0.18593750894069672 0.1640625
0 0.577343761920929 0.3906250298023224 0.18593750894069672 0.1640625
0 0.649218738079071 0.3802083432674408 0.18593750894069672 0.1640625
0 0.7164062857627869 0.4281250238418579 0.18593750894069672 0.1640625
0 0.7757812738418579 0.444791704416275 0.18593750894069672 0.1640625
0 0.883593738079071 0.39479169249534607 0.18593750894069672 0.1640625
0 0.26953125 0.11041667312383652 0.18593750894069672 0.16250000894069672
0 0.4320312440395355 0.11041667312383652 0.18593750894069672 0.16250000894069672
0 0.5492187738418579 0.16562500596046448 0.18593750894069672 0.1640625
0 0.07890625298023224 0.5145833492279053 0.15468750894069672 0.203125
0 0.653124988079071 0.9145833849906921 0.1875 0.12812499701976776
1 0.2835937440395355 0.6843750476837158 0.2828125059604645 0.22968749701976776
2 0.75 0.21041667461395264 0.05625000223517418 0.05625000223517418
2 0.711718738079071 0.08437500149011612 0.08281250298023224 0.07656250149011612
2 0.28593751788139343 0.9354166984558105 0.05625000223517418 0.05625000223517418
0 0.8960937857627869 0.6656250357627869 0.18593750894069672 0.1640625
0 0.4195312559604645 0.42395836114883423 0.18593750894069672 0.1640625
0 0.4789062440395355 0.35729169845581055 0.18593750894069672 0.1640625
0 0.577343761920929 0.3906250298023224 0.18593750894069672 0.1640625
0 0.649218738079071 0.3802083432674408 0.18593750894069672 0.1640625
0 0.7164062857627869 0.4281250238418579 0.18593750894069672 0.1640625
0 0.7757812738418579 0.444791704416275 0.18593750894069672 0.1640625
0 0.883593738079071 0.39479169249534607 0.18593750894069672 0.1640625
0 0.26953125 0.11041667312383652 0.18593750894069672 0.16250000894069672
0 0.4320312440395355 0.11041667312383652 0.18593750894069672 0.16250000894069672
0 0.5492187738418579 0.16562500596046448 0.18593750894069672 0.1640625
0 0.07890625298023224 0.5145833492279053 0.15468750894069672 0.203125
0 0.653124988079071 0.9145833849906921 0.1875 0.12812499701976776
1 0.2835937440395355 0.6843750476837158 0.2828125059604645 0.22968749701976776
2 0.75 0.21041667461395264 0.05625000223517418 0.05625000223517418
2 0.711718738079071 0.08437500149011612 0.08281250298023224 0.07656250149011612
2 0.28593751788139343 0.9354166984558105 0.05625000223517418 0.05625000223517418
0 0.8960937857627869 0.6656250357627869 0.18593750894069672 0.1640625
0 0.4195312559604645 0.42395836114883423 0.18593750894069672 0.1640625
0 0.4789062440395355 0.35729169845581055 0.18593750894069672 0.1640625
0 0.577343761920929 0.3906250298023224 0.18593750894069672 0.1640625
0 0.649218738079071 0.3802083432674408 0.18593750894069672 0.1640625
0 0.7164062857627869 0.4281250238418579 0.18593750894069672 0.1640625
0 0.7757812738418579 0.444791704416275 0.18593750894069672 0.1640625
0 0.883593738079071 0.39479169249534607 0.18593750894069672 0.1640625
0 0.26953125 0.11041667312383652 0.18593750894069672 0.16250000894069672
0 0.4320312440395355 0.11041667312383652 0.18593750894069672 0.16250000894069672
0 0.5492187738418579 0.16562500596046448 0.18593750894069672 0.1640625
0 0.07890625298023224 0.5145833492279053 0.15468750894069672 0.203125
0 0.653124988079071 0.9145833849906921 0.1875 0.12812499701976776
1 0.2835937440395355 0.6843750476837158 0.2828125059604645 0.22968749701976776
2 0.75 0.21041667461395264 0.05625000223517418 0.05625000223517418
2 0.711718738079071 0.08437500149011612 0.08281250298023224 0.07656250149011612
2 0.28593751788139343 0.9354166984558105 0.05625000223517418 0.05625000223517418
0 0.8960937857627869 0.6656250357627869 0.18593750894069672 0.1640625
0 0.4195312559604645 0.42395836114883423 0.18593750894069672 0.1640625
0 0.4789062440395355 0.35729169845581055 0.18593750894069672 0.1640625
0 0.577343761920929 0.3906250298023224 0.18593750894069672 0.1640625
0 0.649218738079071 0.3802083432674408 0.18593750894069672 0.1640625
0 0.7164062857627869 0.4281250238418579 0.18593750894069672 0.1640625
0 0.7757812738418579 0.444791704416275 0.18593750894069672 0.1640625
0 0.883593738079071 0.39479169249534607 0.18593750894069672 0.1640625
0 0.26953125 0.11041667312383652 0.18593750894069672 0.16250000894069672
0 0.4320312440395355 0.11041667312383652 0.18593750894069672 0.16250000894069672
0 0.5492187738418579 0.16562500596046448 0.18593750894069672 0.1640625
0 0.07890625298023224 0.5145833492279053 0.15468750894069672 0.203125
0 0.653124988079071 0.9145833849906921 0.1875 0.12812499701976776
1 0.2835937440395355 0.6843750476837158 0.2828125059604645 0.22968749701976776
2 0.75 0.21041667461395264 0.05625000223517418 0.05625000223517418
2 0.711718738079071 0.08437500149011612 0.08281250298023224 0.07656250149011612
2 0.28593751788139343 0.9354166984558105 0.05625000223517418 0.05625000223517418
0 0.8960937857627869 0.6656250357627869 0.18593750894069672 0.1640625
0 0.4195312559604645 0.42395836114883423 0.18593750894069672 0.1640625
0 0.4789062440395355 0.35729169845581055 0.18593750894069672 0.1640625
0 0.577343761920929 0.3906250298023224 0.18593750894069672 0.1640625
0 0.649218738079071 0.3802083432674408 0.18593750894069672 0.1640625
0 0.7164062857627869 0.4281250238418579 0.18593750894069672 0.1640625
0 0.7757812738418579 0.444791704416275 0.18593750894069672 0.1640625
0 0.883593738079071 0.39479169249534607 0.18593750894069672 0.1640625
0 0.26953125 0.11041667312383652 0.18593750894069672 0.16250000894069672
0 0.4320312440395355 0.11041667312383652 0.18593750894069672 0.16250000894069672
0 0.5492187738418579 0.16562500596046448 0.18593750894069672 0.1640625
0 0.07890625298023224 0.5145833492279053 0.15468750894069672 0.203125
0 0.653124988079071 0.9145833849906921 0.1875 0.12812499701976776
