1 0.3179687547381036 0.5729166965465993 0.27031250402797014 0.26562500395812094
1 0.17187500256113708 0.4218750220024958 0.0656250009778887 0.05781250086147338
1 0.13437500200234354 0.46145835740026087 0.0656250009778887 0.05781250086147338
1 0.5507812582072802 0.03229166835080832 0.06093750090803951 0.04531250067520887
0 0.21953125327127054 0.8500000443309546 0.19218750286381692 0.15937500237487257
0 0.8710937629803084 0.11979167291428894 0.19531250291038305 0.17656250263098627
0 0.6476562596508302 0.8229167095851153 0.19218750286381692 0.21250000316649675
0 0.7921875118045136 0.7416667053475976 0.18125000270083547 0.11562500172294676
0 0.5421875080792233 0.3104166828561574 0.1750000026077032 0.1406250020954758
0 0.4171875062165782 0.2520833464805037 0.1750000026077032 0.1406250020954758
0 0.41093750612344593 0.8229167095851153 0.1750000026077032 0.1406250020954758
0 0.4875000072643161 0.7302083714166656 0.1843750027474016 0.16406250244472176
0 0.9257812637952156 0.8833333794027567 0.14531250216532499 0.1750000026077032
0 0.8585937627940439 0.5729166965465993 0.2109375031432137 0.1625000024214387
0 0.8765625130617991 0.42291668872348964 0.18125000270083547 0.13437500200234354
0 0.6734375100350007 0.39270835381466895 0.18125000270083547 0.14531250216532499
0 0.26796875399304554 0.3510416849749163 0.19843750295694917 0.14843750221189111
0 0.12421875185100362 0.221875011571683 0.19843750295694917 0.14843750221189111
1 0.3179687547381036 0.5729166965465993 0.27031250402797014 0.26562500395812094
1 0.17187500256113708 0.4218750220024958 0.0656250009778887 0.05781250086147338
1 0.13437500200234354 0.46145835740026087 0.0656250009778887 0.05781250086147338
1 0.5507812582072802 0.03229166835080832 0.06093750090803951 0.04531250067520887
0 0.21953125327127054 0.8500000443309546 0.19218750286381692 0.15937500237487257
0 0.8710937629803084 0.11979167291428894 0.19531250291038305 0.17656250263098627
0 0.6476562596508302 0.8229167095851153 0.19218750286381692 0.21250000316649675
0 0.7921875118045136 0.7416667053475976 0.18125000270083547 0.11562500172294676
0 0.5421875080792233 0.3104166828561574 0.1750000026077032 0.1406250020954758
0 0.4171875062165782 0.2520833464805037 0.1750000026077032 0.1406250020954758
0 0.41093750612344593 0.8229167095851153 0.1750000026077032 0.1406250020954758
0 0.4875000072643161 0.7302083714166656 0.1843750027474016 0.16406250244472176
0 0.9257812637952156 0.8833333794027567 0.14531250216532499 0.1750000026077032
0 0.8585937627940439 0.5729166965465993 0.2109375031432137 0.1625000024214387
0 0.8765625130617991 0.42291668872348964 0.18125000270083547 0.13437500200234354
0 0.6734375100350007 0.39270835381466895 0.18125000270083547 0.14531250216532499
0 0.26796875399304554 0.3510416849749163 0.19843750295694917 0.14843750221189111
0 0.12421875185100362 0.221875011571683 0.19843750295694917 0.14843750221189111
1 0.3179687547381036 0.5729166965465993 0.27031250402797014 0.26562500395812094
1 0.17187500256113708 0.4218750220024958 0.0656250009778887 0.05781250086147338
1 0.13437500200234354 0.46145835740026087 0.0656250009778887 0.05781250086147338
1 0.5507812582072802 0.03229166835080832 0.06093750090803951 0.04531250067520887
0 0.21953125327127054 0.8500000443309546 0.19218750286381692 0.15937500237487257
0 0.8710937629803084 0.11979167291428894 0.19531250291038305 0.17656250263098627
0 0.6476562596508302 0.8229167095851153 0.19218750286381692 0.21250000316649675
0 0.7921875118045136 0.7416667053475976 0.18125000270083547 0.11562500172294676
0 0.5421875080792233 0.3104166828561574 0.1750000026077032 0.1406250020954758
0 0.4171875062165782 0.2520833464805037 0.1750000026077032 0.1406250020954758
0 0.41093750612344593 0.8229167095851153 0.1750000026077032 0.1406250020954758
0 0.4875000072643161 0.7302083714166656 0.1843750027474016 0.16406250244472176
0 0.9257812637952156 0.8833333794027567 0.14531250216532499 0.1750000026077032
0 0.8585937627940439 0.5729166965465993 0.2109375031432137 0.1625000024214387
0 0.8765625130617991 0.42291668872348964 0.18125000270083547 0.13437500200234354
0 0.6734375100350007 0.39270835381466895 0.18125000270083547 0.14531250216532499
0 0.26796875399304554 0.3510416849749163 0.19843750295694917 0.14843750221189111
0 0.12421875185100362 0.221875011571683 0.19843750295694917 0.14843750221189111
1 0.3179687547381036 0.5729166965465993 0.27031250402797014 0.26562500395812094
1 0.17187500256113708 0.4218750220024958 0.0656250009778887 0.05781250086147338
1 0.13437500200234354 0.46145835740026087 0.0656250009778887 0.05781250086147338
1 0.5507812582072802 0.03229166835080832 0.06093750090803951 0.04531250067520887
0 0.21953125327127054 0.8500000443309546 0.19218750286381692 0.15937500237487257
0 0.8710937629803084 0.11979167291428894 0.19531250291038305 0.17656250263098627
0 0.6476562596508302 0.8229167095851153 0.19218750286381692 0.21250000316649675
0 0.7921875118045136 0.7416667053475976 0.18125000270083547 0.11562500172294676
0 0.5421875080792233 0.3104166828561574 0.1750000026077032 0.1406250020954758
0 0.4171875062165782 0.2520833464805037 0.1750000026077032 0.1406250020954758
0 0.41093750612344593 0.8229167095851153 0.1750000026077032 0.1406250020954758
0 0.4875000072643161 0.7302083714166656 0.1843750027474016 0.16406250244472176
0 0.9257812637952156 0.8833333794027567 0.14531250216532499 0.1750000026077032
0 0.8585937627940439 0.5729166965465993 0.2109375031432137 0.1625000024214387
0 0.8765625130617991 0.42291668872348964 0.18125000270083547 0.13437500200234354
0 0.6734375100350007 0.39270835381466895 0.18125000270083547 0.14531250216532499
0 0.26796875399304554 0.3510416849749163 0.19843750295694917 0.14843750221189111
0 0.12421875185100362 0.221875011571683 0.19843750295694917 0.14843750221189111
1 0.3179687547381036 0.5729166965465993 0.27031250402797014 0.26562500395812094
1 0.17187500256113708 0.4218750220024958 0.0656250009778887 0.05781250086147338
1 0.13437500200234354 0.46145835740026087 0.0656250009778887 0.05781250086147338
1 0.5507812582072802 0.03229166835080832 0.06093750090803951 0.04531250067520887
0 0.21953125327127054 0.8500000443309546 0.19218750286381692 0.15937500237487257
0 0.8710937629803084 0.11979167291428894 0.19531250291038305 0.17656250263098627
0 0.6476562596508302 0.8229167095851153 0.19218750286381692 0.21250000316649675
0 0.7921875118045136 0.7416667053475976 0.18125000270083547 0.11562500172294676
0 0.5421875080792233 0.3104166828561574 0.1750000026077032 0.1406250020954758
0 0.4171875062165782 0.2520833464805037 0.1750000026077032 0.1406250020954758
0 0.41093750612344593 0.8229167095851153 0.1750000026077032 0.1406250020954758
0 0.4875000072643161 0.7302083714166656 0.1843750027474016 0.16406250244472176
0 0.9257812637952156 0.8833333794027567 0.14531250216532499 0.1750000026077032
0 0.8585937627940439 0.5729166965465993 0.2109375031432137 0.1625000024214387
0 0.8765625130617991 0.42291668872348964 0.18125000270083547 0.13437500200234354
0 0.6734375100350007 0.39270835381466895 0.18125000270083547 0.14531250216532499
0 0.26796875399304554 0.3510416849749163 0.19843750295694917 0.14843750221189111
0 0.12421875185100362 0.221875011571683 0.19843750295694917 0.14843750221189111
1 0.3179687547381036 0.5729166965465993 0.27031250402797014 0.26562500395812094
1 0.17187500256113708 0.4218750220024958 0.0656250009778887 0.05781250086147338
1 0.13437500200234354 0.46145835740026087 0.0656250009778887 0.05781250086147338
1 0.5507812582072802 0.03229166835080832 0.06093750090803951 0.04531250067520887
0 0.21953125327127054 0.8500000443309546 0.19218750286381692 0.15937500237487257
0 0.8710937629803084 0.11979167291428894 0.19531250291038305 0.17656250263098627
0 0.6476562596508302 0.8229167095851153 0.19218750286381692 0.21250000316649675
0 0.7921875118045136 0.7416667053475976 0.18125000270083547 0.11562500172294676
0 0.5421875080792233 0.3104166828561574 0.1750000026077032 0.1406250020954758
0 0.4171875062165782 0.2520833464805037 0.1750000026077032 0.1406250020954758
0 0.41093750612344593 0.8229167095851153 0.1750000026077032 0.1406250020954758
0 0.4875000072643161 0.7302083714166656 0.1843750027474016 0.16406250244472176
0 0.9257812637952156 0.8833333794027567 0.14531250216532499 0.1750000026077032
0 0.8585937627940439 0.5729166965465993 0.2109375031432137 0.1625000024214387
0 0.8765625130617991 0.42291668872348964 0.18125000270083547 0.13437500200234354
0 0.6734375100350007 0.39270835381466895 0.18125000270083547 0.14531250216532499
0 0.26796875399304554 0.3510416849749163 0.19843750295694917 0.14843750221189111
0 0.12421875185100362 0.221875011571683 0.19843750295694917 0.14843750221189111
1 0.3179687547381036 0.5729166965465993 0.27031250402797014 0.26562500395812094
1 0.17187500256113708 0.4218750220024958 0.0656250009778887 0.05781250086147338
1 0.13437500200234354 0.46145835740026087 0.0656250009778887 0.05781250086147338
1 0.5507812582072802 0.03229166835080832 0.06093750090803951 0.04531250067520887
0 0.21953125327127054 0.8500000443309546 0.19218750286381692 0.15937500237487257
0 0.8710937629803084 0.11979167291428894 0.19531250291038305 0.17656250263098627
0 0.6476562596508302 0.8229167095851153 0.19218750286381692 0.21250000316649675
0 0.7921875118045136 0.7416667053475976 0.18125000270083547 0.11562500172294676
0 0.5421875080792233 0.3104166828561574 0.1750000026077032 0.1406250020954758
0 0.4171875062165782 0.2520833464805037 0.1750000026077032 0.1406250020954758
0 0.41093750612344593 0.8229167095851153 0.1750000026077032 0.1406250020954758
0 0.4875000072643161 0.7302083714166656 0.1843750027474016 0.16406250244472176
0 0.9257812637952156 0.8833333794027567 0.14531250216532499 0.1750000026077032
0 0.8585937627940439 0.5729166965465993 0.2109375031432137 0.1625000024214387
0 0.8765625130617991 0.42291668872348964 0.18125000270083547 0.13437500200234354
0 0.6734375100350007 0.39270835381466895 0.18125000270083547 0.14531250216532499
0 0.26796875399304554 0.3510416849749163 0.19843750295694917 0.14843750221189111
0 0.12421875185100362 0.221875011571683 0.19843750295694917 0.14843750221189111
1 0.3179687547381036 0.5729166965465993 0.27031250402797014 0.26562500395812094
1 0.17187500256113708 0.4218750220024958 0.0656250009778887 0.05781250086147338
1 0.13437500200234354 0.46145835740026087 0.0656250009778887 0.05781250086147338
1 0.5507812582072802 0.03229166835080832 0.06093750090803951 0.04531250067520887
0 0.21953125327127054 0.8500000443309546 0.19218750286381692 0.15937500237487257
0 0.8710937629803084 0.11979167291428894 0.19531250291038305 0.17656250263098627
0 0.6476562596508302 0.8229167095851153 0.19218750286381692 0.21250000316649675
0 0.7921875118045136 0.7416667053475976 0.18125000270083547 0.11562500172294676
0 0.5421875080792233 0.3104166828561574 0.1750000026077032 0.1406250020954758
0 0.4171875062165782 0.2520833464805037 0.1750000026077032 0.1406250020954758
0 0.41093750612344593 0.8229167095851153 0.1750000026077032 0.1406250020954758
0 0.4875000072643161 0.7302083714166656 0.1843750027474016 0.16406250244472176
0 0.9257812637952156 0.8833333794027567 0.14531250216532499 0.1750000026077032
0 0.8585937627940439 0.5729166965465993 0.2109375031432137 0.1625000024214387
0 0.8765625130617991 0.42291668872348964 0.18125000270083547 0.13437500200234354
0 0.6734375100350007 0.39270835381466895 0.18125000270083547 0.14531250216532499
0 0.26796875399304554 0.3510416849749163 0.19843750295694917 0.14843750221189111
0 0.12421875185100362 0.221875011571683 0.19843750295694917 0.14843750221189111
1 0.3179687547381036 0.5729166965465993 0.27031250402797014 0.26562500395812094
1 0.17187500256113708 0.4218750220024958 0.0656250009778887 0.05781250086147338
1 0.13437500200234354 0.46145835740026087 0.0656250009778887 0.05781250086147338
1 0.5507812582072802 0.03229166835080832 0.06093750090803951 0.04531250067520887
0 0.21953125327127054 0.8500000443309546 0.19218750286381692 0.15937500237487257
0 0.8710937629803084 0.11979167291428894 0.19531250291038305 0.17656250263098627
0 0.6476562596508302 0.8229167095851153 0.19218750286381692 0.21250000316649675
0 0.7921875118045136 0.7416667053475976 0.18125000270083547 0.11562500172294676
0 0.5421875080792233 0.3104166828561574 0.1750000026077032 0.1406250020954758
0 0.4171875062165782 0.2520833464805037 0.1750000026077032 0.1406250020954758
0 0.41093750612344593 0.8229167095851153 0.1750000026077032 0.1406250020954758
0 0.4875000072643161 0.7302083714166656 0.1843750027474016 0.16406250244472176
0 0.9257812637952156 0.8833333794027567 0.14531250216532499 0.1750000026077032
0 0.8585937627940439 0.5729166965465993 0.2109375031432137 0.1625000024214387
0 0.8765625130617991 0.42291668872348964 0.18125000270083547 0.13437500200234354
0 0.6734375100350007 0.39270835381466895 0.18125000270083547 0.14531250216532499
0 0.26796875399304554 0.3510416849749163 0.19843750295694917 0.14843750221189111
0 0.12421875185100362 0.221875011571683 0.19843750295694917 0.14843750221189111
1 0.3179687547381036 0.5729166965465993 0.27031250402797014 0.26562500395812094
1 0.17187500256113708 0.4218750220024958 0.0656250009778887 0.05781250086147338
1 0.13437500200234354 0.46145835740026087 0.0656250009778887 0.05781250086147338
1 0.5507812582072802 0.03229166835080832 0.06093750090803951 0.04531250067520887
0 0.21953125327127054 0.8500000443309546 0.19218750286381692 0.15937500237487257
0 0.8710937629803084 0.11979167291428894 0.19531250291038305 0.17656250263098627
0 0.6476562596508302 0.8229167095851153 0.19218750286381692 0.21250000316649675
0 0.7921875118045136 0.7416667053475976 0.18125000270083547 0.11562500172294676
0 0.5421875080792233 0.3104166828561574 0.1750000026077032 0.1406250020954758
0 0.4171875062165782 0.2520833464805037 0.1750000026077032 0.1406250020954758
0 0.41093750612344593 0.8229167095851153 0.1750000026077032 0.1406250020954758
0 0.4875000072643161 0.7302083714166656 0.1843750027474016 0.16406250244472176
0 0.9257812637952156 0.8833333794027567 0.14531250216532499 0.1750000026077032
0 0.8585937627940439 0.5729166965465993 0.2109375031432137 0.1625000024214387
0 0.8765625130617991 0.42291668872348964 0.18125000270083547 0.13437500200234354
0 0.6734375100350007 0.39270835381466895 0.18125000270083547 0.14531250216532499
0 0.26796875399304554 0.3510416849749163 0.19843750295694917 0.14843750221189111
0 0.12421875185100362 0.221875011571683 0.19843750295694917 0.14843750221189111
1 0.3179687547381036 0.5729166965465993 0.27031250402797014 0.26562500395812094
1 0.17187500256113708 0.4218750220024958 0.0656250009778887 0.05781250086147338
1 0.13437500200234354 0.46145835740026087 0.0656250009778887 0.05781250086147338
1 0.5507812582072802 0.03229166835080832 0.06093750090803951 0.04531250067520887
0 0.21953125327127054 0.8500000443309546 0.19218750286381692 0.15937500237487257
0 0.8710937629803084 0.11979167291428894 0.19531250291038305 0.17656250263098627
0 0.6476562596508302 0.8229167095851153 0.19218750286381692 0.21250000316649675
0 0.7921875118045136 0.7416667053475976 0.18125000270083547 0.11562500172294676
0 0.5421875080792233 0.3104166828561574 0.1750000026077032 0.1406250020954758
0 0.4171875062165782 0.2520833464805037 0.1750000026077032 0.1406250020954758
0 0.41093750612344593 0.8229167095851153 0.1750000026077032 0.1406250020954758
0 0.4875000072643161 0.7302083714166656 0.1843750027474016 0.16406250244472176
0 0.9257812637952156 0.8833333794027567 0.14531250216532499 0.1750000026077032
0 0.8585937627940439 0.5729166965465993 0.2109375031432137 0.1625000024214387
0 0.8765625130617991 0.42291668872348964 0.18125000270083547 0.13437500200234354
0 0.6734375100350007 0.39270835381466895 0.18125000270083547 0.14531250216532499
0 0.26796875399304554 0.3510416849749163 0.19843750295694917 0.14843750221189111
0 0.12421875185100362 0.221875011571683 0.19843750295694917 0.14843750221189111
1 0.3179687547381036 0.5729166965465993 0.27031250402797014 0.26562500395812094
1 0.17187500256113708 0.4218750220024958 0.0656250009778887 0.05781250086147338
1 0.13437500200234354 0.46145835740026087 0.0656250009778887 0.05781250086147338
1 0.5507812582072802 0.03229166835080832 0.06093750090803951 0.04531250067520887
0 0.21953125327127054 0.8500000443309546 0.19218750286381692 0.15937500237487257
0 0.8710937629803084 0.11979167291428894 0.19531250291038305 0.17656250263098627
0 0.6476562596508302 0.8229167095851153 0.19218750286381692 0.21250000316649675
0 0.7921875118045136 0.7416667053475976 0.18125000270083547 0.11562500172294676
0 0.5421875080792233 0.3104166828561574 0.1750000026077032 0.1406250020954758
0 0.4171875062165782 0.2520833464805037 0.1750000026077032 0.1406250020954758
0 0.41093750612344593 0.8229167095851153 0.1750000026077032 0.1406250020954758
0 0.4875000072643161 0.7302083714166656 0.1843750027474016 0.16406250244472176
0 0.9257812637952156 0.8833333794027567 0.14531250216532499 0.1750000026077032
0 0.8585937627940439 0.5729166965465993 0.2109375031432137 0.1625000024214387
0 0.8765625130617991 0.42291668872348964 0.18125000270083547 0.13437500200234354
0 0.6734375100350007 0.39270835381466895 0.18125000270083547 0.14531250216532499
0 0.26796875399304554 0.3510416849749163 0.19843750295694917 0.14843750221189111
0 0.12421875185100362 0.221875011571683 0.19843750295694917 0.14843750221189111
1 0.3179687547381036 0.5729166965465993 0.27031250402797014 0.26562500395812094
1 0.17187500256113708 0.4218750220024958 0.0656250009778887 0.05781250086147338
1 0.13437500200234354 0.46145835740026087 0.0656250009778887 0.05781250086147338
1 0.5507812582072802 0.03229166835080832 0.06093750090803951 0.04531250067520887
0 0.21953125327127054 0.8500000443309546 0.19218750286381692 0.15937500237487257
0 0.8710937629803084 0.11979167291428894 0.19531250291038305 0.17656250263098627
0 0.6476562596508302 0.8229167095851153 0.19218750286381692 0.21250000316649675
0 0.7921875118045136 0.7416667053475976 0.18125000270083547 0.11562500172294676
0 0.5421875080792233 0.3104166828561574 0.1750000026077032 0.1406250020954758
0 0.4171875062165782 0.2520833464805037 0.1750000026077032 0.1406250020954758
0 0.41093750612344593 0.8229167095851153 0.1750000026077032 0.1406250020954758
0 0.4875000072643161 0.7302083714166656 0.1843750027474016 0.16406250244472176
0 0.9257812637952156 0.8833333794027567 0.14531250216532499 0.1750000026077032
0 0.8585937627940439 0.5729166965465993 0.2109375031432137 0.1625000024214387
0 0.8765625130617991 0.42291668872348964 0.18125000270083547 0.13437500200234354
0 0.6734375100350007 0.39270835381466895 0.18125000270083547 0.14531250216532499
0 0.26796875399304554 0.3510416849749163 0.19843750295694917 0.14843750221189111
0 0.12421875185100362 0.221875011571683 0.19843750295694917 0.14843750221189111
1 0.3179687547381036 0.5729166965465993 0.27031250402797014 0.26562500395812094
2 0.17187500256113708 0.4218750220024958 0.0656250009778887 0.05781250086147338
2 0.13437500200234354 0.46145835740026087 0.0656250009778887 0.05781250086147338
2 0.5507812582072802 0.03229166835080832 0.06093750090803951 0.04531250067520887
0 0.21953125327127054 0.8500000443309546 0.19218750286381692 0.15937500237487257
0 0.8710937629803084 0.11979167291428894 0.19531250291038305 0.17656250263098627
0 0.6476562596508302 0.8229167095851153 0.19218750286381692 0.21250000316649675
0 0.7921875118045136 0.7416667053475976 0.18125000270083547 0.11562500172294676
0 0.5421875080792233 0.3104166828561574 0.1750000026077032 0.1406250020954758
0 0.4171875062165782 0.2520833464805037 0.1750000026077032 0.1406250020954758
0 0.41093750612344593 0.8229167095851153 0.1750000026077032 0.1406250020954758
0 0.4875000072643161 0.7302083714166656 0.1843750027474016 0.16406250244472176
0 0.9257812637952156 0.8833333794027567 0.14531250216532499 0.1750000026077032
0 0.8585937627940439 0.5729166965465993 0.2109375031432137 0.1625000024214387
0 0.8765625130617991 0.42291668872348964 0.18125000270083547 0.13437500200234354
0 0.6734375100350007 0.39270835381466895 0.18125000270083547 0.14531250216532499
0 0.26796875399304554 0.3510416849749163 0.19843750295694917 0.14843750221189111
0 0.12421875185100362 0.221875011571683 0.19843750295694917 0.14843750221189111
1 0.3179687547381036 0.5729166965465993 0.27031250402797014 0.26562500395812094
2 0.17187500256113708 0.4218750220024958 0.0656250009778887 0.05781250086147338
2 0.13437500200234354 0.46145835740026087 0.0656250009778887 0.05781250086147338
2 0.5507812582072802 0.03229166835080832 0.06093750090803951 0.04531250067520887
0 0.21953125327127054 0.8500000443309546 0.19218750286381692 0.15937500237487257
0 0.8710937629803084 0.11979167291428894 0.19531250291038305 0.17656250263098627
0 0.6476562596508302 0.8229167095851153 0.19218750286381692 0.21250000316649675
0 0.7921875118045136 0.7416667053475976 0.18125000270083547 0.11562500172294676
0 0.5421875080792233 0.3104166828561574 0.1750000026077032 0.1406250020954758
0 0.4171875062165782 0.2520833464805037 0.1750000026077032 0.1406250020954758
0 0.41093750612344593 0.8229167095851153 0.1750000026077032 0.1406250020954758
0 0.4875000072643161 0.7302083714166656 0.1843750027474016 0.16406250244472176
0 0.9257812637952156 0.8833333794027567 0.14531250216532499 0.1750000026077032
0 0.8585937627940439 0.5729166965465993 0.2109375031432137 0.1625000024214387
0 0.8765625130617991 0.42291668872348964 0.18125000270083547 0.13437500200234354
0 0.6734375100350007 0.39270835381466895 0.18125000270083547 0.14531250216532499
0 0.26796875399304554 0.3510416849749163 0.19843750295694917 0.14843750221189111
0 0.12421875185100362 0.221875011571683 0.19843750295694917 0.14843750221189111
1 0.3179687559604645 0.5729166865348816 0.27031251788139343 0.265625
2 0.171875 0.4218750298023224 0.06562500447034836 0.05781250074505806
2 0.13437500596046448 0.46145835518836975 0.06562500447034836 0.05781250074505806
2 0.55078125 0.03229166939854622 0.06093750149011612 0.04531250149011612
0 0.21953125298023224 0.8500000238418579 0.19218750298023224 0.15937499701976776
0 0.87109375 0.1197916716337204 0.1953125 0.17656250298023224
0 0.647656261920929 0.8229166865348816 0.19218750298023224 0.21250000596046448
0 0.792187511920929 0.7416667342185974 0.18125000596046448 0.11562500149011612
0 0.542187511920929 0.31041666865348816 0.17499999701976776 0.140625
0 0.41718751192092896 0.25208336114883423 0.17499999701976776 0.140625
0 0.41093751788139343 0.8229166865348816 0.17499999701976776 0.140625
0 0.48750001192092896 0.7302083969116211 0.18437500298023224 0.1640625
0 0.92578125 0.8833333849906921 0.14531250298023224 0.17499999701976776
0 0.858593761920929 0.5729166865348816 0.2109375 0.16250000894069672
0 0.8765625357627869 0.4229166805744171 0.18125000596046448 0.13437500596046448
0 0.6734375357627869 0.39270836114883423 0.18125000596046448 0.14531250298023224
0 0.2679687440395355 0.35104167461395264 0.19843749701976776 0.1484375
0 0.12421875447034836 0.22187501192092896 0.19843749701976776 0.1484375
1 0.3179687559604645 0.5729166865348816 0.27031251788139343 0.265625
2 0.171875 0.4218750298023224 0.06562500447034836 0.05781250074505806
2 0.13437500596046448 0.46145835518836975 0.06562500447034836 0.05781250074505806
2 0.55078125 0.03229166939854622 0.06093750149011612 0.04531250149011612
0 0.21953125298023224 0.8500000238418579 0.19218750298023224 0.15937499701976776
0 0.87109375 0.1197916716337204 0.1953125 0.17656250298023224
0 0.647656261920929 0.8229166865348816 0.19218750298023224 0.21250000596046448
0 0.792187511920929 0.7416667342185974 0.18125000596046448 0.11562500149011612
0 0.542187511920929 0.31041666865348816 0.17499999701976776 0.140625
0 0.41718751192092896 0.25208336114883423 0.17499999701976776 0.140625
0 0.41093751788139343 0.8229166865348816 0.17499999701976776 0.140625
0 0.48750001192092896 0.7302083969116211 0.18437500298023224 0.1640625
0 0.92578125 0.8833333849906921 0.14531250298023224 0.17499999701976776
0 0.858593761920929 0.5729166865348816 0.2109375 0.16250000894069672
0 0.8765625357627869 0.4229166805744171 0.18125000596046448 0.13437500596046448
0 0.6734375357627869 0.39270836114883423 0.18125000596046448 0.14531250298023224
0 0.2679687440395355 0.35104167461395264 0.19843749701976776 0.1484375
0 0.12421875447034836 0.22187501192092896 0.19843749701976776 0.1484375
1 0.3179687559604645 0.5729166865348816 0.27031251788139343 0.265625
2 0.171875 0.4218750298023224 0.06562500447034836 0.05781250074505806
2 0.13437500596046448 0.46145835518836975 0.06562500447034836 0.05781250074505806
2 0.55078125 0.03229166939854622 0.06093750149011612 0.04531250149011612
0 0.21953125298023224 0.8500000238418579 0.19218750298023224 0.15937499701976776
0 0.87109375 0.1197916716337204 0.1953125 0.17656250298023224
0 0.647656261920929 0.8229166865348816 0.19218750298023224 0.21250000596046448
0 0.792187511920929 0.7416667342185974 0.18125000596046448 0.11562500149011612
0 0.542187511920929 0.31041666865348816 0.17499999701976776 0.140625
0 0.41718751192092896 0.25208336114883423 0.17499999701976776 0.140625
0 0.41093751788139343 0.8229166865348816 0.17499999701976776 0.140625
0 0.48750001192092896 0.7302083969116211 0.18437500298023224 0.1640625
0 0.92578125 0.8833333849906921 0.14531250298023224 0.17499999701976776
0 0.858593761920929 0.5729166865348816 0.2109375 0.16250000894069672
0 0.8765625357627869 0.4229166805744171 0.18125000596046448 0.13437500596046448
0 0.6734375357627869 0.39270836114883423 0.18125000596046448 0.14531250298023224
0 0.2679687440395355 0.35104167461395264 0.19843749701976776 0.1484375
0 0.12421875447034836 0.22187501192092896 0.19843749701976776 0.1484375
1 0.3179687559604645 0.5729166865348816 0.27031251788139343 0.265625
2 0.171875 0.4218750298023224 0.06562500447034836 0.05781250074505806
2 0.13437500596046448 0.46145835518836975 0.06562500447034836 0.05781250074505806
2 0.55078125 0.03229166939854622 0.06093750149011612 0.04531250149011612
0 0.21953125298023224 0.8500000238418579 0.19218750298023224 0.15937499701976776
0 0.87109375 0.1197916716337204 0.1953125 0.17656250298023224
0 0.647656261920929 0.8229166865348816 0.19218750298023224 0.21250000596046448
0 0.792187511920929 0.7416667342185974 0.18125000596046448 0.11562500149011612
0 0.542187511920929 0.31041666865348816 0.17499999701976776 0.140625
0 0.41718751192092896 0.25208336114883423 0.17499999701976776 0.140625
0 0.41093751788139343 0.8229166865348816 0.17499999701976776 0.140625
0 0.48750001192092896 0.7302083969116211 0.18437500298023224 0.1640625
0 0.92578125 0.8833333849906921 0.14531250298023224 0.17499999701976776
0 0.858593761920929 0.5729166865348816 0.2109375 0.16250000894069672
0 0.8765625357627869 0.4229166805744171 0.18125000596046448 0.13437500596046448
0 0.6734375357627869 0.39270836114883423 0.18125000596046448 0.14531250298023224
0 0.2679687440395355 0.35104167461395264 0.19843749701976776 0.1484375
0 0.12421875447034836 0.22187501192092896 0.19843749701976776 0.1484375
1 0.3179687559604645 0.5729166865348816 0.27031251788139343 0.265625
2 0.171875 0.4218750298023224 0.06562500447034836 0.05781250074505806
2 0.13437500596046448 0.46145835518836975 0.06562500447034836 0.05781250074505806
2 0.55078125 0.03229166939854622 0.06093750149011612 0.04531250149011612
0 0.21953125298023224 0.8500000238418579 0.19218750298023224 0.15937499701976776
0 0.87109375 0.1197916716337204 0.1953125 0.17656250298023224
0 0.647656261920929 0.8229166865348816 0.19218750298023224 0.21250000596046448
0 0.792187511920929 0.7416667342185974 0.18125000596046448 0.11562500149011612
0 0.542187511920929 0.31041666865348816 0.17499999701976776 0.140625
0 0.41718751192092896 0.25208336114883423 0.17499999701976776 0.140625
0 0.41093751788139343 0.8229166865348816 0.17499999701976776 0.140625
0 0.48750001192092896 0.7302083969116211 0.18437500298023224 0.1640625
0 0.92578125 0.8833333849906921 0.14531250298023224 0.17499999701976776
0 0.858593761920929 0.5729166865348816 0.2109375 0.16250000894069672
0 0.8765625357627869 0.4229166805744171 0.18125000596046448 0.13437500596046448
0 0.6734375357627869 0.39270836114883423 0.18125000596046448 0.14531250298023224
0 0.2679687440395355 0.35104167461395264 0.19843749701976776 0.1484375
0 0.12421875447034836 0.22187501192092896 0.19843749701976776 0.1484375
1 0.3179687559604645 0.5729166865348816 0.27031251788139343 0.265625
2 0.171875 0.4218750298023224 0.06562500447034836 0.05781250074505806
2 0.13437500596046448 0.46145835518836975 0.06562500447034836 0.05781250074505806
2 0.55078125 0.03229166939854622 0.06093750149011612 0.04531250149011612
0 0.21953125298023224 0.8500000238418579 0.19218750298023224 0.15937499701976776
0 0.87109375 0.1197916716337204 0.1953125 0.17656250298023224
0 0.647656261920929 0.8229166865348816 0.19218750298023224 0.21250000596046448
0 0.792187511920929 0.7416667342185974 0.18125000596046448 0.11562500149011612
0 0.542187511920929 0.31041666865348816 0.17499999701976776 0.140625
0 0.41718751192092896 0.25208336114883423 0.17499999701976776 0.140625
0 0.41093751788139343 0.8229166865348816 0.17499999701976776 0.140625
0 0.48750001192092896 0.7302083969116211 0.18437500298023224 0.1640625
0 0.92578125 0.8833333849906921 0.14531250298023224 0.17499999701976776
0 0.858593761920929 0.5729166865348816 0.2109375 0.16250000894069672
0 0.8765625357627869 0.4229166805744171 0.18125000596046448 0.13437500596046448
0 0.6734375357627869 0.39270836114883423 0.18125000596046448 0.14531250298023224
0 0.2679687440395355 0.35104167461395264 0.19843749701976776 0.1484375
0 0.12421875447034836 0.22187501192092896 0.19843749701976776 0.1484375
1 0.3179687559604645 0.5729166865348816 0.27031251788139343 0.265625
2 0.171875 0.4218750298023224 0.06562500447034836 0.05781250074505806
2 0.13437500596046448 0.46145835518836975 0.06562500447034836 0.05781250074505806
2 0.55078125 0.03229166939854622 0.06093750149011612 0.04531250149011612
0 0.21953125298023224 0.8500000238418579 0.19218750298023224 0.15937499701976776
0 0.87109375 0.1197916716337204 0.1953125 0.17656250298023224
0 0.647656261920929 0.8229166865348816 0.19218750298023224 0.21250000596046448
0 0.792187511920929 0.7416667342185974 0.18125000596046448 0.11562500149011612
0 0.542187511920929 0.31041666865348816 0.17499999701976776 0.140625
0 0.41718751192092896 0.25208336114883423 0.17499999701976776 0.140625
0 0.41093751788139343 0.8229166865348816 0.17499999701976776 0.140625
0 0.48750001192092896 0.7302083969116211 0.18437500298023224 0.1640625
0 0.92578125 0.8833333849906921 0.14531250298023224 0.17499999701976776
0 0.858593761920929 0.5729166865348816 0.2109375 0.16250000894069672
0 0.8765625357627869 0.4229166805744171 0.18125000596046448 0.13437500596046448
0 0.6734375357627869 0.39270836114883423 0.18125000596046448 0.14531250298023224
0 0.2679687440395355 0.35104167461395264 0.19843749701976776 0.1484375
0 0.12421875447034836 0.22187501192092896 0.19843749701976776 0.1484375
