0 0.5843750087078661 0.5968750311294571 0.15000000223517418 0.16093750239815563
0 0.3453125051455572 0.6739583684829995 0.15000000223517418 0.16093750239815563
0 0.42343750630971044 0.6760417019249871 0.15000000223517418 0.16093750239815563
0 0.4562500067986548 0.8552083779359236 0.1625000024214387 0.15468750230502337
0 0.20781250309664756 0.8031250418862328 0.1625000024214387 0.15468750230502337
0 0.08125000121071935 0.8197917094221339 0.15937500237487257 0.15468750230502337
0 0.6203125092433766 0.9145833810325712 0.15000000223517418 0.12812500190921128
0 0.6781250101048499 0.8895833797287196 0.15000000223517418 0.12812500190921128
0 0.7156250106636435 0.8354167102370411 0.15000000223517418 0.12812500190921128
0 0.7796875116182491 0.7916667079553008 0.15000000223517418 0.12812500190921128
0 0.8171875121770427 0.7500000391155481 0.15000000223517418 0.12812500190921128
0 0.848437512642704 0.7187500374857336 0.15000000223517418 0.12812500190921128
0 0.7578125112922862 0.5041666929610074 0.15000000223517418 0.12812500190921128
0 0.8093750120606273 0.5208333604969084 0.15000000223517418 0.12812500190921128
0 0.8656250128988177 0.5479166952427477 0.15000000223517418 0.12812500190921128
0 0.6867187602329068 0.295833348762244 0.15468750230502337 0.1625000024214387
0 0.07812500116415322 0.335416684160009 0.1531250022817403 0.1625000024214387
0 0.20312500302679837 0.2520833464805037 0.15625000232830644 0.1625000024214387
0 0.3539062552736141 0.29895834892522544 0.13281250197906047 0.1265625018859282
0 0.6023437589756213 0.1114583391463384 0.13281250197906047 0.1265625018859282
0 0.933593763911631 0.37395835283678025 0.13281250197906047 0.1265625018859282
1 0.8781250130850822 0.17187500896397978 0.22187500330619514 0.19218750286381692
0 0.4343750064726919 0.4885416921461001 0.15000000223517418 0.16093750239815563
0 0.3281250048894435 0.19270834338385612 0.15000000223517418 0.16093750239815563
1 0.29453125438885763 0.05625000293366611 0.048437500721774995 0.0437500006519258
0 0.5843750087078661 0.5968750311294571 0.15000000223517418 0.16093750239815563
0 0.3453125051455572 0.6739583684829995 0.15000000223517418 0.16093750239815563
0 0.42343750630971044 0.6760417019249871 0.15000000223517418 0.16093750239815563
0 0.4562500067986548 0.8552083779359236 0.1625000024214387 0.15468750230502337
0 0.20781250309664756 0.8031250418862328 0.1625000024214387 0.15468750230502337
0 0.08125000121071935 0.8197917094221339 0.15937500237487257 0.15468750230502337
0 0.6203125092433766 0.9145833810325712 0.15000000223517418 0.12812500190921128
0 0.6781250101048499 0.8895833797287196 0.15000000223517418 0.12812500190921128
0 0.7156250106636435 0.8354167102370411 0.15000000223517418 0.12812500190921128
0 0.7796875116182491 0.7916667079553008 0.15000000223517418 0.12812500190921128
0 0.8171875121770427 0.7500000391155481 0.15000000223517418 0.12812500190921128
0 0.848437512642704 0.7187500374857336 0.15000000223517418 0.12812500190921128
0 0.7578125112922862 0.5041666929610074 0.15000000223517418 0.12812500190921128
0 0.8093750120606273 0.5208333604969084 0.15000000223517418 0.12812500190921128
0 0.8656250128988177 0.5479166952427477 0.15000000223517418 0.12812500190921128
0 0.6867187602329068 0.295833348762244 0.15468750230502337 0.1625000024214387
0 0.07812500116415322 0.335416684160009 0.1531250022817403 0.1625000024214387
0 0.20312500302679837 0.2520833464805037 0.15625000232830644 0.1625000024214387
0 0.3539062552736141 0.29895834892522544 0.13281250197906047 0.1265625018859282
0 0.6023437589756213 0.1114583391463384 0.13281250197906047 0.1265625018859282
0 0.933593763911631 0.37395835283678025 0.13281250197906047 0.1265625018859282
1 0.8781250130850822 0.17187500896397978 0.22187500330619514 0.19218750286381692
0 0.4343750064726919 0.4885416921461001 0.15000000223517418 0.16093750239815563
0 0.3281250048894435 0.19270834338385612 0.15000000223517418 0.16093750239815563
1 0.29453125438885763 0.05625000293366611 0.048437500721774995 0.0437500006519258
0 0.5843750087078661 0.5968750311294571 0.15000000223517418 0.16093750239815563
0 0.3453125051455572 0.6739583684829995 0.15000000223517418 0.16093750239815563
0 0.42343750630971044 0.6760417019249871 0.15000000223517418 0.16093750239815563
0 0.4562500067986548 0.8552083779359236 0.1625000024214387 0.15468750230502337
0 0.20781250309664756 0.8031250418862328 0.1625000024214387 0.15468750230502337
0 0.08125000121071935 0.8197917094221339 0.15937500237487257 0.15468750230502337
0 0.6203125092433766 0.9145833810325712 0.15000000223517418 0.12812500190921128
0 0.6781250101048499 0.8895833797287196 0.15000000223517418 0.12812500190921128
0 0.7156250106636435 0.8354167102370411 0.15000000223517418 0.12812500190921128
0 0.7796875116182491 0.7916667079553008 0.15000000223517418 0.12812500190921128
0 0.8171875121770427 0.7500000391155481 0.15000000223517418 0.12812500190921128
0 0.848437512642704 0.7187500374857336 0.15000000223517418 0.12812500190921128
0 0.7578125112922862 0.5041666929610074 0.15000000223517418 0.12812500190921128
0 0.8093750120606273 0.5208333604969084 0.15000000223517418 0.12812500190921128
0 0.8656250128988177 0.5479166952427477 0.15000000223517418 0.12812500190921128
0 0.6867187602329068 0.295833348762244 0.15468750230502337 0.1625000024214387
0 0.07812500116415322 0.335416684160009 0.1531250022817403 0.1625000024214387
0 0.20312500302679837 0.2520833464805037 0.15625000232830644 0.1625000024214387
0 0.3539062552736141 0.29895834892522544 0.13281250197906047 0.1265625018859282
0 0.6023437589756213 0.1114583391463384 0.13281250197906047 0.1265625018859282
0 0.933593763911631 0.37395835283678025 0.13281250197906047 0.1265625018859282
1 0.8781250130850822 0.17187500896397978 0.22187500330619514 0.19218750286381692
0 0.4343750064726919 0.4885416921461001 0.15000000223517418 0.16093750239815563
0 0.3281250048894435 0.19270834338385612 0.15000000223517418 0.16093750239815563
1 0.29453125438885763 0.05625000293366611 0.048437500721774995 0.0437500006519258
0 0.5843750087078661 0.5968750311294571 0.15000000223517418 0.16093750239815563
0 0.3453125051455572 0.6739583684829995 0.15000000223517418 0.16093750239815563
0 0.42343750630971044 0.6760417019249871 0.15000000223517418 0.16093750239815563
0 0.4562500067986548 0.8552083779359236 0.1625000024214387 0.15468750230502337
0 0.20781250309664756 0.8031250418862328 0.1625000024214387 0.15468750230502337
0 0.08125000121071935 0.8197917094221339 0.15937500237487257 0.15468750230502337
0 0.6203125092433766 0.9145833810325712 0.15000000223517418 0.12812500190921128
0 0.6781250101048499 0.8895833797287196 0.15000000223517418 0.12812500190921128
0 0.7156250106636435 0.8354167102370411 0.15000000223517418 0.12812500190921128
0 0.7796875116182491 0.7916667079553008 0.15000000223517418 0.12812500190921128
0 0.8171875121770427 0.7500000391155481 0.15000000223517418 0.12812500190921128
0 0.848437512642704 0.7187500374857336 0.15000000223517418 0.12812500190921128
0 0.7578125112922862 0.5041666929610074 0.15000000223517418 0.12812500190921128
0 0.8093750120606273 0.5208333604969084 0.15000000223517418 0.12812500190921128
0 0.8656250128988177 0.5479166952427477 0.15000000223517418 0.12812500190921128
0 0.6867187602329068 0.295833348762244 0.15468750230502337 0.1625000024214387
0 0.07812500116415322 0.335416684160009 0.1531250022817403 0.1625000024214387
0 0.20312500302679837 0.2520833464805037 0.15625000232830644 0.1625000024214387
0 0.3539062552736141 0.29895834892522544 0.13281250197906047 0.1265625018859282
0 0.6023437589756213 0.1114583391463384 0.13281250197906047 0.1265625018859282
0 0.933593763911631 0.37395835283678025 0.13281250197906047 0.1265625018859282
1 0.8781250130850822 0.17187500896397978 0.22187500330619514 0.19218750286381692
0 0.4343750064726919 0.4885416921461001 0.15000000223517418 0.16093750239815563
0 0.3281250048894435 0.19270834338385612 0.15000000223517418 0.16093750239815563
1 0.29453125438885763 0.05625000293366611 0.048437500721774995 0.0437500006519258
0 0.5843750087078661 0.5968750311294571 0.15000000223517418 0.16093750239815563
0 0.3453125051455572 0.6739583684829995 0.15000000223517418 0.16093750239815563
0 0.42343750630971044 0.6760417019249871 0.15000000223517418 0.16093750239815563
0 0.4562500067986548 0.8552083779359236 0.1625000024214387 0.15468750230502337
0 0.20781250309664756 0.8031250418862328 0.1625000024214387 0.15468750230502337
0 0.08125000121071935 0.8197917094221339 0.15937500237487257 0.15468750230502337
0 0.6203125092433766 0.9145833810325712 0.15000000223517418 0.12812500190921128
0 0.6781250101048499 0.8895833797287196 0.15000000223517418 0.12812500190921128
0 0.7156250106636435 0.8354167102370411 0.15000000223517418 0.12812500190921128
0 0.7796875116182491 0.7916667079553008 0.15000000223517418 0.12812500190921128
0 0.8171875121770427 0.7500000391155481 0.15000000223517418 0.12812500190921128
0 0.848437512642704 0.7187500374857336 0.15000000223517418 0.12812500190921128
0 0.7578125112922862 0.5041666929610074 0.15000000223517418 0.12812500190921128
0 0.8093750120606273 0.5208333604969084 0.15000000223517418 0.12812500190921128
0 0.8656250128988177 0.5479166952427477 0.15000000223517418 0.12812500190921128
0 0.6867187602329068 0.295833348762244 0.15468750230502337 0.1625000024214387
0 0.07812500116415322 0.335416684160009 0.1531250022817403 0.1625000024214387
0 0.20312500302679837 0.2520833464805037 0.15625000232830644 0.1625000024214387
0 0.3539062552736141 0.29895834892522544 0.13281250197906047 0.1265625018859282
0 0.6023437589756213 0.1114583391463384 0.13281250197906047 0.1265625018859282
0 0.933593763911631 0.37395835283678025 0.13281250197906047 0.1265625018859282
1 0.8781250130850822 0.17187500896397978 0.22187500330619514 0.19218750286381692
0 0.4343750064726919 0.4885416921461001 0.15000000223517418 0.16093750239815563
0 0.3281250048894435 0.19270834338385612 0.15000000223517418 0.16093750239815563
1 0.29453125438885763 0.05625000293366611 0.048437500721774995 0.0437500006519258
0 0.5843750087078661 0.5968750311294571 0.15000000223517418 0.16093750239815563
0 0.3453125051455572 0.6739583684829995 0.15000000223517418 0.16093750239815563
0 0.42343750630971044 0.6760417019249871 0.15000000223517418 0.16093750239815563
0 0.4562500067986548 0.8552083779359236 0.1625000024214387 0.15468750230502337
0 0.20781250309664756 0.8031250418862328 0.1625000024214387 0.15468750230502337
0 0.08125000121071935 0.8197917094221339 0.15937500237487257 0.15468750230502337
0 0.6203125092433766 0.9145833810325712 0.15000000223517418 0.12812500190921128
0 0.6781250101048499 0.8895833797287196 0.15000000223517418 0.12812500190921128
0 0.7156250106636435 0.8354167102370411 0.15000000223517418 0.12812500190921128
0 0.7796875116182491 0.7916667079553008 0.15000000223517418 0.12812500190921128
0 0.8171875121770427 0.7500000391155481 0.15000000223517418 0.12812500190921128
0 0.848437512642704 0.7187500374857336 0.15000000223517418 0.12812500190921128
0 0.7578125112922862 0.5041666929610074 0.15000000223517418 0.12812500190921128
0 0.8093750120606273 0.5208333604969084 0.15000000223517418 0.12812500190921128
0 0.8656250128988177 0.5479166952427477 0.15000000223517418 0.12812500190921128
0 0.6867187602329068 0.295833348762244 0.15468750230502337 0.1625000024214387
0 0.07812500116415322 0.335416684160009 0.1531250022817403 0.1625000024214387
0 0.20312500302679837 0.2520833464805037 0.15625000232830644 0.1625000024214387
0 0.3539062552736141 0.29895834892522544 0.13281250197906047 0.1265625018859282
0 0.6023437589756213 0.1114583391463384 0.13281250197906047 0.1265625018859282
0 0.933593763911631 0.37395835283678025 0.13281250197906047 0.1265625018859282
1 0.8781250130850822 0.17187500896397978 0.22187500330619514 0.19218750286381692
0 0.4343750064726919 0.4885416921461001 0.15000000223517418 0.16093750239815563
0 0.3281250048894435 0.19270834338385612 0.15000000223517418 0.16093750239815563
1 0.29453125438885763 0.05625000293366611 0.048437500721774995 0.0437500006519258
0 0.5843750087078661 0.5968750311294571 0.15000000223517418 0.16093750239815563
0 0.3453125051455572 0.6739583684829995 0.15000000223517418 0.16093750239815563
0 0.42343750630971044 0.6760417019249871 0.15000000223517418 0.16093750239815563
0 0.4562500067986548 0.8552083779359236 0.1625000024214387 0.15468750230502337
0 0.20781250309664756 0.8031250418862328 0.1625000024214387 0.15468750230502337
0 0.08125000121071935 0.8197917094221339 0.15937500237487257 0.15468750230502337
0 0.6203125092433766 0.9145833810325712 0.15000000223517418 0.12812500190921128
0 0.6781250101048499 0.8895833797287196 0.15000000223517418 0.12812500190921128
0 0.7156250106636435 0.8354167102370411 0.15000000223517418 0.12812500190921128
0 0.7796875116182491 0.7916667079553008 0.15000000223517418 0.12812500190921128
0 0.8171875121770427 0.7500000391155481 0.15000000223517418 0.12812500190921128
0 0.848437512642704 0.7187500374857336 0.15000000223517418 0.12812500190921128
0 0.7578125112922862 0.5041666929610074 0.15000000223517418 0.12812500190921128
0 0.8093750120606273 0.5208333604969084 0.15000000223517418 0.12812500190921128
0 0.8656250128988177 0.5479166952427477 0.15000000223517418 0.12812500190921128
0 0.6867187602329068 0.295833348762244 0.15468750230502337 0.1625000024214387
0 0.07812500116415322 0.335416684160009 0.1531250022817403 0.1625000024214387
0 0.20312500302679837 0.2520833464805037 0.15625000232830644 0.1625000024214387
0 0.3539062552736141 0.29895834892522544 0.13281250197906047 0.1265625018859282
0 0.6023437589756213 0.1114583391463384 0.13281250197906047 0.1265625018859282
0 0.933593763911631 0.37395835283678025 0.13281250197906047 0.1265625018859282
1 0.8781250130850822 0.17187500896397978 0.22187500330619514 0.19218750286381692
0 0.4343750064726919 0.4885416921461001 0.15000000223517418 0.16093750239815563
0 0.3281250048894435 0.19270834338385612 0.15000000223517418 0.16093750239815563
1 0.29453125438885763 0.05625000293366611 0.048437500721774995 0.0437500006519258
0 0.5843750087078661 0.5968750311294571 0.15000000223517418 0.16093750239815563
0 0.3453125051455572 0.6739583684829995 0.15000000223517418 0.16093750239815563
0 0.42343750630971044 0.6760417019249871 0.15000000223517418 0.16093750239815563
0 0.4562500067986548 0.8552083779359236 0.1625000024214387 0.15468750230502337
0 0.20781250309664756 0.8031250418862328 0.1625000024214387 0.15468750230502337
0 0.08125000121071935 0.8197917094221339 0.15937500237487257 0.15468750230502337
0 0.6203125092433766 0.9145833810325712 0.15000000223517418 0.12812500190921128
0 0.6781250101048499 0.8895833797287196 0.15000000223517418 0.12812500190921128
0 0.7156250106636435 0.8354167102370411 0.15000000223517418 0.12812500190921128
0 0.7796875116182491 0.7916667079553008 0.15000000223517418 0.12812500190921128
0 0.8171875121770427 0.7500000391155481 0.15000000223517418 0.12812500190921128
0 0.848437512642704 0.7187500374857336 0.15000000223517418 0.12812500190921128
0 0.7578125112922862 0.5041666929610074 0.15000000223517418 0.12812500190921128
0 0.8093750120606273 0.5208333604969084 0.15000000223517418 0.12812500190921128
0 0.8656250128988177 0.5479166952427477 0.15000000223517418 0.12812500190921128
0 0.6867187602329068 0.295833348762244 0.15468750230502337 0.1625000024214387
0 0.07812500116415322 0.335416684160009 0.1531250022817403 0.1625000024214387
0 0.20312500302679837 0.2520833464805037 0.15625000232830644 0.1625000024214387
0 0.3539062552736141 0.29895834892522544 0.13281250197906047 0.1265625018859282
0 0.6023437589756213 0.1114583391463384 0.13281250197906047 0.1265625018859282
0 0.933593763911631 0.37395835283678025 0.13281250197906047 0.1265625018859282
1 0.8781250130850822 0.17187500896397978 0.22187500330619514 0.19218750286381692
0 0.4343750064726919 0.4885416921461001 0.15000000223517418 0.16093750239815563
0 0.3281250048894435 0.19270834338385612 0.15000000223517418 0.16093750239815563
1 0.29453125438885763 0.05625000293366611 0.048437500721774995 0.0437500006519258
0 0.5843750087078661 0.5968750311294571 0.15000000223517418 0.16093750239815563
0 0.3453125051455572 0.6739583684829995 0.15000000223517418 0.16093750239815563
0 0.42343750630971044 0.6760417019249871 0.15000000223517418 0.16093750239815563
0 0.4562500067986548 0.8552083779359236 0.1625000024214387 0.15468750230502337
0 0.20781250309664756 0.8031250418862328 0.1625000024214387 0.15468750230502337
0 0.08125000121071935 0.8197917094221339 0.15937500237487257 0.15468750230502337
0 0.6203125092433766 0.9145833810325712 0.15000000223517418 0.12812500190921128
0 0.6781250101048499 0.8895833797287196 0.15000000223517418 0.12812500190921128
0 0.7156250106636435 0.8354167102370411 0.15000000223517418 0.12812500190921128
0 0.7796875116182491 0.7916667079553008 0.15000000223517418 0.12812500190921128
0 0.8171875121770427 0.7500000391155481 0.15000000223517418 0.12812500190921128
0 0.848437512642704 0.7187500374857336 0.15000000223517418 0.12812500190921128
0 0.7578125112922862 0.5041666929610074 0.15000000223517418 0.12812500190921128
0 0.8093750120606273 0.5208333604969084 0.15000000223517418 0.12812500190921128
0 0.8656250128988177 0.5479166952427477 0.15000000223517418 0.12812500190921128
0 0.6867187602329068 0.295833348762244 0.15468750230502337 0.1625000024214387
0 0.07812500116415322 0.335416684160009 0.1531250022817403 0.1625000024214387
0 0.20312500302679837 0.2520833464805037 0.15625000232830644 0.1625000024214387
0 0.3539062552736141 0.29895834892522544 0.13281250197906047 0.1265625018859282
0 0.6023437589756213 0.1114583391463384 0.13281250197906047 0.1265625018859282
0 0.933593763911631 0.37395835283678025 0.13281250197906047 0.1265625018859282
1 0.8781250130850822 0.17187500896397978 0.22187500330619514 0.19218750286381692
0 0.4343750064726919 0.4885416921461001 0.15000000223517418 0.16093750239815563
0 0.3281250048894435 0.19270834338385612 0.15000000223517418 0.16093750239815563
1 0.29453125438885763 0.05625000293366611 0.048437500721774995 0.0437500006519258
0 0.5843750087078661 0.5968750311294571 0.15000000223517418 0.16093750239815563
0 0.3453125051455572 0.6739583684829995 0.15000000223517418 0.16093750239815563
0 0.42343750630971044 0.6760417019249871 0.15000000223517418 0.16093750239815563
0 0.4562500067986548 0.8552083779359236 0.1625000024214387 0.15468750230502337
0 0.20781250309664756 0.8031250418862328 0.1625000024214387 0.15468750230502337
0 0.08125000121071935 0.8197917094221339 0.15937500237487257 0.15468750230502337
0 0.6203125092433766 0.9145833810325712 0.15000000223517418 0.12812500190921128
0 0.6781250101048499 0.8895833797287196 0.15000000223517418 0.12812500190921128
0 0.7156250106636435 0.8354167102370411 0.15000000223517418 0.12812500190921128
0 0.7796875116182491 0.7916667079553008 0.15000000223517418 0.12812500190921128
0 0.8171875121770427 0.7500000391155481 0.15000000223517418 0.12812500190921128
0 0.848437512642704 0.7187500374857336 0.15000000223517418 0.12812500190921128
0 0.7578125112922862 0.5041666929610074 0.15000000223517418 0.12812500190921128
0 0.8093750120606273 0.5208333604969084 0.15000000223517418 0.12812500190921128
0 0.8656250128988177 0.5479166952427477 0.15000000223517418 0.12812500190921128
0 0.6867187602329068 0.295833348762244 0.15468750230502337 0.1625000024214387
0 0.07812500116415322 0.335416684160009 0.1531250022817403 0.1625000024214387
0 0.20312500302679837 0.2520833464805037 0.15625000232830644 0.1625000024214387
0 0.3539062552736141 0.29895834892522544 0.13281250197906047 0.1265625018859282
0 0.6023437589756213 0.1114583391463384 0.13281250197906047 0.1265625018859282
0 0.933593763911631 0.37395835283678025 0.13281250197906047 0.1265625018859282
1 0.8781250130850822 0.17187500896397978 0.22187500330619514 0.19218750286381692
0 0.4343750064726919 0.4885416921461001 0.15000000223517418 0.16093750239815563
0 0.3281250048894435 0.19270834338385612 0.15000000223517418 0.16093750239815563
1 0.29453125438885763 0.05625000293366611 0.048437500721774995 0.0437500006519258
0 0.5843750087078661 0.5968750311294571 0.15000000223517418 0.16093750239815563
0 0.3453125051455572 0.6739583684829995 0.15000000223517418 0.16093750239815563
0 0.42343750630971044 0.6760417019249871 0.15000000223517418 0.16093750239815563
0 0.4562500067986548 0.8552083779359236 0.1625000024214387 0.15468750230502337
0 0.20781250309664756 0.8031250418862328 0.1625000024214387 0.15468750230502337
0 0.08125000121071935 0.8197917094221339 0.15937500237487257 0.15468750230502337
0 0.6203125092433766 0.9145833810325712 0.15000000223517418 0.12812500190921128
0 0.6781250101048499 0.8895833797287196 0.15000000223517418 0.12812500190921128
0 0.7156250106636435 0.8354167102370411 0.15000000223517418 0.12812500190921128
0 0.7796875116182491 0.7916667079553008 0.15000000223517418 0.12812500190921128
0 0.8171875121770427 0.7500000391155481 0.15000000223517418 0.12812500190921128
0 0.848437512642704 0.7187500374857336 0.15000000223517418 0.12812500190921128
0 0.7578125112922862 0.5041666929610074 0.15000000223517418 0.12812500190921128
0 0.8093750120606273 0.5208333604969084 0.15000000223517418 0.12812500190921128
0 0.8656250128988177 0.5479166952427477 0.15000000223517418 0.12812500190921128
0 0.6867187602329068 0.295833348762244 0.15468750230502337 0.1625000024214387
0 0.07812500116415322 0.335416684160009 0.1531250022817403 0.1625000024214387
0 0.20312500302679837 0.2520833464805037 0.15625000232830644 0.1625000024214387
0 0.3539062552736141 0.29895834892522544 0.13281250197906047 0.1265625018859282
0 0.6023437589756213 0.1114583391463384 0.13281250197906047 0.1265625018859282
0 0.933593763911631 0.37395835283678025 0.13281250197906047 0.1265625018859282
1 0.8781250130850822 0.17187500896397978 0.22187500330619514 0.19218750286381692
0 0.4343750064726919 0.4885416921461001 0.15000000223517418 0.16093750239815563
0 0.3281250048894435 0.19270834338385612 0.15000000223517418 0.16093750239815563
1 0.29453125438885763 0.05625000293366611 0.048437500721774995 0.0437500006519258
0 0.5843750087078661 0.5968750311294571 0.15000000223517418 0.16093750239815563
0 0.3453125051455572 0.6739583684829995 0.15000000223517418 0.16093750239815563
0 0.42343750630971044 0.6760417019249871 0.15000000223517418 0.16093750239815563
0 0.4562500067986548 0.8552083779359236 0.1625000024214387 0.15468750230502337
0 0.20781250309664756 0.8031250418862328 0.1625000024214387 0.15468750230502337
0 0.08125000121071935 0.8197917094221339 0.15937500237487257 0.15468750230502337
0 0.6203125092433766 0.9145833810325712 0.15000000223517418 0.12812500190921128
0 0.6781250101048499 0.8895833797287196 0.15000000223517418 0.12812500190921128
0 0.7156250106636435 0.8354167102370411 0.15000000223517418 0.12812500190921128
0 0.7796875116182491 0.7916667079553008 0.15000000223517418 0.12812500190921128
0 0.8171875121770427 0.7500000391155481 0.15000000223517418 0.12812500190921128
0 0.848437512642704 0.7187500374857336 0.15000000223517418 0.12812500190921128
0 0.7578125112922862 0.5041666929610074 0.15000000223517418 0.12812500190921128
0 0.8093750120606273 0.5208333604969084 0.15000000223517418 0.12812500190921128
0 0.8656250128988177 0.5479166952427477 0.15000000223517418 0.12812500190921128
0 0.6867187602329068 0.295833348762244 0.15468750230502337 0.1625000024214387
0 0.07812500116415322 0.335416684160009 0.1531250022817403 0.1625000024214387
0 0.20312500302679837 0.2520833464805037 0.15625000232830644 0.1625000024214387
0 0.3539062552736141 0.29895834892522544 0.13281250197906047 0.1265625018859282
0 0.6023437589756213 0.1114583391463384 0.13281250197906047 0.1265625018859282
0 0.933593763911631 0.37395835283678025 0.13281250197906047 0.1265625018859282
1 0.8781250130850822 0.17187500896397978 0.22187500330619514 0.19218750286381692
0 0.4343750064726919 0.4885416921461001 0.15000000223517418 0.16093750239815563
0 0.3281250048894435 0.19270834338385612 0.15000000223517418 0.16093750239815563
1 0.29453125438885763 0.05625000293366611 0.048437500721774995 0.0437500006519258
0 0.5843750087078661 0.5968750311294571 0.15000000223517418 0.16093750239815563
0 0.3453125051455572 0.6739583684829995 0.15000000223517418 0.16093750239815563
0 0.42343750630971044 0.6760417019249871 0.15000000223517418 0.16093750239815563
0 0.4562500067986548 0.8552083779359236 0.1625000024214387 0.15468750230502337
0 0.20781250309664756 0.8031250418862328 0.1625000024214387 0.15468750230502337
0 0.08125000121071935 0.8197917094221339 0.15937500237487257 0.15468750230502337
0 0.6203125092433766 0.9145833810325712 0.15000000223517418 0.12812500190921128
0 0.6781250101048499 0.8895833797287196 0.15000000223517418 0.12812500190921128
0 0.7156250106636435 0.8354167102370411 0.15000000223517418 0.12812500190921128
0 0.7796875116182491 0.7916667079553008 0.15000000223517418 0.12812500190921128
0 0.8171875121770427 0.7500000391155481 0.15000000223517418 0.12812500190921128
0 0.848437512642704 0.7187500374857336 0.15000000223517418 0.12812500190921128
0 0.7578125112922862 0.5041666929610074 0.15000000223517418 0.12812500190921128
0 0.8093750120606273 0.5208333604969084 0.15000000223517418 0.12812500190921128
0 0.8656250128988177 0.5479166952427477 0.15000000223517418 0.12812500190921128
0 0.6867187602329068 0.295833348762244 0.15468750230502337 0.1625000024214387
0 0.07812500116415322 0.335416684160009 0.1531250022817403 0.1625000024214387
0 0.20312500302679837 0.2520833464805037 0.15625000232830644 0.1625000024214387
0 0.3539062552736141 0.29895834892522544 0.13281250197906047 0.1265625018859282
0 0.6023437589756213 0.1114583391463384 0.13281250197906047 0.1265625018859282
0 0.933593763911631 0.37395835283678025 0.13281250197906047 0.1265625018859282
1 0.8781250130850822 0.17187500896397978 0.22187500330619514 0.19218750286381692
0 0.4343750064726919 0.4885416921461001 0.15000000223517418 0.16093750239815563
0 0.3281250048894435 0.19270834338385612 0.15000000223517418 0.16093750239815563
1 0.29453125438885763 0.05625000293366611 0.048437500721774995 0.0437500006519258
0 0.5843750087078661 0.5968750311294571 0.15000000223517418 0.16093750239815563
0 0.3453125051455572 0.6739583684829995 0.15000000223517418 0.16093750239815563
0 0.42343750630971044 0.6760417019249871 0.15000000223517418 0.16093750239815563
0 0.4562500067986548 0.8552083779359236 0.1625000024214387 0.15468750230502337
0 0.20781250309664756 0.8031250418862328 0.1625000024214387 0.15468750230502337
0 0.08125000121071935 0.8197917094221339 0.15937500237487257 0.15468750230502337
0 0.6203125092433766 0.9145833810325712 0.15000000223517418 0.12812500190921128
0 0.6781250101048499 0.8895833797287196 0.15000000223517418 0.12812500190921128
0 0.7156250106636435 0.8354167102370411 0.15000000223517418 0.12812500190921128
0 0.7796875116182491 0.7916667079553008 0.15000000223517418 0.12812500190921128
0 0.8171875121770427 0.7500000391155481 0.15000000223517418 0.12812500190921128
0 0.848437512642704 0.7187500374857336 0.15000000223517418 0.12812500190921128
0 0.7578125112922862 0.5041666929610074 0.15000000223517418 0.12812500190921128
0 0.8093750120606273 0.5208333604969084 0.15000000223517418 0.12812500190921128
0 0.8656250128988177 0.5479166952427477 0.15000000223517418 0.12812500190921128
0 0.6867187602329068 0.295833348762244 0.15468750230502337 0.1625000024214387
0 0.07812500116415322 0.335416684160009 0.1531250022817403 0.1625000024214387
0 0.20312500302679837 0.2520833464805037 0.15625000232830644 0.1625000024214387
0 0.3539062552736141 0.29895834892522544 0.13281250197906047 0.1265625018859282
0 0.6023437589756213 0.1114583391463384 0.13281250197906047 0.1265625018859282
0 0.933593763911631 0.37395835283678025 0.13281250197906047 0.1265625018859282
1 0.8781250130850822 0.17187500896397978 0.22187500330619514 0.19218750286381692
0 0.4343750064726919 0.4885416921461001 0.15000000223517418 0.16093750239815563
0 0.3281250048894435 0.19270834338385612 0.15000000223517418 0.16093750239815563
2 0.29453125438885763 0.05625000293366611 0.048437500721774995 0.0437500006519258
0 0.5843750087078661 0.5968750311294571 0.15000000223517418 0.16093750239815563
0 0.3453125051455572 0.6739583684829995 0.15000000223517418 0.16093750239815563
0 0.42343750630971044 0.6760417019249871 0.15000000223517418 0.16093750239815563
0 0.4562500067986548 0.8552083779359236 0.1625000024214387 0.15468750230502337
0 0.20781250309664756 0.8031250418862328 0.1625000024214387 0.15468750230502337
0 0.08125000121071935 0.8197917094221339 0.15937500237487257 0.15468750230502337
0 0.6203125092433766 0.9145833810325712 0.15000000223517418 0.12812500190921128
0 0.6781250101048499 0.8895833797287196 0.15000000223517418 0.12812500190921128
0 0.7156250106636435 0.8354167102370411 0.15000000223517418 0.12812500190921128
0 0.7796875116182491 0.7916667079553008 0.15000000223517418 0.12812500190921128
0 0.8171875121770427 0.7500000391155481 0.15000000223517418 0.12812500190921128
0 0.848437512642704 0.7187500374857336 0.15000000223517418 0.12812500190921128
0 0.7578125112922862 0.5041666929610074 0.15000000223517418 0.12812500190921128
0 0.8093750120606273 0.5208333604969084 0.15000000223517418 0.12812500190921128
0 0.8656250128988177 0.5479166952427477 0.15000000223517418 0.12812500190921128
0 0.6867187602329068 0.295833348762244 0.15468750230502337 0.1625000024214387
0 0.07812500116415322 0.335416684160009 0.1531250022817403 0.1625000024214387
0 0.20312500302679837 0.2520833464805037 0.15625000232830644 0.1625000024214387
0 0.3539062552736141 0.29895834892522544 0.13281250197906047 0.1265625018859282
0 0.6023437589756213 0.1114583391463384 0.13281250197906047 0.1265625018859282
0 0.933593763911631 0.37395835283678025 0.13281250197906047 0.1265625018859282
1 0.8781250130850822 0.17187500896397978 0.22187500330619514 0.19218750286381692
0 0.4343750064726919 0.4885416921461001 0.15000000223517418 0.16093750239815563
0 0.3281250048894435 0.19270834338385612 0.15000000223517418 0.16093750239815563
2 0.29453125438885763 0.05625000293366611 0.048437500721774995 0.0437500006519258
0 0.5843750238418579 0.596875011920929 0.15000000596046448 0.16093750298023224
0 0.3453125059604645 0.6739583611488342 0.15000000596046448 0.16093750298023224
0 0.4234375059604645 0.6760417222976685 0.15000000596046448 0.16093750298023224
0 0.45625001192092896 0.8552083969116211 0.16250000894069672 0.15468750894069672
0 0.20781250298023224 0.8031250238418579 0.16250000894069672 0.15468750894069672
0 0.08125000447034836 0.8197917342185974 0.15937499701976776 0.15468750894069672
0 0.620312511920929 0.9145833849906921 0.15000000596046448 0.12812499701976776
0 0.6781250238418579 0.88958340883255 0.15000000596046448 0.12812499701976776
0 0.715624988079071 0.8354167342185974 0.15000000596046448 0.12812499701976776
0 0.7796875238418579 0.7916666865348816 0.15000000596046448 0.12812499701976776
0 0.817187488079071 0.7500000596046448 0.15000000596046448 0.12812499701976776
0 0.848437488079071 0.7187500596046448 0.15000000596046448 0.12812499701976776
0 0.7578125 0.5041667222976685 0.15000000596046448 0.12812499701976776
0 0.809374988079071 0.5208333730697632 0.15000000596046448 0.12812499701976776
0 0.8656250238418579 0.5479167103767395 0.15000000596046448 0.12812499701976776
0 0.686718761920929 0.2958333492279053 0.15468750894069672 0.16250000894069672
0 0.078125 0.33541667461395264 0.15312500298023224 0.16250000894069672
0 0.203125 0.25208336114883423 0.15625 0.16250000894069672
0 0.3539062440395355 0.29895836114883423 0.1328125 0.12656250596046448
0 0.602343738079071 0.11145833879709244 0.1328125 0.12656250596046448
0 0.93359375 0.3739583492279053 0.1328125 0.12656250596046448
1 0.878125011920929 0.1718750149011612 0.22187499701976776 0.19218750298023224
0 0.43437501788139343 0.48854169249534607 0.15000000596046448 0.16093750298023224
0 0.328125 0.1927083432674408 0.15000000596046448 0.16093750298023224
2 0.2945312559604645 0.05625000223517418 0.04843750223517418 0.04374999925494194
0 0.5843750238418579 0.596875011920929 0.15000000596046448 0.16093750298023224
0 0.3453125059604645 0.6739583611488342 0.15000000596046448 0.16093750298023224
0 0.4234375059604645 0.6760417222976685 0.15000000596046448 0.16093750298023224
0 0.45625001192092896 0.8552083969116211 0.16250000894069672 0.15468750894069672
0 0.20781250298023224 0.8031250238418579 0.16250000894069672 0.15468750894069672
0 0.08125000447034836 0.8197917342185974 0.15937499701976776 0.15468750894069672
0 0.620312511920929 0.9145833849906921 0.15000000596046448 0.12812499701976776
0 0.6781250238418579 0.88958340883255 0.15000000596046448 0.12812499701976776
0 0.715624988079071 0.8354167342185974 0.15000000596046448 0.12812499701976776
0 0.7796875238418579 0.7916666865348816 0.15000000596046448 0.12812499701976776
0 0.817187488079071 0.7500000596046448 0.15000000596046448 0.12812499701976776
0 0.848437488079071 0.7187500596046448 0.15000000596046448 0.12812499701976776
0 0.7578125 0.5041667222976685 0.15000000596046448 0.12812499701976776
0 0.809374988079071 0.5208333730697632 0.15000000596046448 0.12812499701976776
0 0.8656250238418579 0.5479167103767395 0.15000000596046448 0.12812499701976776
0 0.686718761920929 0.2958333492279053 0.15468750894069672 0.16250000894069672
0 0.078125 0.33541667461395264 0.15312500298023224 0.16250000894069672
0 0.203125 0.25208336114883423 0.15625 0.16250000894069672
0 0.3539062440395355 0.29895836114883423 0.1328125 0.12656250596046448
0 0.602343738079071 0.11145833879709244 0.1328125 0.12656250596046448
0 0.93359375 0.3739583492279053 0.1328125 0.12656250596046448
1 0.878125011920929 0.1718750149011612 0.22187499701976776 0.19218750298023224
0 0.43437501788139343 0.48854169249534607 0.15000000596046448 0.16093750298023224
0 0.328125 0.1927083432674408 0.15000000596046448 0.16093750298023224
2 0.2945312559604645 0.05625000223517418 0.04843750223517418 0.04374999925494194
0 0.5843750238418579 0.596875011920929 0.15000000596046448 0.16093750298023224
0 0.3453125059604645 0.6739583611488342 0.15000000596046448 0.16093750298023224
0 0.4234375059604645 0.6760417222976685 0.15000000596046448 0.16093750298023224
0 0.45625001192092896 0.8552083969116211 0.16250000894069672 0.15468750894069672
0 0.20781250298023224 0.8031250238418579 0.16250000894069672 0.15468750894069672
0 0.08125000447034836 0.8197917342185974 0.15937499701976776 0.15468750894069672
0 0.620312511920929 0.9145833849906921 0.15000000596046448 0.12812499701976776
0 0.6781250238418579 0.88958340883255 0.15000000596046448 0.12812499701976776
0 0.715624988079071 0.8354167342185974 0.15000000596046448 0.12812499701976776
0 0.7796875238418579 0.7916666865348816 0.15000000596046448 0.12812499701976776
0 0.817187488079071 0.7500000596046448 0.15000000596046448 0.12812499701976776
0 0.848437488079071 0.7187500596046448 0.15000000596046448 0.12812499701976776
0 0.7578125 0.5041667222976685 0.15000000596046448 0.12812499701976776
0 0.809374988079071 0.5208333730697632 0.15000000596046448 0.12812499701976776
0 0.8656250238418579 0.5479167103767395 0.15000000596046448 0.12812499701976776
0 0.686718761920929 0.2958333492279053 0.15468750894069672 0.16250000894069672
0 0.078125 0.33541667461395264 0.15312500298023224 0.16250000894069672
0 0.203125 0.25208336114883423 0.15625 0.16250000894069672
0 0.3539062440395355 0.29895836114883423 0.1328125 0.12656250596046448
0 0.602343738079071 0.11145833879709244 0.1328125 0.12656250596046448
0 0.93359375 0.3739583492279053 0.1328125 0.12656250596046448
1 0.878125011920929 0.1718750149011612 0.22187499701976776 0.19218750298023224
0 0.43437501788139343 0.48854169249534607 0.15000000596046448 0.16093750298023224
0 0.328125 0.1927083432674408 0.15000000596046448 0.16093750298023224
2 0.2945312559604645 0.05625000223517418 0.04843750223517418 0.04374999925494194
0 0.5843750238418579 0.596875011920929 0.15000000596046448 0.16093750298023224
0 0.3453125059604645 0.6739583611488342 0.15000000596046448 0.16093750298023224
0 0.4234375059604645 0.6760417222976685 0.15000000596046448 0.16093750298023224
0 0.45625001192092896 0.8552083969116211 0.16250000894069672 0.15468750894069672
0 0.20781250298023224 0.8031250238418579 0.16250000894069672 0.15468750894069672
0 0.08125000447034836 0.8197917342185974 0.15937499701976776 0.15468750894069672
0 0.620312511920929 0.9145833849906921 0.15000000596046448 0.12812499701976776
0 0.6781250238418579 0.88958340883255 0.15000000596046448 0.12812499701976776
0 0.715624988079071 0.8354167342185974 0.15000000596046448 0.12812499701976776
0 0.7796875238418579 0.7916666865348816 0.15000000596046448 0.12812499701976776
0 0.817187488079071 0.7500000596046448 0.15000000596046448 0.12812499701976776
0 0.848437488079071 0.7187500596046448 0.15000000596046448 0.12812499701976776
0 0.7578125 0.5041667222976685 0.15000000596046448 0.12812499701976776
0 0.809374988079071 0.5208333730697632 0.15000000596046448 0.12812499701976776
0 0.8656250238418579 0.5479167103767395 0.15000000596046448 0.12812499701976776
0 0.686718761920929 0.2958333492279053 0.15468750894069672 0.16250000894069672
0 0.078125 0.33541667461395264 0.15312500298023224 0.16250000894069672
0 0.203125 0.25208336114883423 0.15625 0.16250000894069672
0 0.3539062440395355 0.29895836114883423 0.1328125 0.12656250596046448
0 0.602343738079071 0.11145833879709244 0.1328125 0.12656250596046448
0 0.93359375 0.3739583492279053 0.1328125 0.12656250596046448
1 0.878125011920929 0.1718750149011612 0.22187499701976776 0.19218750298023224
0 0.43437501788139343 0.48854169249534607 0.15000000596046448 0.16093750298023224
0 0.328125 0.1927083432674408 0.15000000596046448 0.16093750298023224
2 0.2945312559604645 0.05625000223517418 0.04843750223517418 0.04374999925494194
0 0.5843750238418579 0.596875011920929 0.15000000596046448 0.16093750298023224
0 0.3453125059604645 0.6739583611488342 0.15000000596046448 0.16093750298023224
0 0.4234375059604645 0.6760417222976685 0.15000000596046448 0.16093750298023224
0 0.45625001192092896 0.8552083969116211 0.16250000894069672 0.15468750894069672
0 0.20781250298023224 0.8031250238418579 0.16250000894069672 0.15468750894069672
0 0.08125000447034836 0.8197917342185974 0.15937499701976776 0.15468750894069672
0 0.620312511920929 0.9145833849906921 0.15000000596046448 0.12812499701976776
0 0.6781250238418579 0.88958340883255 0.15000000596046448 0.12812499701976776
0 0.715624988079071 0.8354167342185974 0.15000000596046448 0.12812499701976776
0 0.7796875238418579 0.7916666865348816 0.15000000596046448 0.12812499701976776
0 0.817187488079071 0.7500000596046448 0.15000000596046448 0.12812499701976776
0 0.848437488079071 0.7187500596046448 0.15000000596046448 0.12812499701976776
0 0.7578125 0.5041667222976685 0.15000000596046448 0.12812499701976776
0 0.809374988079071 0.5208333730697632 0.15000000596046448 0.12812499701976776
0 0.8656250238418579 0.5479167103767395 0.15000000596046448 0.12812499701976776
0 0.686718761920929 0.2958333492279053 0.15468750894069672 0.16250000894069672
0 0.078125 0.33541667461395264 0.15312500298023224 0.16250000894069672
0 0.203125 0.25208336114883423 0.15625 0.16250000894069672
0 0.3539062440395355 0.29895836114883423 0.1328125 0.12656250596046448
0 0.602343738079071 0.11145833879709244 0.1328125 0.12656250596046448
0 0.93359375 0.3739583492279053 0.1328125 0.12656250596046448
1 0.878125011920929 0.1718750149011612 0.22187499701976776 0.19218750298023224
0 0.43437501788139343 0.48854169249534607 0.15000000596046448 0.16093750298023224
0 0.328125 0.1927083432674408 0.15000000596046448 0.16093750298023224
2 0.2945312559604645 0.05625000223517418 0.04843750223517418 0.04374999925494194
0 0.5843750238418579 0.596875011920929 0.15000000596046448 0.16093750298023224
0 0.3453125059604645 0.6739583611488342 0.15000000596046448 0.16093750298023224
0 0.4234375059604645 0.6760417222976685 0.15000000596046448 0.16093750298023224
0 0.45625001192092896 0.8552083969116211 0.16250000894069672 0.15468750894069672
0 0.20781250298023224 0.8031250238418579 0.16250000894069672 0.15468750894069672
0 0.08125000447034836 0.8197917342185974 0.15937499701976776 0.15468750894069672
0 0.620312511920929 0.9145833849906921 0.15000000596046448 0.12812499701976776
0 0.6781250238418579 0.88958340883255 0.15000000596046448 0.12812499701976776
0 0.715624988079071 0.8354167342185974 0.15000000596046448 0.12812499701976776
0 0.7796875238418579 0.7916666865348816 0.15000000596046448 0.12812499701976776
0 0.817187488079071 0.7500000596046448 0.15000000596046448 0.12812499701976776
0 0.848437488079071 0.7187500596046448 0.15000000596046448 0.12812499701976776
0 0.7578125 0.5041667222976685 0.15000000596046448 0.12812499701976776
0 0.809374988079071 0.5208333730697632 0.15000000596046448 0.12812499701976776
0 0.8656250238418579 0.5479167103767395 0.15000000596046448 0.12812499701976776
0 0.686718761920929 0.2958333492279053 0.15468750894069672 0.16250000894069672
0 0.078125 0.33541667461395264 0.15312500298023224 0.16250000894069672
0 0.203125 0.25208336114883423 0.15625 0.16250000894069672
0 0.3539062440395355 0.29895836114883423 0.1328125 0.12656250596046448
0 0.602343738079071 0.11145833879709244 0.1328125 0.12656250596046448
0 0.93359375 0.3739583492279053 0.1328125 0.12656250596046448
1 0.878125011920929 0.1718750149011612 0.22187499701976776 0.19218750298023224
0 0.43437501788139343 0.48854169249534607 0.15000000596046448 0.16093750298023224
0 0.328125 0.1927083432674408 0.15000000596046448 0.16093750298023224
2 0.2945312559604645 0.05625000223517418 0.04843750223517418 0.04374999925494194
0 0.5843750238418579 0.596875011920929 0.15000000596046448 0.16093750298023224
0 0.3453125059604645 0.6739583611488342 0.15000000596046448 0.16093750298023224
0 0.4234375059604645 0.6760417222976685 0.15000000596046448 0.16093750298023224
0 0.45625001192092896 0.8552083969116211 0.16250000894069672 0.15468750894069672
0 0.20781250298023224 0.8031250238418579 0.16250000894069672 0.15468750894069672
0 0.08125000447034836 0.8197917342185974 0.15937499701976776 0.15468750894069672
0 0.620312511920929 0.9145833849906921 0.15000000596046448 0.12812499701976776
0 0.6781250238418579 0.88958340883255 0.15000000596046448 0.12812499701976776
0 0.715624988079071 0.8354167342185974 0.15000000596046448 0.12812499701976776
0 0.7796875238418579 0.7916666865348816 0.15000000596046448 0.12812499701976776
0 0.817187488079071 0.7500000596046448 0.15000000596046448 0.12812499701976776
0 0.848437488079071 0.7187500596046448 0.15000000596046448 0.12812499701976776
0 0.7578125 0.5041667222976685 0.15000000596046448 0.12812499701976776
0 0.809374988079071 0.5208333730697632 0.15000000596046448 0.12812499701976776
0 0.8656250238418579 0.5479167103767395 0.15000000596046448 0.12812499701976776
0 0.686718761920929 0.2958333492279053 0.15468750894069672 0.16250000894069672
0 0.078125 0.33541667461395264 0.15312500298023224 0.16250000894069672
0 0.203125 0.25208336114883423 0.15625 0.16250000894069672
0 0.3539062440395355 0.29895836114883423 0.1328125 0.12656250596046448
0 0.602343738079071 0.11145833879709244 0.1328125 0.12656250596046448
0 0.93359375 0.3739583492279053 0.1328125 0.12656250596046448
1 0.878125011920929 0.1718750149011612 0.22187499701976776 0.19218750298023224
0 0.43437501788139343 0.48854169249534607 0.15000000596046448 0.16093750298023224
0 0.328125 0.1927083432674408 0.15000000596046448 0.16093750298023224
2 0.2945312559604645 0.05625000223517418 0.04843750223517418 0.04374999925494194
