0 0.6656250099185854 0.5052083596820012 0.15625000232830644 0.16093750239815563
0 0.5898437587893568 0.5270833608228713 0.16093750239815563 0.20000000298023224
0 0.8476562626310624 0.5604166958946735 0.18281250272411853 0.1750000026077032
0 0.9062500135041773 0.7552083727205172 0.15937500237487257 0.15156250225845724
0 0.39921875594882295 0.5437500283587724 0.17031250253785402 0.17187500256113708
0 0.10625000158324838 0.31875001662410796 0.14375000214204192 0.15000000223517418
0 0.08906250132713467 0.7770833738613874 0.14375000214204192 0.1531250022817403
0 0.8804687631200068 0.13333334028720856 0.13906250207219273 0.1312500019557774
0 0.4296875064028427 0.33645835088100284 0.13750000204890966 0.13906250207219273
0 0.18281250272411853 0.8489583776099607 0.18750000279396772 0.1796875026775524
0 0.47890625713625923 0.8312500433530658 0.19531250291038305 0.15625000232830644
1 0.6070312590454705 0.17708334256894886 0.34843750519212335 0.2625000039115548
0 0.6656250099185854 0.5052083596820012 0.15625000232830644 0.16093750239815563
0 0.5898437587893568 0.5270833608228713 0.16093750239815563 0.20000000298023224
0 0.8476562626310624 0.5604166958946735 0.18281250272411853 0.1750000026077032
0 0.9062500135041773 0.7552083727205172 0.15937500237487257 0.15156250225845724
0 0.39921875594882295 0.5437500283587724 0.17031250253785402 0.17187500256113708
0 0.10625000158324838 0.31875001662410796 0.14375000214204192 0.15000000223517418
0 0.08906250132713467 0.7770833738613874 0.14375000214204192 0.1531250022817403
0 0.8804687631200068 0.13333334028720856 0.13906250207219273 0.1312500019557774
0 0.4296875064028427 0.33645835088100284 0.13750000204890966 0.13906250207219273
0 0.18281250272411853 0.8489583776099607 0.18750000279396772 0.1796875026775524
0 0.47890625713625923 0.8312500433530658 0.19531250291038305 0.15625000232830644
1 0.6070312590454705 0.17708334256894886 0.34843750519212335 0.2625000039115548
0 0.6656250099185854 0.5052083596820012 0.15625000232830644 0.16093750239815563
0 0.5898437587893568 0.5270833608228713 0.16093750239815563 0.20000000298023224
0 0.8476562626310624 0.5604166958946735 0.18281250272411853 0.1750000026077032
0 0.9062500135041773 0.7552083727205172 0.15937500237487257 0.15156250225845724
0 0.39921875594882295 0.5437500283587724 0.17031250253785402 0.17187500256113708
0 0.10625000158324838 0.31875001662410796 0.14375000214204192 0.15000000223517418
0 0.08906250132713467 0.7770833738613874 0.14375000214204192 0.1531250022817403
0 0.8804687631200068 0.13333334028720856 0.13906250207219273 0.1312500019557774
0 0.4296875064028427 0.33645835088100284 0.13750000204890966 0.13906250207219273
0 0.18281250272411853 0.8489583776099607 0.18750000279396772 0.1796875026775524
0 0.47890625713625923 0.8312500433530658 0.19531250291038305 0.15625000232830644
1 0.6070312590454705 0.17708334256894886 0.34843750519212335 0.2625000039115548
0 0.6656250099185854 0.5052083596820012 0.15625000232830644 0.16093750239815563
0 0.5898437587893568 0.5270833608228713 0.16093750239815563 0.20000000298023224
0 0.8476562626310624 0.5604166958946735 0.18281250272411853 0.1750000026077032
0 0.9062500135041773 0.7552083727205172 0.15937500237487257 0.15156250225845724
0 0.39921875594882295 0.5437500283587724 0.17031250253785402 0.17187500256113708
0 0.10625000158324838 0.31875001662410796 0.14375000214204192 0.15000000223517418
0 0.08906250132713467 0.7770833738613874 0.14375000214204192 0.1531250022817403
0 0.8804687631200068 0.13333334028720856 0.13906250207219273 0.1312500019557774
0 0.4296875064028427 0.33645835088100284 0.13750000204890966 0.13906250207219273
0 0.18281250272411853 0.8489583776099607 0.18750000279396772 0.1796875026775524
0 0.47890625713625923 0.8312500433530658 0.19531250291038305 0.15625000232830644
1 0.6070312590454705 0.17708334256894886 0.34843750519212335 0.2625000039115548
0 0.6656250099185854 0.5052083596820012 0.15625000232830644 0.16093750239815563
0 0.5898437587893568 0.5270833608228713 0.16093750239815563 0.20000000298023224
0 0.8476562626310624 0.5604166958946735 0.18281250272411853 0.1750000026077032
0 0.9062500135041773 0.7552083727205172 0.15937500237487257 0.15156250225845724
0 0.39921875594882295 0.5437500283587724 0.17031250253785402 0.17187500256113708
0 0.10625000158324838 0.31875001662410796 0.14375000214204192 0.15000000223517418
0 0.08906250132713467 0.7770833738613874 0.14375000214204192 0.1531250022817403
0 0.8804687631200068 0.13333334028720856 0.13906250207219273 0.1312500019557774
0 0.4296875064028427 0.33645835088100284 0.13750000204890966 0.13906250207219273
0 0.18281250272411853 0.8489583776099607 0.18750000279396772 0.1796875026775524
0 0.47890625713625923 0.8312500433530658 0.19531250291038305 0.15625000232830644
1 0.6070312590454705 0.17708334256894886 0.34843750519212335 0.2625000039115548
0 0.6656250099185854 0.5052083596820012 0.15625000232830644 0.16093750239815563
0 0.5898437587893568 0.5270833608228713 0.16093750239815563 0.20000000298023224
0 0.8476562626310624 0.5604166958946735 0.18281250272411853 0.1750000026077032
0 0.9062500135041773 0.7552083727205172 0.15937500237487257 0.15156250225845724
0 0.39921875594882295 0.5437500283587724 0.17031250253785402 0.17187500256113708
0 0.10625000158324838 0.31875001662410796 0.14375000214204192 0.15000000223517418
0 0.08906250132713467 0.7770833738613874 0.14375000214204192 0.1531250022817403
0 0.8804687631200068 0.13333334028720856 0.13906250207219273 0.1312500019557774
0 0.4296875064028427 0.33645835088100284 0.13750000204890966 0.13906250207219273
0 0.18281250272411853 0.8489583776099607 0.18750000279396772 0.1796875026775524
0 0.47890625713625923 0.8312500433530658 0.19531250291038305 0.15625000232830644
1 0.6070312590454705 0.17708334256894886 0.34843750519212335 0.2625000039115548
0 0.6656250099185854 0.5052083596820012 0.15625000232830644 0.16093750239815563
0 0.5898437587893568 0.5270833608228713 0.16093750239815563 0.20000000298023224
0 0.8476562626310624 0.5604166958946735 0.18281250272411853 0.1750000026077032
0 0.9062500135041773 0.7552083727205172 0.15937500237487257 0.15156250225845724
0 0.39921875594882295 0.5437500283587724 0.17031250253785402 0.17187500256113708
0 0.10625000158324838 0.31875001662410796 0.14375000214204192 0.15000000223517418
0 0.08906250132713467 0.7770833738613874 0.14375000214204192 0.1531250022817403
0 0.8804687631200068 0.13333334028720856 0.13906250207219273 0.1312500019557774
0 0.4296875064028427 0.33645835088100284 0.13750000204890966 0.13906250207219273
0 0.18281250272411853 0.8489583776099607 0.18750000279396772 0.1796875026775524
0 0.47890625713625923 0.8312500433530658 0.19531250291038305 0.15625000232830644
1 0.6070312590454705 0.17708334256894886 0.34843750519212335 0.2625000039115548
0 0.6656250099185854 0.5052083596820012 0.15625000232830644 0.16093750239815563
0 0.5898437587893568 0.5270833608228713 0.16093750239815563 0.20000000298023224
0 0.8476562626310624 0.5604166958946735 0.18281250272411853 0.1750000026077032
0 0.9062500135041773 0.7552083727205172 0.15937500237487257 0.15156250225845724
0 0.39921875594882295 0.5437500283587724 0.17031250253785402 0.17187500256113708
0 0.10625000158324838 0.31875001662410796 0.14375000214204192 0.15000000223517418
0 0.08906250132713467 0.7770833738613874 0.14375000214204192 0.1531250022817403
0 0.8804687631200068 0.13333334028720856 0.13906250207219273 0.1312500019557774
0 0.4296875064028427 0.33645835088100284 0.13750000204890966 0.13906250207219273
0 0.18281250272411853 0.8489583776099607 0.18750000279396772 0.1796875026775524
0 0.47890625713625923 0.8312500433530658 0.19531250291038305 0.15625000232830644
1 0.6070312590454705 0.17708334256894886 0.34843750519212335 0.2625000039115548
0 0.6656250099185854 0.5052083596820012 0.15625000232830644 0.16093750239815563
0 0.5898437587893568 0.5270833608228713 0.16093750239815563 0.20000000298023224
0 0.8476562626310624 0.5604166958946735 0.18281250272411853 0.1750000026077032
0 0.9062500135041773 0.7552083727205172 0.15937500237487257 0.15156250225845724
0 0.39921875594882295 0.5437500283587724 0.17031250253785402 0.17187500256113708
0 0.10625000158324838 0.31875001662410796 0.14375000214204192 0.15000000223517418
0 0.08906250132713467 0.7770833738613874 0.14375000214204192 0.1531250022817403
0 0.8804687631200068 0.13333334028720856 0.13906250207219273 0.1312500019557774
0 0.4296875064028427 0.33645835088100284 0.13750000204890966 0.13906250207219273
0 0.18281250272411853 0.8489583776099607 0.18750000279396772 0.1796875026775524
0 0.47890625713625923 0.8312500433530658 0.19531250291038305 0.15625000232830644
1 0.6070312590454705 0.17708334256894886 0.34843750519212335 0.2625000039115548
0 0.6656250099185854 0.5052083596820012 0.15625000232830644 0.16093750239815563
0 0.5898437587893568 0.5270833608228713 0.16093750239815563 0.20000000298023224
0 0.8476562626310624 0.5604166958946735 0.18281250272411853 0.1750000026077032
0 0.9062500135041773 0.7552083727205172 0.15937500237487257 0.15156250225845724
0 0.39921875594882295 0.5437500283587724 0.17031250253785402 0.17187500256113708
0 0.10625000158324838 0.31875001662410796 0.14375000214204192 0.15000000223517418
0 0.08906250132713467 0.7770833738613874 0.14375000214204192 0.1531250022817403
0 0.8804687631200068 0.13333334028720856 0.13906250207219273 0.1312500019557774
0 0.4296875064028427 0.33645835088100284 0.13750000204890966 0.13906250207219273
0 0.18281250272411853 0.8489583776099607 0.18750000279396772 0.1796875026775524
0 0.47890625713625923 0.8312500433530658 0.19531250291038305 0.15625000232830644
1 0.6070312590454705 0.17708334256894886 0.34843750519212335 0.2625000039115548
0 0.6656250099185854 0.5052083596820012 0.15625000232830644 0.16093750239815563
0 0.5898437587893568 0.5270833608228713 0.16093750239815563 0.20000000298023224
0 0.8476562626310624 0.5604166958946735 0.18281250272411853 0.1750000026077032
0 0.9062500135041773 0.7552083727205172 0.15937500237487257 0.15156250225845724
0 0.39921875594882295 0.5437500283587724 0.17031250253785402 0.17187500256113708
0 0.10625000158324838 0.31875001662410796 0.14375000214204192 0.15000000223517418
0 0.08906250132713467 0.7770833738613874 0.14375000214204192 0.1531250022817403
0 0.8804687631200068 0.13333334028720856 0.13906250207219273 0.1312500019557774
0 0.4296875064028427 0.33645835088100284 0.13750000204890966 0.13906250207219273
0 0.18281250272411853 0.8489583776099607 0.18750000279396772 0.1796875026775524
0 0.47890625713625923 0.8312500433530658 0.19531250291038305 0.15625000232830644
1 0.6070312590454705 0.17708334256894886 0.34843750519212335 0.2625000039115548
0 0.6656250099185854 0.5052083596820012 0.15625000232830644 0.16093750239815563
0 0.5898437587893568 0.5270833608228713 0.16093750239815563 0.20000000298023224
0 0.8476562626310624 0.5604166958946735 0.18281250272411853 0.1750000026077032
0 0.9062500135041773 0.7552083727205172 0.15937500237487257 0.15156250225845724
0 0.39921875594882295 0.5437500283587724 0.17031250253785402 0.17187500256113708
0 0.10625000158324838 0.31875001662410796 0.14375000214204192 0.15000000223517418
0 0.08906250132713467 0.7770833738613874 0.14375000214204192 0.1531250022817403
0 0.8804687631200068 0.13333334028720856 0.13906250207219273 0.1312500019557774
0 0.4296875064028427 0.33645835088100284 0.13750000204890966 0.13906250207219273
0 0.18281250272411853 0.8489583776099607 0.18750000279396772 0.1796875026775524
0 0.47890625713625923 0.8312500433530658 0.19531250291038305 0.15625000232830644
1 0.6070312590454705 0.17708334256894886 0.34843750519212335 0.2625000039115548
0 0.6656250099185854 0.5052083596820012 0.15625000232830644 0.16093750239815563
0 0.5898437587893568 0.5270833608228713 0.16093750239815563 0.20000000298023224
0 0.8476562626310624 0.5604166958946735 0.18281250272411853 0.1750000026077032
0 0.9062500135041773 0.7552083727205172 0.15937500237487257 0.15156250225845724
0 0.39921875594882295 0.5437500283587724 0.17031250253785402 0.17187500256113708
0 0.10625000158324838 0.31875001662410796 0.14375000214204192 0.15000000223517418
0 0.08906250132713467 0.7770833738613874 0.14375000214204192 0.1531250022817403
0 0.8804687631200068 0.13333334028720856 0.13906250207219273 0.1312500019557774
0 0.4296875064028427 0.33645835088100284 0.13750000204890966 0.13906250207219273
0 0.18281250272411853 0.8489583776099607 0.18750000279396772 0.1796875026775524
0 0.47890625713625923 0.8312500433530658 0.19531250291038305 0.15625000232830644
1 0.6070312590454705 0.17708334256894886 0.34843750519212335 0.2625000039115548
0 0.6656250099185854 0.5052083596820012 0.15625000232830644 0.16093750239815563
0 0.5898437587893568 0.5270833608228713 0.16093750239815563 0.20000000298023224
0 0.8476562626310624 0.5604166958946735 0.18281250272411853 0.1750000026077032
0 0.9062500135041773 0.7552083727205172 0.15937500237487257 0.15156250225845724
0 0.39921875594882295 0.5437500283587724 0.17031250253785402 0.17187500256113708
0 0.10625000158324838 0.31875001662410796 0.14375000214204192 0.15000000223517418
0 0.08906250132713467 0.7770833738613874 0.14375000214204192 0.1531250022817403
0 0.8804687631200068 0.13333334028720856 0.13906250207219273 0.1312500019557774
0 0.4296875064028427 0.33645835088100284 0.13750000204890966 0.13906250207219273
0 0.18281250272411853 0.8489583776099607 0.18750000279396772 0.1796875026775524
0 0.47890625713625923 0.8312500433530658 0.19531250291038305 0.15625000232830644
1 0.6070312590454705 0.17708334256894886 0.34843750519212335 0.2625000039115548
0 0.6656250099185854 0.5052083596820012 0.15625000232830644 0.16093750239815563
0 0.5898437587893568 0.5270833608228713 0.16093750239815563 0.20000000298023224
0 0.8476562626310624 0.5604166958946735 0.18281250272411853 0.1750000026077032
0 0.9062500135041773 0.7552083727205172 0.15937500237487257 0.15156250225845724
0 0.39921875594882295 0.5437500283587724 0.17031250253785402 0.17187500256113708
0 0.10625000158324838 0.31875001662410796 0.14375000214204192 0.15000000223517418
0 0.08906250132713467 0.7770833738613874 0.14375000214204192 0.1531250022817403
0 0.8804687631200068 0.13333334028720856 0.13906250207219273 0.1312500019557774
0 0.4296875064028427 0.33645835088100284 0.13750000204890966 0.13906250207219273
0 0.18281250272411853 0.8489583776099607 0.18750000279396772 0.1796875026775524
0 0.47890625713625923 0.8312500433530658 0.19531250291038305 0.15625000232830644
1 0.6070312590454705 0.17708334256894886 0.34843750519212335 0.2625000039115548
0 0.6656250357627869 0.5052083730697632 0.15625 0.16093750298023224
0 0.58984375 0.5270833373069763 0.16093750298023224 0.20000000298023224
0 0.84765625 0.5604166984558105 0.18281249701976776 0.17499999701976776
0 0.90625 0.7552083730697632 0.15937499701976776 0.15156249701976776
0 0.39921876788139343 0.5437500476837158 0.17031250894069672 0.171875
0 0.10625000298023224 0.3187500238418579 0.14374999701976776 0.15000000596046448
0 0.08906250447034836 0.7770833969116211 0.14374999701976776 0.15312500298023224
0 0.8804687857627869 0.13333334028720856 0.13906250894069672 0.13125000894069672
0 0.4296875 0.33645835518836975 0.13750000298023224 0.13906250894069672
0 0.18281249701976776 0.8489583730697632 0.1875 0.1796875
0 0.4789062440395355 0.8312500715255737 0.1953125 0.15625
1 0.6070312857627869 0.1770833432674408 0.34843751788139343 0.26250001788139343
0 0.6656250357627869 0.5052083730697632 0.15625 0.16093750298023224
0 0.58984375 0.5270833373069763 0.16093750298023224 0.20000000298023224
0 0.84765625 0.5604166984558105 0.18281249701976776 0.17499999701976776
0 0.90625 0.7552083730697632 0.15937499701976776 0.15156249701976776
0 0.39921876788139343 0.5437500476837158 0.17031250894069672 0.171875
0 0.10625000298023224 0.3187500238418579 0.14374999701976776 0.15000000596046448
0 0.08906250447034836 0.7770833969116211 0.14374999701976776 0.15312500298023224
0 0.8804687857627869 0.13333334028720856 0.13906250894069672 0.13125000894069672
0 0.4296875 0.33645835518836975 0.13750000298023224 0.13906250894069672
0 0.18281249701976776 0.8489583730697632 0.1875 0.1796875
0 0.4789062440395355 0.8312500715255737 0.1953125 0.15625
1 0.6070312857627869 0.1770833432674408 0.34843751788139343 0.26250001788139343
0 0.6656250357627869 0.5052083730697632 0.15625 0.16093750298023224
0 0.58984375 0.5270833373069763 0.16093750298023224 0.20000000298023224
0 0.84765625 0.5604166984558105 0.18281249701976776 0.17499999701976776
0 0.90625 0.7552083730697632 0.15937499701976776 0.15156249701976776
0 0.39921876788139343 0.5437500476837158 0.17031250894069672 0.171875
0 0.10625000298023224 0.3187500238418579 0.14374999701976776 0.15000000596046448
0 0.08906250447034836 0.7770833969116211 0.14374999701976776 0.15312500298023224
0 0.8804687857627869 0.13333334028720856 0.13906250894069672 0.13125000894069672
0 0.4296875 0.33645835518836975 0.13750000298023224 0.13906250894069672
0 0.18281249701976776 0.8489583730697632 0.1875 0.1796875
0 0.4789062440395355 0.8312500715255737 0.1953125 0.15625
1 0.6070312857627869 0.1770833432674408 0.34843751788139343 0.26250001788139343
0 0.6656250357627869 0.5052083730697632 0.15625 0.16093750298023224
0 0.58984375 0.5270833373069763 0.16093750298023224 0.20000000298023224
0 0.84765625 0.5604166984558105 0.18281249701976776 0.17499999701976776
0 0.90625 0.7552083730697632 0.15937499701976776 0.15156249701976776
0 0.39921876788139343 0.5437500476837158 0.17031250894069672 0.171875
0 0.10625000298023224 0.3187500238418579 0.14374999701976776 0.15000000596046448
0 0.08906250447034836 0.7770833969116211 0.14374999701976776 0.15312500298023224
0 0.8804687857627869 0.13333334028720856 0.13906250894069672 0.13125000894069672
0 0.4296875 0.33645835518836975 0.13750000298023224 0.13906250894069672
0 0.18281249701976776 0.8489583730697632 0.1875 0.1796875
0 0.4789062440395355 0.8312500715255737 0.1953125 0.15625
1 0.6070312857627869 0.1770833432674408 0.34843751788139343 0.26250001788139343
0 0.6656250357627869 0.5052083730697632 0.15625 0.16093750298023224
0 0.58984375 0.5270833373069763 0.16093750298023224 0.20000000298023224
0 0.84765625 0.5604166984558105 0.18281249701976776 0.17499999701976776
0 0.90625 0.7552083730697632 0.15937499701976776 0.15156249701976776
0 0.39921876788139343 0.5437500476837158 0.17031250894069672 0.171875
0 0.10625000298023224 0.3187500238418579 0.14374999701976776 0.15000000596046448
0 0.08906250447034836 0.7770833969116211 0.14374999701976776 0.15312500298023224
0 0.8804687857627869 0.13333334028720856 0.13906250894069672 0.13125000894069672
0 0.4296875 0.33645835518836975 0.13750000298023224 0.13906250894069672
0 0.18281249701976776 0.8489583730697632 0.1875 0.1796875
0 0.4789062440395355 0.8312500715255737 0.1953125 0.15625
1 0.6070312857627869 0.1770833432674408 0.34843751788139343 0.26250001788139343
0 0.6656250357627869 0.5052083730697632 0.15625 0.16093750298023224
0 0.58984375 0.5270833373069763 0.16093750298023224 0.20000000298023224
0 0.84765625 0.5604166984558105 0.18281249701976776 0.17499999701976776
0 0.90625 0.7552083730697632 0.15937499701976776 0.15156249701976776
0 0.39921876788139343 0.5437500476837158 0.17031250894069672 0.171875
0 0.10625000298023224 0.3187500238418579 0.14374999701976776 0.15000000596046448
0 0.08906250447034836 0.7770833969116211 0.14374999701976776 0.15312500298023224
0 0.8804687857627869 0.13333334028720856 0.13906250894069672 0.13125000894069672
0 0.4296875 0.33645835518836975 0.13750000298023224 0.13906250894069672
0 0.18281249701976776 0.8489583730697632 0.1875 0.1796875
0 0.4789062440395355 0.8312500715255737 0.1953125 0.15625
1 0.6070312857627869 0.1770833432674408 0.34843751788139343 0.26250001788139343
0 0.6656250357627869 0.5052083730697632 0.15625 0.16093750298023224
0 0.58984375 0.5270833373069763 0.16093750298023224 0.20000000298023224
0 0.84765625 0.5604166984558105 0.18281249701976776 0.17499999701976776
0 0.90625 0.7552083730697632 0.15937499701976776 0.15156249701976776
0 0.39921876788139343 0.5437500476837158 0.17031250894069672 0.171875
0 0.10625000298023224 0.3187500238418579 0.14374999701976776 0.15000000596046448
0 0.08906250447034836 0.7770833969116211 0.14374999701976776 0.15312500298023224
0 0.8804687857627869 0.13333334028720856 0.13906250894069672 0.13125000894069672
0 0.4296875 0.33645835518836975 0.13750000298023224 0.13906250894069672
0 0.18281249701976776 0.8489583730697632 0.1875 0.1796875
0 0.4789062440395355 0.8312500715255737 0.1953125 0.15625
1 0.6070312857627869 0.1770833432674408 0.34843751788139343 0.26250001788139343
