1 0.40390625601867214 0.73958337190561 0.23593750351574272 0.218750003259629
0 0.3328125049592927 0.4520833569113165 0.16562500246800482 0.19375000288709998
0 0.08281250123400241 0.18958334322087467 0.1625000024214387 0.19375000288709998
0 0.22265625331783667 0.33125001727603376 0.1671875024912879 0.1750000026077032
0 0.14687500218860805 0.46666669100522995 0.16562500246800482 0.1750000026077032
0 0.21171875315485522 0.6041666981764138 0.1671875024912879 0.1750000026077032
0 0.13281250197906047 0.6583333676680923 0.16562500246800482 0.1750000026077032
0 0.08046875119907781 0.8218750428641215 0.1578125023515895 0.15468750230502337
0 0.5367187579977326 0.9177083811955526 0.16093750239815563 0.12343750183936208
0 0.6781250101048499 0.7687500400934368 0.16562500246800482 0.15625000232830644
0 0.7734375115251169 0.7614583730464801 0.12187500181607902 0.1671875024912879
0 0.8375000124797225 0.7114583704387769 0.18125000270083547 0.2015625030035153
0 0.9429687640513293 0.6208333657123148 0.1140625016996637 0.17187500256113708
0 0.9367187639581971 0.9052083805436268 0.1265625018859282 0.14218750211875886
0 0.8679687629337423 0.29375001532025635 0.16093750239815563 0.13750000204890966
0 0.7085937605588697 0.3020833490882069 0.24843750370200723 0.19375000288709998
0 0.5570312583004124 0.0927083381684497 0.16093750239815563 0.1359375020256266
0 0.46015625685686246 0.3958333539776504 0.16093750239815563 0.13750000204890966
0 0.5742187585565262 0.5833333637565374 0.16093750239815563 0.13750000204890966
1 0.25625000381842256 0.7489583723945543 0.05625000083819032 0.0703125010477379
1 0.1968750029336661 0.7802083740243688 0.05625000083819032 0.0703125010477379
1 0.29531250440049917 0.9072917139856145 0.05625000083819032 0.0703125010477379
0 0.22187500330619514 0.08125000423751771 0.1843750027474016 0.11875000176951289
1 0.40390625601867214 0.73958337190561 0.23593750351574272 0.218750003259629
0 0.3328125049592927 0.4520833569113165 0.16562500246800482 0.19375000288709998
0 0.08281250123400241 0.18958334322087467 0.1625000024214387 0.19375000288709998
0 0.22265625331783667 0.33125001727603376 0.1671875024912879 0.1750000026077032
0 0.14687500218860805 0.46666669100522995 0.16562500246800482 0.1750000026077032
0 0.21171875315485522 0.6041666981764138 0.1671875024912879 0.1750000026077032
0 0.13281250197906047 0.6583333676680923 0.16562500246800482 0.1750000026077032
0 0.08046875119907781 0.8218750428641215 0.1578125023515895 0.15468750230502337
0 0.5367187579977326 0.9177083811955526 0.16093750239815563 0.12343750183936208
0 0.6781250101048499 0.7687500400934368 0.16562500246800482 0.15625000232830644
0 0.7734375115251169 0.7614583730464801 0.12187500181607902 0.1671875024912879
0 0.8375000124797225 0.7114583704387769 0.18125000270083547 0.2015625030035153
0 0.9429687640513293 0.6208333657123148 0.1140625016996637 0.17187500256113708
0 0.9367187639581971 0.9052083805436268 0.1265625018859282 0.14218750211875886
0 0.8679687629337423 0.29375001532025635 0.16093750239815563 0.13750000204890966
0 0.7085937605588697 0.3020833490882069 0.24843750370200723 0.19375000288709998
0 0.5570312583004124 0.0927083381684497 0.16093750239815563 0.1359375020256266
0 0.46015625685686246 0.3958333539776504 0.16093750239815563 0.13750000204890966
0 0.5742187585565262 0.5833333637565374 0.16093750239815563 0.13750000204890966
1 0.25625000381842256 0.7489583723945543 0.05625000083819032 0.0703125010477379
1 0.1968750029336661 0.7802083740243688 0.05625000083819032 0.0703125010477379
1 0.29531250440049917 0.9072917139856145 0.05625000083819032 0.0703125010477379
0 0.22187500330619514 0.08125000423751771 0.1843750027474016 0.11875000176951289
1 0.40390625601867214 0.73958337190561 0.23593750351574272 0.218750003259629
0 0.3328125049592927 0.4520833569113165 0.16562500246800482 0.19375000288709998
0 0.08281250123400241 0.18958334322087467 0.1625000024214387 0.19375000288709998
0 0.22265625331783667 0.33125001727603376 0.1671875024912879 0.1750000026077032
0 0.14687500218860805 0.46666669100522995 0.16562500246800482 0.1750000026077032
0 0.21171875315485522 0.6041666981764138 0.1671875024912879 0.1750000026077032
0 0.13281250197906047 0.6583333676680923 0.16562500246800482 0.1750000026077032
0 0.08046875119907781 0.8218750428641215 0.1578125023515895 0.15468750230502337
0 0.5367187579977326 0.9177083811955526 0.16093750239815563 0.12343750183936208
0 0.6781250101048499 0.7687500400934368 0.16562500246800482 0.15625000232830644
0 0.7734375115251169 0.7614583730464801 0.12187500181607902 0.1671875024912879
0 0.8375000124797225 0.7114583704387769 0.18125000270083547 0.2015625030035153
0 0.9429687640513293 0.6208333657123148 0.1140625016996637 0.17187500256113708
0 0.9367187639581971 0.9052083805436268 0.1265625018859282 0.14218750211875886
0 0.8679687629337423 0.29375001532025635 0.16093750239815563 0.13750000204890966
0 0.7085937605588697 0.3020833490882069 0.24843750370200723 0.19375000288709998
0 0.5570312583004124 0.0927083381684497 0.16093750239815563 0.1359375020256266
0 0.46015625685686246 0.3958333539776504 0.16093750239815563 0.13750000204890966
0 0.5742187585565262 0.5833333637565374 0.16093750239815563 0.13750000204890966
1 0.25625000381842256 0.7489583723945543 0.05625000083819032 0.0703125010477379
1 0.1968750029336661 0.7802083740243688 0.05625000083819032 0.0703125010477379
1 0.29531250440049917 0.9072917139856145 0.05625000083819032 0.0703125010477379
0 0.22187500330619514 0.08125000423751771 0.1843750027474016 0.11875000176951289
1 0.40390625601867214 0.73958337190561 0.23593750351574272 0.218750003259629
0 0.3328125049592927 0.4520833569113165 0.16562500246800482 0.19375000288709998
0 0.08281250123400241 0.18958334322087467 0.1625000024214387 0.19375000288709998
0 0.22265625331783667 0.33125001727603376 0.1671875024912879 0.1750000026077032
0 0.14687500218860805 0.46666669100522995 0.16562500246800482 0.1750000026077032
0 0.21171875315485522 0.6041666981764138 0.1671875024912879 0.1750000026077032
0 0.13281250197906047 0.6583333676680923 0.16562500246800482 0.1750000026077032
0 0.08046875119907781 0.8218750428641215 0.1578125023515895 0.15468750230502337
0 0.5367187579977326 0.9177083811955526 0.16093750239815563 0.12343750183936208
0 0.6781250101048499 0.7687500400934368 0.16562500246800482 0.15625000232830644
0 0.7734375115251169 0.7614583730464801 0.12187500181607902 0.1671875024912879
0 0.8375000124797225 0.7114583704387769 0.18125000270083547 0.2015625030035153
0 0.9429687640513293 0.6208333657123148 0.1140625016996637 0.17187500256113708
0 0.9367187639581971 0.9052083805436268 0.1265625018859282 0.14218750211875886
0 0.8679687629337423 0.29375001532025635 0.16093750239815563 0.13750000204890966
0 0.7085937605588697 0.3020833490882069 0.24843750370200723 0.19375000288709998
0 0.5570312583004124 0.0927083381684497 0.16093750239815563 0.1359375020256266
0 0.46015625685686246 0.3958333539776504 0.16093750239815563 0.13750000204890966
0 0.5742187585565262 0.5833333637565374 0.16093750239815563 0.13750000204890966
1 0.25625000381842256 0.7489583723945543 0.05625000083819032 0.0703125010477379
1 0.1968750029336661 0.7802083740243688 0.05625000083819032 0.0703125010477379
1 0.29531250440049917 0.9072917139856145 0.05625000083819032 0.0703125010477379
0 0.22187500330619514 0.08125000423751771 0.1843750027474016 0.11875000176951289
1 0.40390625601867214 0.73958337190561 0.23593750351574272 0.218750003259629
0 0.3328125049592927 0.4520833569113165 0.16562500246800482 0.19375000288709998
0 0.08281250123400241 0.18958334322087467 0.1625000024214387 0.19375000288709998
0 0.22265625331783667 0.33125001727603376 0.1671875024912879 0.1750000026077032
0 0.14687500218860805 0.46666669100522995 0.16562500246800482 0.1750000026077032
0 0.21171875315485522 0.6041666981764138 0.1671875024912879 0.1750000026077032
0 0.13281250197906047 0.6583333676680923 0.16562500246800482 0.1750000026077032
0 0.08046875119907781 0.8218750428641215 0.1578125023515895 0.15468750230502337
0 0.5367187579977326 0.9177083811955526 0.16093750239815563 0.12343750183936208
0 0.6781250101048499 0.7687500400934368 0.16562500246800482 0.15625000232830644
0 0.7734375115251169 0.7614583730464801 0.12187500181607902 0.1671875024912879
0 0.8375000124797225 0.7114583704387769 0.18125000270083547 0.2015625030035153
0 0.9429687640513293 0.6208333657123148 0.1140625016996637 0.17187500256113708
0 0.9367187639581971 0.9052083805436268 0.1265625018859282 0.14218750211875886
0 0.8679687629337423 0.29375001532025635 0.16093750239815563 0.13750000204890966
0 0.7085937605588697 0.3020833490882069 0.24843750370200723 0.19375000288709998
0 0.5570312583004124 0.0927083381684497 0.16093750239815563 0.1359375020256266
0 0.46015625685686246 0.3958333539776504 0.16093750239815563 0.13750000204890966
0 0.5742187585565262 0.5833333637565374 0.16093750239815563 0.13750000204890966
1 0.25625000381842256 0.7489583723945543 0.05625000083819032 0.0703125010477379
1 0.1968750029336661 0.7802083740243688 0.05625000083819032 0.0703125010477379
1 0.29531250440049917 0.9072917139856145 0.05625000083819032 0.0703125010477379
0 0.22187500330619514 0.08125000423751771 0.1843750027474016 0.11875000176951289
1 0.40390625601867214 0.73958337190561 0.23593750351574272 0.218750003259629
0 0.3328125049592927 0.4520833569113165 0.16562500246800482 0.19375000288709998
0 0.08281250123400241 0.18958334322087467 0.1625000024214387 0.19375000288709998
0 0.22265625331783667 0.33125001727603376 0.1671875024912879 0.1750000026077032
0 0.14687500218860805 0.46666669100522995 0.16562500246800482 0.1750000026077032
0 0.21171875315485522 0.6041666981764138 0.1671875024912879 0.1750000026077032
0 0.13281250197906047 0.6583333676680923 0.16562500246800482 0.1750000026077032
0 0.08046875119907781 0.8218750428641215 0.1578125023515895 0.15468750230502337
0 0.5367187579977326 0.9177083811955526 0.16093750239815563 0.12343750183936208
0 0.6781250101048499 0.7687500400934368 0.16562500246800482 0.15625000232830644
0 0.7734375115251169 0.7614583730464801 0.12187500181607902 0.1671875024912879
0 0.8375000124797225 0.7114583704387769 0.18125000270083547 0.2015625030035153
0 0.9429687640513293 0.6208333657123148 0.1140625016996637 0.17187500256113708
0 0.9367187639581971 0.9052083805436268 0.1265625018859282 0.14218750211875886
0 0.8679687629337423 0.29375001532025635 0.16093750239815563 0.13750000204890966
0 0.7085937605588697 0.3020833490882069 0.24843750370200723 0.19375000288709998
0 0.5570312583004124 0.0927083381684497 0.16093750239815563 0.1359375020256266
0 0.46015625685686246 0.3958333539776504 0.16093750239815563 0.13750000204890966
0 0.5742187585565262 0.5833333637565374 0.16093750239815563 0.13750000204890966
1 0.25625000381842256 0.7489583723945543 0.05625000083819032 0.0703125010477379
1 0.1968750029336661 0.7802083740243688 0.05625000083819032 0.0703125010477379
1 0.29531250440049917 0.9072917139856145 0.05625000083819032 0.0703125010477379
0 0.22187500330619514 0.08125000423751771 0.1843750027474016 0.11875000176951289
1 0.40390625601867214 0.73958337190561 0.23593750351574272 0.218750003259629
0 0.3328125049592927 0.4520833569113165 0.16562500246800482 0.19375000288709998
0 0.08281250123400241 0.18958334322087467 0.1625000024214387 0.19375000288709998
0 0.22265625331783667 0.33125001727603376 0.1671875024912879 0.1750000026077032
0 0.14687500218860805 0.46666669100522995 0.16562500246800482 0.1750000026077032
0 0.21171875315485522 0.6041666981764138 0.1671875024912879 0.1750000026077032
0 0.13281250197906047 0.6583333676680923 0.16562500246800482 0.1750000026077032
0 0.08046875119907781 0.8218750428641215 0.1578125023515895 0.15468750230502337
0 0.5367187579977326 0.9177083811955526 0.16093750239815563 0.12343750183936208
0 0.6781250101048499 0.7687500400934368 0.16562500246800482 0.15625000232830644
0 0.7734375115251169 0.7614583730464801 0.12187500181607902 0.1671875024912879
0 0.8375000124797225 0.7114583704387769 0.18125000270083547 0.2015625030035153
0 0.9429687640513293 0.6208333657123148 0.1140625016996637 0.17187500256113708
0 0.9367187639581971 0.9052083805436268 0.1265625018859282 0.14218750211875886
0 0.8679687629337423 0.29375001532025635 0.16093750239815563 0.13750000204890966
0 0.7085937605588697 0.3020833490882069 0.24843750370200723 0.19375000288709998
0 0.5570312583004124 0.0927083381684497 0.16093750239815563 0.1359375020256266
0 0.46015625685686246 0.3958333539776504 0.16093750239815563 0.13750000204890966
0 0.5742187585565262 0.5833333637565374 0.16093750239815563 0.13750000204890966
1 0.25625000381842256 0.7489583723945543 0.05625000083819032 0.0703125010477379
1 0.1968750029336661 0.7802083740243688 0.05625000083819032 0.0703125010477379
1 0.29531250440049917 0.9072917139856145 0.05625000083819032 0.0703125010477379
0 0.22187500330619514 0.08125000423751771 0.1843750027474016 0.11875000176951289
1 0.40390625601867214 0.73958337190561 0.23593750351574272 0.218750003259629
0 0.3328125049592927 0.4520833569113165 0.16562500246800482 0.19375000288709998
0 0.08281250123400241 0.18958334322087467 0.1625000024214387 0.19375000288709998
0 0.22265625331783667 0.33125001727603376 0.1671875024912879 0.1750000026077032
0 0.14687500218860805 0.46666669100522995 0.16562500246800482 0.1750000026077032
0 0.21171875315485522 0.6041666981764138 0.1671875024912879 0.1750000026077032
0 0.13281250197906047 0.6583333676680923 0.16562500246800482 0.1750000026077032
0 0.08046875119907781 0.8218750428641215 0.1578125023515895 0.15468750230502337
0 0.5367187579977326 0.9177083811955526 0.16093750239815563 0.12343750183936208
0 0.6781250101048499 0.7687500400934368 0.16562500246800482 0.15625000232830644
0 0.7734375115251169 0.7614583730464801 0.12187500181607902 0.1671875024912879
0 0.8375000124797225 0.7114583704387769 0.18125000270083547 0.2015625030035153
0 0.9429687640513293 0.6208333657123148 0.1140625016996637 0.17187500256113708
0 0.9367187639581971 0.9052083805436268 0.1265625018859282 0.14218750211875886
0 0.8679687629337423 0.29375001532025635 0.16093750239815563 0.13750000204890966
0 0.7085937605588697 0.3020833490882069 0.24843750370200723 0.19375000288709998
0 0.5570312583004124 0.0927083381684497 0.16093750239815563 0.1359375020256266
0 0.46015625685686246 0.3958333539776504 0.16093750239815563 0.13750000204890966
0 0.5742187585565262 0.5833333637565374 0.16093750239815563 0.13750000204890966
1 0.25625000381842256 0.7489583723945543 0.05625000083819032 0.0703125010477379
1 0.1968750029336661 0.7802083740243688 0.05625000083819032 0.0703125010477379
1 0.29531250440049917 0.9072917139856145 0.05625000083819032 0.0703125010477379
0 0.22187500330619514 0.08125000423751771 0.1843750027474016 0.11875000176951289
1 0.40390625601867214 0.73958337190561 0.23593750351574272 0.218750003259629
0 0.3328125049592927 0.4520833569113165 0.16562500246800482 0.19375000288709998
0 0.08281250123400241 0.18958334322087467 0.1625000024214387 0.19375000288709998
0 0.22265625331783667 0.33125001727603376 0.1671875024912879 0.1750000026077032
0 0.14687500218860805 0.46666669100522995 0.16562500246800482 0.1750000026077032
0 0.21171875315485522 0.6041666981764138 0.1671875024912879 0.1750000026077032
0 0.13281250197906047 0.6583333676680923 0.16562500246800482 0.1750000026077032
0 0.08046875119907781 0.8218750428641215 0.1578125023515895 0.15468750230502337
0 0.5367187579977326 0.9177083811955526 0.16093750239815563 0.12343750183936208
0 0.6781250101048499 0.7687500400934368 0.16562500246800482 0.15625000232830644
0 0.7734375115251169 0.7614583730464801 0.12187500181607902 0.1671875024912879
0 0.8375000124797225 0.7114583704387769 0.18125000270083547 0.2015625030035153
0 0.9429687640513293 0.6208333657123148 0.1140625016996637 0.17187500256113708
0 0.9367187639581971 0.9052083805436268 0.1265625018859282 0.14218750211875886
0 0.8679687629337423 0.29375001532025635 0.16093750239815563 0.13750000204890966
0 0.7085937605588697 0.3020833490882069 0.24843750370200723 0.19375000288709998
0 0.5570312583004124 0.0927083381684497 0.16093750239815563 0.1359375020256266
0 0.46015625685686246 0.3958333539776504 0.16093750239815563 0.13750000204890966
0 0.5742187585565262 0.5833333637565374 0.16093750239815563 0.13750000204890966
1 0.25625000381842256 0.7489583723945543 0.05625000083819032 0.0703125010477379
1 0.1968750029336661 0.7802083740243688 0.05625000083819032 0.0703125010477379
1 0.29531250440049917 0.9072917139856145 0.05625000083819032 0.0703125010477379
0 0.22187500330619514 0.08125000423751771 0.1843750027474016 0.11875000176951289
1 0.40390625601867214 0.73958337190561 0.23593750351574272 0.218750003259629
0 0.3328125049592927 0.4520833569113165 0.16562500246800482 0.19375000288709998
0 0.08281250123400241 0.18958334322087467 0.1625000024214387 0.19375000288709998
0 0.22265625331783667 0.33125001727603376 0.1671875024912879 0.1750000026077032
0 0.14687500218860805 0.46666669100522995 0.16562500246800482 0.1750000026077032
0 0.21171875315485522 0.6041666981764138 0.1671875024912879 0.1750000026077032
0 0.13281250197906047 0.6583333676680923 0.16562500246800482 0.1750000026077032
0 0.08046875119907781 0.8218750428641215 0.1578125023515895 0.15468750230502337
0 0.5367187579977326 0.9177083811955526 0.16093750239815563 0.12343750183936208
0 0.6781250101048499 0.7687500400934368 0.16562500246800482 0.15625000232830644
0 0.7734375115251169 0.7614583730464801 0.12187500181607902 0.1671875024912879
0 0.8375000124797225 0.7114583704387769 0.18125000270083547 0.2015625030035153
0 0.9429687640513293 0.6208333657123148 0.1140625016996637 0.17187500256113708
0 0.9367187639581971 0.9052083805436268 0.1265625018859282 0.14218750211875886
0 0.8679687629337423 0.29375001532025635 0.16093750239815563 0.13750000204890966
0 0.7085937605588697 0.3020833490882069 0.24843750370200723 0.19375000288709998
0 0.5570312583004124 0.0927083381684497 0.16093750239815563 0.1359375020256266
0 0.46015625685686246 0.3958333539776504 0.16093750239815563 0.13750000204890966
0 0.5742187585565262 0.5833333637565374 0.16093750239815563 0.13750000204890966
1 0.25625000381842256 0.7489583723945543 0.05625000083819032 0.0703125010477379
1 0.1968750029336661 0.7802083740243688 0.05625000083819032 0.0703125010477379
1 0.29531250440049917 0.9072917139856145 0.05625000083819032 0.0703125010477379
0 0.22187500330619514 0.08125000423751771 0.1843750027474016 0.11875000176951289
1 0.40390625601867214 0.73958337190561 0.23593750351574272 0.218750003259629
0 0.3328125049592927 0.4520833569113165 0.16562500246800482 0.19375000288709998
0 0.08281250123400241 0.18958334322087467 0.1625000024214387 0.19375000288709998
0 0.22265625331783667 0.33125001727603376 0.1671875024912879 0.1750000026077032
0 0.14687500218860805 0.46666669100522995 0.16562500246800482 0.1750000026077032
0 0.21171875315485522 0.6041666981764138 0.1671875024912879 0.1750000026077032
0 0.13281250197906047 0.6583333676680923 0.16562500246800482 0.1750000026077032
0 0.08046875119907781 0.8218750428641215 0.1578125023515895 0.15468750230502337
0 0.5367187579977326 0.9177083811955526 0.16093750239815563 0.12343750183936208
0 0.6781250101048499 0.7687500400934368 0.16562500246800482 0.15625000232830644
0 0.7734375115251169 0.7614583730464801 0.12187500181607902 0.1671875024912879
0 0.8375000124797225 0.7114583704387769 0.18125000270083547 0.2015625030035153
0 0.9429687640513293 0.6208333657123148 0.1140625016996637 0.17187500256113708
0 0.9367187639581971 0.9052083805436268 0.1265625018859282 0.14218750211875886
0 0.8679687629337423 0.29375001532025635 0.16093750239815563 0.13750000204890966
0 0.7085937605588697 0.3020833490882069 0.24843750370200723 0.19375000288709998
0 0.5570312583004124 0.0927083381684497 0.16093750239815563 0.1359375020256266
0 0.46015625685686246 0.3958333539776504 0.16093750239815563 0.13750000204890966
0 0.5742187585565262 0.5833333637565374 0.16093750239815563 0.13750000204890966
1 0.25625000381842256 0.7489583723945543 0.05625000083819032 0.0703125010477379
1 0.1968750029336661 0.7802083740243688 0.05625000083819032 0.0703125010477379
1 0.29531250440049917 0.9072917139856145 0.05625000083819032 0.0703125010477379
0 0.22187500330619514 0.08125000423751771 0.1843750027474016 0.11875000176951289
1 0.40390625601867214 0.73958337190561 0.23593750351574272 0.218750003259629
0 0.3328125049592927 0.4520833569113165 0.16562500246800482 0.19375000288709998
0 0.08281250123400241 0.18958334322087467 0.1625000024214387 0.19375000288709998
0 0.22265625331783667 0.33125001727603376 0.1671875024912879 0.1750000026077032
0 0.14687500218860805 0.46666669100522995 0.16562500246800482 0.1750000026077032
0 0.21171875315485522 0.6041666981764138 0.1671875024912879 0.1750000026077032
0 0.13281250197906047 0.6583333676680923 0.16562500246800482 0.1750000026077032
0 0.08046875119907781 0.8218750428641215 0.1578125023515895 0.15468750230502337
0 0.5367187579977326 0.9177083811955526 0.16093750239815563 0.12343750183936208
0 0.6781250101048499 0.7687500400934368 0.16562500246800482 0.15625000232830644
0 0.7734375115251169 0.7614583730464801 0.12187500181607902 0.1671875024912879
0 0.8375000124797225 0.7114583704387769 0.18125000270083547 0.2015625030035153
0 0.9429687640513293 0.6208333657123148 0.1140625016996637 0.17187500256113708
0 0.9367187639581971 0.9052083805436268 0.1265625018859282 0.14218750211875886
0 0.8679687629337423 0.29375001532025635 0.16093750239815563 0.13750000204890966
0 0.7085937605588697 0.3020833490882069 0.24843750370200723 0.19375000288709998
0 0.5570312583004124 0.0927083381684497 0.16093750239815563 0.1359375020256266
0 0.46015625685686246 0.3958333539776504 0.16093750239815563 0.13750000204890966
0 0.5742187585565262 0.5833333637565374 0.16093750239815563 0.13750000204890966
1 0.25625000381842256 0.7489583723945543 0.05625000083819032 0.0703125010477379
1 0.1968750029336661 0.7802083740243688 0.05625000083819032 0.0703125010477379
1 0.29531250440049917 0.9072917139856145 0.05625000083819032 0.0703125010477379
0 0.22187500330619514 0.08125000423751771 0.1843750027474016 0.11875000176951289
1 0.40390625601867214 0.73958337190561 0.23593750351574272 0.218750003259629
0 0.3328125049592927 0.4520833569113165 0.16562500246800482 0.19375000288709998
0 0.08281250123400241 0.18958334322087467 0.1625000024214387 0.19375000288709998
0 0.22265625331783667 0.33125001727603376 0.1671875024912879 0.1750000026077032
0 0.14687500218860805 0.46666669100522995 0.16562500246800482 0.1750000026077032
0 0.21171875315485522 0.6041666981764138 0.1671875024912879 0.1750000026077032
0 0.13281250197906047 0.6583333676680923 0.16562500246800482 0.1750000026077032
0 0.08046875119907781 0.8218750428641215 0.1578125023515895 0.15468750230502337
0 0.5367187579977326 0.9177083811955526 0.16093750239815563 0.12343750183936208
0 0.6781250101048499 0.7687500400934368 0.16562500246800482 0.15625000232830644
0 0.7734375115251169 0.7614583730464801 0.12187500181607902 0.1671875024912879
0 0.8375000124797225 0.7114583704387769 0.18125000270083547 0.2015625030035153
0 0.9429687640513293 0.6208333657123148 0.1140625016996637 0.17187500256113708
0 0.9367187639581971 0.9052083805436268 0.1265625018859282 0.14218750211875886
0 0.8679687629337423 0.29375001532025635 0.16093750239815563 0.13750000204890966
0 0.7085937605588697 0.3020833490882069 0.24843750370200723 0.19375000288709998
0 0.5570312583004124 0.0927083381684497 0.16093750239815563 0.1359375020256266
0 0.46015625685686246 0.3958333539776504 0.16093750239815563 0.13750000204890966
0 0.5742187585565262 0.5833333637565374 0.16093750239815563 0.13750000204890966
1 0.25625000381842256 0.7489583723945543 0.05625000083819032 0.0703125010477379
1 0.1968750029336661 0.7802083740243688 0.05625000083819032 0.0703125010477379
1 0.29531250440049917 0.9072917139856145 0.05625000083819032 0.0703125010477379
0 0.22187500330619514 0.08125000423751771 0.1843750027474016 0.11875000176951289
1 0.40390625601867214 0.73958337190561 0.23593750351574272 0.218750003259629
0 0.3328125049592927 0.4520833569113165 0.16562500246800482 0.19375000288709998
0 0.08281250123400241 0.18958334322087467 0.1625000024214387 0.19375000288709998
0 0.22265625331783667 0.33125001727603376 0.1671875024912879 0.1750000026077032
0 0.14687500218860805 0.46666669100522995 0.16562500246800482 0.1750000026077032
0 0.21171875315485522 0.6041666981764138 0.1671875024912879 0.1750000026077032
0 0.13281250197906047 0.6583333676680923 0.16562500246800482 0.1750000026077032
0 0.08046875119907781 0.8218750428641215 0.1578125023515895 0.15468750230502337
0 0.5367187579977326 0.9177083811955526 0.16093750239815563 0.12343750183936208
0 0.6781250101048499 0.7687500400934368 0.16562500246800482 0.15625000232830644
0 0.7734375115251169 0.7614583730464801 0.12187500181607902 0.1671875024912879
0 0.8375000124797225 0.7114583704387769 0.18125000270083547 0.2015625030035153
0 0.9429687640513293 0.6208333657123148 0.1140625016996637 0.17187500256113708
0 0.9367187639581971 0.9052083805436268 0.1265625018859282 0.14218750211875886
0 0.8679687629337423 0.29375001532025635 0.16093750239815563 0.13750000204890966
0 0.7085937605588697 0.3020833490882069 0.24843750370200723 0.19375000288709998
0 0.5570312583004124 0.0927083381684497 0.16093750239815563 0.1359375020256266
0 0.46015625685686246 0.3958333539776504 0.16093750239815563 0.13750000204890966
0 0.5742187585565262 0.5833333637565374 0.16093750239815563 0.13750000204890966
2 0.25625000381842256 0.7489583723945543 0.05625000083819032 0.0703125010477379
2 0.1968750029336661 0.7802083740243688 0.05625000083819032 0.0703125010477379
2 0.29531250440049917 0.9072917139856145 0.05625000083819032 0.0703125010477379
0 0.22187500330619514 0.08125000423751771 0.1843750027474016 0.11875000176951289
1 0.40390625601867214 0.73958337190561 0.23593750351574272 0.218750003259629
0 0.3328125049592927 0.4520833569113165 0.16562500246800482 0.19375000288709998
0 0.08281250123400241 0.18958334322087467 0.1625000024214387 0.19375000288709998
0 0.22265625331783667 0.33125001727603376 0.1671875024912879 0.1750000026077032
0 0.14687500218860805 0.46666669100522995 0.16562500246800482 0.1750000026077032
0 0.21171875315485522 0.6041666981764138 0.1671875024912879 0.1750000026077032
0 0.13281250197906047 0.6583333676680923 0.16562500246800482 0.1750000026077032
0 0.08046875119907781 0.8218750428641215 0.1578125023515895 0.15468750230502337
0 0.5367187579977326 0.9177083811955526 0.16093750239815563 0.12343750183936208
0 0.6781250101048499 0.7687500400934368 0.16562500246800482 0.15625000232830644
0 0.7734375115251169 0.7614583730464801 0.12187500181607902 0.1671875024912879
0 0.8375000124797225 0.7114583704387769 0.18125000270083547 0.2015625030035153
0 0.9429687640513293 0.6208333657123148 0.1140625016996637 0.17187500256113708
0 0.9367187639581971 0.9052083805436268 0.1265625018859282 0.14218750211875886
0 0.8679687629337423 0.29375001532025635 0.16093750239815563 0.13750000204890966
0 0.7085937605588697 0.3020833490882069 0.24843750370200723 0.19375000288709998
0 0.5570312583004124 0.0927083381684497 0.16093750239815563 0.1359375020256266
0 0.46015625685686246 0.3958333539776504 0.16093750239815563 0.13750000204890966
0 0.5742187585565262 0.5833333637565374 0.16093750239815563 0.13750000204890966
2 0.25625000381842256 0.7489583723945543 0.05625000083819032 0.0703125010477379
2 0.1968750029336661 0.7802083740243688 0.05625000083819032 0.0703125010477379
2 0.29531250440049917 0.9072917139856145 0.05625000083819032 0.0703125010477379
0 0.22187500330619514 0.08125000423751771 0.1843750027474016 0.11875000176951289
1 0.4039062559604645 0.7395833730697632 0.23593750596046448 0.21875
0 0.33281251788139343 0.4520833492279053 0.16562500596046448 0.19375000894069672
0 0.08281250298023224 0.18958334624767303 0.16250000894069672 0.19375000894069672
0 0.22265625 0.33125001192092896 0.16718749701976776 0.17499999701976776
0 0.14687500894069672 0.46666669845581055 0.16562500596046448 0.17499999701976776
0 0.21171875298023224 0.6041666865348816 0.16718749701976776 0.17499999701976776
0 0.1328125 0.6583333611488342 0.16562500596046448 0.17499999701976776
0 0.08046875149011612 0.8218750357627869 0.15781250596046448 0.15468750894069672
0 0.5367187857627869 0.9177083969116211 0.16093750298023224 0.12343750149011612
0 0.6781250238418579 0.768750011920929 0.16562500596046448 0.15625
0 0.7734375 0.7614583969116211 0.12187500298023224 0.16718749701976776
0 0.8375000357627869 0.7114583849906921 0.18125000596046448 0.20156250894069672
0 0.9429687857627869 0.6208333373069763 0.11406250298023224 0.171875
0 0.936718761920929 0.90520840883255 0.12656250596046448 0.14218750596046448
0 0.867968738079071 0.29375001788139343 0.16093750298023224 0.13750000298023224
0 0.7085937857627869 0.3020833432674408 0.24843750894069672 0.19375000894069672
0 0.5570312738418579 0.09270834177732468 0.16093750298023224 0.13593749701976776
0 0.46015626192092896 0.3958333432674408 0.16093750298023224 0.13750000298023224
0 0.57421875 0.5833333730697632 0.16093750298023224 0.13750000298023224
2 0.2562499940395355 0.7489583492279053 0.05625000223517418 0.0703125
2 0.19687500596046448 0.7802083492279053 0.05625000223517418 0.0703125
2 0.2953124940395355 0.9072917103767395 0.05625000223517418 0.0703125
0 0.22187499701976776 0.08125000447034836 0.18437500298023224 0.11874999850988388
1 0.4039062559604645 0.7395833730697632 0.23593750596046448 0.21875
0 0.33281251788139343 0.4520833492279053 0.16562500596046448 0.19375000894069672
0 0.08281250298023224 0.18958334624767303 0.16250000894069672 0.19375000894069672
0 0.22265625 0.33125001192092896 0.16718749701976776 0.17499999701976776
0 0.14687500894069672 0.46666669845581055 0.16562500596046448 0.17499999701976776
0 0.21171875298023224 0.6041666865348816 0.16718749701976776 0.17499999701976776
0 0.1328125 0.6583333611488342 0.16562500596046448 0.17499999701976776
0 0.08046875149011612 0.8218750357627869 0.15781250596046448 0.15468750894069672
0 0.5367187857627869 0.9177083969116211 0.16093750298023224 0.12343750149011612
0 0.6781250238418579 0.768750011920929 0.16562500596046448 0.15625
0 0.7734375 0.7614583969116211 0.12187500298023224 0.16718749701976776
0 0.8375000357627869 0.7114583849906921 0.18125000596046448 0.20156250894069672
0 0.9429687857627869 0.6208333373069763 0.11406250298023224 0.171875
0 0.936718761920929 0.90520840883255 0.12656250596046448 0.14218750596046448
0 0.867968738079071 0.29375001788139343 0.16093750298023224 0.13750000298023224
0 0.7085937857627869 0.3020833432674408 0.24843750894069672 0.19375000894069672
0 0.5570312738418579 0.09270834177732468 0.16093750298023224 0.13593749701976776
0 0.46015626192092896 0.3958333432674408 0.16093750298023224 0.13750000298023224
0 0.57421875 0.5833333730697632 0.16093750298023224 0.13750000298023224
2 0.2562499940395355 0.7489583492279053 0.05625000223517418 0.0703125
2 0.19687500596046448 0.7802083492279053 0.05625000223517418 0.0703125
2 0.2953124940395355 0.9072917103767395 0.05625000223517418 0.0703125
0 0.22187499701976776 0.08125000447034836 0.18437500298023224 0.11874999850988388
1 0.4039062559604645 0.7395833730697632 0.23593750596046448 0.21875
0 0.33281251788139343 0.4520833492279053 0.16562500596046448 0.19375000894069672
0 0.08281250298023224 0.18958334624767303 0.16250000894069672 0.19375000894069672
0 0.22265625 0.33125001192092896 0.16718749701976776 0.17499999701976776
0 0.14687500894069672 0.46666669845581055 0.16562500596046448 0.17499999701976776
0 0.21171875298023224 0.6041666865348816 0.16718749701976776 0.17499999701976776
0 0.1328125 0.6583333611488342 0.16562500596046448 0.17499999701976776
0 0.08046875149011612 0.8218750357627869 0.15781250596046448 0.15468750894069672
0 0.5367187857627869 0.9177083969116211 0.16093750298023224 0.12343750149011612
0 0.6781250238418579 0.768750011920929 0.16562500596046448 0.15625
0 0.7734375 0.7614583969116211 0.12187500298023224 0.16718749701976776
0 0.8375000357627869 0.7114583849906921 0.18125000596046448 0.20156250894069672
0 0.9429687857627869 0.6208333373069763 0.11406250298023224 0.171875
0 0.936718761920929 0.90520840883255 0.12656250596046448 0.14218750596046448
0 0.867968738079071 0.29375001788139343 0.16093750298023224 0.13750000298023224
0 0.7085937857627869 0.3020833432674408 0.24843750894069672 0.19375000894069672
0 0.5570312738418579 0.09270834177732468 0.16093750298023224 0.13593749701976776
0 0.46015626192092896 0.3958333432674408 0.16093750298023224 0.13750000298023224
0 0.57421875 0.5833333730697632 0.16093750298023224 0.13750000298023224
2 0.2562499940395355 0.7489583492279053 0.05625000223517418 0.0703125
2 0.19687500596046448 0.7802083492279053 0.05625000223517418 0.0703125
2 0.2953124940395355 0.9072917103767395 0.05625000223517418 0.0703125
0 0.22187499701976776 0.08125000447034836 0.18437500298023224 0.11874999850988388
1 0.4039062559604645 0.7395833730697632 0.23593750596046448 0.21875
0 0.33281251788139343 0.4520833492279053 0.16562500596046448 0.19375000894069672
0 0.08281250298023224 0.18958334624767303 0.16250000894069672 0.19375000894069672
0 0.22265625 0.33125001192092896 0.16718749701976776 0.17499999701976776
0 0.14687500894069672 0.46666669845581055 0.16562500596046448 0.17499999701976776
0 0.21171875298023224 0.6041666865348816 0.16718749701976776 0.17499999701976776
0 0.1328125 0.6583333611488342 0.16562500596046448 0.17499999701976776
0 0.08046875149011612 0.8218750357627869 0.15781250596046448 0.15468750894069672
0 0.5367187857627869 0.9177083969116211 0.16093750298023224 0.12343750149011612
0 0.6781250238418579 0.768750011920929 0.16562500596046448 0.15625
0 0.7734375 0.7614583969116211 0.12187500298023224 0.16718749701976776
0 0.8375000357627869 0.7114583849906921 0.18125000596046448 0.20156250894069672
0 0.9429687857627869 0.6208333373069763 0.11406250298023224 0.171875
0 0.936718761920929 0.90520840883255 0.12656250596046448 0.14218750596046448
0 0.867968738079071 0.29375001788139343 0.16093750298023224 0.13750000298023224
0 0.7085937857627869 0.3020833432674408 0.24843750894069672 0.19375000894069672
0 0.5570312738418579 0.09270834177732468 0.16093750298023224 0.13593749701976776
0 0.46015626192092896 0.3958333432674408 0.16093750298023224 0.13750000298023224
0 0.57421875 0.5833333730697632 0.16093750298023224 0.13750000298023224
2 0.2562499940395355 0.7489583492279053 0.05625000223517418 0.0703125
2 0.19687500596046448 0.7802083492279053 0.05625000223517418 0.0703125
2 0.2953124940395355 0.9072917103767395 0.05625000223517418 0.0703125
0 0.22187499701976776 0.08125000447034836 0.18437500298023224 0.11874999850988388
1 0.4039062559604645 0.7395833730697632 0.23593750596046448 0.21875
0 0.33281251788139343 0.4520833492279053 0.16562500596046448 0.19375000894069672
0 0.08281250298023224 0.18958334624767303 0.16250000894069672 0.19375000894069672
0 0.22265625 0.33125001192092896 0.16718749701976776 0.17499999701976776
0 0.14687500894069672 0.46666669845581055 0.16562500596046448 0.17499999701976776
0 0.21171875298023224 0.6041666865348816 0.16718749701976776 0.17499999701976776
0 0.1328125 0.6583333611488342 0.16562500596046448 0.17499999701976776
0 0.08046875149011612 0.8218750357627869 0.15781250596046448 0.15468750894069672
0 0.5367187857627869 0.9177083969116211 0.16093750298023224 0.12343750149011612
0 0.6781250238418579 0.768750011920929 0.16562500596046448 0.15625
0 0.7734375 0.7614583969116211 0.12187500298023224 0.16718749701976776
0 0.8375000357627869 0.7114583849906921 0.18125000596046448 0.20156250894069672
0 0.9429687857627869 0.6208333373069763 0.11406250298023224 0.171875
0 0.936718761920929 0.90520840883255 0.12656250596046448 0.14218750596046448
0 0.867968738079071 0.29375001788139343 0.16093750298023224 0.13750000298023224
0 0.7085937857627869 0.3020833432674408 0.24843750894069672 0.19375000894069672
0 0.5570312738418579 0.09270834177732468 0.16093750298023224 0.13593749701976776
0 0.46015626192092896 0.3958333432674408 0.16093750298023224 0.13750000298023224
0 0.57421875 0.5833333730697632 0.16093750298023224 0.13750000298023224
2 0.2562499940395355 0.7489583492279053 0.05625000223517418 0.0703125
2 0.19687500596046448 0.7802083492279053 0.05625000223517418 0.0703125
2 0.2953124940395355 0.9072917103767395 0.05625000223517418 0.0703125
0 0.22187499701976776 0.08125000447034836 0.18437500298023224 0.11874999850988388
1 0.4039062559604645 0.7395833730697632 0.23593750596046448 0.21875
0 0.33281251788139343 0.4520833492279053 0.16562500596046448 0.19375000894069672
0 0.08281250298023224 0.18958334624767303 0.16250000894069672 0.19375000894069672
0 0.22265625 0.33125001192092896 0.16718749701976776 0.17499999701976776
0 0.14687500894069672 0.46666669845581055 0.16562500596046448 0.17499999701976776
0 0.21171875298023224 0.6041666865348816 0.16718749701976776 0.17499999701976776
0 0.1328125 0.6583333611488342 0.16562500596046448 0.17499999701976776
0 0.08046875149011612 0.8218750357627869 0.15781250596046448 0.15468750894069672
0 0.5367187857627869 0.9177083969116211 0.16093750298023224 0.12343750149011612
0 0.6781250238418579 0.768750011920929 0.16562500596046448 0.15625
0 0.7734375 0.7614583969116211 0.12187500298023224 0.16718749701976776
0 0.8375000357627869 0.7114583849906921 0.18125000596046448 0.20156250894069672
0 0.9429687857627869 0.6208333373069763 0.11406250298023224 0.171875
0 0.936718761920929 0.90520840883255 0.12656250596046448 0.14218750596046448
0 0.867968738079071 0.29375001788139343 0.16093750298023224 0.13750000298023224
0 0.7085937857627869 0.3020833432674408 0.24843750894069672 0.19375000894069672
0 0.5570312738418579 0.09270834177732468 0.16093750298023224 0.13593749701976776
0 0.46015626192092896 0.3958333432674408 0.16093750298023224 0.13750000298023224
0 0.57421875 0.5833333730697632 0.16093750298023224 0.13750000298023224
2 0.2562499940395355 0.7489583492279053 0.05625000223517418 0.0703125
2 0.19687500596046448 0.7802083492279053 0.05625000223517418 0.0703125
2 0.2953124940395355 0.9072917103767395 0.05625000223517418 0.0703125
0 0.22187499701976776 0.08125000447034836 0.18437500298023224 0.11874999850988388
1 0.4039062559604645 0.7395833730697632 0.23593750596046448 0.21875
0 0.33281251788139343 0.4520833492279053 0.16562500596046448 0.19375000894069672
0 0.08281250298023224 0.18958334624767303 0.16250000894069672 0.19375000894069672
0 0.22265625 0.33125001192092896 0.16718749701976776 0.17499999701976776
0 0.14687500894069672 0.46666669845581055 0.16562500596046448 0.17499999701976776
0 0.21171875298023224 0.6041666865348816 0.16718749701976776 0.17499999701976776
0 0.1328125 0.6583333611488342 0.16562500596046448 0.17499999701976776
0 0.08046875149011612 0.8218750357627869 0.15781250596046448 0.15468750894069672
0 0.5367187857627869 0.9177083969116211 0.16093750298023224 0.12343750149011612
0 0.6781250238418579 0.768750011920929 0.16562500596046448 0.15625
0 0.7734375 0.7614583969116211 0.12187500298023224 0.16718749701976776
0 0.8375000357627869 0.7114583849906921 0.18125000596046448 0.20156250894069672
0 0.9429687857627869 0.6208333373069763 0.11406250298023224 0.171875
0 0.936718761920929 0.90520840883255 0.12656250596046448 0.14218750596046448
0 0.867968738079071 0.29375001788139343 0.16093750298023224 0.13750000298023224
0 0.7085937857627869 0.3020833432674408 0.24843750894069672 0.19375000894069672
0 0.5570312738418579 0.09270834177732468 0.16093750298023224 0.13593749701976776
0 0.46015626192092896 0.3958333432674408 0.16093750298023224 0.13750000298023224
0 0.57421875 0.5833333730697632 0.16093750298023224 0.13750000298023224
2 0.2562499940395355 0.7489583492279053 0.05625000223517418 0.0703125
2 0.19687500596046448 0.7802083492279053 0.05625000223517418 0.0703125
2 0.2953124940395355 0.9072917103767395 0.05625000223517418 0.0703125
0 0.22187499701976776 0.08125000447034836 0.18437500298023224 0.11874999850988388
