0 0.7625000113621354 0.4145833549555391 0.1312500019557774 0.1750000026077032
0 0.7593750113155693 0.7145833706017584 0.1312500019557774 0.1750000026077032
0 0.9156250136438757 0.2833333481103182 0.1312500019557774 0.1750000026077032
0 0.7718750115018338 0.11875000619329512 0.1531250022817403 0.1750000026077032
0 0.38203125569270924 0.17500000912696123 0.18281250272411853 0.1406250020954758
0 0.19843750295694917 0.8666667118668556 0.1750000026077032 0.14687500218860805
0 0.13203125196741894 0.3260416836710647 0.2109375031432137 0.12968750193249434
0 0.6031250089872628 0.3291666838340461 0.15625000232830644 0.1750000026077032
0 0.6289062593714334 0.4760416914941743 0.17031250253785402 0.15156250225845724
1 0.48906250728759915 0.6760417019249871 0.4000000059604645 0.34843750519212335
0 0.7625000113621354 0.4145833549555391 0.1312500019557774 0.1750000026077032
0 0.7593750113155693 0.7145833706017584 0.1312500019557774 0.1750000026077032
0 0.9156250136438757 0.2833333481103182 0.1312500019557774 0.1750000026077032
0 0.7718750115018338 0.11875000619329512 0.1531250022817403 0.1750000026077032
0 0.38203125569270924 0.17500000912696123 0.18281250272411853 0.1406250020954758
0 0.19843750295694917 0.8666667118668556 0.1750000026077032 0.14687500218860805
0 0.13203125196741894 0.3260416836710647 0.2109375031432137 0.12968750193249434
0 0.6031250089872628 0.3291666838340461 0.15625000232830644 0.1750000026077032
0 0.6289062593714334 0.4760416914941743 0.17031250253785402 0.15156250225845724
1 0.48906250728759915 0.6760417019249871 0.4000000059604645 0.34843750519212335
0 0.7625000113621354 0.4145833549555391 0.1312500019557774 0.1750000026077032
0 0.7593750113155693 0.7145833706017584 0.1312500019557774 0.1750000026077032
0 0.9156250136438757 0.2833333481103182 0.1312500019557774 0.1750000026077032
0 0.7718750115018338 0.11875000619329512 0.1531250022817403 0.1750000026077032
0 0.38203125569270924 0.17500000912696123 0.18281250272411853 0.1406250020954758
0 0.19843750295694917 0.8666667118668556 0.1750000026077032 0.14687500218860805
0 0.13203125196741894 0.3260416836710647 0.2109375031432137 0.12968750193249434
0 0.6031250089872628 0.3291666838340461 0.15625000232830644 0.1750000026077032
0 0.6289062593714334 0.4760416914941743 0.17031250253785402 0.15156250225845724
1 0.48906250728759915 0.6760417019249871 0.4000000059604645 0.34843750519212335
0 0.7625000113621354 0.4145833549555391 0.1312500019557774 0.1750000026077032
0 0.7593750113155693 0.7145833706017584 0.1312500019557774 0.1750000026077032
0 0.9156250136438757 0.2833333481103182 0.1312500019557774 0.1750000026077032
0 0.7718750115018338 0.11875000619329512 0.1531250022817403 0.1750000026077032
0 0.38203125569270924 0.17500000912696123 0.18281250272411853 0.1406250020954758
0 0.19843750295694917 0.8666667118668556 0.1750000026077032 0.14687500218860805
0 0.13203125196741894 0.3260416836710647 0.2109375031432137 0.12968750193249434
0 0.6031250089872628 0.3291666838340461 0.15625000232830644 0.1750000026077032
0 0.6289062593714334 0.4760416914941743 0.17031250253785402 0.15156250225845724
1 0.48906250728759915 0.6760417019249871 0.4000000059604645 0.34843750519212335
0 0.7625000113621354 0.4145833549555391 0.1312500019557774 0.1750000026077032
0 0.7593750113155693 0.7145833706017584 0.1312500019557774 0.1750000026077032
0 0.9156250136438757 0.2833333481103182 0.1312500019557774 0.1750000026077032
0 0.7718750115018338 0.11875000619329512 0.1531250022817403 0.1750000026077032
0 0.38203125569270924 0.17500000912696123 0.18281250272411853 0.1406250020954758
0 0.19843750295694917 0.8666667118668556 0.1750000026077032 0.14687500218860805
0 0.13203125196741894 0.3260416836710647 0.2109375031432137 0.12968750193249434
0 0.6031250089872628 0.3291666838340461 0.15625000232830644 0.1750000026077032
0 0.6289062593714334 0.4760416914941743 0.17031250253785402 0.15156250225845724
1 0.48906250728759915 0.6760417019249871 0.4000000059604645 0.34843750519212335
0 0.7625000113621354 0.4145833549555391 0.1312500019557774 0.1750000026077032
0 0.7593750113155693 0.7145833706017584 0.1312500019557774 0.1750000026077032
0 0.9156250136438757 0.2833333481103182 0.1312500019557774 0.1750000026077032
0 0.7718750115018338 0.11875000619329512 0.1531250022817403 0.1750000026077032
0 0.38203125569270924 0.17500000912696123 0.18281250272411853 0.1406250020954758
0 0.19843750295694917 0.8666667118668556 0.1750000026077032 0.14687500218860805
0 0.13203125196741894 0.3260416836710647 0.2109375031432137 0.12968750193249434
0 0.6031250089872628 0.3291666838340461 0.15625000232830644 0.1750000026077032
0 0.6289062593714334 0.4760416914941743 0.17031250253785402 0.15156250225845724
1 0.48906250728759915 0.6760417019249871 0.4000000059604645 0.34843750519212335
0 0.7625000113621354 0.4145833549555391 0.1312500019557774 0.1750000026077032
0 0.7593750113155693 0.7145833706017584 0.1312500019557774 0.1750000026077032
0 0.9156250136438757 0.2833333481103182 0.1312500019557774 0.1750000026077032
0 0.7718750115018338 0.11875000619329512 0.1531250022817403 0.1750000026077032
0 0.38203125569270924 0.17500000912696123 0.18281250272411853 0.1406250020954758
0 0.19843750295694917 0.8666667118668556 0.1750000026077032 0.14687500218860805
0 0.13203125196741894 0.3260416836710647 0.2109375031432137 0.12968750193249434
0 0.6031250089872628 0.3291666838340461 0.15625000232830644 0.1750000026077032
0 0.6289062593714334 0.4760416914941743 0.17031250253785402 0.15156250225845724
1 0.48906250728759915 0.6760417019249871 0.4000000059604645 0.34843750519212335
0 0.7625000113621354 0.4145833549555391 0.1312500019557774 0.1750000026077032
0 0.7593750113155693 0.7145833706017584 0.1312500019557774 0.1750000026077032
0 0.9156250136438757 0.2833333481103182 0.1312500019557774 0.1750000026077032
0 0.7718750115018338 0.11875000619329512 0.1531250022817403 0.1750000026077032
0 0.38203125569270924 0.17500000912696123 0.18281250272411853 0.1406250020954758
0 0.19843750295694917 0.8666667118668556 0.1750000026077032 0.14687500218860805
0 0.13203125196741894 0.3260416836710647 0.2109375031432137 0.12968750193249434
0 0.6031250089872628 0.3291666838340461 0.15625000232830644 0.1750000026077032
0 0.6289062593714334 0.4760416914941743 0.17031250253785402 0.15156250225845724
1 0.48906250728759915 0.6760417019249871 0.4000000059604645 0.34843750519212335
0 0.7625000113621354 0.4145833549555391 0.1312500019557774 0.1750000026077032
0 0.7593750113155693 0.7145833706017584 0.1312500019557774 0.1750000026077032
0 0.9156250136438757 0.2833333481103182 0.1312500019557774 0.1750000026077032
0 0.7718750115018338 0.11875000619329512 0.1531250022817403 0.1750000026077032
0 0.38203125569270924 0.17500000912696123 0.18281250272411853 0.1406250020954758
0 0.19843750295694917 0.8666667118668556 0.1750000026077032 0.14687500218860805
0 0.13203125196741894 0.3260416836710647 0.2109375031432137 0.12968750193249434
0 0.6031250089872628 0.3291666838340461 0.15625000232830644 0.1750000026077032
0 0.6289062593714334 0.4760416914941743 0.17031250253785402 0.15156250225845724
1 0.48906250728759915 0.6760417019249871 0.4000000059604645 0.34843750519212335
0 0.7625000113621354 0.4145833549555391 0.1312500019557774 0.1750000026077032
0 0.7593750113155693 0.7145833706017584 0.1312500019557774 0.1750000026077032
0 0.9156250136438757 0.2833333481103182 0.1312500019557774 0.1750000026077032
0 0.7718750115018338 0.11875000619329512 0.1531250022817403 0.1750000026077032
0 0.38203125569270924 0.17500000912696123 0.18281250272411853 0.1406250020954758
0 0.19843750295694917 0.8666667118668556 0.1750000026077032 0.14687500218860805
0 0.13203125196741894 0.3260416836710647 0.2109375031432137 0.12968750193249434
0 0.6031250089872628 0.3291666838340461 0.15625000232830644 0.1750000026077032
0 0.6289062593714334 0.4760416914941743 0.17031250253785402 0.15156250225845724
1 0.48906250728759915 0.6760417019249871 0.4000000059604645 0.34843750519212335
0 0.7625000113621354 0.4145833549555391 0.1312500019557774 0.1750000026077032
0 0.7593750113155693 0.7145833706017584 0.1312500019557774 0.1750000026077032
0 0.9156250136438757 0.2833333481103182 0.1312500019557774 0.1750000026077032
0 0.7718750115018338 0.11875000619329512 0.1531250022817403 0.1750000026077032
0 0.38203125569270924 0.17500000912696123 0.18281250272411853 0.1406250020954758
0 0.19843750295694917 0.8666667118668556 0.1750000026077032 0.14687500218860805
0 0.13203125196741894 0.3260416836710647 0.2109375031432137 0.12968750193249434
0 0.6031250089872628 0.3291666838340461 0.15625000232830644 0.1750000026077032
0 0.6289062593714334 0.4760416914941743 0.17031250253785402 0.15156250225845724
1 0.48906250728759915 0.6760417019249871 0.4000000059604645 0.34843750519212335
0 0.7625000113621354 0.4145833549555391 0.1312500019557774 0.1750000026077032
0 0.7593750113155693 0.7145833706017584 0.1312500019557774 0.1750000026077032
0 0.9156250136438757 0.2833333481103182 0.1312500019557774 0.1750000026077032
0 0.7718750115018338 0.11875000619329512 0.1531250022817403 0.1750000026077032
0 0.38203125569270924 0.17500000912696123 0.18281250272411853 0.1406250020954758
0 0.19843750295694917 0.8666667118668556 0.1750000026077032 0.14687500218860805
0 0.13203125196741894 0.3260416836710647 0.2109375031432137 0.12968750193249434
0 0.6031250089872628 0.3291666838340461 0.15625000232830644 0.1750000026077032
0 0.6289062593714334 0.4760416914941743 0.17031250253785402 0.15156250225845724
1 0.48906250728759915 0.6760417019249871 0.4000000059604645 0.34843750519212335
0 0.7625000113621354 0.4145833549555391 0.1312500019557774 0.1750000026077032
0 0.7593750113155693 0.7145833706017584 0.1312500019557774 0.1750000026077032
0 0.9156250136438757 0.2833333481103182 0.1312500019557774 0.1750000026077032
0 0.7718750115018338 0.11875000619329512 0.1531250022817403 0.1750000026077032
0 0.38203125569270924 0.17500000912696123 0.18281250272411853 0.1406250020954758
0 0.19843750295694917 0.8666667118668556 0.1750000026077032 0.14687500218860805
0 0.13203125196741894 0.3260416836710647 0.2109375031432137 0.12968750193249434
0 0.6031250089872628 0.3291666838340461 0.15625000232830644 0.1750000026077032
0 0.6289062593714334 0.4760416914941743 0.17031250253785402 0.15156250225845724
1 0.48906250728759915 0.6760417019249871 0.4000000059604645 0.34843750519212335
0 0.7625000113621354 0.4145833549555391 0.1312500019557774 0.1750000026077032
0 0.7593750113155693 0.7145833706017584 0.1312500019557774 0.1750000026077032
0 0.9156250136438757 0.2833333481103182 0.1312500019557774 0.1750000026077032
0 0.7718750115018338 0.11875000619329512 0.1531250022817403 0.1750000026077032
0 0.38203125569270924 0.17500000912696123 0.18281250272411853 0.1406250020954758
0 0.19843750295694917 0.8666667118668556 0.1750000026077032 0.14687500218860805
0 0.13203125196741894 0.3260416836710647 0.2109375031432137 0.12968750193249434
0 0.6031250089872628 0.3291666838340461 0.15625000232830644 0.1750000026077032
0 0.6289062593714334 0.4760416914941743 0.17031250253785402 0.15156250225845724
1 0.48906250728759915 0.6760417019249871 0.4000000059604645 0.34843750519212335
0 0.7625000113621354 0.4145833549555391 0.1312500019557774 0.1750000026077032
0 0.7593750113155693 0.7145833706017584 0.1312500019557774 0.1750000026077032
0 0.9156250136438757 0.2833333481103182 0.1312500019557774 0.1750000026077032
0 0.7718750115018338 0.11875000619329512 0.1531250022817403 0.1750000026077032
0 0.38203125569270924 0.17500000912696123 0.18281250272411853 0.1406250020954758
0 0.19843750295694917 0.8666667118668556 0.1750000026077032 0.14687500218860805
0 0.13203125196741894 0.3260416836710647 0.2109375031432137 0.12968750193249434
0 0.6031250089872628 0.3291666838340461 0.15625000232830644 0.1750000026077032
0 0.6289062593714334 0.4760416914941743 0.17031250253785402 0.15156250225845724
1 0.48906250728759915 0.6760417019249871 0.4000000059604645 0.34843750519212335
0 0.762499988079071 0.41458335518836975 0.13125000894069672 0.17499999701976776
0 0.7593750357627869 0.7145833969116211 0.13125000894069672 0.17499999701976776
0 0.9156250357627869 0.28333336114883423 0.13125000894069672 0.17499999701976776
0 0.7718750238418579 0.11875000596046448 0.15312500298023224 0.17499999701976776
0 0.38203126192092896 0.17500001192092896 0.18281249701976776 0.140625
0 0.19843749701976776 0.8666667342185974 0.17499999701976776 0.14687500894069672
0 0.13203124701976776 0.32604169845581055 0.2109375 0.12968750298023224
0 0.6031250357627869 0.3291666805744171 0.15625 0.17499999701976776
0 0.62890625 0.476041704416275 0.17031250894069672 0.15156249701976776
1 0.48906251788139343 0.6760417222976685 0.4000000059604645 0.34843751788139343
0 0.762499988079071 0.41458335518836975 0.13125000894069672 0.17499999701976776
0 0.7593750357627869 0.7145833969116211 0.13125000894069672 0.17499999701976776
0 0.9156250357627869 0.28333336114883423 0.13125000894069672 0.17499999701976776
0 0.7718750238418579 0.11875000596046448 0.15312500298023224 0.17499999701976776
0 0.38203126192092896 0.17500001192092896 0.18281249701976776 0.140625
0 0.19843749701976776 0.8666667342185974 0.17499999701976776 0.14687500894069672
0 0.13203124701976776 0.32604169845581055 0.2109375 0.12968750298023224
0 0.6031250357627869 0.3291666805744171 0.15625 0.17499999701976776
0 0.62890625 0.476041704416275 0.17031250894069672 0.15156249701976776
1 0.48906251788139343 0.6760417222976685 0.4000000059604645 0.34843751788139343
0 0.762499988079071 0.41458335518836975 0.13125000894069672 0.17499999701976776
0 0.7593750357627869 0.7145833969116211 0.13125000894069672 0.17499999701976776
0 0.9156250357627869 0.28333336114883423 0.13125000894069672 0.17499999701976776
0 0.7718750238418579 0.11875000596046448 0.15312500298023224 0.17499999701976776
0 0.38203126192092896 0.17500001192092896 0.18281249701976776 0.140625
0 0.19843749701976776 0.8666667342185974 0.17499999701976776 0.14687500894069672
0 0.13203124701976776 0.32604169845581055 0.2109375 0.12968750298023224
0 0.6031250357627869 0.3291666805744171 0.15625 0.17499999701976776
0 0.62890625 0.476041704416275 0.17031250894069672 0.15156249701976776
1 0.48906251788139343 0.6760417222976685 0.4000000059604645 0.34843751788139343
0 0.762499988079071 0.41458335518836975 0.13125000894069672 0.17499999701976776
0 0.7593750357627869 0.7145833969116211 0.13125000894069672 0.17499999701976776
0 0.9156250357627869 0.28333336114883423 0.13125000894069672 0.17499999701976776
0 0.7718750238418579 0.11875000596046448 0.15312500298023224 0.17499999701976776
0 0.38203126192092896 0.17500001192092896 0.18281249701976776 0.140625
0 0.19843749701976776 0.8666667342185974 0.17499999701976776 0.14687500894069672
0 0.13203124701976776 0.32604169845581055 0.2109375 0.12968750298023224
0 0.6031250357627869 0.3291666805744171 0.15625 0.17499999701976776
0 0.62890625 0.476041704416275 0.17031250894069672 0.15156249701976776
1 0.48906251788139343 0.6760417222976685 0.4000000059604645 0.34843751788139343
0 0.762499988079071 0.41458335518836975 0.13125000894069672 0.17499999701976776
0 0.7593750357627869 0.7145833969116211 0.13125000894069672 0.17499999701976776
0 0.9156250357627869 0.28333336114883423 0.13125000894069672 0.17499999701976776
0 0.7718750238418579 0.11875000596046448 0.15312500298023224 0.17499999701976776
0 0.38203126192092896 0.17500001192092896 0.18281249701976776 0.140625
0 0.19843749701976776 0.8666667342185974 0.17499999701976776 0.14687500894069672
0 0.13203124701976776 0.32604169845581055 0.2109375 0.12968750298023224
0 0.6031250357627869 0.3291666805744171 0.15625 0.17499999701976776
0 0.62890625 0.476041704416275 0.17031250894069672 0.15156249701976776
1 0.48906251788139343 0.6760417222976685 0.4000000059604645 0.34843751788139343
0 0.762499988079071 0.41458335518836975 0.13125000894069672 0.17499999701976776
0 0.7593750357627869 0.7145833969116211 0.13125000894069672 0.17499999701976776
0 0.9156250357627869 0.28333336114883423 0.13125000894069672 0.17499999701976776
0 0.7718750238418579 0.11875000596046448 0.15312500298023224 0.17499999701976776
0 0.38203126192092896 0.17500001192092896 0.18281249701976776 0.140625
0 0.19843749701976776 0.8666667342185974 0.17499999701976776 0.14687500894069672
0 0.13203124701976776 0.32604169845581055 0.2109375 0.12968750298023224
0 0.6031250357627869 0.3291666805744171 0.15625 0.17499999701976776
0 0.62890625 0.476041704416275 0.17031250894069672 0.15156249701976776
1 0.48906251788139343 0.6760417222976685 0.4000000059604645 0.34843751788139343
0 0.762499988079071 0.41458335518836975 0.13125000894069672 0.17499999701976776
0 0.7593750357627869 0.7145833969116211 0.13125000894069672 0.17499999701976776
0 0.9156250357627869 0.28333336114883423 0.13125000894069672 0.17499999701976776
0 0.7718750238418579 0.11875000596046448 0.15312500298023224 0.17499999701976776
0 0.38203126192092896 0.17500001192092896 0.18281249701976776 0.140625
0 0.19843749701976776 0.8666667342185974 0.17499999701976776 0.14687500894069672
0 0.13203124701976776 0.32604169845581055 0.2109375 0.12968750298023224
0 0.6031250357627869 0.3291666805744171 0.15625 0.17499999701976776
0 0.62890625 0.476041704416275 0.17031250894069672 0.15156249701976776
1 0.48906251788139343 0.6760417222976685 0.4000000059604645 0.34843751788139343
