0 0.3562500053085387 0.31145834957715124 0.1312500019557774 0.14843750221189111
0 0.8781250130850822 0.3447916846489534 0.1312500019557774 0.14843750221189111
0 0.9343750139232725 0.7260417045326903 0.1312500019557774 0.14843750221189111
0 0.31640625471482053 0.5250000273808837 0.17656250263098627 0.1625000024214387
0 0.47421875706641003 0.47395835805218667 0.1578125023515895 0.1671875024912879
0 0.3671875054715201 0.7208333709277213 0.14375000214204192 0.16875000251457095
0 0.7343750109430403 0.6239583658752963 0.1625000024214387 0.1671875024912879
0 0.13671875203726813 0.5937500309664756 0.1578125023515895 0.1531250022817403
0 0.21718750323634595 0.09479167161043733 0.19375000288709998 0.13906250207219273
0 0.619531259231735 0.9250000482425094 0.1890625028172508 0.11250000167638063
0 0.6226562592783011 0.4260416888864711 0.1578125023515895 0.1671875024912879
0 0.9203125137137249 0.5250000273808837 0.15937500237487257 0.11875000176951289
0 0.16093750239815563 0.33020835055503994 0.1625000024214387 0.18281250272411853
0 0.19531250291038305 0.790625041234307 0.15937500237487257 0.17031250253785402
1 0.3132812546682544 0.8760417123558 0.07343750109430403 0.0703125010477379
1 0.679687510128133 0.16979167552199215 0.34375000512227416 0.25156250374857336
0 0.3562500053085387 0.31145834957715124 0.1312500019557774 0.14843750221189111
0 0.8781250130850822 0.3447916846489534 0.1312500019557774 0.14843750221189111
0 0.9343750139232725 0.7260417045326903 0.1312500019557774 0.14843750221189111
0 0.31640625471482053 0.5250000273808837 0.17656250263098627 0.1625000024214387
0 0.47421875706641003 0.47395835805218667 0.1578125023515895 0.1671875024912879
0 0.3671875054715201 0.7208333709277213 0.14375000214204192 0.16875000251457095
0 0.7343750109430403 0.6239583658752963 0.1625000024214387 0.1671875024912879
0 0.13671875203726813 0.5937500309664756 0.1578125023515895 0.1531250022817403
0 0.21718750323634595 0.09479167161043733 0.19375000288709998 0.13906250207219273
0 0.619531259231735 0.9250000482425094 0.1890625028172508 0.11250000167638063
0 0.6226562592783011 0.4260416888864711 0.1578125023515895 0.1671875024912879
0 0.9203125137137249 0.5250000273808837 0.15937500237487257 0.11875000176951289
0 0.16093750239815563 0.33020835055503994 0.1625000024214387 0.18281250272411853
0 0.19531250291038305 0.790625041234307 0.15937500237487257 0.17031250253785402
1 0.3132812546682544 0.8760417123558 0.07343750109430403 0.0703125010477379
1 0.679687510128133 0.16979167552199215 0.34375000512227416 0.25156250374857336
0 0.3562500053085387 0.31145834957715124 0.1312500019557774 0.14843750221189111
0 0.8781250130850822 0.3447916846489534 0.1312500019557774 0.14843750221189111
0 0.9343750139232725 0.7260417045326903 0.1312500019557774 0.14843750221189111
0 0.31640625471482053 0.5250000273808837 0.17656250263098627 0.1625000024214387
0 0.47421875706641003 0.47395835805218667 0.1578125023515895 0.1671875024912879
0 0.3671875054715201 0.7208333709277213 0.14375000214204192 0.16875000251457095
0 0.7343750109430403 0.6239583658752963 0.1625000024214387 0.1671875024912879
0 0.13671875203726813 0.5937500309664756 0.1578125023515895 0.1531250022817403
0 0.21718750323634595 0.09479167161043733 0.19375000288709998 0.13906250207219273
0 0.619531259231735 0.9250000482425094 0.1890625028172508 0.11250000167638063
0 0.6226562592783011 0.4260416888864711 0.1578125023515895 0.1671875024912879
0 0.9203125137137249 0.5250000273808837 0.15937500237487257 0.11875000176951289
0 0.16093750239815563 0.33020835055503994 0.1625000024214387 0.18281250272411853
0 0.19531250291038305 0.790625041234307 0.15937500237487257 0.17031250253785402
1 0.3132812546682544 0.8760417123558 0.07343750109430403 0.0703125010477379
1 0.679687510128133 0.16979167552199215 0.34375000512227416 0.25156250374857336
0 0.3562500053085387 0.31145834957715124 0.1312500019557774 0.14843750221189111
0 0.8781250130850822 0.3447916846489534 0.1312500019557774 0.14843750221189111
0 0.9343750139232725 0.7260417045326903 0.1312500019557774 0.14843750221189111
0 0.31640625471482053 0.5250000273808837 0.17656250263098627 0.1625000024214387
0 0.47421875706641003 0.47395835805218667 0.1578125023515895 0.1671875024912879
0 0.3671875054715201 0.7208333709277213 0.14375000214204192 0.16875000251457095
0 0.7343750109430403 0.6239583658752963 0.1625000024214387 0.1671875024912879
0 0.13671875203726813 0.5937500309664756 0.1578125023515895 0.1531250022817403
0 0.21718750323634595 0.09479167161043733 0.19375000288709998 0.13906250207219273
0 0.619531259231735 0.9250000482425094 0.1890625028172508 0.11250000167638063
0 0.6226562592783011 0.4260416888864711 0.1578125023515895 0.1671875024912879
0 0.9203125137137249 0.5250000273808837 0.15937500237487257 0.11875000176951289
0 0.16093750239815563 0.33020835055503994 0.1625000024214387 0.18281250272411853
0 0.19531250291038305 0.790625041234307 0.15937500237487257 0.17031250253785402
1 0.3132812546682544 0.8760417123558 0.07343750109430403 0.0703125010477379
1 0.679687510128133 0.16979167552199215 0.34375000512227416 0.25156250374857336
0 0.3562500053085387 0.31145834957715124 0.1312500019557774 0.14843750221189111
0 0.8781250130850822 0.3447916846489534 0.1312500019557774 0.14843750221189111
0 0.9343750139232725 0.7260417045326903 0.1312500019557774 0.14843750221189111
0 0.31640625471482053 0.5250000273808837 0.17656250263098627 0.1625000024214387
0 0.47421875706641003 0.47395835805218667 0.1578125023515895 0.1671875024912879
0 0.3671875054715201 0.7208333709277213 0.14375000214204192 0.16875000251457095
0 0.7343750109430403 0.6239583658752963 0.1625000024214387 0.1671875024912879
0 0.13671875203726813 0.5937500309664756 0.1578125023515895 0.1531250022817403
0 0.21718750323634595 0.09479167161043733 0.19375000288709998 0.13906250207219273
0 0.619531259231735 0.9250000482425094 0.1890625028172508 0.11250000167638063
0 0.6226562592783011 0.4260416888864711 0.1578125023515895 0.1671875024912879
0 0.9203125137137249 0.5250000273808837 0.15937500237487257 0.11875000176951289
0 0.16093750239815563 0.33020835055503994 0.1625000024214387 0.18281250272411853
0 0.19531250291038305 0.790625041234307 0.15937500237487257 0.17031250253785402
1 0.3132812546682544 0.8760417123558 0.07343750109430403 0.0703125010477379
1 0.679687510128133 0.16979167552199215 0.34375000512227416 0.25156250374857336
0 0.3562500053085387 0.31145834957715124 0.1312500019557774 0.14843750221189111
0 0.8781250130850822 0.3447916846489534 0.1312500019557774 0.14843750221189111
0 0.9343750139232725 0.7260417045326903 0.1312500019557774 0.14843750221189111
0 0.31640625471482053 0.5250000273808837 0.17656250263098627 0.1625000024214387
0 0.47421875706641003 0.47395835805218667 0.1578125023515895 0.1671875024912879
0 0.3671875054715201 0.7208333709277213 0.14375000214204192 0.16875000251457095
0 0.7343750109430403 0.6239583658752963 0.1625000024214387 0.1671875024912879
0 0.13671875203726813 0.5937500309664756 0.1578125023515895 0.1531250022817403
0 0.21718750323634595 0.09479167161043733 0.19375000288709998 0.13906250207219273
0 0.619531259231735 0.9250000482425094 0.1890625028172508 0.11250000167638063
0 0.6226562592783011 0.4260416888864711 0.1578125023515895 0.1671875024912879
0 0.9203125137137249 0.5250000273808837 0.15937500237487257 0.11875000176951289
0 0.16093750239815563 0.33020835055503994 0.1625000024214387 0.18281250272411853
0 0.19531250291038305 0.790625041234307 0.15937500237487257 0.17031250253785402
1 0.3132812546682544 0.8760417123558 0.07343750109430403 0.0703125010477379
1 0.679687510128133 0.16979167552199215 0.34375000512227416 0.25156250374857336
0 0.3562500053085387 0.31145834957715124 0.1312500019557774 0.14843750221189111
0 0.8781250130850822 0.3447916846489534 0.1312500019557774 0.14843750221189111
0 0.9343750139232725 0.7260417045326903 0.1312500019557774 0.14843750221189111
0 0.31640625471482053 0.5250000273808837 0.17656250263098627 0.1625000024214387
0 0.47421875706641003 0.47395835805218667 0.1578125023515895 0.1671875024912879
0 0.3671875054715201 0.7208333709277213 0.14375000214204192 0.16875000251457095
0 0.7343750109430403 0.6239583658752963 0.1625000024214387 0.1671875024912879
0 0.13671875203726813 0.5937500309664756 0.1578125023515895 0.1531250022817403
0 0.21718750323634595 0.09479167161043733 0.19375000288709998 0.13906250207219273
0 0.619531259231735 0.9250000482425094 0.1890625028172508 0.11250000167638063
0 0.6226562592783011 0.4260416888864711 0.1578125023515895 0.1671875024912879
0 0.9203125137137249 0.5250000273808837 0.15937500237487257 0.11875000176951289
0 0.16093750239815563 0.33020835055503994 0.1625000024214387 0.18281250272411853
0 0.19531250291038305 0.790625041234307 0.15937500237487257 0.17031250253785402
1 0.3132812546682544 0.8760417123558 0.07343750109430403 0.0703125010477379
1 0.679687510128133 0.16979167552199215 0.34375000512227416 0.25156250374857336
0 0.3562500053085387 0.31145834957715124 0.1312500019557774 0.14843750221189111
0 0.8781250130850822 0.3447916846489534 0.1312500019557774 0.14843750221189111
0 0.9343750139232725 0.7260417045326903 0.1312500019557774 0.14843750221189111
0 0.31640625471482053 0.5250000273808837 0.17656250263098627 0.1625000024214387
0 0.47421875706641003 0.47395835805218667 0.1578125023515895 0.1671875024912879
0 0.3671875054715201 0.7208333709277213 0.14375000214204192 0.16875000251457095
0 0.7343750109430403 0.6239583658752963 0.1625000024214387 0.1671875024912879
0 0.13671875203726813 0.5937500309664756 0.1578125023515895 0.1531250022817403
0 0.21718750323634595 0.09479167161043733 0.19375000288709998 0.13906250207219273
0 0.619531259231735 0.9250000482425094 0.1890625028172508 0.11250000167638063
0 0.6226562592783011 0.4260416888864711 0.1578125023515895 0.1671875024912879
0 0.9203125137137249 0.5250000273808837 0.15937500237487257 0.11875000176951289
0 0.16093750239815563 0.33020835055503994 0.1625000024214387 0.18281250272411853
0 0.19531250291038305 0.790625041234307 0.15937500237487257 0.17031250253785402
1 0.3132812546682544 0.8760417123558 0.07343750109430403 0.0703125010477379
1 0.679687510128133 0.16979167552199215 0.34375000512227416 0.25156250374857336
0 0.3562500053085387 0.31145834957715124 0.1312500019557774 0.14843750221189111
0 0.8781250130850822 0.3447916846489534 0.1312500019557774 0.14843750221189111
0 0.9343750139232725 0.7260417045326903 0.1312500019557774 0.14843750221189111
0 0.31640625471482053 0.5250000273808837 0.17656250263098627 0.1625000024214387
0 0.47421875706641003 0.47395835805218667 0.1578125023515895 0.1671875024912879
0 0.3671875054715201 0.7208333709277213 0.14375000214204192 0.16875000251457095
0 0.7343750109430403 0.6239583658752963 0.1625000024214387 0.1671875024912879
0 0.13671875203726813 0.5937500309664756 0.1578125023515895 0.1531250022817403
0 0.21718750323634595 0.09479167161043733 0.19375000288709998 0.13906250207219273
0 0.619531259231735 0.9250000482425094 0.1890625028172508 0.11250000167638063
0 0.6226562592783011 0.4260416888864711 0.1578125023515895 0.1671875024912879
0 0.9203125137137249 0.5250000273808837 0.15937500237487257 0.11875000176951289
0 0.16093750239815563 0.33020835055503994 0.1625000024214387 0.18281250272411853
0 0.19531250291038305 0.790625041234307 0.15937500237487257 0.17031250253785402
1 0.3132812546682544 0.8760417123558 0.07343750109430403 0.0703125010477379
1 0.679687510128133 0.16979167552199215 0.34375000512227416 0.25156250374857336
0 0.3562500053085387 0.31145834957715124 0.1312500019557774 0.14843750221189111
0 0.8781250130850822 0.3447916846489534 0.1312500019557774 0.14843750221189111
0 0.9343750139232725 0.7260417045326903 0.1312500019557774 0.14843750221189111
0 0.31640625471482053 0.5250000273808837 0.17656250263098627 0.1625000024214387
0 0.47421875706641003 0.47395835805218667 0.1578125023515895 0.1671875024912879
0 0.3671875054715201 0.7208333709277213 0.14375000214204192 0.16875000251457095
0 0.7343750109430403 0.6239583658752963 0.1625000024214387 0.1671875024912879
0 0.13671875203726813 0.5937500309664756 0.1578125023515895 0.1531250022817403
0 0.21718750323634595 0.09479167161043733 0.19375000288709998 0.13906250207219273
0 0.619531259231735 0.9250000482425094 0.1890625028172508 0.11250000167638063
0 0.6226562592783011 0.4260416888864711 0.1578125023515895 0.1671875024912879
0 0.9203125137137249 0.5250000273808837 0.15937500237487257 0.11875000176951289
0 0.16093750239815563 0.33020835055503994 0.1625000024214387 0.18281250272411853
0 0.19531250291038305 0.790625041234307 0.15937500237487257 0.17031250253785402
1 0.3132812546682544 0.8760417123558 0.07343750109430403 0.0703125010477379
1 0.679687510128133 0.16979167552199215 0.34375000512227416 0.25156250374857336
0 0.3562500053085387 0.31145834957715124 0.1312500019557774 0.14843750221189111
0 0.8781250130850822 0.3447916846489534 0.1312500019557774 0.14843750221189111
0 0.9343750139232725 0.7260417045326903 0.1312500019557774 0.14843750221189111
0 0.31640625471482053 0.5250000273808837 0.17656250263098627 0.1625000024214387
0 0.47421875706641003 0.47395835805218667 0.1578125023515895 0.1671875024912879
0 0.3671875054715201 0.7208333709277213 0.14375000214204192 0.16875000251457095
0 0.7343750109430403 0.6239583658752963 0.1625000024214387 0.1671875024912879
0 0.13671875203726813 0.5937500309664756 0.1578125023515895 0.1531250022817403
0 0.21718750323634595 0.09479167161043733 0.19375000288709998 0.13906250207219273
0 0.619531259231735 0.9250000482425094 0.1890625028172508 0.11250000167638063
0 0.6226562592783011 0.4260416888864711 0.1578125023515895 0.1671875024912879
0 0.9203125137137249 0.5250000273808837 0.15937500237487257 0.11875000176951289
0 0.16093750239815563 0.33020835055503994 0.1625000024214387 0.18281250272411853
0 0.19531250291038305 0.790625041234307 0.15937500237487257 0.17031250253785402
1 0.3132812546682544 0.8760417123558 0.07343750109430403 0.0703125010477379
1 0.679687510128133 0.16979167552199215 0.34375000512227416 0.25156250374857336
0 0.3562500053085387 0.31145834957715124 0.1312500019557774 0.14843750221189111
0 0.8781250130850822 0.3447916846489534 0.1312500019557774 0.14843750221189111
0 0.9343750139232725 0.7260417045326903 0.1312500019557774 0.14843750221189111
0 0.31640625471482053 0.5250000273808837 0.17656250263098627 0.1625000024214387
0 0.47421875706641003 0.47395835805218667 0.1578125023515895 0.1671875024912879
0 0.3671875054715201 0.7208333709277213 0.14375000214204192 0.16875000251457095
0 0.7343750109430403 0.6239583658752963 0.1625000024214387 0.1671875024912879
0 0.13671875203726813 0.5937500309664756 0.1578125023515895 0.1531250022817403
0 0.21718750323634595 0.09479167161043733 0.19375000288709998 0.13906250207219273
0 0.619531259231735 0.9250000482425094 0.1890625028172508 0.11250000167638063
0 0.6226562592783011 0.4260416888864711 0.1578125023515895 0.1671875024912879
0 0.9203125137137249 0.5250000273808837 0.15937500237487257 0.11875000176951289
0 0.16093750239815563 0.33020835055503994 0.1625000024214387 0.18281250272411853
0 0.19531250291038305 0.790625041234307 0.15937500237487257 0.17031250253785402
1 0.3132812546682544 0.8760417123558 0.07343750109430403 0.0703125010477379
1 0.679687510128133 0.16979167552199215 0.34375000512227416 0.25156250374857336
0 0.3562500053085387 0.31145834957715124 0.1312500019557774 0.14843750221189111
0 0.8781250130850822 0.3447916846489534 0.1312500019557774 0.14843750221189111
0 0.9343750139232725 0.7260417045326903 0.1312500019557774 0.14843750221189111
0 0.31640625471482053 0.5250000273808837 0.17656250263098627 0.1625000024214387
0 0.47421875706641003 0.47395835805218667 0.1578125023515895 0.1671875024912879
0 0.3671875054715201 0.7208333709277213 0.14375000214204192 0.16875000251457095
0 0.7343750109430403 0.6239583658752963 0.1625000024214387 0.1671875024912879
0 0.13671875203726813 0.5937500309664756 0.1578125023515895 0.1531250022817403
0 0.21718750323634595 0.09479167161043733 0.19375000288709998 0.13906250207219273
0 0.619531259231735 0.9250000482425094 0.1890625028172508 0.11250000167638063
0 0.6226562592783011 0.4260416888864711 0.1578125023515895 0.1671875024912879
0 0.9203125137137249 0.5250000273808837 0.15937500237487257 0.11875000176951289
0 0.16093750239815563 0.33020835055503994 0.1625000024214387 0.18281250272411853
0 0.19531250291038305 0.790625041234307 0.15937500237487257 0.17031250253785402
1 0.3132812546682544 0.8760417123558 0.07343750109430403 0.0703125010477379
1 0.679687510128133 0.16979167552199215 0.34375000512227416 0.25156250374857336
0 0.3562500053085387 0.31145834957715124 0.1312500019557774 0.14843750221189111
0 0.8781250130850822 0.3447916846489534 0.1312500019557774 0.14843750221189111
0 0.9343750139232725 0.7260417045326903 0.1312500019557774 0.14843750221189111
0 0.31640625471482053 0.5250000273808837 0.17656250263098627 0.1625000024214387
0 0.47421875706641003 0.47395835805218667 0.1578125023515895 0.1671875024912879
0 0.3671875054715201 0.7208333709277213 0.14375000214204192 0.16875000251457095
0 0.7343750109430403 0.6239583658752963 0.1625000024214387 0.1671875024912879
0 0.13671875203726813 0.5937500309664756 0.1578125023515895 0.1531250022817403
0 0.21718750323634595 0.09479167161043733 0.19375000288709998 0.13906250207219273
0 0.619531259231735 0.9250000482425094 0.1890625028172508 0.11250000167638063
0 0.6226562592783011 0.4260416888864711 0.1578125023515895 0.1671875024912879
0 0.9203125137137249 0.5250000273808837 0.15937500237487257 0.11875000176951289
0 0.16093750239815563 0.33020835055503994 0.1625000024214387 0.18281250272411853
0 0.19531250291038305 0.790625041234307 0.15937500237487257 0.17031250253785402
2 0.3132812546682544 0.8760417123558 0.07343750109430403 0.0703125010477379
1 0.679687510128133 0.16979167552199215 0.34375000512227416 0.25156250374857336
0 0.3562500053085387 0.31145834957715124 0.1312500019557774 0.14843750221189111
0 0.8781250130850822 0.3447916846489534 0.1312500019557774 0.14843750221189111
0 0.9343750139232725 0.7260417045326903 0.1312500019557774 0.14843750221189111
0 0.31640625471482053 0.5250000273808837 0.17656250263098627 0.1625000024214387
0 0.47421875706641003 0.47395835805218667 0.1578125023515895 0.1671875024912879
0 0.3671875054715201 0.7208333709277213 0.14375000214204192 0.16875000251457095
0 0.7343750109430403 0.6239583658752963 0.1625000024214387 0.1671875024912879
0 0.13671875203726813 0.5937500309664756 0.1578125023515895 0.1531250022817403
0 0.21718750323634595 0.09479167161043733 0.19375000288709998 0.13906250207219273
0 0.619531259231735 0.9250000482425094 0.1890625028172508 0.11250000167638063
0 0.6226562592783011 0.4260416888864711 0.1578125023515895 0.1671875024912879
0 0.9203125137137249 0.5250000273808837 0.15937500237487257 0.11875000176951289
0 0.16093750239815563 0.33020835055503994 0.1625000024214387 0.18281250272411853
0 0.19531250291038305 0.790625041234307 0.15937500237487257 0.17031250253785402
2 0.3132812546682544 0.8760417123558 0.07343750109430403 0.0703125010477379
1 0.679687510128133 0.16979167552199215 0.34375000512227416 0.25156250374857336
0 0.35625001788139343 0.3114583492279053 0.13125000894069672 0.1484375
0 0.878125011920929 0.3447916805744171 0.13125000894069672 0.1484375
0 0.934374988079071 0.7260417342185974 0.13125000894069672 0.1484375
0 0.31640625 0.5250000357627869 0.17656250298023224 0.16250000894069672
0 0.4742187559604645 0.4739583432674408 0.15781250596046448 0.16718749701976776
0 0.3671875 0.7208333611488342 0.14374999701976776 0.16875000298023224
0 0.734375 0.6239583492279053 0.16250000894069672 0.16718749701976776
0 0.13671875 0.5937500596046448 0.15781250596046448 0.15312500298023224
0 0.21718750894069672 0.09479167312383652 0.19375000894069672 0.13906250894069672
0 0.6195312738418579 0.9250000715255737 0.18906250596046448 0.11250000447034836
0 0.6226562857627869 0.42604169249534607 0.15781250596046448 0.16718749701976776
0 0.9203125238418579 0.5250000357627869 0.15937499701976776 0.11874999850988388
0 0.16093750298023224 0.33020836114883423 0.16250000894069672 0.18281249701976776
0 0.1953125 0.7906250357627869 0.15937499701976776 0.17031250894069672
2 0.31328126788139343 0.8760417103767395 0.07343750447034836 0.0703125
1 0.6796875 0.16979166865348816 0.34375 0.2515625059604645
0 0.35625001788139343 0.3114583492279053 0.13125000894069672 0.1484375
0 0.878125011920929 0.3447916805744171 0.13125000894069672 0.1484375
0 0.934374988079071 0.7260417342185974 0.13125000894069672 0.1484375
0 0.31640625 0.5250000357627869 0.17656250298023224 0.16250000894069672
0 0.4742187559604645 0.4739583432674408 0.15781250596046448 0.16718749701976776
0 0.3671875 0.7208333611488342 0.14374999701976776 0.16875000298023224
0 0.734375 0.6239583492279053 0.16250000894069672 0.16718749701976776
0 0.13671875 0.5937500596046448 0.15781250596046448 0.15312500298023224
0 0.21718750894069672 0.09479167312383652 0.19375000894069672 0.13906250894069672
0 0.6195312738418579 0.9250000715255737 0.18906250596046448 0.11250000447034836
0 0.6226562857627869 0.42604169249534607 0.15781250596046448 0.16718749701976776
0 0.9203125238418579 0.5250000357627869 0.15937499701976776 0.11874999850988388
0 0.16093750298023224 0.33020836114883423 0.16250000894069672 0.18281249701976776
0 0.1953125 0.7906250357627869 0.15937499701976776 0.17031250894069672
2 0.31328126788139343 0.8760417103767395 0.07343750447034836 0.0703125
1 0.6796875 0.16979166865348816 0.34375 0.2515625059604645
0 0.35625001788139343 0.3114583492279053 0.13125000894069672 0.1484375
0 0.878125011920929 0.3447916805744171 0.13125000894069672 0.1484375
0 0.934374988079071 0.7260417342185974 0.13125000894069672 0.1484375
0 0.31640625 0.5250000357627869 0.17656250298023224 0.16250000894069672
0 0.4742187559604645 0.4739583432674408 0.15781250596046448 0.16718749701976776
0 0.3671875 0.7208333611488342 0.14374999701976776 0.16875000298023224
0 0.734375 0.6239583492279053 0.16250000894069672 0.16718749701976776
0 0.13671875 0.5937500596046448 0.15781250596046448 0.15312500298023224
0 0.21718750894069672 0.09479167312383652 0.19375000894069672 0.13906250894069672
0 0.6195312738418579 0.9250000715255737 0.18906250596046448 0.11250000447034836
0 0.6226562857627869 0.42604169249534607 0.15781250596046448 0.16718749701976776
0 0.9203125238418579 0.5250000357627869 0.15937499701976776 0.11874999850988388
0 0.16093750298023224 0.33020836114883423 0.16250000894069672 0.18281249701976776
0 0.1953125 0.7906250357627869 0.15937499701976776 0.17031250894069672
2 0.31328126788139343 0.8760417103767395 0.07343750447034836 0.0703125
1 0.6796875 0.16979166865348816 0.34375 0.2515625059604645
0 0.35625001788139343 0.3114583492279053 0.13125000894069672 0.1484375
0 0.878125011920929 0.3447916805744171 0.13125000894069672 0.1484375
0 0.934374988079071 0.7260417342185974 0.13125000894069672 0.1484375
0 0.31640625 0.5250000357627869 0.17656250298023224 0.16250000894069672
0 0.4742187559604645 0.4739583432674408 0.15781250596046448 0.16718749701976776
0 0.3671875 0.7208333611488342 0.14374999701976776 0.16875000298023224
0 0.734375 0.6239583492279053 0.16250000894069672 0.16718749701976776
0 0.13671875 0.5937500596046448 0.15781250596046448 0.15312500298023224
0 0.21718750894069672 0.09479167312383652 0.19375000894069672 0.13906250894069672
0 0.6195312738418579 0.9250000715255737 0.18906250596046448 0.11250000447034836
0 0.6226562857627869 0.42604169249534607 0.15781250596046448 0.16718749701976776
0 0.9203125238418579 0.5250000357627869 0.15937499701976776 0.11874999850988388
0 0.16093750298023224 0.33020836114883423 0.16250000894069672 0.18281249701976776
0 0.1953125 0.7906250357627869 0.15937499701976776 0.17031250894069672
2 0.31328126788139343 0.8760417103767395 0.07343750447034836 0.0703125
1 0.6796875 0.16979166865348816 0.34375 0.2515625059604645
0 0.35625001788139343 0.3114583492279053 0.13125000894069672 0.1484375
0 0.878125011920929 0.3447916805744171 0.13125000894069672 0.1484375
0 0.934374988079071 0.7260417342185974 0.13125000894069672 0.1484375
0 0.31640625 0.5250000357627869 0.17656250298023224 0.16250000894069672
0 0.4742187559604645 0.4739583432674408 0.15781250596046448 0.16718749701976776
0 0.3671875 0.7208333611488342 0.14374999701976776 0.16875000298023224
0 0.734375 0.6239583492279053 0.16250000894069672 0.16718749701976776
0 0.13671875 0.5937500596046448 0.15781250596046448 0.15312500298023224
0 0.21718750894069672 0.09479167312383652 0.19375000894069672 0.13906250894069672
0 0.6195312738418579 0.9250000715255737 0.18906250596046448 0.11250000447034836
0 0.6226562857627869 0.42604169249534607 0.15781250596046448 0.16718749701976776
0 0.9203125238418579 0.5250000357627869 0.15937499701976776 0.11874999850988388
0 0.16093750298023224 0.33020836114883423 0.16250000894069672 0.18281249701976776
0 0.1953125 0.7906250357627869 0.15937499701976776 0.17031250894069672
2 0.31328126788139343 0.8760417103767395 0.07343750447034836 0.0703125
1 0.6796875 0.16979166865348816 0.34375 0.2515625059604645
0 0.35625001788139343 0.3114583492279053 0.13125000894069672 0.1484375
0 0.878125011920929 0.3447916805744171 0.13125000894069672 0.1484375
0 0.934374988079071 0.7260417342185974 0.13125000894069672 0.1484375
0 0.31640625 0.5250000357627869 0.17656250298023224 0.16250000894069672
0 0.4742187559604645 0.4739583432674408 0.15781250596046448 0.16718749701976776
0 0.3671875 0.7208333611488342 0.14374999701976776 0.16875000298023224
0 0.734375 0.6239583492279053 0.16250000894069672 0.16718749701976776
0 0.13671875 0.5937500596046448 0.15781250596046448 0.15312500298023224
0 0.21718750894069672 0.09479167312383652 0.19375000894069672 0.13906250894069672
0 0.6195312738418579 0.9250000715255737 0.18906250596046448 0.11250000447034836
0 0.6226562857627869 0.42604169249534607 0.15781250596046448 0.16718749701976776
0 0.9203125238418579 0.5250000357627869 0.15937499701976776 0.11874999850988388
0 0.16093750298023224 0.33020836114883423 0.16250000894069672 0.18281249701976776
0 0.1953125 0.7906250357627869 0.15937499701976776 0.17031250894069672
2 0.31328126788139343 0.8760417103767395 0.07343750447034836 0.0703125
1 0.6796875 0.16979166865348816 0.34375 0.2515625059604645
0 0.35625001788139343 0.3114583492279053 0.13125000894069672 0.1484375
0 0.878125011920929 0.3447916805744171 0.13125000894069672 0.1484375
0 0.934374988079071 0.7260417342185974 0.13125000894069672 0.1484375
0 0.31640625 0.5250000357627869 0.17656250298023224 0.16250000894069672
0 0.4742187559604645 0.4739583432674408 0.15781250596046448 0.16718749701976776
0 0.3671875 0.7208333611488342 0.14374999701976776 0.16875000298023224
0 0.734375 0.6239583492279053 0.16250000894069672 0.16718749701976776
0 0.13671875 0.5937500596046448 0.15781250596046448 0.15312500298023224
0 0.21718750894069672 0.09479167312383652 0.19375000894069672 0.13906250894069672
0 0.6195312738418579 0.9250000715255737 0.18906250596046448 0.11250000447034836
0 0.6226562857627869 0.42604169249534607 0.15781250596046448 0.16718749701976776
0 0.9203125238418579 0.5250000357627869 0.15937499701976776 0.11874999850988388
0 0.16093750298023224 0.33020836114883423 0.16250000894069672 0.18281249701976776
0 0.1953125 0.7906250357627869 0.15937499701976776 0.17031250894069672
2 0.31328126788139343 0.8760417103767395 0.07343750447034836 0.0703125
1 0.6796875 0.16979166865348816 0.34375 0.2515625059604645
