0 0.7890625117579475 0.432291689212434 0.15000000223517418 0.1359375020256266
0 0.8492187626543455 0.6375000332482159 0.13281250197906047 0.1406250020954758
0 0.9453125140862539 0.7385417051846161 0.1093750016298145 0.16093750239815563
0 0.8210937622352503 0.8312500433530658 0.1671875024912879 0.14375000214204192
0 0.1406250020954758 0.7427083720685914 0.14375000214204192 0.14531250216532499
0 0.12734375189756975 0.9093750474276021 0.17656250263098627 0.13281250197906047
0 0.28515625424915925 0.6958333696238697 0.19218750286381692 0.18750000279396772
0 0.32890625490108505 0.40520835446659476 0.15156250225845724 0.17031250253785402
0 0.09140625136205927 0.09166667144745588 0.12343750183936208 0.13437500200234354
0 0.3179687547381036 0.1916666766628623 0.1578125023515895 0.1406250020954758
0 0.4296875064028427 0.9322917152894661 0.13437500200234354 0.10156250151339918
0 0.22421875334111974 0.2041666773147881 0.15156250225845724 0.18750000279396772
0 0.9484375141328201 0.529166694264859 0.10312500153668225 0.14375000214204192
0 0.42656250635627657 0.5552083622897044 0.15000000223517418 0.1359375020256266
1 0.5257812578347512 0.3208333500660956 0.37968750565778464 0.3562500053085387
0 0.7890625117579475 0.432291689212434 0.15000000223517418 0.1359375020256266
0 0.8492187626543455 0.6375000332482159 0.13281250197906047 0.1406250020954758
0 0.9453125140862539 0.7385417051846161 0.1093750016298145 0.16093750239815563
0 0.8210937622352503 0.8312500433530658 0.1671875024912879 0.14375000214204192
0 0.1406250020954758 0.7427083720685914 0.14375000214204192 0.14531250216532499
0 0.12734375189756975 0.9093750474276021 0.17656250263098627 0.13281250197906047
0 0.28515625424915925 0.6958333696238697 0.19218750286381692 0.18750000279396772
0 0.32890625490108505 0.40520835446659476 0.15156250225845724 0.17031250253785402
0 0.09140625136205927 0.09166667144745588 0.12343750183936208 0.13437500200234354
0 0.3179687547381036 0.1916666766628623 0.1578125023515895 0.1406250020954758
0 0.4296875064028427 0.9322917152894661 0.13437500200234354 0.10156250151339918
0 0.22421875334111974 0.2041666773147881 0.15156250225845724 0.18750000279396772
0 0.9484375141328201 0.529166694264859 0.10312500153668225 0.14375000214204192
0 0.42656250635627657 0.5552083622897044 0.15000000223517418 0.1359375020256266
1 0.5257812578347512 0.3208333500660956 0.37968750565778464 0.3562500053085387
0 0.7890625117579475 0.432291689212434 0.15000000223517418 0.1359375020256266
0 0.8492187626543455 0.6375000332482159 0.13281250197906047 0.1406250020954758
0 0.9453125140862539 0.7385417051846161 0.1093750016298145 0.16093750239815563
0 0.8210937622352503 0.8312500433530658 0.1671875024912879 0.14375000214204192
0 0.1406250020954758 0.7427083720685914 0.14375000214204192 0.14531250216532499
0 0.12734375189756975 0.9093750474276021 0.17656250263098627 0.13281250197906047
0 0.28515625424915925 0.6958333696238697 0.19218750286381692 0.18750000279396772
0 0.32890625490108505 0.40520835446659476 0.15156250225845724 0.17031250253785402
0 0.09140625136205927 0.09166667144745588 0.12343750183936208 0.13437500200234354
0 0.3179687547381036 0.1916666766628623 0.1578125023515895 0.1406250020954758
0 0.4296875064028427 0.9322917152894661 0.13437500200234354 0.10156250151339918
0 0.22421875334111974 0.2041666773147881 0.15156250225845724 0.18750000279396772
0 0.9484375141328201 0.529166694264859 0.10312500153668225 0.14375000214204192
0 0.42656250635627657 0.5552083622897044 0.15000000223517418 0.1359375020256266
1 0.5257812578347512 0.3208333500660956 0.37968750565778464 0.3562500053085387
0 0.7890625117579475 0.432291689212434 0.15000000223517418 0.1359375020256266
0 0.8492187626543455 0.6375000332482159 0.13281250197906047 0.1406250020954758
0 0.9453125140862539 0.7385417051846161 0.1093750016298145 0.16093750239815563
0 0.8210937622352503 0.8312500433530658 0.1671875024912879 0.14375000214204192
0 0.1406250020954758 0.7427083720685914 0.14375000214204192 0.14531250216532499
0 0.12734375189756975 0.9093750474276021 0.17656250263098627 0.13281250197906047
0 0.28515625424915925 0.6958333696238697 0.19218750286381692 0.18750000279396772
0 0.32890625490108505 0.40520835446659476 0.15156250225845724 0.17031250253785402
0 0.09140625136205927 0.09166667144745588 0.12343750183936208 0.13437500200234354
0 0.3179687547381036 0.1916666766628623 0.1578125023515895 0.1406250020954758
0 0.4296875064028427 0.9322917152894661 0.13437500200234354 0.10156250151339918
0 0.22421875334111974 0.2041666773147881 0.15156250225845724 0.18750000279396772
0 0.9484375141328201 0.529166694264859 0.10312500153668225 0.14375000214204192
0 0.42656250635627657 0.5552083622897044 0.15000000223517418 0.1359375020256266
1 0.5257812578347512 0.3208333500660956 0.37968750565778464 0.3562500053085387
0 0.7890625117579475 0.432291689212434 0.15000000223517418 0.1359375020256266
0 0.8492187626543455 0.6375000332482159 0.13281250197906047 0.1406250020954758
0 0.9453125140862539 0.7385417051846161 0.1093750016298145 0.16093750239815563
0 0.8210937622352503 0.8312500433530658 0.1671875024912879 0.14375000214204192
0 0.1406250020954758 0.7427083720685914 0.14375000214204192 0.14531250216532499
0 0.12734375189756975 0.9093750474276021 0.17656250263098627 0.13281250197906047
0 0.28515625424915925 0.6958333696238697 0.19218750286381692 0.18750000279396772
0 0.32890625490108505 0.40520835446659476 0.15156250225845724 0.17031250253785402
0 0.09140625136205927 0.09166667144745588 0.12343750183936208 0.13437500200234354
0 0.3179687547381036 0.1916666766628623 0.1578125023515895 0.1406250020954758
0 0.4296875064028427 0.9322917152894661 0.13437500200234354 0.10156250151339918
0 0.22421875334111974 0.2041666773147881 0.15156250225845724 0.18750000279396772
0 0.9484375141328201 0.529166694264859 0.10312500153668225 0.14375000214204192
0 0.42656250635627657 0.5552083622897044 0.15000000223517418 0.1359375020256266
1 0.5257812578347512 0.3208333500660956 0.37968750565778464 0.3562500053085387
0 0.7890625117579475 0.432291689212434 0.15000000223517418 0.1359375020256266
0 0.8492187626543455 0.6375000332482159 0.13281250197906047 0.1406250020954758
0 0.9453125140862539 0.7385417051846161 0.1093750016298145 0.16093750239815563
0 0.8210937622352503 0.8312500433530658 0.1671875024912879 0.14375000214204192
0 0.1406250020954758 0.7427083720685914 0.14375000214204192 0.14531250216532499
0 0.12734375189756975 0.9093750474276021 0.17656250263098627 0.13281250197906047
0 0.28515625424915925 0.6958333696238697 0.19218750286381692 0.18750000279396772
0 0.32890625490108505 0.40520835446659476 0.15156250225845724 0.17031250253785402
0 0.09140625136205927 0.09166667144745588 0.12343750183936208 0.13437500200234354
0 0.3179687547381036 0.1916666766628623 0.1578125023515895 0.1406250020954758
0 0.4296875064028427 0.9322917152894661 0.13437500200234354 0.10156250151339918
0 0.22421875334111974 0.2041666773147881 0.15156250225845724 0.18750000279396772
0 0.9484375141328201 0.529166694264859 0.10312500153668225 0.14375000214204192
0 0.42656250635627657 0.5552083622897044 0.15000000223517418 0.1359375020256266
1 0.5257812578347512 0.3208333500660956 0.37968750565778464 0.3562500053085387
0 0.7890625117579475 0.432291689212434 0.15000000223517418 0.1359375020256266
0 0.8492187626543455 0.6375000332482159 0.13281250197906047 0.1406250020954758
0 0.9453125140862539 0.7385417051846161 0.1093750016298145 0.16093750239815563
0 0.8210937622352503 0.8312500433530658 0.1671875024912879 0.14375000214204192
0 0.1406250020954758 0.7427083720685914 0.14375000214204192 0.14531250216532499
0 0.12734375189756975 0.9093750474276021 0.17656250263098627 0.13281250197906047
0 0.28515625424915925 0.6958333696238697 0.19218750286381692 0.18750000279396772
0 0.32890625490108505 0.40520835446659476 0.15156250225845724 0.17031250253785402
0 0.09140625136205927 0.09166667144745588 0.12343750183936208 0.13437500200234354
0 0.3179687547381036 0.1916666766628623 0.1578125023515895 0.1406250020954758
0 0.4296875064028427 0.9322917152894661 0.13437500200234354 0.10156250151339918
0 0.22421875334111974 0.2041666773147881 0.15156250225845724 0.18750000279396772
0 0.9484375141328201 0.529166694264859 0.10312500153668225 0.14375000214204192
0 0.42656250635627657 0.5552083622897044 0.15000000223517418 0.1359375020256266
1 0.5257812578347512 0.3208333500660956 0.37968750565778464 0.3562500053085387
0 0.7890625117579475 0.432291689212434 0.15000000223517418 0.1359375020256266
0 0.8492187626543455 0.6375000332482159 0.13281250197906047 0.1406250020954758
0 0.9453125140862539 0.7385417051846161 0.1093750016298145 0.16093750239815563
0 0.8210937622352503 0.8312500433530658 0.1671875024912879 0.14375000214204192
0 0.1406250020954758 0.7427083720685914 0.14375000214204192 0.14531250216532499
0 0.12734375189756975 0.9093750474276021 0.17656250263098627 0.13281250197906047
0 0.28515625424915925 0.6958333696238697 0.19218750286381692 0.18750000279396772
0 0.32890625490108505 0.40520835446659476 0.15156250225845724 0.17031250253785402
0 0.09140625136205927 0.09166667144745588 0.12343750183936208 0.13437500200234354
0 0.3179687547381036 0.1916666766628623 0.1578125023515895 0.1406250020954758
0 0.4296875064028427 0.9322917152894661 0.13437500200234354 0.10156250151339918
0 0.22421875334111974 0.2041666773147881 0.15156250225845724 0.18750000279396772
0 0.9484375141328201 0.529166694264859 0.10312500153668225 0.14375000214204192
0 0.42656250635627657 0.5552083622897044 0.15000000223517418 0.1359375020256266
1 0.5257812578347512 0.3208333500660956 0.37968750565778464 0.3562500053085387
0 0.7890625117579475 0.432291689212434 0.15000000223517418 0.1359375020256266
0 0.8492187626543455 0.6375000332482159 0.13281250197906047 0.1406250020954758
0 0.9453125140862539 0.7385417051846161 0.1093750016298145 0.16093750239815563
0 0.8210937622352503 0.8312500433530658 0.1671875024912879 0.14375000214204192
0 0.1406250020954758 0.7427083720685914 0.14375000214204192 0.14531250216532499
0 0.12734375189756975 0.9093750474276021 0.17656250263098627 0.13281250197906047
0 0.28515625424915925 0.6958333696238697 0.19218750286381692 0.18750000279396772
0 0.32890625490108505 0.40520835446659476 0.15156250225845724 0.17031250253785402
0 0.09140625136205927 0.09166667144745588 0.12343750183936208 0.13437500200234354
0 0.3179687547381036 0.1916666766628623 0.1578125023515895 0.1406250020954758
0 0.4296875064028427 0.9322917152894661 0.13437500200234354 0.10156250151339918
0 0.22421875334111974 0.2041666773147881 0.15156250225845724 0.18750000279396772
0 0.9484375141328201 0.529166694264859 0.10312500153668225 0.14375000214204192
0 0.42656250635627657 0.5552083622897044 0.15000000223517418 0.1359375020256266
1 0.5257812578347512 0.3208333500660956 0.37968750565778464 0.3562500053085387
0 0.7890625117579475 0.432291689212434 0.15000000223517418 0.1359375020256266
0 0.8492187626543455 0.6375000332482159 0.13281250197906047 0.1406250020954758
0 0.9453125140862539 0.7385417051846161 0.1093750016298145 0.16093750239815563
0 0.8210937622352503 0.8312500433530658 0.1671875024912879 0.14375000214204192
0 0.1406250020954758 0.7427083720685914 0.14375000214204192 0.14531250216532499
0 0.12734375189756975 0.9093750474276021 0.17656250263098627 0.13281250197906047
0 0.28515625424915925 0.6958333696238697 0.19218750286381692 0.18750000279396772
0 0.32890625490108505 0.40520835446659476 0.15156250225845724 0.17031250253785402
0 0.09140625136205927 0.09166667144745588 0.12343750183936208 0.13437500200234354
0 0.3179687547381036 0.1916666766628623 0.1578125023515895 0.1406250020954758
0 0.4296875064028427 0.9322917152894661 0.13437500200234354 0.10156250151339918
0 0.22421875334111974 0.2041666773147881 0.15156250225845724 0.18750000279396772
0 0.9484375141328201 0.529166694264859 0.10312500153668225 0.14375000214204192
0 0.42656250635627657 0.5552083622897044 0.15000000223517418 0.1359375020256266
1 0.5257812578347512 0.3208333500660956 0.37968750565778464 0.3562500053085387
0 0.7890625117579475 0.432291689212434 0.15000000223517418 0.1359375020256266
0 0.8492187626543455 0.6375000332482159 0.13281250197906047 0.1406250020954758
0 0.9453125140862539 0.7385417051846161 0.1093750016298145 0.16093750239815563
0 0.8210937622352503 0.8312500433530658 0.1671875024912879 0.14375000214204192
0 0.1406250020954758 0.7427083720685914 0.14375000214204192 0.14531250216532499
0 0.12734375189756975 0.9093750474276021 0.17656250263098627 0.13281250197906047
0 0.28515625424915925 0.6958333696238697 0.19218750286381692 0.18750000279396772
0 0.32890625490108505 0.40520835446659476 0.15156250225845724 0.17031250253785402
0 0.09140625136205927 0.09166667144745588 0.12343750183936208 0.13437500200234354
0 0.3179687547381036 0.1916666766628623 0.1578125023515895 0.1406250020954758
0 0.4296875064028427 0.9322917152894661 0.13437500200234354 0.10156250151339918
0 0.22421875334111974 0.2041666773147881 0.15156250225845724 0.18750000279396772
0 0.9484375141328201 0.529166694264859 0.10312500153668225 0.14375000214204192
0 0.42656250635627657 0.5552083622897044 0.15000000223517418 0.1359375020256266
1 0.5257812578347512 0.3208333500660956 0.37968750565778464 0.3562500053085387
0 0.7890625117579475 0.432291689212434 0.15000000223517418 0.1359375020256266
0 0.8492187626543455 0.6375000332482159 0.13281250197906047 0.1406250020954758
0 0.9453125140862539 0.7385417051846161 0.1093750016298145 0.16093750239815563
0 0.8210937622352503 0.8312500433530658 0.1671875024912879 0.14375000214204192
0 0.1406250020954758 0.7427083720685914 0.14375000214204192 0.14531250216532499
0 0.12734375189756975 0.9093750474276021 0.17656250263098627 0.13281250197906047
0 0.28515625424915925 0.6958333696238697 0.19218750286381692 0.18750000279396772
0 0.32890625490108505 0.40520835446659476 0.15156250225845724 0.17031250253785402
0 0.09140625136205927 0.09166667144745588 0.12343750183936208 0.13437500200234354
0 0.3179687547381036 0.1916666766628623 0.1578125023515895 0.1406250020954758
0 0.4296875064028427 0.9322917152894661 0.13437500200234354 0.10156250151339918
0 0.22421875334111974 0.2041666773147881 0.15156250225845724 0.18750000279396772
0 0.9484375141328201 0.529166694264859 0.10312500153668225 0.14375000214204192
0 0.42656250635627657 0.5552083622897044 0.15000000223517418 0.1359375020256266
1 0.5257812578347512 0.3208333500660956 0.37968750565778464 0.3562500053085387
0 0.7890625117579475 0.432291689212434 0.15000000223517418 0.1359375020256266
0 0.8492187626543455 0.6375000332482159 0.13281250197906047 0.1406250020954758
0 0.9453125140862539 0.7385417051846161 0.1093750016298145 0.16093750239815563
0 0.8210937622352503 0.8312500433530658 0.1671875024912879 0.14375000214204192
0 0.1406250020954758 0.7427083720685914 0.14375000214204192 0.14531250216532499
0 0.12734375189756975 0.9093750474276021 0.17656250263098627 0.13281250197906047
0 0.28515625424915925 0.6958333696238697 0.19218750286381692 0.18750000279396772
0 0.32890625490108505 0.40520835446659476 0.15156250225845724 0.17031250253785402
0 0.09140625136205927 0.09166667144745588 0.12343750183936208 0.13437500200234354
0 0.3179687547381036 0.1916666766628623 0.1578125023515895 0.1406250020954758
0 0.4296875064028427 0.9322917152894661 0.13437500200234354 0.10156250151339918
0 0.22421875334111974 0.2041666773147881 0.15156250225845724 0.18750000279396772
0 0.9484375141328201 0.529166694264859 0.10312500153668225 0.14375000214204192
0 0.42656250635627657 0.5552083622897044 0.15000000223517418 0.1359375020256266
1 0.5257812578347512 0.3208333500660956 0.37968750565778464 0.3562500053085387
0 0.7890625117579475 0.432291689212434 0.15000000223517418 0.1359375020256266
0 0.8492187626543455 0.6375000332482159 0.13281250197906047 0.1406250020954758
0 0.9453125140862539 0.7385417051846161 0.1093750016298145 0.16093750239815563
0 0.8210937622352503 0.8312500433530658 0.1671875024912879 0.14375000214204192
0 0.1406250020954758 0.7427083720685914 0.14375000214204192 0.14531250216532499
0 0.12734375189756975 0.9093750474276021 0.17656250263098627 0.13281250197906047
0 0.28515625424915925 0.6958333696238697 0.19218750286381692 0.18750000279396772
0 0.32890625490108505 0.40520835446659476 0.15156250225845724 0.17031250253785402
0 0.09140625136205927 0.09166667144745588 0.12343750183936208 0.13437500200234354
0 0.3179687547381036 0.1916666766628623 0.1578125023515895 0.1406250020954758
0 0.4296875064028427 0.9322917152894661 0.13437500200234354 0.10156250151339918
0 0.22421875334111974 0.2041666773147881 0.15156250225845724 0.18750000279396772
0 0.9484375141328201 0.529166694264859 0.10312500153668225 0.14375000214204192
0 0.42656250635627657 0.5552083622897044 0.15000000223517418 0.1359375020256266
1 0.5257812578347512 0.3208333500660956 0.37968750565778464 0.3562500053085387
0 0.7890625117579475 0.432291689212434 0.15000000223517418 0.1359375020256266
0 0.8492187626543455 0.6375000332482159 0.13281250197906047 0.1406250020954758
0 0.9453125140862539 0.7385417051846161 0.1093750016298145 0.16093750239815563
0 0.8210937622352503 0.8312500433530658 0.1671875024912879 0.14375000214204192
0 0.1406250020954758 0.7427083720685914 0.14375000214204192 0.14531250216532499
0 0.12734375189756975 0.9093750474276021 0.17656250263098627 0.13281250197906047
0 0.28515625424915925 0.6958333696238697 0.19218750286381692 0.18750000279396772
0 0.32890625490108505 0.40520835446659476 0.15156250225845724 0.17031250253785402
0 0.09140625136205927 0.09166667144745588 0.12343750183936208 0.13437500200234354
0 0.3179687547381036 0.1916666766628623 0.1578125023515895 0.1406250020954758
0 0.4296875064028427 0.9322917152894661 0.13437500200234354 0.10156250151339918
0 0.22421875334111974 0.2041666773147881 0.15156250225845724 0.18750000279396772
0 0.9484375141328201 0.529166694264859 0.10312500153668225 0.14375000214204192
0 0.42656250635627657 0.5552083622897044 0.15000000223517418 0.1359375020256266
1 0.5257812578347512 0.3208333500660956 0.37968750565778464 0.3562500053085387
0 0.7890625 0.4322916865348816 0.15000000596046448 0.13593749701976776
0 0.8492187857627869 0.6375000476837158 0.1328125 0.140625
0 0.9453125 0.7385417222976685 0.109375 0.16093750298023224
0 0.821093738079071 0.8312500715255737 0.16718749701976776 0.14374999701976776
0 0.140625 0.7427083849906921 0.14374999701976776 0.14531250298023224
0 0.12734375894069672 0.9093750715255737 0.17656250298023224 0.1328125
0 0.28515625 0.6958333849906921 0.19218750298023224 0.1875
0 0.32890626788139343 0.4052083492279053 0.15156249701976776 0.17031250894069672
0 0.09140624850988388 0.09166666865348816 0.12343750149011612 0.13437500596046448
0 0.3179687559604645 0.19166667759418488 0.15781250596046448 0.140625
0 0.4296875 0.9322916865348816 0.13437500596046448 0.1015625
0 0.22421875596046448 0.20416668057441711 0.15156249701976776 0.1875
0 0.948437511920929 0.5291666984558105 0.10312499850988388 0.14374999701976776
0 0.42656251788139343 0.5552083849906921 0.15000000596046448 0.13593749701976776
1 0.5257812738418579 0.32083335518836975 0.37968751788139343 0.35625001788139343
0 0.7890625 0.4322916865348816 0.15000000596046448 0.13593749701976776
0 0.8492187857627869 0.6375000476837158 0.1328125 0.140625
0 0.9453125 0.7385417222976685 0.109375 0.16093750298023224
0 0.821093738079071 0.8312500715255737 0.16718749701976776 0.14374999701976776
0 0.140625 0.7427083849906921 0.14374999701976776 0.14531250298023224
0 0.12734375894069672 0.9093750715255737 0.17656250298023224 0.1328125
0 0.28515625 0.6958333849906921 0.19218750298023224 0.1875
0 0.32890626788139343 0.4052083492279053 0.15156249701976776 0.17031250894069672
0 0.09140624850988388 0.09166666865348816 0.12343750149011612 0.13437500596046448
0 0.3179687559604645 0.19166667759418488 0.15781250596046448 0.140625
0 0.4296875 0.9322916865348816 0.13437500596046448 0.1015625
0 0.22421875596046448 0.20416668057441711 0.15156249701976776 0.1875
0 0.948437511920929 0.5291666984558105 0.10312499850988388 0.14374999701976776
0 0.42656251788139343 0.5552083849906921 0.15000000596046448 0.13593749701976776
1 0.5257812738418579 0.32083335518836975 0.37968751788139343 0.35625001788139343
0 0.7890625 0.4322916865348816 0.15000000596046448 0.13593749701976776
0 0.8492187857627869 0.6375000476837158 0.1328125 0.140625
0 0.9453125 0.7385417222976685 0.109375 0.16093750298023224
0 0.821093738079071 0.8312500715255737 0.16718749701976776 0.14374999701976776
0 0.140625 0.7427083849906921 0.14374999701976776 0.14531250298023224
0 0.12734375894069672 0.9093750715255737 0.17656250298023224 0.1328125
0 0.28515625 0.6958333849906921 0.19218750298023224 0.1875
0 0.32890626788139343 0.4052083492279053 0.15156249701976776 0.17031250894069672
0 0.09140624850988388 0.09166666865348816 0.12343750149011612 0.13437500596046448
0 0.3179687559604645 0.19166667759418488 0.15781250596046448 0.140625
0 0.4296875 0.9322916865348816 0.13437500596046448 0.1015625
0 0.22421875596046448 0.20416668057441711 0.15156249701976776 0.1875
0 0.948437511920929 0.5291666984558105 0.10312499850988388 0.14374999701976776
0 0.42656251788139343 0.5552083849906921 0.15000000596046448 0.13593749701976776
1 0.5257812738418579 0.32083335518836975 0.37968751788139343 0.35625001788139343
0 0.7890625 0.4322916865348816 0.15000000596046448 0.13593749701976776
0 0.8492187857627869 0.6375000476837158 0.1328125 0.140625
0 0.9453125 0.7385417222976685 0.109375 0.16093750298023224
0 0.821093738079071 0.8312500715255737 0.16718749701976776 0.14374999701976776
0 0.140625 0.7427083849906921 0.14374999701976776 0.14531250298023224
0 0.12734375894069672 0.9093750715255737 0.17656250298023224 0.1328125
0 0.28515625 0.6958333849906921 0.19218750298023224 0.1875
0 0.32890626788139343 0.4052083492279053 0.15156249701976776 0.17031250894069672
0 0.09140624850988388 0.09166666865348816 0.12343750149011612 0.13437500596046448
0 0.3179687559604645 0.19166667759418488 0.15781250596046448 0.140625
0 0.4296875 0.9322916865348816 0.13437500596046448 0.1015625
0 0.22421875596046448 0.20416668057441711 0.15156249701976776 0.1875
0 0.948437511920929 0.5291666984558105 0.10312499850988388 0.14374999701976776
0 0.42656251788139343 0.5552083849906921 0.15000000596046448 0.13593749701976776
1 0.5257812738418579 0.32083335518836975 0.37968751788139343 0.35625001788139343
0 0.7890625 0.4322916865348816 0.15000000596046448 0.13593749701976776
0 0.8492187857627869 0.6375000476837158 0.1328125 0.140625
0 0.9453125 0.7385417222976685 0.109375 0.16093750298023224
0 0.821093738079071 0.8312500715255737 0.16718749701976776 0.14374999701976776
0 0.140625 0.7427083849906921 0.14374999701976776 0.14531250298023224
0 0.12734375894069672 0.9093750715255737 0.17656250298023224 0.1328125
0 0.28515625 0.6958333849906921 0.19218750298023224 0.1875
0 0.32890626788139343 0.4052083492279053 0.15156249701976776 0.17031250894069672
0 0.09140624850988388 0.09166666865348816 0.12343750149011612 0.13437500596046448
0 0.3179687559604645 0.19166667759418488 0.15781250596046448 0.140625
0 0.4296875 0.9322916865348816 0.13437500596046448 0.1015625
0 0.22421875596046448 0.20416668057441711 0.15156249701976776 0.1875
0 0.948437511920929 0.5291666984558105 0.10312499850988388 0.14374999701976776
0 0.42656251788139343 0.5552083849906921 0.15000000596046448 0.13593749701976776
1 0.5257812738418579 0.32083335518836975 0.37968751788139343 0.35625001788139343
0 0.7890625 0.4322916865348816 0.15000000596046448 0.13593749701976776
0 0.8492187857627869 0.6375000476837158 0.1328125 0.140625
0 0.9453125 0.7385417222976685 0.109375 0.16093750298023224
0 0.821093738079071 0.8312500715255737 0.16718749701976776 0.14374999701976776
0 0.140625 0.7427083849906921 0.14374999701976776 0.14531250298023224
0 0.12734375894069672 0.9093750715255737 0.17656250298023224 0.1328125
0 0.28515625 0.6958333849906921 0.19218750298023224 0.1875
0 0.32890626788139343 0.4052083492279053 0.15156249701976776 0.17031250894069672
0 0.09140624850988388 0.09166666865348816 0.12343750149011612 0.13437500596046448
0 0.3179687559604645 0.19166667759418488 0.15781250596046448 0.140625
0 0.4296875 0.9322916865348816 0.13437500596046448 0.1015625
0 0.22421875596046448 0.20416668057441711 0.15156249701976776 0.1875
0 0.948437511920929 0.5291666984558105 0.10312499850988388 0.14374999701976776
0 0.42656251788139343 0.5552083849906921 0.15000000596046448 0.13593749701976776
1 0.5257812738418579 0.32083335518836975 0.37968751788139343 0.35625001788139343
0 0.7890625 0.4322916865348816 0.15000000596046448 0.13593749701976776
0 0.8492187857627869 0.6375000476837158 0.1328125 0.140625
0 0.9453125 0.7385417222976685 0.109375 0.16093750298023224
0 0.821093738079071 0.8312500715255737 0.16718749701976776 0.14374999701976776
0 0.140625 0.7427083849906921 0.14374999701976776 0.14531250298023224
0 0.12734375894069672 0.9093750715255737 0.17656250298023224 0.1328125
0 0.28515625 0.6958333849906921 0.19218750298023224 0.1875
0 0.32890626788139343 0.4052083492279053 0.15156249701976776 0.17031250894069672
0 0.09140624850988388 0.09166666865348816 0.12343750149011612 0.13437500596046448
0 0.3179687559604645 0.19166667759418488 0.15781250596046448 0.140625
0 0.4296875 0.9322916865348816 0.13437500596046448 0.1015625
0 0.22421875596046448 0.20416668057441711 0.15156249701976776 0.1875
0 0.948437511920929 0.5291666984558105 0.10312499850988388 0.14374999701976776
0 0.42656251788139343 0.5552083849906921 0.15000000596046448 0.13593749701976776
1 0.5257812738418579 0.32083335518836975 0.37968751788139343 0.35625001788139343
