0 0.5796875086380169 0.9020833803806454 0.1312500019557774 0.14687500218860805
0 0.2718750040512532 0.8395833771210164 0.1531250022817403 0.15000000223517418
0 0.07734375115251169 0.7895833745133132 0.15156250225845724 0.15000000223517418
0 0.19843750295694917 0.654166700784117 0.1531250022817403 0.15000000223517418
0 0.11562500172294676 0.0864583378424868 0.15625000232830644 0.1265625018859282
0 0.3351562549942173 0.10937500570435077 0.1796875026775524 0.16093750239815563
0 0.5171875077066943 0.11458333930931985 0.15000000223517418 0.16875000251457095
0 0.896875013364479 0.06562500342261046 0.15937500237487257 0.09531250142026693
0 0.9007812634226866 0.3166666831821203 0.16406250244472176 0.1625000024214387
0 0.9179687636788003 0.8666667118668556 0.16406250244472176 0.1625000024214387
0 0.6414062595576979 0.6843750356929377 0.19218750286381692 0.17343750258442014
0 0.5570312583004124 0.5010416927980259 0.19218750286381692 0.17343750258442014
0 0.13437500200234354 0.4218750220024958 0.16875000251457095 0.14218750211875886
0 0.39453125587897375 0.6125000319443643 0.1890625028172508 0.17187500256113708
1 0.6750000100582838 0.2770833477843553 0.33125000493600965 0.3031250045169145
0 0.5796875086380169 0.9020833803806454 0.1312500019557774 0.14687500218860805
0 0.2718750040512532 0.8395833771210164 0.1531250022817403 0.15000000223517418
0 0.07734375115251169 0.7895833745133132 0.15156250225845724 0.15000000223517418
0 0.19843750295694917 0.654166700784117 0.1531250022817403 0.15000000223517418
0 0.11562500172294676 0.0864583378424868 0.15625000232830644 0.1265625018859282
0 0.3351562549942173 0.10937500570435077 0.1796875026775524 0.16093750239815563
0 0.5171875077066943 0.11458333930931985 0.15000000223517418 0.16875000251457095
0 0.896875013364479 0.06562500342261046 0.15937500237487257 0.09531250142026693
0 0.9007812634226866 0.3166666831821203 0.16406250244472176 0.1625000024214387
0 0.9179687636788003 0.8666667118668556 0.16406250244472176 0.1625000024214387
0 0.6414062595576979 0.6843750356929377 0.19218750286381692 0.17343750258442014
0 0.5570312583004124 0.5010416927980259 0.19218750286381692 0.17343750258442014
0 0.13437500200234354 0.4218750220024958 0.16875000251457095 0.14218750211875886
0 0.39453125587897375 0.6125000319443643 0.1890625028172508 0.17187500256113708
1 0.6750000100582838 0.2770833477843553 0.33125000493600965 0.3031250045169145
0 0.5796875086380169 0.9020833803806454 0.1312500019557774 0.14687500218860805
0 0.2718750040512532 0.8395833771210164 0.1531250022817403 0.15000000223517418
0 0.07734375115251169 0.7895833745133132 0.15156250225845724 0.15000000223517418
0 0.19843750295694917 0.654166700784117 0.1531250022817403 0.15000000223517418
0 0.11562500172294676 0.0864583378424868 0.15625000232830644 0.1265625018859282
0 0.3351562549942173 0.10937500570435077 0.1796875026775524 0.16093750239815563
0 0.5171875077066943 0.11458333930931985 0.15000000223517418 0.16875000251457095
0 0.896875013364479 0.06562500342261046 0.15937500237487257 0.09531250142026693
0 0.9007812634226866 0.3166666831821203 0.16406250244472176 0.1625000024214387
0 0.9179687636788003 0.8666667118668556 0.16406250244472176 0.1625000024214387
0 0.6414062595576979 0.6843750356929377 0.19218750286381692 0.17343750258442014
0 0.5570312583004124 0.5010416927980259 0.19218750286381692 0.17343750258442014
0 0.13437500200234354 0.4218750220024958 0.16875000251457095 0.14218750211875886
0 0.39453125587897375 0.6125000319443643 0.1890625028172508 0.17187500256113708
1 0.6750000100582838 0.2770833477843553 0.33125000493600965 0.3031250045169145
0 0.5796875086380169 0.9020833803806454 0.1312500019557774 0.14687500218860805
0 0.2718750040512532 0.8395833771210164 0.1531250022817403 0.15000000223517418
0 0.07734375115251169 0.7895833745133132 0.15156250225845724 0.15000000223517418
0 0.19843750295694917 0.654166700784117 0.1531250022817403 0.15000000223517418
0 0.11562500172294676 0.0864583378424868 0.15625000232830644 0.1265625018859282
0 0.3351562549942173 0.10937500570435077 0.1796875026775524 0.16093750239815563
0 0.5171875077066943 0.11458333930931985 0.15000000223517418 0.16875000251457095
0 0.896875013364479 0.06562500342261046 0.15937500237487257 0.09531250142026693
0 0.9007812634226866 0.3166666831821203 0.16406250244472176 0.1625000024214387
0 0.9179687636788003 0.8666667118668556 0.16406250244472176 0.1625000024214387
0 0.6414062595576979 0.6843750356929377 0.19218750286381692 0.17343750258442014
0 0.5570312583004124 0.5010416927980259 0.19218750286381692 0.17343750258442014
0 0.13437500200234354 0.4218750220024958 0.16875000251457095 0.14218750211875886
0 0.39453125587897375 0.6125000319443643 0.1890625028172508 0.17187500256113708
1 0.6750000100582838 0.2770833477843553 0.33125000493600965 0.3031250045169145
0 0.5796875086380169 0.9020833803806454 0.1312500019557774 0.14687500218860805
0 0.2718750040512532 0.8395833771210164 0.1531250022817403 0.15000000223517418
0 0.07734375115251169 0.7895833745133132 0.15156250225845724 0.15000000223517418
0 0.19843750295694917 0.654166700784117 0.1531250022817403 0.15000000223517418
0 0.11562500172294676 0.0864583378424868 0.15625000232830644 0.1265625018859282
0 0.3351562549942173 0.10937500570435077 0.1796875026775524 0.16093750239815563
0 0.5171875077066943 0.11458333930931985 0.15000000223517418 0.16875000251457095
0 0.896875013364479 0.06562500342261046 0.15937500237487257 0.09531250142026693
0 0.9007812634226866 0.3166666831821203 0.16406250244472176 0.1625000024214387
0 0.9179687636788003 0.8666667118668556 0.16406250244472176 0.1625000024214387
0 0.6414062595576979 0.6843750356929377 0.19218750286381692 0.17343750258442014
0 0.5570312583004124 0.5010416927980259 0.19218750286381692 0.17343750258442014
0 0.13437500200234354 0.4218750220024958 0.16875000251457095 0.14218750211875886
0 0.39453125587897375 0.6125000319443643 0.1890625028172508 0.17187500256113708
1 0.6750000100582838 0.2770833477843553 0.33125000493600965 0.3031250045169145
0 0.5796875086380169 0.9020833803806454 0.1312500019557774 0.14687500218860805
0 0.2718750040512532 0.8395833771210164 0.1531250022817403 0.15000000223517418
0 0.07734375115251169 0.7895833745133132 0.15156250225845724 0.15000000223517418
0 0.19843750295694917 0.654166700784117 0.1531250022817403 0.15000000223517418
0 0.11562500172294676 0.0864583378424868 0.15625000232830644 0.1265625018859282
0 0.3351562549942173 0.10937500570435077 0.1796875026775524 0.16093750239815563
0 0.5171875077066943 0.11458333930931985 0.15000000223517418 0.16875000251457095
0 0.896875013364479 0.06562500342261046 0.15937500237487257 0.09531250142026693
0 0.9007812634226866 0.3166666831821203 0.16406250244472176 0.1625000024214387
0 0.9179687636788003 0.8666667118668556 0.16406250244472176 0.1625000024214387
0 0.6414062595576979 0.6843750356929377 0.19218750286381692 0.17343750258442014
0 0.5570312583004124 0.5010416927980259 0.19218750286381692 0.17343750258442014
0 0.13437500200234354 0.4218750220024958 0.16875000251457095 0.14218750211875886
0 0.39453125587897375 0.6125000319443643 0.1890625028172508 0.17187500256113708
1 0.6750000100582838 0.2770833477843553 0.33125000493600965 0.3031250045169145
0 0.5796875086380169 0.9020833803806454 0.1312500019557774 0.14687500218860805
0 0.2718750040512532 0.8395833771210164 0.1531250022817403 0.15000000223517418
0 0.07734375115251169 0.7895833745133132 0.15156250225845724 0.15000000223517418
0 0.19843750295694917 0.654166700784117 0.1531250022817403 0.15000000223517418
0 0.11562500172294676 0.0864583378424868 0.15625000232830644 0.1265625018859282
0 0.3351562549942173 0.10937500570435077 0.1796875026775524 0.16093750239815563
0 0.5171875077066943 0.11458333930931985 0.15000000223517418 0.16875000251457095
0 0.896875013364479 0.06562500342261046 0.15937500237487257 0.09531250142026693
0 0.9007812634226866 0.3166666831821203 0.16406250244472176 0.1625000024214387
0 0.9179687636788003 0.8666667118668556 0.16406250244472176 0.1625000024214387
0 0.6414062595576979 0.6843750356929377 0.19218750286381692 0.17343750258442014
0 0.5570312583004124 0.5010416927980259 0.19218750286381692 0.17343750258442014
0 0.13437500200234354 0.4218750220024958 0.16875000251457095 0.14218750211875886
0 0.39453125587897375 0.6125000319443643 0.1890625028172508 0.17187500256113708
1 0.6750000100582838 0.2770833477843553 0.33125000493600965 0.3031250045169145
0 0.5796875086380169 0.9020833803806454 0.1312500019557774 0.14687500218860805
0 0.2718750040512532 0.8395833771210164 0.1531250022817403 0.15000000223517418
0 0.07734375115251169 0.7895833745133132 0.15156250225845724 0.15000000223517418
0 0.19843750295694917 0.654166700784117 0.1531250022817403 0.15000000223517418
0 0.11562500172294676 0.0864583378424868 0.15625000232830644 0.1265625018859282
0 0.3351562549942173 0.10937500570435077 0.1796875026775524 0.16093750239815563
0 0.5171875077066943 0.11458333930931985 0.15000000223517418 0.16875000251457095
0 0.896875013364479 0.06562500342261046 0.15937500237487257 0.09531250142026693
0 0.9007812634226866 0.3166666831821203 0.16406250244472176 0.1625000024214387
0 0.9179687636788003 0.8666667118668556 0.16406250244472176 0.1625000024214387
0 0.6414062595576979 0.6843750356929377 0.19218750286381692 0.17343750258442014
0 0.5570312583004124 0.5010416927980259 0.19218750286381692 0.17343750258442014
0 0.13437500200234354 0.4218750220024958 0.16875000251457095 0.14218750211875886
0 0.39453125587897375 0.6125000319443643 0.1890625028172508 0.17187500256113708
1 0.6750000100582838 0.2770833477843553 0.33125000493600965 0.3031250045169145
0 0.5796875086380169 0.9020833803806454 0.1312500019557774 0.14687500218860805
0 0.2718750040512532 0.8395833771210164 0.1531250022817403 0.15000000223517418
0 0.07734375115251169 0.7895833745133132 0.15156250225845724 0.15000000223517418
0 0.19843750295694917 0.654166700784117 0.1531250022817403 0.15000000223517418
0 0.11562500172294676 0.0864583378424868 0.15625000232830644 0.1265625018859282
0 0.3351562549942173 0.10937500570435077 0.1796875026775524 0.16093750239815563
0 0.5171875077066943 0.11458333930931985 0.15000000223517418 0.16875000251457095
0 0.896875013364479 0.06562500342261046 0.15937500237487257 0.09531250142026693
0 0.9007812634226866 0.3166666831821203 0.16406250244472176 0.1625000024214387
0 0.9179687636788003 0.8666667118668556 0.16406250244472176 0.1625000024214387
0 0.6414062595576979 0.6843750356929377 0.19218750286381692 0.17343750258442014
0 0.5570312583004124 0.5010416927980259 0.19218750286381692 0.17343750258442014
0 0.13437500200234354 0.4218750220024958 0.16875000251457095 0.14218750211875886
0 0.39453125587897375 0.6125000319443643 0.1890625028172508 0.17187500256113708
1 0.6750000100582838 0.2770833477843553 0.33125000493600965 0.3031250045169145
0 0.5796875086380169 0.9020833803806454 0.1312500019557774 0.14687500218860805
0 0.2718750040512532 0.8395833771210164 0.1531250022817403 0.15000000223517418
0 0.07734375115251169 0.7895833745133132 0.15156250225845724 0.15000000223517418
0 0.19843750295694917 0.654166700784117 0.1531250022817403 0.15000000223517418
0 0.11562500172294676 0.0864583378424868 0.15625000232830644 0.1265625018859282
0 0.3351562549942173 0.10937500570435077 0.1796875026775524 0.16093750239815563
0 0.5171875077066943 0.11458333930931985 0.15000000223517418 0.16875000251457095
0 0.896875013364479 0.06562500342261046 0.15937500237487257 0.09531250142026693
0 0.9007812634226866 0.3166666831821203 0.16406250244472176 0.1625000024214387
0 0.9179687636788003 0.8666667118668556 0.16406250244472176 0.1625000024214387
0 0.6414062595576979 0.6843750356929377 0.19218750286381692 0.17343750258442014
0 0.5570312583004124 0.5010416927980259 0.19218750286381692 0.17343750258442014
0 0.13437500200234354 0.4218750220024958 0.16875000251457095 0.14218750211875886
0 0.39453125587897375 0.6125000319443643 0.1890625028172508 0.17187500256113708
1 0.6750000100582838 0.2770833477843553 0.33125000493600965 0.3031250045169145
0 0.5796875086380169 0.9020833803806454 0.1312500019557774 0.14687500218860805
0 0.2718750040512532 0.8395833771210164 0.1531250022817403 0.15000000223517418
0 0.07734375115251169 0.7895833745133132 0.15156250225845724 0.15000000223517418
0 0.19843750295694917 0.654166700784117 0.1531250022817403 0.15000000223517418
0 0.11562500172294676 0.0864583378424868 0.15625000232830644 0.1265625018859282
0 0.3351562549942173 0.10937500570435077 0.1796875026775524 0.16093750239815563
0 0.5171875077066943 0.11458333930931985 0.15000000223517418 0.16875000251457095
0 0.896875013364479 0.06562500342261046 0.15937500237487257 0.09531250142026693
0 0.9007812634226866 0.3166666831821203 0.16406250244472176 0.1625000024214387
0 0.9179687636788003 0.8666667118668556 0.16406250244472176 0.1625000024214387
0 0.6414062595576979 0.6843750356929377 0.19218750286381692 0.17343750258442014
0 0.5570312583004124 0.5010416927980259 0.19218750286381692 0.17343750258442014
0 0.13437500200234354 0.4218750220024958 0.16875000251457095 0.14218750211875886
0 0.39453125587897375 0.6125000319443643 0.1890625028172508 0.17187500256113708
1 0.6750000100582838 0.2770833477843553 0.33125000493600965 0.3031250045169145
0 0.5796875086380169 0.9020833803806454 0.1312500019557774 0.14687500218860805
0 0.2718750040512532 0.8395833771210164 0.1531250022817403 0.15000000223517418
0 0.07734375115251169 0.7895833745133132 0.15156250225845724 0.15000000223517418
0 0.19843750295694917 0.654166700784117 0.1531250022817403 0.15000000223517418
0 0.11562500172294676 0.0864583378424868 0.15625000232830644 0.1265625018859282
0 0.3351562549942173 0.10937500570435077 0.1796875026775524 0.16093750239815563
0 0.5171875077066943 0.11458333930931985 0.15000000223517418 0.16875000251457095
0 0.896875013364479 0.06562500342261046 0.15937500237487257 0.09531250142026693
0 0.9007812634226866 0.3166666831821203 0.16406250244472176 0.1625000024214387
0 0.9179687636788003 0.8666667118668556 0.16406250244472176 0.1625000024214387
0 0.6414062595576979 0.6843750356929377 0.19218750286381692 0.17343750258442014
0 0.5570312583004124 0.5010416927980259 0.19218750286381692 0.17343750258442014
0 0.13437500200234354 0.4218750220024958 0.16875000251457095 0.14218750211875886
0 0.39453125587897375 0.6125000319443643 0.1890625028172508 0.17187500256113708
1 0.6750000100582838 0.2770833477843553 0.33125000493600965 0.3031250045169145
0 0.5796875086380169 0.9020833803806454 0.1312500019557774 0.14687500218860805
0 0.2718750040512532 0.8395833771210164 0.1531250022817403 0.15000000223517418
0 0.07734375115251169 0.7895833745133132 0.15156250225845724 0.15000000223517418
0 0.19843750295694917 0.654166700784117 0.1531250022817403 0.15000000223517418
0 0.11562500172294676 0.0864583378424868 0.15625000232830644 0.1265625018859282
0 0.3351562549942173 0.10937500570435077 0.1796875026775524 0.16093750239815563
0 0.5171875077066943 0.11458333930931985 0.15000000223517418 0.16875000251457095
0 0.896875013364479 0.06562500342261046 0.15937500237487257 0.09531250142026693
0 0.9007812634226866 0.3166666831821203 0.16406250244472176 0.1625000024214387
0 0.9179687636788003 0.8666667118668556 0.16406250244472176 0.1625000024214387
0 0.6414062595576979 0.6843750356929377 0.19218750286381692 0.17343750258442014
0 0.5570312583004124 0.5010416927980259 0.19218750286381692 0.17343750258442014
0 0.13437500200234354 0.4218750220024958 0.16875000251457095 0.14218750211875886
0 0.39453125587897375 0.6125000319443643 0.1890625028172508 0.17187500256113708
1 0.6750000100582838 0.2770833477843553 0.33125000493600965 0.3031250045169145
0 0.5796875086380169 0.9020833803806454 0.1312500019557774 0.14687500218860805
0 0.2718750040512532 0.8395833771210164 0.1531250022817403 0.15000000223517418
0 0.07734375115251169 0.7895833745133132 0.15156250225845724 0.15000000223517418
0 0.19843750295694917 0.654166700784117 0.1531250022817403 0.15000000223517418
0 0.11562500172294676 0.0864583378424868 0.15625000232830644 0.1265625018859282
0 0.3351562549942173 0.10937500570435077 0.1796875026775524 0.16093750239815563
0 0.5171875077066943 0.11458333930931985 0.15000000223517418 0.16875000251457095
0 0.896875013364479 0.06562500342261046 0.15937500237487257 0.09531250142026693
0 0.9007812634226866 0.3166666831821203 0.16406250244472176 0.1625000024214387
0 0.9179687636788003 0.8666667118668556 0.16406250244472176 0.1625000024214387
0 0.6414062595576979 0.6843750356929377 0.19218750286381692 0.17343750258442014
0 0.5570312583004124 0.5010416927980259 0.19218750286381692 0.17343750258442014
0 0.13437500200234354 0.4218750220024958 0.16875000251457095 0.14218750211875886
0 0.39453125587897375 0.6125000319443643 0.1890625028172508 0.17187500256113708
1 0.6750000100582838 0.2770833477843553 0.33125000493600965 0.3031250045169145
0 0.5796875086380169 0.9020833803806454 0.1312500019557774 0.14687500218860805
0 0.2718750040512532 0.8395833771210164 0.1531250022817403 0.15000000223517418
0 0.07734375115251169 0.7895833745133132 0.15156250225845724 0.15000000223517418
0 0.19843750295694917 0.654166700784117 0.1531250022817403 0.15000000223517418
0 0.11562500172294676 0.0864583378424868 0.15625000232830644 0.1265625018859282
0 0.3351562549942173 0.10937500570435077 0.1796875026775524 0.16093750239815563
0 0.5171875077066943 0.11458333930931985 0.15000000223517418 0.16875000251457095
0 0.896875013364479 0.06562500342261046 0.15937500237487257 0.09531250142026693
0 0.9007812634226866 0.3166666831821203 0.16406250244472176 0.1625000024214387
0 0.9179687636788003 0.8666667118668556 0.16406250244472176 0.1625000024214387
0 0.6414062595576979 0.6843750356929377 0.19218750286381692 0.17343750258442014
0 0.5570312583004124 0.5010416927980259 0.19218750286381692 0.17343750258442014
0 0.13437500200234354 0.4218750220024958 0.16875000251457095 0.14218750211875886
0 0.39453125587897375 0.6125000319443643 0.1890625028172508 0.17187500256113708
1 0.6750000100582838 0.2770833477843553 0.33125000493600965 0.3031250045169145
0 0.5796875357627869 0.9020833969116211 0.13125000894069672 0.14687500894069672
0 0.2718749940395355 0.8395833969116211 0.15312500298023224 0.15000000596046448
0 0.07734375447034836 0.7895833849906921 0.15156249701976776 0.15000000596046448
0 0.19843749701976776 0.6541666984558105 0.15312500298023224 0.15000000596046448
0 0.11562500149011612 0.08645834028720856 0.15625 0.12656250596046448
0 0.33515626192092896 0.1093750074505806 0.1796875 0.16093750298023224
0 0.5171875357627869 0.1145833358168602 0.15000000596046448 0.16875000298023224
0 0.8968750238418579 0.06562500447034836 0.15937499701976776 0.09531249850988388
0 0.9007812738418579 0.31666669249534607 0.1640625 0.16250000894069672
0 0.91796875 0.8666667342185974 0.1640625 0.16250000894069672
0 0.641406238079071 0.6843750476837158 0.19218750298023224 0.17343750596046448
0 0.5570312738418579 0.5010417103767395 0.19218750298023224 0.17343750596046448
0 0.13437500596046448 0.4218750298023224 0.16875000298023224 0.14218750596046448
0 0.39453125 0.612500011920929 0.18906250596046448 0.171875
1 0.675000011920929 0.2770833373069763 0.33125001192092896 0.3031249940395355
0 0.5796875357627869 0.9020833969116211 0.13125000894069672 0.14687500894069672
0 0.2718749940395355 0.8395833969116211 0.15312500298023224 0.15000000596046448
0 0.07734375447034836 0.7895833849906921 0.15156249701976776 0.15000000596046448
0 0.19843749701976776 0.6541666984558105 0.15312500298023224 0.15000000596046448
0 0.11562500149011612 0.08645834028720856 0.15625 0.12656250596046448
0 0.33515626192092896 0.1093750074505806 0.1796875 0.16093750298023224
0 0.5171875357627869 0.1145833358168602 0.15000000596046448 0.16875000298023224
0 0.8968750238418579 0.06562500447034836 0.15937499701976776 0.09531249850988388
0 0.9007812738418579 0.31666669249534607 0.1640625 0.16250000894069672
0 0.91796875 0.8666667342185974 0.1640625 0.16250000894069672
0 0.641406238079071 0.6843750476837158 0.19218750298023224 0.17343750596046448
0 0.5570312738418579 0.5010417103767395 0.19218750298023224 0.17343750596046448
0 0.13437500596046448 0.4218750298023224 0.16875000298023224 0.14218750596046448
0 0.39453125 0.612500011920929 0.18906250596046448 0.171875
1 0.675000011920929 0.2770833373069763 0.33125001192092896 0.3031249940395355
0 0.5796875357627869 0.9020833969116211 0.13125000894069672 0.14687500894069672
0 0.2718749940395355 0.8395833969116211 0.15312500298023224 0.15000000596046448
0 0.07734375447034836 0.7895833849906921 0.15156249701976776 0.15000000596046448
0 0.19843749701976776 0.6541666984558105 0.15312500298023224 0.15000000596046448
0 0.11562500149011612 0.08645834028720856 0.15625 0.12656250596046448
0 0.33515626192092896 0.1093750074505806 0.1796875 0.16093750298023224
0 0.5171875357627869 0.1145833358168602 0.15000000596046448 0.16875000298023224
0 0.8968750238418579 0.06562500447034836 0.15937499701976776 0.09531249850988388
0 0.9007812738418579 0.31666669249534607 0.1640625 0.16250000894069672
0 0.91796875 0.8666667342185974 0.1640625 0.16250000894069672
0 0.641406238079071 0.6843750476837158 0.19218750298023224 0.17343750596046448
0 0.5570312738418579 0.5010417103767395 0.19218750298023224 0.17343750596046448
0 0.13437500596046448 0.4218750298023224 0.16875000298023224 0.14218750596046448
0 0.39453125 0.612500011920929 0.18906250596046448 0.171875
1 0.675000011920929 0.2770833373069763 0.33125001192092896 0.3031249940395355
0 0.5796875357627869 0.9020833969116211 0.13125000894069672 0.14687500894069672
0 0.2718749940395355 0.8395833969116211 0.15312500298023224 0.15000000596046448
0 0.07734375447034836 0.7895833849906921 0.15156249701976776 0.15000000596046448
0 0.19843749701976776 0.6541666984558105 0.15312500298023224 0.15000000596046448
0 0.11562500149011612 0.08645834028720856 0.15625 0.12656250596046448
0 0.33515626192092896 0.1093750074505806 0.1796875 0.16093750298023224
0 0.5171875357627869 0.1145833358168602 0.15000000596046448 0.16875000298023224
0 0.8968750238418579 0.06562500447034836 0.15937499701976776 0.09531249850988388
0 0.9007812738418579 0.31666669249534607 0.1640625 0.16250000894069672
0 0.91796875 0.8666667342185974 0.1640625 0.16250000894069672
0 0.641406238079071 0.6843750476837158 0.19218750298023224 0.17343750596046448
0 0.5570312738418579 0.5010417103767395 0.19218750298023224 0.17343750596046448
0 0.13437500596046448 0.4218750298023224 0.16875000298023224 0.14218750596046448
0 0.39453125 0.612500011920929 0.18906250596046448 0.171875
1 0.675000011920929 0.2770833373069763 0.33125001192092896 0.3031249940395355
0 0.5796875357627869 0.9020833969116211 0.13125000894069672 0.14687500894069672
0 0.2718749940395355 0.8395833969116211 0.15312500298023224 0.15000000596046448
0 0.07734375447034836 0.7895833849906921 0.15156249701976776 0.15000000596046448
0 0.19843749701976776 0.6541666984558105 0.15312500298023224 0.15000000596046448
0 0.11562500149011612 0.08645834028720856 0.15625 0.12656250596046448
0 0.33515626192092896 0.1093750074505806 0.1796875 0.16093750298023224
0 0.5171875357627869 0.1145833358168602 0.15000000596046448 0.16875000298023224
0 0.8968750238418579 0.06562500447034836 0.15937499701976776 0.09531249850988388
0 0.9007812738418579 0.31666669249534607 0.1640625 0.16250000894069672
0 0.91796875 0.8666667342185974 0.1640625 0.16250000894069672
0 0.641406238079071 0.6843750476837158 0.19218750298023224 0.17343750596046448
0 0.5570312738418579 0.5010417103767395 0.19218750298023224 0.17343750596046448
0 0.13437500596046448 0.4218750298023224 0.16875000298023224 0.14218750596046448
0 0.39453125 0.612500011920929 0.18906250596046448 0.171875
1 0.675000011920929 0.2770833373069763 0.33125001192092896 0.3031249940395355
0 0.5796875357627869 0.9020833969116211 0.13125000894069672 0.14687500894069672
0 0.2718749940395355 0.8395833969116211 0.15312500298023224 0.15000000596046448
0 0.07734375447034836 0.7895833849906921 0.15156249701976776 0.15000000596046448
0 0.19843749701976776 0.6541666984558105 0.15312500298023224 0.15000000596046448
0 0.11562500149011612 0.08645834028720856 0.15625 0.12656250596046448
0 0.33515626192092896 0.1093750074505806 0.1796875 0.16093750298023224
0 0.5171875357627869 0.1145833358168602 0.15000000596046448 0.16875000298023224
0 0.8968750238418579 0.06562500447034836 0.15937499701976776 0.09531249850988388
0 0.9007812738418579 0.31666669249534607 0.1640625 0.16250000894069672
0 0.91796875 0.8666667342185974 0.1640625 0.16250000894069672
0 0.641406238079071 0.6843750476837158 0.19218750298023224 0.17343750596046448
0 0.5570312738418579 0.5010417103767395 0.19218750298023224 0.17343750596046448
0 0.13437500596046448 0.4218750298023224 0.16875000298023224 0.14218750596046448
0 0.39453125 0.612500011920929 0.18906250596046448 0.171875
1 0.675000011920929 0.2770833373069763 0.33125001192092896 0.3031249940395355
0 0.5796875357627869 0.9020833969116211 0.13125000894069672 0.14687500894069672
0 0.2718749940395355 0.8395833969116211 0.15312500298023224 0.15000000596046448
0 0.07734375447034836 0.7895833849906921 0.15156249701976776 0.15000000596046448
0 0.19843749701976776 0.6541666984558105 0.15312500298023224 0.15000000596046448
0 0.11562500149011612 0.08645834028720856 0.15625 0.12656250596046448
0 0.33515626192092896 0.1093750074505806 0.1796875 0.16093750298023224
0 0.5171875357627869 0.1145833358168602 0.15000000596046448 0.16875000298023224
0 0.8968750238418579 0.06562500447034836 0.15937499701976776 0.09531249850988388
0 0.9007812738418579 0.31666669249534607 0.1640625 0.16250000894069672
0 0.91796875 0.8666667342185974 0.1640625 0.16250000894069672
0 0.641406238079071 0.6843750476837158 0.19218750298023224 0.17343750596046448
0 0.5570312738418579 0.5010417103767395 0.19218750298023224 0.17343750596046448
0 0.13437500596046448 0.4218750298023224 0.16875000298023224 0.14218750596046448
0 0.39453125 0.612500011920929 0.18906250596046448 0.171875
1 0.675000011920929 0.2770833373069763 0.33125001192092896 0.3031249940395355
