0 0.5273437578580342 0.7625000397674739 0.18281250272411853 0.1750000026077032
0 0.6750000100582838 0.48541669198311865 0.1843750027474016 0.1312500019557774
0 0.7820312616531737 0.8364583769580349 0.1671875024912879 0.14531250216532499
0 0.8695312629570253 0.4385416895383969 0.16406250244472176 0.17031250253785402
0 0.8585937627940439 0.7270833712536842 0.1578125023515895 0.14375000214204192
0 0.7273437608382665 0.9302083818474784 0.14531250216532499 0.10468750155996531
0 0.15703125233994797 0.8364583769580349 0.12968750193249434 0.15156250225845724
0 0.39453125587897375 0.3447916846489534 0.15468750230502337 0.14843750221189111
0 0.838281262491364 0.11354167258832604 0.15468750230502337 0.14843750221189111
0 0.656250009778887 0.29270834859926254 0.1843750027474016 0.14531250216532499
0 0.12265625182772055 0.1239583397982642 0.15468750230502337 0.14843750221189111
0 0.23125000344589353 0.30625001597218215 0.1625000024214387 0.1406250020954758
0 0.4367187565076165 0.1114583391463384 0.16093750239815563 0.15468750230502337
0 0.5921875088242814 0.08333333767950535 0.16875000251457095 0.12187500181607902
0 0.27109375403961167 0.10416667209938169 0.14843750221189111 0.1531250022817403
0 0.08359375124564394 0.5010416927980259 0.16406250244472176 0.13906250207219273
1 0.32187500479631126 0.6729167017620057 0.27812500414438546 0.29062500433064997
0 0.5273437578580342 0.7625000397674739 0.18281250272411853 0.1750000026077032
0 0.6750000100582838 0.48541669198311865 0.1843750027474016 0.1312500019557774
0 0.7820312616531737 0.8364583769580349 0.1671875024912879 0.14531250216532499
0 0.8695312629570253 0.4385416895383969 0.16406250244472176 0.17031250253785402
0 0.8585937627940439 0.7270833712536842 0.1578125023515895 0.14375000214204192
0 0.7273437608382665 0.9302083818474784 0.14531250216532499 0.10468750155996531
0 0.15703125233994797 0.8364583769580349 0.12968750193249434 0.15156250225845724
0 0.39453125587897375 0.3447916846489534 0.15468750230502337 0.14843750221189111
0 0.838281262491364 0.11354167258832604 0.15468750230502337 0.14843750221189111
0 0.656250009778887 0.29270834859926254 0.1843750027474016 0.14531250216532499
0 0.12265625182772055 0.1239583397982642 0.15468750230502337 0.14843750221189111
0 0.23125000344589353 0.30625001597218215 0.1625000024214387 0.1406250020954758
0 0.4367187565076165 0.1114583391463384 0.16093750239815563 0.15468750230502337
0 0.5921875088242814 0.08333333767950535 0.16875000251457095 0.12187500181607902
0 0.27109375403961167 0.10416667209938169 0.14843750221189111 0.1531250022817403
0 0.08359375124564394 0.5010416927980259 0.16406250244472176 0.13906250207219273
1 0.32187500479631126 0.6729167017620057 0.27812500414438546 0.29062500433064997
0 0.5273437578580342 0.7625000397674739 0.18281250272411853 0.1750000026077032
0 0.6750000100582838 0.48541669198311865 0.1843750027474016 0.1312500019557774
0 0.7820312616531737 0.8364583769580349 0.1671875024912879 0.14531250216532499
0 0.8695312629570253 0.4385416895383969 0.16406250244472176 0.17031250253785402
0 0.8585937627940439 0.7270833712536842 0.1578125023515895 0.14375000214204192
0 0.7273437608382665 0.9302083818474784 0.14531250216532499 0.10468750155996531
0 0.15703125233994797 0.8364583769580349 0.12968750193249434 0.15156250225845724
0 0.39453125587897375 0.3447916846489534 0.15468750230502337 0.14843750221189111
0 0.838281262491364 0.11354167258832604 0.15468750230502337 0.14843750221189111
0 0.656250009778887 0.29270834859926254 0.1843750027474016 0.14531250216532499
0 0.12265625182772055 0.1239583397982642 0.15468750230502337 0.14843750221189111
0 0.23125000344589353 0.30625001597218215 0.1625000024214387 0.1406250020954758
0 0.4367187565076165 0.1114583391463384 0.16093750239815563 0.15468750230502337
0 0.5921875088242814 0.08333333767950535 0.16875000251457095 0.12187500181607902
0 0.27109375403961167 0.10416667209938169 0.14843750221189111 0.1531250022817403
0 0.08359375124564394 0.5010416927980259 0.16406250244472176 0.13906250207219273
1 0.32187500479631126 0.6729167017620057 0.27812500414438546 0.29062500433064997
0 0.5273437578580342 0.7625000397674739 0.18281250272411853 0.1750000026077032
0 0.6750000100582838 0.48541669198311865 0.1843750027474016 0.1312500019557774
0 0.7820312616531737 0.8364583769580349 0.1671875024912879 0.14531250216532499
0 0.8695312629570253 0.4385416895383969 0.16406250244472176 0.17031250253785402
0 0.8585937627940439 0.7270833712536842 0.1578125023515895 0.14375000214204192
0 0.7273437608382665 0.9302083818474784 0.14531250216532499 0.10468750155996531
0 0.15703125233994797 0.8364583769580349 0.12968750193249434 0.15156250225845724
0 0.39453125587897375 0.3447916846489534 0.15468750230502337 0.14843750221189111
0 0.838281262491364 0.11354167258832604 0.15468750230502337 0.14843750221189111
0 0.656250009778887 0.29270834859926254 0.1843750027474016 0.14531250216532499
0 0.12265625182772055 0.1239583397982642 0.15468750230502337 0.14843750221189111
0 0.23125000344589353 0.30625001597218215 0.1625000024214387 0.1406250020954758
0 0.4367187565076165 0.1114583391463384 0.16093750239815563 0.15468750230502337
0 0.5921875088242814 0.08333333767950535 0.16875000251457095 0.12187500181607902
0 0.27109375403961167 0.10416667209938169 0.14843750221189111 0.1531250022817403
0 0.08359375124564394 0.5010416927980259 0.16406250244472176 0.13906250207219273
1 0.32187500479631126 0.6729167017620057 0.27812500414438546 0.29062500433064997
0 0.5273437578580342 0.7625000397674739 0.18281250272411853 0.1750000026077032
0 0.6750000100582838 0.48541669198311865 0.1843750027474016 0.1312500019557774
0 0.7820312616531737 0.8364583769580349 0.1671875024912879 0.14531250216532499
0 0.8695312629570253 0.4385416895383969 0.16406250244472176 0.17031250253785402
0 0.8585937627940439 0.7270833712536842 0.1578125023515895 0.14375000214204192
0 0.7273437608382665 0.9302083818474784 0.14531250216532499 0.10468750155996531
0 0.15703125233994797 0.8364583769580349 0.12968750193249434 0.15156250225845724
0 0.39453125587897375 0.3447916846489534 0.15468750230502337 0.14843750221189111
0 0.838281262491364 0.11354167258832604 0.15468750230502337 0.14843750221189111
0 0.656250009778887 0.29270834859926254 0.1843750027474016 0.14531250216532499
0 0.12265625182772055 0.1239583397982642 0.15468750230502337 0.14843750221189111
0 0.23125000344589353 0.30625001597218215 0.1625000024214387 0.1406250020954758
0 0.4367187565076165 0.1114583391463384 0.16093750239815563 0.15468750230502337
0 0.5921875088242814 0.08333333767950535 0.16875000251457095 0.12187500181607902
0 0.27109375403961167 0.10416667209938169 0.14843750221189111 0.1531250022817403
0 0.08359375124564394 0.5010416927980259 0.16406250244472176 0.13906250207219273
1 0.32187500479631126 0.6729167017620057 0.27812500414438546 0.29062500433064997
0 0.5273437578580342 0.7625000397674739 0.18281250272411853 0.1750000026077032
0 0.6750000100582838 0.48541669198311865 0.1843750027474016 0.1312500019557774
0 0.7820312616531737 0.8364583769580349 0.1671875024912879 0.14531250216532499
0 0.8695312629570253 0.4385416895383969 0.16406250244472176 0.17031250253785402
0 0.8585937627940439 0.7270833712536842 0.1578125023515895 0.14375000214204192
0 0.7273437608382665 0.9302083818474784 0.14531250216532499 0.10468750155996531
0 0.15703125233994797 0.8364583769580349 0.12968750193249434 0.15156250225845724
0 0.39453125587897375 0.3447916846489534 0.15468750230502337 0.14843750221189111
0 0.838281262491364 0.11354167258832604 0.15468750230502337 0.14843750221189111
0 0.656250009778887 0.29270834859926254 0.1843750027474016 0.14531250216532499
0 0.12265625182772055 0.1239583397982642 0.15468750230502337 0.14843750221189111
0 0.23125000344589353 0.30625001597218215 0.1625000024214387 0.1406250020954758
0 0.4367187565076165 0.1114583391463384 0.16093750239815563 0.15468750230502337
0 0.5921875088242814 0.08333333767950535 0.16875000251457095 0.12187500181607902
0 0.27109375403961167 0.10416667209938169 0.14843750221189111 0.1531250022817403
0 0.08359375124564394 0.5010416927980259 0.16406250244472176 0.13906250207219273
1 0.32187500479631126 0.6729167017620057 0.27812500414438546 0.29062500433064997
0 0.5273437578580342 0.7625000397674739 0.18281250272411853 0.1750000026077032
0 0.6750000100582838 0.48541669198311865 0.1843750027474016 0.1312500019557774
0 0.7820312616531737 0.8364583769580349 0.1671875024912879 0.14531250216532499
0 0.8695312629570253 0.4385416895383969 0.16406250244472176 0.17031250253785402
0 0.8585937627940439 0.7270833712536842 0.1578125023515895 0.14375000214204192
0 0.7273437608382665 0.9302083818474784 0.14531250216532499 0.10468750155996531
0 0.15703125233994797 0.8364583769580349 0.12968750193249434 0.15156250225845724
0 0.39453125587897375 0.3447916846489534 0.15468750230502337 0.14843750221189111
0 0.838281262491364 0.11354167258832604 0.15468750230502337 0.14843750221189111
0 0.656250009778887 0.29270834859926254 0.1843750027474016 0.14531250216532499
0 0.12265625182772055 0.1239583397982642 0.15468750230502337 0.14843750221189111
0 0.23125000344589353 0.30625001597218215 0.1625000024214387 0.1406250020954758
0 0.4367187565076165 0.1114583391463384 0.16093750239815563 0.15468750230502337
0 0.5921875088242814 0.08333333767950535 0.16875000251457095 0.12187500181607902
0 0.27109375403961167 0.10416667209938169 0.14843750221189111 0.1531250022817403
0 0.08359375124564394 0.5010416927980259 0.16406250244472176 0.13906250207219273
1 0.32187500479631126 0.6729167017620057 0.27812500414438546 0.29062500433064997
0 0.5273437578580342 0.7625000397674739 0.18281250272411853 0.1750000026077032
0 0.6750000100582838 0.48541669198311865 0.1843750027474016 0.1312500019557774
0 0.7820312616531737 0.8364583769580349 0.1671875024912879 0.14531250216532499
0 0.8695312629570253 0.4385416895383969 0.16406250244472176 0.17031250253785402
0 0.8585937627940439 0.7270833712536842 0.1578125023515895 0.14375000214204192
0 0.7273437608382665 0.9302083818474784 0.14531250216532499 0.10468750155996531
0 0.15703125233994797 0.8364583769580349 0.12968750193249434 0.15156250225845724
0 0.39453125587897375 0.3447916846489534 0.15468750230502337 0.14843750221189111
0 0.838281262491364 0.11354167258832604 0.15468750230502337 0.14843750221189111
0 0.656250009778887 0.29270834859926254 0.1843750027474016 0.14531250216532499
0 0.12265625182772055 0.1239583397982642 0.15468750230502337 0.14843750221189111
0 0.23125000344589353 0.30625001597218215 0.1625000024214387 0.1406250020954758
0 0.4367187565076165 0.1114583391463384 0.16093750239815563 0.15468750230502337
0 0.5921875088242814 0.08333333767950535 0.16875000251457095 0.12187500181607902
0 0.27109375403961167 0.10416667209938169 0.14843750221189111 0.1531250022817403
0 0.08359375124564394 0.5010416927980259 0.16406250244472176 0.13906250207219273
1 0.32187500479631126 0.6729167017620057 0.27812500414438546 0.29062500433064997
0 0.5273437578580342 0.7625000397674739 0.18281250272411853 0.1750000026077032
0 0.6750000100582838 0.48541669198311865 0.1843750027474016 0.1312500019557774
0 0.7820312616531737 0.8364583769580349 0.1671875024912879 0.14531250216532499
0 0.8695312629570253 0.4385416895383969 0.16406250244472176 0.17031250253785402
0 0.8585937627940439 0.7270833712536842 0.1578125023515895 0.14375000214204192
0 0.7273437608382665 0.9302083818474784 0.14531250216532499 0.10468750155996531
0 0.15703125233994797 0.8364583769580349 0.12968750193249434 0.15156250225845724
0 0.39453125587897375 0.3447916846489534 0.15468750230502337 0.14843750221189111
0 0.838281262491364 0.11354167258832604 0.15468750230502337 0.14843750221189111
0 0.656250009778887 0.29270834859926254 0.1843750027474016 0.14531250216532499
0 0.12265625182772055 0.1239583397982642 0.15468750230502337 0.14843750221189111
0 0.23125000344589353 0.30625001597218215 0.1625000024214387 0.1406250020954758
0 0.4367187565076165 0.1114583391463384 0.16093750239815563 0.15468750230502337
0 0.5921875088242814 0.08333333767950535 0.16875000251457095 0.12187500181607902
0 0.27109375403961167 0.10416667209938169 0.14843750221189111 0.1531250022817403
0 0.08359375124564394 0.5010416927980259 0.16406250244472176 0.13906250207219273
1 0.32187500479631126 0.6729167017620057 0.27812500414438546 0.29062500433064997
0 0.5273437578580342 0.7625000397674739 0.18281250272411853 0.1750000026077032
0 0.6750000100582838 0.48541669198311865 0.1843750027474016 0.1312500019557774
0 0.7820312616531737 0.8364583769580349 0.1671875024912879 0.14531250216532499
0 0.8695312629570253 0.4385416895383969 0.16406250244472176 0.17031250253785402
0 0.8585937627940439 0.7270833712536842 0.1578125023515895 0.14375000214204192
0 0.7273437608382665 0.9302083818474784 0.14531250216532499 0.10468750155996531
0 0.15703125233994797 0.8364583769580349 0.12968750193249434 0.15156250225845724
0 0.39453125587897375 0.3447916846489534 0.15468750230502337 0.14843750221189111
0 0.838281262491364 0.11354167258832604 0.15468750230502337 0.14843750221189111
0 0.656250009778887 0.29270834859926254 0.1843750027474016 0.14531250216532499
0 0.12265625182772055 0.1239583397982642 0.15468750230502337 0.14843750221189111
0 0.23125000344589353 0.30625001597218215 0.1625000024214387 0.1406250020954758
0 0.4367187565076165 0.1114583391463384 0.16093750239815563 0.15468750230502337
0 0.5921875088242814 0.08333333767950535 0.16875000251457095 0.12187500181607902
0 0.27109375403961167 0.10416667209938169 0.14843750221189111 0.1531250022817403
0 0.08359375124564394 0.5010416927980259 0.16406250244472176 0.13906250207219273
1 0.32187500479631126 0.6729167017620057 0.27812500414438546 0.29062500433064997
0 0.5273437578580342 0.7625000397674739 0.18281250272411853 0.1750000026077032
0 0.6750000100582838 0.48541669198311865 0.1843750027474016 0.1312500019557774
0 0.7820312616531737 0.8364583769580349 0.1671875024912879 0.14531250216532499
0 0.8695312629570253 0.4385416895383969 0.16406250244472176 0.17031250253785402
0 0.8585937627940439 0.7270833712536842 0.1578125023515895 0.14375000214204192
0 0.7273437608382665 0.9302083818474784 0.14531250216532499 0.10468750155996531
0 0.15703125233994797 0.8364583769580349 0.12968750193249434 0.15156250225845724
0 0.39453125587897375 0.3447916846489534 0.15468750230502337 0.14843750221189111
0 0.838281262491364 0.11354167258832604 0.15468750230502337 0.14843750221189111
0 0.656250009778887 0.29270834859926254 0.1843750027474016 0.14531250216532499
0 0.12265625182772055 0.1239583397982642 0.15468750230502337 0.14843750221189111
0 0.23125000344589353 0.30625001597218215 0.1625000024214387 0.1406250020954758
0 0.4367187565076165 0.1114583391463384 0.16093750239815563 0.15468750230502337
0 0.5921875088242814 0.08333333767950535 0.16875000251457095 0.12187500181607902
0 0.27109375403961167 0.10416667209938169 0.14843750221189111 0.1531250022817403
0 0.08359375124564394 0.5010416927980259 0.16406250244472176 0.13906250207219273
1 0.32187500479631126 0.6729167017620057 0.27812500414438546 0.29062500433064997
0 0.5273437578580342 0.7625000397674739 0.18281250272411853 0.1750000026077032
0 0.6750000100582838 0.48541669198311865 0.1843750027474016 0.1312500019557774
0 0.7820312616531737 0.8364583769580349 0.1671875024912879 0.14531250216532499
0 0.8695312629570253 0.4385416895383969 0.16406250244472176 0.17031250253785402
0 0.8585937627940439 0.7270833712536842 0.1578125023515895 0.14375000214204192
0 0.7273437608382665 0.9302083818474784 0.14531250216532499 0.10468750155996531
0 0.15703125233994797 0.8364583769580349 0.12968750193249434 0.15156250225845724
0 0.39453125587897375 0.3447916846489534 0.15468750230502337 0.14843750221189111
0 0.838281262491364 0.11354167258832604 0.15468750230502337 0.14843750221189111
0 0.656250009778887 0.29270834859926254 0.1843750027474016 0.14531250216532499
0 0.12265625182772055 0.1239583397982642 0.15468750230502337 0.14843750221189111
0 0.23125000344589353 0.30625001597218215 0.1625000024214387 0.1406250020954758
0 0.4367187565076165 0.1114583391463384 0.16093750239815563 0.15468750230502337
0 0.5921875088242814 0.08333333767950535 0.16875000251457095 0.12187500181607902
0 0.27109375403961167 0.10416667209938169 0.14843750221189111 0.1531250022817403
0 0.08359375124564394 0.5010416927980259 0.16406250244472176 0.13906250207219273
1 0.32187500479631126 0.6729167017620057 0.27812500414438546 0.29062500433064997
0 0.5273437578580342 0.7625000397674739 0.18281250272411853 0.1750000026077032
0 0.6750000100582838 0.48541669198311865 0.1843750027474016 0.1312500019557774
0 0.7820312616531737 0.8364583769580349 0.1671875024912879 0.14531250216532499
0 0.8695312629570253 0.4385416895383969 0.16406250244472176 0.17031250253785402
0 0.8585937627940439 0.7270833712536842 0.1578125023515895 0.14375000214204192
0 0.7273437608382665 0.9302083818474784 0.14531250216532499 0.10468750155996531
0 0.15703125233994797 0.8364583769580349 0.12968750193249434 0.15156250225845724
0 0.39453125587897375 0.3447916846489534 0.15468750230502337 0.14843750221189111
0 0.838281262491364 0.11354167258832604 0.15468750230502337 0.14843750221189111
0 0.656250009778887 0.29270834859926254 0.1843750027474016 0.14531250216532499
0 0.12265625182772055 0.1239583397982642 0.15468750230502337 0.14843750221189111
0 0.23125000344589353 0.30625001597218215 0.1625000024214387 0.1406250020954758
0 0.4367187565076165 0.1114583391463384 0.16093750239815563 0.15468750230502337
0 0.5921875088242814 0.08333333767950535 0.16875000251457095 0.12187500181607902
0 0.27109375403961167 0.10416667209938169 0.14843750221189111 0.1531250022817403
0 0.08359375124564394 0.5010416927980259 0.16406250244472176 0.13906250207219273
1 0.32187500479631126 0.6729167017620057 0.27812500414438546 0.29062500433064997
0 0.5273437578580342 0.7625000397674739 0.18281250272411853 0.1750000026077032
0 0.6750000100582838 0.48541669198311865 0.1843750027474016 0.1312500019557774
0 0.7820312616531737 0.8364583769580349 0.1671875024912879 0.14531250216532499
0 0.8695312629570253 0.4385416895383969 0.16406250244472176 0.17031250253785402
0 0.8585937627940439 0.7270833712536842 0.1578125023515895 0.14375000214204192
0 0.7273437608382665 0.9302083818474784 0.14531250216532499 0.10468750155996531
0 0.15703125233994797 0.8364583769580349 0.12968750193249434 0.15156250225845724
0 0.39453125587897375 0.3447916846489534 0.15468750230502337 0.14843750221189111
0 0.838281262491364 0.11354167258832604 0.15468750230502337 0.14843750221189111
0 0.656250009778887 0.29270834859926254 0.1843750027474016 0.14531250216532499
0 0.12265625182772055 0.1239583397982642 0.15468750230502337 0.14843750221189111
0 0.23125000344589353 0.30625001597218215 0.1625000024214387 0.1406250020954758
0 0.4367187565076165 0.1114583391463384 0.16093750239815563 0.15468750230502337
0 0.5921875088242814 0.08333333767950535 0.16875000251457095 0.12187500181607902
0 0.27109375403961167 0.10416667209938169 0.14843750221189111 0.1531250022817403
0 0.08359375124564394 0.5010416927980259 0.16406250244472176 0.13906250207219273
1 0.32187500479631126 0.6729167017620057 0.27812500414438546 0.29062500433064997
0 0.5273437578580342 0.7625000397674739 0.18281250272411853 0.1750000026077032
0 0.6750000100582838 0.48541669198311865 0.1843750027474016 0.1312500019557774
0 0.7820312616531737 0.8364583769580349 0.1671875024912879 0.14531250216532499
0 0.8695312629570253 0.4385416895383969 0.16406250244472176 0.17031250253785402
0 0.8585937627940439 0.7270833712536842 0.1578125023515895 0.14375000214204192
0 0.7273437608382665 0.9302083818474784 0.14531250216532499 0.10468750155996531
0 0.15703125233994797 0.8364583769580349 0.12968750193249434 0.15156250225845724
0 0.39453125587897375 0.3447916846489534 0.15468750230502337 0.14843750221189111
0 0.838281262491364 0.11354167258832604 0.15468750230502337 0.14843750221189111
0 0.656250009778887 0.29270834859926254 0.1843750027474016 0.14531250216532499
0 0.12265625182772055 0.1239583397982642 0.15468750230502337 0.14843750221189111
0 0.23125000344589353 0.30625001597218215 0.1625000024214387 0.1406250020954758
0 0.4367187565076165 0.1114583391463384 0.16093750239815563 0.15468750230502337
0 0.5921875088242814 0.08333333767950535 0.16875000251457095 0.12187500181607902
0 0.27109375403961167 0.10416667209938169 0.14843750221189111 0.1531250022817403
0 0.08359375124564394 0.5010416927980259 0.16406250244472176 0.13906250207219273
1 0.32187500479631126 0.6729167017620057 0.27812500414438546 0.29062500433064997
0 0.52734375 0.7625000476837158 0.18281249701976776 0.17499999701976776
0 0.675000011920929 0.4854166805744171 0.18437500298023224 0.13125000894069672
0 0.782031238079071 0.8364583849906921 0.16718749701976776 0.14531250298023224
0 0.8695312738418579 0.4385416805744171 0.1640625 0.17031250894069672
0 0.858593761920929 0.7270833849906921 0.15781250596046448 0.14374999701976776
0 0.727343738079071 0.9302083849906921 0.14531250298023224 0.10468750447034836
0 0.15703125298023224 0.8364583849906921 0.12968750298023224 0.15156249701976776
0 0.39453125 0.3447916805744171 0.15468750894069672 0.1484375
0 0.8382812738418579 0.11354167014360428 0.15468750894069672 0.1484375
0 0.65625 0.2927083373069763 0.18437500298023224 0.14531250298023224
0 0.12265624850988388 0.12395834177732468 0.15468750894069672 0.1484375
0 0.23125000298023224 0.3062500059604645 0.16250000894069672 0.140625
0 0.43671876192092896 0.11145833879709244 0.16093750298023224 0.15468750894069672
0 0.5921875238418579 0.0833333358168602 0.16875000298023224 0.12187500298023224
0 0.2710937559604645 0.1041666716337204 0.1484375 0.15312500298023224
0 0.08359374850988388 0.5010417103767395 0.1640625 0.13906250894069672
1 0.3218750059604645 0.6729167103767395 0.27812501788139343 0.2906250059604645
0 0.52734375 0.7625000476837158 0.18281249701976776 0.17499999701976776
0 0.675000011920929 0.4854166805744171 0.18437500298023224 0.13125000894069672
0 0.782031238079071 0.8364583849906921 0.16718749701976776 0.14531250298023224
0 0.8695312738418579 0.4385416805744171 0.1640625 0.17031250894069672
0 0.858593761920929 0.7270833849906921 0.15781250596046448 0.14374999701976776
0 0.727343738079071 0.9302083849906921 0.14531250298023224 0.10468750447034836
0 0.15703125298023224 0.8364583849906921 0.12968750298023224 0.15156249701976776
0 0.39453125 0.3447916805744171 0.15468750894069672 0.1484375
0 0.8382812738418579 0.11354167014360428 0.15468750894069672 0.1484375
0 0.65625 0.2927083373069763 0.18437500298023224 0.14531250298023224
0 0.12265624850988388 0.12395834177732468 0.15468750894069672 0.1484375
0 0.23125000298023224 0.3062500059604645 0.16250000894069672 0.140625
0 0.43671876192092896 0.11145833879709244 0.16093750298023224 0.15468750894069672
0 0.5921875238418579 0.0833333358168602 0.16875000298023224 0.12187500298023224
0 0.2710937559604645 0.1041666716337204 0.1484375 0.15312500298023224
0 0.08359374850988388 0.5010417103767395 0.1640625 0.13906250894069672
1 0.3218750059604645 0.6729167103767395 0.27812501788139343 0.2906250059604645
0 0.52734375 0.7625000476837158 0.18281249701976776 0.17499999701976776
0 0.675000011920929 0.4854166805744171 0.18437500298023224 0.13125000894069672
0 0.782031238079071 0.8364583849906921 0.16718749701976776 0.14531250298023224
0 0.8695312738418579 0.4385416805744171 0.1640625 0.17031250894069672
0 0.858593761920929 0.7270833849906921 0.15781250596046448 0.14374999701976776
0 0.727343738079071 0.9302083849906921 0.14531250298023224 0.10468750447034836
0 0.15703125298023224 0.8364583849906921 0.12968750298023224 0.15156249701976776
0 0.39453125 0.3447916805744171 0.15468750894069672 0.1484375
0 0.8382812738418579 0.11354167014360428 0.15468750894069672 0.1484375
0 0.65625 0.2927083373069763 0.18437500298023224 0.14531250298023224
0 0.12265624850988388 0.12395834177732468 0.15468750894069672 0.1484375
0 0.23125000298023224 0.3062500059604645 0.16250000894069672 0.140625
0 0.43671876192092896 0.11145833879709244 0.16093750298023224 0.15468750894069672
0 0.5921875238418579 0.0833333358168602 0.16875000298023224 0.12187500298023224
0 0.2710937559604645 0.1041666716337204 0.1484375 0.15312500298023224
0 0.08359374850988388 0.5010417103767395 0.1640625 0.13906250894069672
1 0.3218750059604645 0.6729167103767395 0.27812501788139343 0.2906250059604645
0 0.52734375 0.7625000476837158 0.18281249701976776 0.17499999701976776
0 0.675000011920929 0.4854166805744171 0.18437500298023224 0.13125000894069672
0 0.782031238079071 0.8364583849906921 0.16718749701976776 0.14531250298023224
0 0.8695312738418579 0.4385416805744171 0.1640625 0.17031250894069672
0 0.858593761920929 0.7270833849906921 0.15781250596046448 0.14374999701976776
0 0.727343738079071 0.9302083849906921 0.14531250298023224 0.10468750447034836
0 0.15703125298023224 0.8364583849906921 0.12968750298023224 0.15156249701976776
0 0.39453125 0.3447916805744171 0.15468750894069672 0.1484375
0 0.8382812738418579 0.11354167014360428 0.15468750894069672 0.1484375
0 0.65625 0.2927083373069763 0.18437500298023224 0.14531250298023224
0 0.12265624850988388 0.12395834177732468 0.15468750894069672 0.1484375
0 0.23125000298023224 0.3062500059604645 0.16250000894069672 0.140625
0 0.43671876192092896 0.11145833879709244 0.16093750298023224 0.15468750894069672
0 0.5921875238418579 0.0833333358168602 0.16875000298023224 0.12187500298023224
0 0.2710937559604645 0.1041666716337204 0.1484375 0.15312500298023224
0 0.08359374850988388 0.5010417103767395 0.1640625 0.13906250894069672
1 0.3218750059604645 0.6729167103767395 0.27812501788139343 0.2906250059604645
0 0.52734375 0.7625000476837158 0.18281249701976776 0.17499999701976776
0 0.675000011920929 0.4854166805744171 0.18437500298023224 0.13125000894069672
0 0.782031238079071 0.8364583849906921 0.16718749701976776 0.14531250298023224
0 0.8695312738418579 0.4385416805744171 0.1640625 0.17031250894069672
0 0.858593761920929 0.7270833849906921 0.15781250596046448 0.14374999701976776
0 0.727343738079071 0.9302083849906921 0.14531250298023224 0.10468750447034836
0 0.15703125298023224 0.8364583849906921 0.12968750298023224 0.15156249701976776
0 0.39453125 0.3447916805744171 0.15468750894069672 0.1484375
0 0.8382812738418579 0.11354167014360428 0.15468750894069672 0.1484375
0 0.65625 0.2927083373069763 0.18437500298023224 0.14531250298023224
0 0.12265624850988388 0.12395834177732468 0.15468750894069672 0.1484375
0 0.23125000298023224 0.3062500059604645 0.16250000894069672 0.140625
0 0.43671876192092896 0.11145833879709244 0.16093750298023224 0.15468750894069672
0 0.5921875238418579 0.0833333358168602 0.16875000298023224 0.12187500298023224
0 0.2710937559604645 0.1041666716337204 0.1484375 0.15312500298023224
0 0.08359374850988388 0.5010417103767395 0.1640625 0.13906250894069672
1 0.3218750059604645 0.6729167103767395 0.27812501788139343 0.2906250059604645
0 0.52734375 0.7625000476837158 0.18281249701976776 0.17499999701976776
0 0.675000011920929 0.4854166805744171 0.18437500298023224 0.13125000894069672
0 0.782031238079071 0.8364583849906921 0.16718749701976776 0.14531250298023224
0 0.8695312738418579 0.4385416805744171 0.1640625 0.17031250894069672
0 0.858593761920929 0.7270833849906921 0.15781250596046448 0.14374999701976776
0 0.727343738079071 0.9302083849906921 0.14531250298023224 0.10468750447034836
0 0.15703125298023224 0.8364583849906921 0.12968750298023224 0.15156249701976776
0 0.39453125 0.3447916805744171 0.15468750894069672 0.1484375
0 0.8382812738418579 0.11354167014360428 0.15468750894069672 0.1484375
0 0.65625 0.2927083373069763 0.18437500298023224 0.14531250298023224
0 0.12265624850988388 0.12395834177732468 0.15468750894069672 0.1484375
0 0.23125000298023224 0.3062500059604645 0.16250000894069672 0.140625
0 0.43671876192092896 0.11145833879709244 0.16093750298023224 0.15468750894069672
0 0.5921875238418579 0.0833333358168602 0.16875000298023224 0.12187500298023224
0 0.2710937559604645 0.1041666716337204 0.1484375 0.15312500298023224
0 0.08359374850988388 0.5010417103767395 0.1640625 0.13906250894069672
1 0.3218750059604645 0.6729167103767395 0.27812501788139343 0.2906250059604645
0 0.52734375 0.7625000476837158 0.18281249701976776 0.17499999701976776
0 0.675000011920929 0.4854166805744171 0.18437500298023224 0.13125000894069672
0 0.782031238079071 0.8364583849906921 0.16718749701976776 0.14531250298023224
0 0.8695312738418579 0.4385416805744171 0.1640625 0.17031250894069672
0 0.858593761920929 0.7270833849906921 0.15781250596046448 0.14374999701976776
0 0.727343738079071 0.9302083849906921 0.14531250298023224 0.10468750447034836
0 0.15703125298023224 0.8364583849906921 0.12968750298023224 0.15156249701976776
0 0.39453125 0.3447916805744171 0.15468750894069672 0.1484375
0 0.8382812738418579 0.11354167014360428 0.15468750894069672 0.1484375
0 0.65625 0.2927083373069763 0.18437500298023224 0.14531250298023224
0 0.12265624850988388 0.12395834177732468 0.15468750894069672 0.1484375
0 0.23125000298023224 0.3062500059604645 0.16250000894069672 0.140625
0 0.43671876192092896 0.11145833879709244 0.16093750298023224 0.15468750894069672
0 0.5921875238418579 0.0833333358168602 0.16875000298023224 0.12187500298023224
0 0.2710937559604645 0.1041666716337204 0.1484375 0.15312500298023224
0 0.08359374850988388 0.5010417103767395 0.1640625 0.13906250894069672
1 0.3218750059604645 0.6729167103767395 0.27812501788139343 0.2906250059604645
