0 0.14921875222353265 0.2791666812263429 0.1578125023515895 0.14375000214204192
0 0.6601562598370947 0.37291668611578643 0.19218750286381692 0.17187500256113708
0 0.22968750342261046 0.9302083818474784 0.1625000024214387 0.10156250151339918
0 0.28515625424915925 0.22708334517665207 0.2015625030035153 0.12812500190921128
0 0.07968750118743628 0.10729167226236314 0.15625000232830644 0.15156250225845724
1 0.49921875743893906 0.7781250405823812 0.35781250533182174 0.3328125049592927
0 0.14921875222353265 0.2791666812263429 0.1578125023515895 0.14375000214204192
0 0.6601562598370947 0.37291668611578643 0.19218750286381692 0.17187500256113708
0 0.22968750342261046 0.9302083818474784 0.1625000024214387 0.10156250151339918
0 0.28515625424915925 0.22708334517665207 0.2015625030035153 0.12812500190921128
0 0.07968750118743628 0.10729167226236314 0.15625000232830644 0.15156250225845724
1 0.49921875743893906 0.7781250405823812 0.35781250533182174 0.3328125049592927
0 0.14921875222353265 0.2791666812263429 0.1578125023515895 0.14375000214204192
0 0.6601562598370947 0.37291668611578643 0.19218750286381692 0.17187500256113708
0 0.22968750342261046 0.9302083818474784 0.1625000024214387 0.10156250151339918
0 0.28515625424915925 0.22708334517665207 0.2015625030035153 0.12812500190921128
0 0.07968750118743628 0.10729167226236314 0.15625000232830644 0.15156250225845724
1 0.49921875743893906 0.7781250405823812 0.35781250533182174 0.3328125049592927
0 0.14921875222353265 0.2791666812263429 0.1578125023515895 0.14375000214204192
0 0.6601562598370947 0.37291668611578643 0.19218750286381692 0.17187500256113708
0 0.22968750342261046 0.9302083818474784 0.1625000024214387 0.10156250151339918
0 0.28515625424915925 0.22708334517665207 0.2015625030035153 0.12812500190921128
0 0.07968750118743628 0.10729167226236314 0.15625000232830644 0.15156250225845724
1 0.49921875743893906 0.7781250405823812 0.35781250533182174 0.3328125049592927
0 0.14921875222353265 0.2791666812263429 0.1578125023515895 0.14375000214204192
0 0.6601562598370947 0.37291668611578643 0.19218750286381692 0.17187500256113708
0 0.22968750342261046 0.9302083818474784 0.1625000024214387 0.10156250151339918
0 0.28515625424915925 0.22708334517665207 0.2015625030035153 0.12812500190921128
0 0.07968750118743628 0.10729167226236314 0.15625000232830644 0.15156250225845724
1 0.49921875743893906 0.7781250405823812 0.35781250533182174 0.3328125049592927
0 0.14921875222353265 0.2791666812263429 0.1578125023515895 0.14375000214204192
0 0.6601562598370947 0.37291668611578643 0.19218750286381692 0.17187500256113708
0 0.22968750342261046 0.9302083818474784 0.1625000024214387 0.10156250151339918
0 0.28515625424915925 0.22708334517665207 0.2015625030035153 0.12812500190921128
0 0.07968750118743628 0.10729167226236314 0.15625000232830644 0.15156250225845724
1 0.49921875743893906 0.7781250405823812 0.35781250533182174 0.3328125049592927
0 0.14921875222353265 0.2791666812263429 0.1578125023515895 0.14375000214204192
0 0.6601562598370947 0.37291668611578643 0.19218750286381692 0.17187500256113708
0 0.22968750342261046 0.9302083818474784 0.1625000024214387 0.10156250151339918
0 0.28515625424915925 0.22708334517665207 0.2015625030035153 0.12812500190921128
0 0.07968750118743628 0.10729167226236314 0.15625000232830644 0.15156250225845724
1 0.49921875743893906 0.7781250405823812 0.35781250533182174 0.3328125049592927
0 0.14921875222353265 0.2791666812263429 0.1578125023515895 0.14375000214204192
0 0.6601562598370947 0.37291668611578643 0.19218750286381692 0.17187500256113708
0 0.22968750342261046 0.9302083818474784 0.1625000024214387 0.10156250151339918
0 0.28515625424915925 0.22708334517665207 0.2015625030035153 0.12812500190921128
0 0.07968750118743628 0.10729167226236314 0.15625000232830644 0.15156250225845724
1 0.49921875743893906 0.7781250405823812 0.35781250533182174 0.3328125049592927
0 0.14921875222353265 0.2791666812263429 0.1578125023515895 0.14375000214204192
0 0.6601562598370947 0.37291668611578643 0.19218750286381692 0.17187500256113708
0 0.22968750342261046 0.9302083818474784 0.1625000024214387 0.10156250151339918
0 0.28515625424915925 0.22708334517665207 0.2015625030035153 0.12812500190921128
0 0.07968750118743628 0.10729167226236314 0.15625000232830644 0.15156250225845724
1 0.49921875743893906 0.7781250405823812 0.35781250533182174 0.3328125049592927
0 0.14921875222353265 0.2791666812263429 0.1578125023515895 0.14375000214204192
0 0.6601562598370947 0.37291668611578643 0.19218750286381692 0.17187500256113708
0 0.22968750342261046 0.9302083818474784 0.1625000024214387 0.10156250151339918
0 0.28515625424915925 0.22708334517665207 0.2015625030035153 0.12812500190921128
0 0.07968750118743628 0.10729167226236314 0.15625000232830644 0.15156250225845724
1 0.49921875743893906 0.7781250405823812 0.35781250533182174 0.3328125049592927
0 0.14921875222353265 0.2791666812263429 0.1578125023515895 0.14375000214204192
0 0.6601562598370947 0.37291668611578643 0.19218750286381692 0.17187500256113708
0 0.22968750342261046 0.9302083818474784 0.1625000024214387 0.10156250151339918
0 0.28515625424915925 0.22708334517665207 0.2015625030035153 0.12812500190921128
0 0.07968750118743628 0.10729167226236314 0.15625000232830644 0.15156250225845724
1 0.49921875743893906 0.7781250405823812 0.35781250533182174 0.3328125049592927
0 0.14921875222353265 0.2791666812263429 0.1578125023515895 0.14375000214204192
0 0.6601562598370947 0.37291668611578643 0.19218750286381692 0.17187500256113708
0 0.22968750342261046 0.9302083818474784 0.1625000024214387 0.10156250151339918
0 0.28515625424915925 0.22708334517665207 0.2015625030035153 0.12812500190921128
0 0.07968750118743628 0.10729167226236314 0.15625000232830644 0.15156250225845724
1 0.49921875743893906 0.7781250405823812 0.35781250533182174 0.3328125049592927
0 0.14921875222353265 0.2791666812263429 0.1578125023515895 0.14375000214204192
0 0.6601562598370947 0.37291668611578643 0.19218750286381692 0.17187500256113708
0 0.22968750342261046 0.9302083818474784 0.1625000024214387 0.10156250151339918
0 0.28515625424915925 0.22708334517665207 0.2015625030035153 0.12812500190921128
0 0.07968750118743628 0.10729167226236314 0.15625000232830644 0.15156250225845724
1 0.49921875743893906 0.7781250405823812 0.35781250533182174 0.3328125049592927
0 0.14921875222353265 0.2791666812263429 0.1578125023515895 0.14375000214204192
0 0.6601562598370947 0.37291668611578643 0.19218750286381692 0.17187500256113708
0 0.22968750342261046 0.9302083818474784 0.1625000024214387 0.10156250151339918
0 0.28515625424915925 0.22708334517665207 0.2015625030035153 0.12812500190921128
0 0.07968750118743628 0.10729167226236314 0.15625000232830644 0.15156250225845724
1 0.49921875743893906 0.7781250405823812 0.35781250533182174 0.3328125049592927
0 0.14921875222353265 0.2791666812263429 0.1578125023515895 0.14375000214204192
0 0.6601562598370947 0.37291668611578643 0.19218750286381692 0.17187500256113708
0 0.22968750342261046 0.9302083818474784 0.1625000024214387 0.10156250151339918
0 0.28515625424915925 0.22708334517665207 0.2015625030035153 0.12812500190921128
0 0.07968750118743628 0.10729167226236314 0.15625000232830644 0.15156250225845724
1 0.49921875743893906 0.7781250405823812 0.35781250533182174 0.3328125049592927
0 0.14921875298023224 0.27916666865348816 0.15781250596046448 0.14374999701976776
0 0.66015625 0.37291669845581055 0.19218750298023224 0.171875
0 0.22968749701976776 0.9302083849906921 0.16250000894069672 0.1015625
0 0.28515625 0.22708334028720856 0.20156250894069672 0.12812499701976776
0 0.07968749850988388 0.10729166865348816 0.15625 0.15156249701976776
1 0.49921876192092896 0.7781250476837158 0.3578124940395355 0.33281251788139343
0 0.14921875298023224 0.27916666865348816 0.15781250596046448 0.14374999701976776
0 0.66015625 0.37291669845581055 0.19218750298023224 0.171875
0 0.22968749701976776 0.9302083849906921 0.16250000894069672 0.1015625
0 0.28515625 0.22708334028720856 0.20156250894069672 0.12812499701976776
0 0.07968749850988388 0.10729166865348816 0.15625 0.15156249701976776
1 0.49921876192092896 0.7781250476837158 0.3578124940395355 0.33281251788139343
0 0.14921875298023224 0.27916666865348816 0.15781250596046448 0.14374999701976776
0 0.66015625 0.37291669845581055 0.19218750298023224 0.171875
0 0.22968749701976776 0.9302083849906921 0.16250000894069672 0.1015625
0 0.28515625 0.22708334028720856 0.20156250894069672 0.12812499701976776
0 0.07968749850988388 0.10729166865348816 0.15625 0.15156249701976776
1 0.49921876192092896 0.7781250476837158 0.3578124940395355 0.33281251788139343
0 0.14921875298023224 0.27916666865348816 0.15781250596046448 0.14374999701976776
0 0.66015625 0.37291669845581055 0.19218750298023224 0.171875
0 0.22968749701976776 0.9302083849906921 0.16250000894069672 0.1015625
0 0.28515625 0.22708334028720856 0.20156250894069672 0.12812499701976776
0 0.07968749850988388 0.10729166865348816 0.15625 0.15156249701976776
1 0.49921876192092896 0.7781250476837158 0.3578124940395355 0.33281251788139343
0 0.14921875298023224 0.27916666865348816 0.15781250596046448 0.14374999701976776
0 0.66015625 0.37291669845581055 0.19218750298023224 0.171875
0 0.22968749701976776 0.9302083849906921 0.16250000894069672 0.1015625
0 0.28515625 0.22708334028720856 0.20156250894069672 0.12812499701976776
0 0.07968749850988388 0.10729166865348816 0.15625 0.15156249701976776
1 0.49921876192092896 0.7781250476837158 0.3578124940395355 0.33281251788139343
0 0.14921875298023224 0.27916666865348816 0.15781250596046448 0.14374999701976776
0 0.66015625 0.37291669845581055 0.19218750298023224 0.171875
0 0.22968749701976776 0.9302083849906921 0.16250000894069672 0.1015625
0 0.28515625 0.22708334028720856 0.20156250894069672 0.12812499701976776
0 0.07968749850988388 0.10729166865348816 0.15625 0.15156249701976776
1 0.49921876192092896 0.7781250476837158 0.3578124940395355 0.33281251788139343
0 0.14921875298023224 0.27916666865348816 0.15781250596046448 0.14374999701976776
0 0.66015625 0.37291669845581055 0.19218750298023224 0.171875
0 0.22968749701976776 0.9302083849906921 0.16250000894069672 0.1015625
0 0.28515625 0.22708334028720856 0.20156250894069672 0.12812499701976776
0 0.07968749850988388 0.10729166865348816 0.15625 0.15156249701976776
1 0.49921876192092896 0.7781250476837158 0.3578124940395355 0.33281251788139343
