0 0.7234375107800588 0.22395834501367062 0.1750000026077032 0.1578125023515895
0 0.5382812580210157 0.2343750122236088 0.12968750193249434 0.1578125023515895
0 0.4835937572061084 0.9177083811955526 0.14843750221189111 0.12343750183936208
0 0.4437500066123903 0.5000000260770321 0.1406250020954758 0.16562500246800482
0 0.4179687562282197 0.21145834436174482 0.11718750174622983 0.14218750211875886
0 0.8375000124797225 0.6479167004581541 0.15625000232830644 0.1750000026077032
0 0.7726562615134753 0.8291667099110782 0.14531250216532499 0.13437500200234354
0 0.9164062636555173 0.9197917146375403 0.15468750230502337 0.12031250179279596
0 0.6960937603726052 0.9468750493833795 0.15468750230502337 0.07968750118743628
0 0.5648437584168278 0.7000000365078449 0.14531250216532499 0.13437500200234354
0 0.6500000096857548 0.6447917002951726 0.15000000223517418 0.16093750239815563
0 0.08203125122236088 0.8989583802176639 0.15156250225845724 0.15156250225845724
0 0.052343750779982656 0.6666667014360428 0.10156250151339918 0.18125000270083547
1 0.27343750407453626 0.7645833732094616 0.3500000052154064 0.3125000046566129
1 0.7382812610012479 0.346875018090941 0.06406250095460564 0.06093750090803951
1 0.9429687640513293 0.5708333631046116 0.07656250114087015 0.06250000093132257
0 0.7234375107800588 0.22395834501367062 0.1750000026077032 0.1578125023515895
0 0.5382812580210157 0.2343750122236088 0.12968750193249434 0.1578125023515895
0 0.4835937572061084 0.9177083811955526 0.14843750221189111 0.12343750183936208
0 0.4437500066123903 0.5000000260770321 0.1406250020954758 0.16562500246800482
0 0.4179687562282197 0.21145834436174482 0.11718750174622983 0.14218750211875886
0 0.8375000124797225 0.6479167004581541 0.15625000232830644 0.1750000026077032
0 0.7726562615134753 0.8291667099110782 0.14531250216532499 0.13437500200234354
0 0.9164062636555173 0.9197917146375403 0.15468750230502337 0.12031250179279596
0 0.6960937603726052 0.9468750493833795 0.15468750230502337 0.07968750118743628
0 0.5648437584168278 0.7000000365078449 0.14531250216532499 0.13437500200234354
0 0.6500000096857548 0.6447917002951726 0.15000000223517418 0.16093750239815563
0 0.08203125122236088 0.8989583802176639 0.15156250225845724 0.15156250225845724
0 0.052343750779982656 0.6666667014360428 0.10156250151339918 0.18125000270083547
1 0.27343750407453626 0.7645833732094616 0.3500000052154064 0.3125000046566129
1 0.7382812610012479 0.346875018090941 0.06406250095460564 0.06093750090803951
1 0.9429687640513293 0.5708333631046116 0.07656250114087015 0.06250000093132257
0 0.7234375107800588 0.22395834501367062 0.1750000026077032 0.1578125023515895
0 0.5382812580210157 0.2343750122236088 0.12968750193249434 0.1578125023515895
0 0.4835937572061084 0.9177083811955526 0.14843750221189111 0.12343750183936208
0 0.4437500066123903 0.5000000260770321 0.1406250020954758 0.16562500246800482
0 0.4179687562282197 0.21145834436174482 0.11718750174622983 0.14218750211875886
0 0.8375000124797225 0.6479167004581541 0.15625000232830644 0.1750000026077032
0 0.7726562615134753 0.8291667099110782 0.14531250216532499 0.13437500200234354
0 0.9164062636555173 0.9197917146375403 0.15468750230502337 0.12031250179279596
0 0.6960937603726052 0.9468750493833795 0.15468750230502337 0.07968750118743628
0 0.5648437584168278 0.7000000365078449 0.14531250216532499 0.13437500200234354
0 0.6500000096857548 0.6447917002951726 0.15000000223517418 0.16093750239815563
0 0.08203125122236088 0.8989583802176639 0.15156250225845724 0.15156250225845724
0 0.052343750779982656 0.6666667014360428 0.10156250151339918 0.18125000270083547
1 0.27343750407453626 0.7645833732094616 0.3500000052154064 0.3125000046566129
1 0.7382812610012479 0.346875018090941 0.06406250095460564 0.06093750090803951
1 0.9429687640513293 0.5708333631046116 0.07656250114087015 0.06250000093132257
0 0.7234375107800588 0.22395834501367062 0.1750000026077032 0.1578125023515895
0 0.5382812580210157 0.2343750122236088 0.12968750193249434 0.1578125023515895
0 0.4835937572061084 0.9177083811955526 0.14843750221189111 0.12343750183936208
0 0.4437500066123903 0.5000000260770321 0.1406250020954758 0.16562500246800482
0 0.4179687562282197 0.21145834436174482 0.11718750174622983 0.14218750211875886
0 0.8375000124797225 0.6479167004581541 0.15625000232830644 0.1750000026077032
0 0.7726562615134753 0.8291667099110782 0.14531250216532499 0.13437500200234354
0 0.9164062636555173 0.9197917146375403 0.15468750230502337 0.12031250179279596
0 0.6960937603726052 0.9468750493833795 0.15468750230502337 0.07968750118743628
0 0.5648437584168278 0.7000000365078449 0.14531250216532499 0.13437500200234354
0 0.6500000096857548 0.6447917002951726 0.15000000223517418 0.16093750239815563
0 0.08203125122236088 0.8989583802176639 0.15156250225845724 0.15156250225845724
0 0.052343750779982656 0.6666667014360428 0.10156250151339918 0.18125000270083547
1 0.27343750407453626 0.7645833732094616 0.3500000052154064 0.3125000046566129
1 0.7382812610012479 0.346875018090941 0.06406250095460564 0.06093750090803951
1 0.9429687640513293 0.5708333631046116 0.07656250114087015 0.06250000093132257
0 0.7234375107800588 0.22395834501367062 0.1750000026077032 0.1578125023515895
0 0.5382812580210157 0.2343750122236088 0.12968750193249434 0.1578125023515895
0 0.4835937572061084 0.9177083811955526 0.14843750221189111 0.12343750183936208
0 0.4437500066123903 0.5000000260770321 0.1406250020954758 0.16562500246800482
0 0.4179687562282197 0.21145834436174482 0.11718750174622983 0.14218750211875886
0 0.8375000124797225 0.6479167004581541 0.15625000232830644 0.1750000026077032
0 0.7726562615134753 0.8291667099110782 0.14531250216532499 0.13437500200234354
0 0.9164062636555173 0.9197917146375403 0.15468750230502337 0.12031250179279596
0 0.6960937603726052 0.9468750493833795 0.15468750230502337 0.07968750118743628
0 0.5648437584168278 0.7000000365078449 0.14531250216532499 0.13437500200234354
0 0.6500000096857548 0.6447917002951726 0.15000000223517418 0.16093750239815563
0 0.08203125122236088 0.8989583802176639 0.15156250225845724 0.15156250225845724
0 0.052343750779982656 0.6666667014360428 0.10156250151339918 0.18125000270083547
1 0.27343750407453626 0.7645833732094616 0.3500000052154064 0.3125000046566129
1 0.7382812610012479 0.346875018090941 0.06406250095460564 0.06093750090803951
1 0.9429687640513293 0.5708333631046116 0.07656250114087015 0.06250000093132257
0 0.7234375107800588 0.22395834501367062 0.1750000026077032 0.1578125023515895
0 0.5382812580210157 0.2343750122236088 0.12968750193249434 0.1578125023515895
0 0.4835937572061084 0.9177083811955526 0.14843750221189111 0.12343750183936208
0 0.4437500066123903 0.5000000260770321 0.1406250020954758 0.16562500246800482
0 0.4179687562282197 0.21145834436174482 0.11718750174622983 0.14218750211875886
0 0.8375000124797225 0.6479167004581541 0.15625000232830644 0.1750000026077032
0 0.7726562615134753 0.8291667099110782 0.14531250216532499 0.13437500200234354
0 0.9164062636555173 0.9197917146375403 0.15468750230502337 0.12031250179279596
0 0.6960937603726052 0.9468750493833795 0.15468750230502337 0.07968750118743628
0 0.5648437584168278 0.7000000365078449 0.14531250216532499 0.13437500200234354
0 0.6500000096857548 0.6447917002951726 0.15000000223517418 0.16093750239815563
0 0.08203125122236088 0.8989583802176639 0.15156250225845724 0.15156250225845724
0 0.052343750779982656 0.6666667014360428 0.10156250151339918 0.18125000270083547
1 0.27343750407453626 0.7645833732094616 0.3500000052154064 0.3125000046566129
1 0.7382812610012479 0.346875018090941 0.06406250095460564 0.06093750090803951
1 0.9429687640513293 0.5708333631046116 0.07656250114087015 0.06250000093132257
0 0.7234375107800588 0.22395834501367062 0.1750000026077032 0.1578125023515895
0 0.5382812580210157 0.2343750122236088 0.12968750193249434 0.1578125023515895
0 0.4835937572061084 0.9177083811955526 0.14843750221189111 0.12343750183936208
0 0.4437500066123903 0.5000000260770321 0.1406250020954758 0.16562500246800482
0 0.4179687562282197 0.21145834436174482 0.11718750174622983 0.14218750211875886
0 0.8375000124797225 0.6479167004581541 0.15625000232830644 0.1750000026077032
0 0.7726562615134753 0.8291667099110782 0.14531250216532499 0.13437500200234354
0 0.9164062636555173 0.9197917146375403 0.15468750230502337 0.12031250179279596
0 0.6960937603726052 0.9468750493833795 0.15468750230502337 0.07968750118743628
0 0.5648437584168278 0.7000000365078449 0.14531250216532499 0.13437500200234354
0 0.6500000096857548 0.6447917002951726 0.15000000223517418 0.16093750239815563
0 0.08203125122236088 0.8989583802176639 0.15156250225845724 0.15156250225845724
0 0.052343750779982656 0.6666667014360428 0.10156250151339918 0.18125000270083547
1 0.27343750407453626 0.7645833732094616 0.3500000052154064 0.3125000046566129
1 0.7382812610012479 0.346875018090941 0.06406250095460564 0.06093750090803951
1 0.9429687640513293 0.5708333631046116 0.07656250114087015 0.06250000093132257
0 0.7234375107800588 0.22395834501367062 0.1750000026077032 0.1578125023515895
0 0.5382812580210157 0.2343750122236088 0.12968750193249434 0.1578125023515895
0 0.4835937572061084 0.9177083811955526 0.14843750221189111 0.12343750183936208
0 0.4437500066123903 0.5000000260770321 0.1406250020954758 0.16562500246800482
0 0.4179687562282197 0.21145834436174482 0.11718750174622983 0.14218750211875886
0 0.8375000124797225 0.6479167004581541 0.15625000232830644 0.1750000026077032
0 0.7726562615134753 0.8291667099110782 0.14531250216532499 0.13437500200234354
0 0.9164062636555173 0.9197917146375403 0.15468750230502337 0.12031250179279596
0 0.6960937603726052 0.9468750493833795 0.15468750230502337 0.07968750118743628
0 0.5648437584168278 0.7000000365078449 0.14531250216532499 0.13437500200234354
0 0.6500000096857548 0.6447917002951726 0.15000000223517418 0.16093750239815563
0 0.08203125122236088 0.8989583802176639 0.15156250225845724 0.15156250225845724
0 0.052343750779982656 0.6666667014360428 0.10156250151339918 0.18125000270083547
1 0.27343750407453626 0.7645833732094616 0.3500000052154064 0.3125000046566129
1 0.7382812610012479 0.346875018090941 0.06406250095460564 0.06093750090803951
1 0.9429687640513293 0.5708333631046116 0.07656250114087015 0.06250000093132257
0 0.7234375107800588 0.22395834501367062 0.1750000026077032 0.1578125023515895
0 0.5382812580210157 0.2343750122236088 0.12968750193249434 0.1578125023515895
0 0.4835937572061084 0.9177083811955526 0.14843750221189111 0.12343750183936208
0 0.4437500066123903 0.5000000260770321 0.1406250020954758 0.16562500246800482
0 0.4179687562282197 0.21145834436174482 0.11718750174622983 0.14218750211875886
0 0.8375000124797225 0.6479167004581541 0.15625000232830644 0.1750000026077032
0 0.7726562615134753 0.8291667099110782 0.14531250216532499 0.13437500200234354
0 0.9164062636555173 0.9197917146375403 0.15468750230502337 0.12031250179279596
0 0.6960937603726052 0.9468750493833795 0.15468750230502337 0.07968750118743628
0 0.5648437584168278 0.7000000365078449 0.14531250216532499 0.13437500200234354
0 0.6500000096857548 0.6447917002951726 0.15000000223517418 0.16093750239815563
0 0.08203125122236088 0.8989583802176639 0.15156250225845724 0.15156250225845724
0 0.052343750779982656 0.6666667014360428 0.10156250151339918 0.18125000270083547
1 0.27343750407453626 0.7645833732094616 0.3500000052154064 0.3125000046566129
1 0.7382812610012479 0.346875018090941 0.06406250095460564 0.06093750090803951
1 0.9429687640513293 0.5708333631046116 0.07656250114087015 0.06250000093132257
0 0.7234375107800588 0.22395834501367062 0.1750000026077032 0.1578125023515895
0 0.5382812580210157 0.2343750122236088 0.12968750193249434 0.1578125023515895
0 0.4835937572061084 0.9177083811955526 0.14843750221189111 0.12343750183936208
0 0.4437500066123903 0.5000000260770321 0.1406250020954758 0.16562500246800482
0 0.4179687562282197 0.21145834436174482 0.11718750174622983 0.14218750211875886
0 0.8375000124797225 0.6479167004581541 0.15625000232830644 0.1750000026077032
0 0.7726562615134753 0.8291667099110782 0.14531250216532499 0.13437500200234354
0 0.9164062636555173 0.9197917146375403 0.15468750230502337 0.12031250179279596
0 0.6960937603726052 0.9468750493833795 0.15468750230502337 0.07968750118743628
0 0.5648437584168278 0.7000000365078449 0.14531250216532499 0.13437500200234354
0 0.6500000096857548 0.6447917002951726 0.15000000223517418 0.16093750239815563
0 0.08203125122236088 0.8989583802176639 0.15156250225845724 0.15156250225845724
0 0.052343750779982656 0.6666667014360428 0.10156250151339918 0.18125000270083547
1 0.27343750407453626 0.7645833732094616 0.3500000052154064 0.3125000046566129
1 0.7382812610012479 0.346875018090941 0.06406250095460564 0.06093750090803951
1 0.9429687640513293 0.5708333631046116 0.07656250114087015 0.06250000093132257
0 0.7234375107800588 0.22395834501367062 0.1750000026077032 0.1578125023515895
0 0.5382812580210157 0.2343750122236088 0.12968750193249434 0.1578125023515895
0 0.4835937572061084 0.9177083811955526 0.14843750221189111 0.12343750183936208
0 0.4437500066123903 0.5000000260770321 0.1406250020954758 0.16562500246800482
0 0.4179687562282197 0.21145834436174482 0.11718750174622983 0.14218750211875886
0 0.8375000124797225 0.6479167004581541 0.15625000232830644 0.1750000026077032
0 0.7726562615134753 0.8291667099110782 0.14531250216532499 0.13437500200234354
0 0.9164062636555173 0.9197917146375403 0.15468750230502337 0.12031250179279596
0 0.6960937603726052 0.9468750493833795 0.15468750230502337 0.07968750118743628
0 0.5648437584168278 0.7000000365078449 0.14531250216532499 0.13437500200234354
0 0.6500000096857548 0.6447917002951726 0.15000000223517418 0.16093750239815563
0 0.08203125122236088 0.8989583802176639 0.15156250225845724 0.15156250225845724
0 0.052343750779982656 0.6666667014360428 0.10156250151339918 0.18125000270083547
1 0.27343750407453626 0.7645833732094616 0.3500000052154064 0.3125000046566129
1 0.7382812610012479 0.346875018090941 0.06406250095460564 0.06093750090803951
1 0.9429687640513293 0.5708333631046116 0.07656250114087015 0.06250000093132257
0 0.7234375107800588 0.22395834501367062 0.1750000026077032 0.1578125023515895
0 0.5382812580210157 0.2343750122236088 0.12968750193249434 0.1578125023515895
0 0.4835937572061084 0.9177083811955526 0.14843750221189111 0.12343750183936208
0 0.4437500066123903 0.5000000260770321 0.1406250020954758 0.16562500246800482
0 0.4179687562282197 0.21145834436174482 0.11718750174622983 0.14218750211875886
0 0.8375000124797225 0.6479167004581541 0.15625000232830644 0.1750000026077032
0 0.7726562615134753 0.8291667099110782 0.14531250216532499 0.13437500200234354
0 0.9164062636555173 0.9197917146375403 0.15468750230502337 0.12031250179279596
0 0.6960937603726052 0.9468750493833795 0.15468750230502337 0.07968750118743628
0 0.5648437584168278 0.7000000365078449 0.14531250216532499 0.13437500200234354
0 0.6500000096857548 0.6447917002951726 0.15000000223517418 0.16093750239815563
0 0.08203125122236088 0.8989583802176639 0.15156250225845724 0.15156250225845724
0 0.052343750779982656 0.6666667014360428 0.10156250151339918 0.18125000270083547
1 0.27343750407453626 0.7645833732094616 0.3500000052154064 0.3125000046566129
1 0.7382812610012479 0.346875018090941 0.06406250095460564 0.06093750090803951
1 0.9429687640513293 0.5708333631046116 0.07656250114087015 0.06250000093132257
0 0.7234375107800588 0.22395834501367062 0.1750000026077032 0.1578125023515895
0 0.5382812580210157 0.2343750122236088 0.12968750193249434 0.1578125023515895
0 0.4835937572061084 0.9177083811955526 0.14843750221189111 0.12343750183936208
0 0.4437500066123903 0.5000000260770321 0.1406250020954758 0.16562500246800482
0 0.4179687562282197 0.21145834436174482 0.11718750174622983 0.14218750211875886
0 0.8375000124797225 0.6479167004581541 0.15625000232830644 0.1750000026077032
0 0.7726562615134753 0.8291667099110782 0.14531250216532499 0.13437500200234354
0 0.9164062636555173 0.9197917146375403 0.15468750230502337 0.12031250179279596
0 0.6960937603726052 0.9468750493833795 0.15468750230502337 0.07968750118743628
0 0.5648437584168278 0.7000000365078449 0.14531250216532499 0.13437500200234354
0 0.6500000096857548 0.6447917002951726 0.15000000223517418 0.16093750239815563
0 0.08203125122236088 0.8989583802176639 0.15156250225845724 0.15156250225845724
0 0.052343750779982656 0.6666667014360428 0.10156250151339918 0.18125000270083547
1 0.27343750407453626 0.7645833732094616 0.3500000052154064 0.3125000046566129
1 0.7382812610012479 0.346875018090941 0.06406250095460564 0.06093750090803951
1 0.9429687640513293 0.5708333631046116 0.07656250114087015 0.06250000093132257
0 0.7234375107800588 0.22395834501367062 0.1750000026077032 0.1578125023515895
0 0.5382812580210157 0.2343750122236088 0.12968750193249434 0.1578125023515895
0 0.4835937572061084 0.9177083811955526 0.14843750221189111 0.12343750183936208
0 0.4437500066123903 0.5000000260770321 0.1406250020954758 0.16562500246800482
0 0.4179687562282197 0.21145834436174482 0.11718750174622983 0.14218750211875886
0 0.8375000124797225 0.6479167004581541 0.15625000232830644 0.1750000026077032
0 0.7726562615134753 0.8291667099110782 0.14531250216532499 0.13437500200234354
0 0.9164062636555173 0.9197917146375403 0.15468750230502337 0.12031250179279596
0 0.6960937603726052 0.9468750493833795 0.15468750230502337 0.07968750118743628
0 0.5648437584168278 0.7000000365078449 0.14531250216532499 0.13437500200234354
0 0.6500000096857548 0.6447917002951726 0.15000000223517418 0.16093750239815563
0 0.08203125122236088 0.8989583802176639 0.15156250225845724 0.15156250225845724
0 0.052343750779982656 0.6666667014360428 0.10156250151339918 0.18125000270083547
1 0.27343750407453626 0.7645833732094616 0.3500000052154064 0.3125000046566129
2 0.7382812610012479 0.346875018090941 0.06406250095460564 0.06093750090803951
2 0.9429687640513293 0.5708333631046116 0.07656250114087015 0.06250000093132257
0 0.7234375107800588 0.22395834501367062 0.1750000026077032 0.1578125023515895
0 0.5382812580210157 0.2343750122236088 0.12968750193249434 0.1578125023515895
0 0.4835937572061084 0.9177083811955526 0.14843750221189111 0.12343750183936208
0 0.4437500066123903 0.5000000260770321 0.1406250020954758 0.16562500246800482
0 0.4179687562282197 0.21145834436174482 0.11718750174622983 0.14218750211875886
0 0.8375000124797225 0.6479167004581541 0.15625000232830644 0.1750000026077032
0 0.7726562615134753 0.8291667099110782 0.14531250216532499 0.13437500200234354
0 0.9164062636555173 0.9197917146375403 0.15468750230502337 0.12031250179279596
0 0.6960937603726052 0.9468750493833795 0.15468750230502337 0.07968750118743628
0 0.5648437584168278 0.7000000365078449 0.14531250216532499 0.13437500200234354
0 0.6500000096857548 0.6447917002951726 0.15000000223517418 0.16093750239815563
0 0.08203125122236088 0.8989583802176639 0.15156250225845724 0.15156250225845724
0 0.052343750779982656 0.6666667014360428 0.10156250151339918 0.18125000270083547
1 0.27343750407453626 0.7645833732094616 0.3500000052154064 0.3125000046566129
2 0.7382812610012479 0.346875018090941 0.06406250095460564 0.06093750090803951
2 0.9429687640513293 0.5708333631046116 0.07656250114087015 0.06250000093132257
0 0.723437488079071 0.2239583432674408 0.17499999701976776 0.15781250596046448
0 0.538281261920929 0.2343750149011612 0.12968750298023224 0.15781250596046448
0 0.48359376192092896 0.9177083969116211 0.1484375 0.12343750149011612
0 0.4437499940395355 0.5 0.140625 0.16562500596046448
0 0.41796875 0.21145834028720856 0.1171875 0.14218750596046448
0 0.8375000357627869 0.6479166746139526 0.15625 0.17499999701976776
0 0.772656261920929 0.8291667103767395 0.14531250298023224 0.13437500596046448
0 0.9164062738418579 0.9197916984558105 0.15468750894069672 0.12031250447034836
0 0.696093738079071 0.9468750357627869 0.15468750894069672 0.07968749850988388
0 0.5648437738418579 0.7000000476837158 0.14531250298023224 0.13437500596046448
0 0.6500000357627869 0.6447917222976685 0.15000000596046448 0.16093750298023224
0 0.08203125 0.8989583849906921 0.15156249701976776 0.15156249701976776
0 0.05234375223517418 0.6666666865348816 0.1015625 0.18125000596046448
1 0.2734375 0.7645833492279053 0.3499999940395355 0.3125
2 0.73828125 0.34687501192092896 0.06406249850988388 0.06093750149011612
2 0.9429687857627869 0.5708333849906921 0.07656250149011612 0.0625
0 0.723437488079071 0.2239583432674408 0.17499999701976776 0.15781250596046448
0 0.538281261920929 0.2343750149011612 0.12968750298023224 0.15781250596046448
0 0.48359376192092896 0.9177083969116211 0.1484375 0.12343750149011612
0 0.4437499940395355 0.5 0.140625 0.16562500596046448
0 0.41796875 0.21145834028720856 0.1171875 0.14218750596046448
0 0.8375000357627869 0.6479166746139526 0.15625 0.17499999701976776
0 0.772656261920929 0.8291667103767395 0.14531250298023224 0.13437500596046448
0 0.9164062738418579 0.9197916984558105 0.15468750894069672 0.12031250447034836
0 0.696093738079071 0.9468750357627869 0.15468750894069672 0.07968749850988388
0 0.5648437738418579 0.7000000476837158 0.14531250298023224 0.13437500596046448
0 0.6500000357627869 0.6447917222976685 0.15000000596046448 0.16093750298023224
0 0.08203125 0.8989583849906921 0.15156249701976776 0.15156249701976776
0 0.05234375223517418 0.6666666865348816 0.1015625 0.18125000596046448
1 0.2734375 0.7645833492279053 0.3499999940395355 0.3125
2 0.73828125 0.34687501192092896 0.06406249850988388 0.06093750149011612
2 0.9429687857627869 0.5708333849906921 0.07656250149011612 0.0625
0 0.723437488079071 0.2239583432674408 0.17499999701976776 0.15781250596046448
0 0.538281261920929 0.2343750149011612 0.12968750298023224 0.15781250596046448
0 0.48359376192092896 0.9177083969116211 0.1484375 0.12343750149011612
0 0.4437499940395355 0.5 0.140625 0.16562500596046448
0 0.41796875 0.21145834028720856 0.1171875 0.14218750596046448
0 0.8375000357627869 0.6479166746139526 0.15625 0.17499999701976776
0 0.772656261920929 0.8291667103767395 0.14531250298023224 0.13437500596046448
0 0.9164062738418579 0.9197916984558105 0.15468750894069672 0.12031250447034836
0 0.696093738079071 0.9468750357627869 0.15468750894069672 0.07968749850988388
0 0.5648437738418579 0.7000000476837158 0.14531250298023224 0.13437500596046448
0 0.6500000357627869 0.6447917222976685 0.15000000596046448 0.16093750298023224
0 0.08203125 0.8989583849906921 0.15156249701976776 0.15156249701976776
0 0.05234375223517418 0.6666666865348816 0.1015625 0.18125000596046448
1 0.2734375 0.7645833492279053 0.3499999940395355 0.3125
2 0.73828125 0.34687501192092896 0.06406249850988388 0.06093750149011612
2 0.9429687857627869 0.5708333849906921 0.07656250149011612 0.0625
0 0.723437488079071 0.2239583432674408 0.17499999701976776 0.15781250596046448
0 0.538281261920929 0.2343750149011612 0.12968750298023224 0.15781250596046448
0 0.48359376192092896 0.9177083969116211 0.1484375 0.12343750149011612
0 0.4437499940395355 0.5 0.140625 0.16562500596046448
0 0.41796875 0.21145834028720856 0.1171875 0.14218750596046448
0 0.8375000357627869 0.6479166746139526 0.15625 0.17499999701976776
0 0.772656261920929 0.8291667103767395 0.14531250298023224 0.13437500596046448
0 0.9164062738418579 0.9197916984558105 0.15468750894069672 0.12031250447034836
0 0.696093738079071 0.9468750357627869 0.15468750894069672 0.07968749850988388
0 0.5648437738418579 0.7000000476837158 0.14531250298023224 0.13437500596046448
0 0.6500000357627869 0.6447917222976685 0.15000000596046448 0.16093750298023224
0 0.08203125 0.8989583849906921 0.15156249701976776 0.15156249701976776
0 0.05234375223517418 0.6666666865348816 0.1015625 0.18125000596046448
1 0.2734375 0.7645833492279053 0.3499999940395355 0.3125
2 0.73828125 0.34687501192092896 0.06406249850988388 0.06093750149011612
2 0.9429687857627869 0.5708333849906921 0.07656250149011612 0.0625
0 0.723437488079071 0.2239583432674408 0.17499999701976776 0.15781250596046448
0 0.538281261920929 0.2343750149011612 0.12968750298023224 0.15781250596046448
0 0.48359376192092896 0.9177083969116211 0.1484375 0.12343750149011612
0 0.4437499940395355 0.5 0.140625 0.16562500596046448
0 0.41796875 0.21145834028720856 0.1171875 0.14218750596046448
0 0.8375000357627869 0.6479166746139526 0.15625 0.17499999701976776
0 0.772656261920929 0.8291667103767395 0.14531250298023224 0.13437500596046448
0 0.9164062738418579 0.9197916984558105 0.15468750894069672 0.12031250447034836
0 0.696093738079071 0.9468750357627869 0.15468750894069672 0.07968749850988388
0 0.5648437738418579 0.7000000476837158 0.14531250298023224 0.13437500596046448
0 0.6500000357627869 0.6447917222976685 0.15000000596046448 0.16093750298023224
0 0.08203125 0.8989583849906921 0.15156249701976776 0.15156249701976776
0 0.05234375223517418 0.6666666865348816 0.1015625 0.18125000596046448
1 0.2734375 0.7645833492279053 0.3499999940395355 0.3125
2 0.73828125 0.34687501192092896 0.06406249850988388 0.06093750149011612
2 0.9429687857627869 0.5708333849906921 0.07656250149011612 0.0625
0 0.723437488079071 0.2239583432674408 0.17499999701976776 0.15781250596046448
0 0.538281261920929 0.2343750149011612 0.12968750298023224 0.15781250596046448
0 0.48359376192092896 0.9177083969116211 0.1484375 0.12343750149011612
0 0.4437499940395355 0.5 0.140625 0.16562500596046448
0 0.41796875 0.21145834028720856 0.1171875 0.14218750596046448
0 0.8375000357627869 0.6479166746139526 0.15625 0.17499999701976776
0 0.772656261920929 0.8291667103767395 0.14531250298023224 0.13437500596046448
0 0.9164062738418579 0.9197916984558105 0.15468750894069672 0.12031250447034836
0 0.696093738079071 0.9468750357627869 0.15468750894069672 0.07968749850988388
0 0.5648437738418579 0.7000000476837158 0.14531250298023224 0.13437500596046448
0 0.6500000357627869 0.6447917222976685 0.15000000596046448 0.16093750298023224
0 0.08203125 0.8989583849906921 0.15156249701976776 0.15156249701976776
0 0.05234375223517418 0.6666666865348816 0.1015625 0.18125000596046448
1 0.2734375 0.7645833492279053 0.3499999940395355 0.3125
2 0.73828125 0.34687501192092896 0.06406249850988388 0.06093750149011612
2 0.9429687857627869 0.5708333849906921 0.07656250149011612 0.0625
0 0.723437488079071 0.2239583432674408 0.17499999701976776 0.15781250596046448
0 0.538281261920929 0.2343750149011612 0.12968750298023224 0.15781250596046448
0 0.48359376192092896 0.9177083969116211 0.1484375 0.12343750149011612
0 0.4437499940395355 0.5 0.140625 0.16562500596046448
0 0.41796875 0.21145834028720856 0.1171875 0.14218750596046448
0 0.8375000357627869 0.6479166746139526 0.15625 0.17499999701976776
0 0.772656261920929 0.8291667103767395 0.14531250298023224 0.13437500596046448
0 0.9164062738418579 0.9197916984558105 0.15468750894069672 0.12031250447034836
0 0.696093738079071 0.9468750357627869 0.15468750894069672 0.07968749850988388
0 0.5648437738418579 0.7000000476837158 0.14531250298023224 0.13437500596046448
0 0.6500000357627869 0.6447917222976685 0.15000000596046448 0.16093750298023224
0 0.08203125 0.8989583849906921 0.15156249701976776 0.15156249701976776
0 0.05234375223517418 0.6666666865348816 0.1015625 0.18125000596046448
1 0.2734375 0.7645833492279053 0.3499999940395355 0.3125
2 0.73828125 0.34687501192092896 0.06406249850988388 0.06093750149011612
2 0.9429687857627869 0.5708333849906921 0.07656250149011612 0.0625
