0 0.7921875118045136 0.6187500322703272 0.1843750027474016 0.16562500246800482
0 0.4460937566473149 0.5468750285217538 0.14843750221189111 0.14843750221189111
0 0.0921875013737008 0.7145833706017584 0.13750000204890966 0.1968750029336661
0 0.46250000689178705 0.2468750128755346 0.17812500265426934 0.15156250225845724
0 0.8257812623050995 0.14479167421814054 0.19218750286381692 0.17656250263098627
0 0.728125010849908 0.38125001988373697 0.16875000251457095 0.16562500246800482
0 0.606250009033829 0.4072916879085824 0.1843750027474016 0.18281250272411853
0 0.6476562596508302 0.9010417136596516 0.18593750277068466 0.14843750221189111
0 0.6109375091036782 0.6437500335741788 0.15937500237487257 0.15625000232830644
0 0.3500000052154064 0.38645835348870605 0.15625000232830644 0.14843750221189111
0 0.22968750342261046 0.21979167812969536 0.1531250022817403 0.18281250272411853
0 0.22968750342261046 0.4510416901903227 0.1406250020954758 0.1890625028172508
0 0.3375000050291419 0.08125000423751771 0.17187500256113708 0.11875000176951289
1 0.3015625044936314 0.8083333754912019 0.3562500053085387 0.28750000428408384
1 0.8671875129221007 0.2520833464805037 0.059375000884756446 0.059375000884756446
1 0.8203125122236088 0.28645834827329963 0.05625000083819032 0.05468750081490725
0 0.7921875118045136 0.6187500322703272 0.1843750027474016 0.16562500246800482
0 0.4460937566473149 0.5468750285217538 0.14843750221189111 0.14843750221189111
0 0.0921875013737008 0.7145833706017584 0.13750000204890966 0.1968750029336661
0 0.46250000689178705 0.2468750128755346 0.17812500265426934 0.15156250225845724
0 0.8257812623050995 0.14479167421814054 0.19218750286381692 0.17656250263098627
0 0.728125010849908 0.38125001988373697 0.16875000251457095 0.16562500246800482
0 0.606250009033829 0.4072916879085824 0.1843750027474016 0.18281250272411853
0 0.6476562596508302 0.9010417136596516 0.18593750277068466 0.14843750221189111
0 0.6109375091036782 0.6437500335741788 0.15937500237487257 0.15625000232830644
0 0.3500000052154064 0.38645835348870605 0.15625000232830644 0.14843750221189111
0 0.22968750342261046 0.21979167812969536 0.1531250022817403 0.18281250272411853
0 0.22968750342261046 0.4510416901903227 0.1406250020954758 0.1890625028172508
0 0.3375000050291419 0.08125000423751771 0.17187500256113708 0.11875000176951289
1 0.3015625044936314 0.8083333754912019 0.3562500053085387 0.28750000428408384
1 0.8671875129221007 0.2520833464805037 0.059375000884756446 0.059375000884756446
1 0.8203125122236088 0.28645834827329963 0.05625000083819032 0.05468750081490725
0 0.7921875118045136 0.6187500322703272 0.1843750027474016 0.16562500246800482
0 0.4460937566473149 0.5468750285217538 0.14843750221189111 0.14843750221189111
0 0.0921875013737008 0.7145833706017584 0.13750000204890966 0.1968750029336661
0 0.46250000689178705 0.2468750128755346 0.17812500265426934 0.15156250225845724
0 0.8257812623050995 0.14479167421814054 0.19218750286381692 0.17656250263098627
0 0.728125010849908 0.38125001988373697 0.16875000251457095 0.16562500246800482
0 0.606250009033829 0.4072916879085824 0.1843750027474016 0.18281250272411853
0 0.6476562596508302 0.9010417136596516 0.18593750277068466 0.14843750221189111
0 0.6109375091036782 0.6437500335741788 0.15937500237487257 0.15625000232830644
0 0.3500000052154064 0.38645835348870605 0.15625000232830644 0.14843750221189111
0 0.22968750342261046 0.21979167812969536 0.1531250022817403 0.18281250272411853
0 0.22968750342261046 0.4510416901903227 0.1406250020954758 0.1890625028172508
0 0.3375000050291419 0.08125000423751771 0.17187500256113708 0.11875000176951289
1 0.3015625044936314 0.8083333754912019 0.3562500053085387 0.28750000428408384
1 0.8671875129221007 0.2520833464805037 0.059375000884756446 0.059375000884756446
1 0.8203125122236088 0.28645834827329963 0.05625000083819032 0.05468750081490725
0 0.7921875118045136 0.6187500322703272 0.1843750027474016 0.16562500246800482
0 0.4460937566473149 0.5468750285217538 0.14843750221189111 0.14843750221189111
0 0.0921875013737008 0.7145833706017584 0.13750000204890966 0.1968750029336661
0 0.46250000689178705 0.2468750128755346 0.17812500265426934 0.15156250225845724
0 0.8257812623050995 0.14479167421814054 0.19218750286381692 0.17656250263098627
0 0.728125010849908 0.38125001988373697 0.16875000251457095 0.16562500246800482
0 0.606250009033829 0.4072916879085824 0.1843750027474016 0.18281250272411853
0 0.6476562596508302 0.9010417136596516 0.18593750277068466 0.14843750221189111
0 0.6109375091036782 0.6437500335741788 0.15937500237487257 0.15625000232830644
0 0.3500000052154064 0.38645835348870605 0.15625000232830644 0.14843750221189111
0 0.22968750342261046 0.21979167812969536 0.1531250022817403 0.18281250272411853
0 0.22968750342261046 0.4510416901903227 0.1406250020954758 0.1890625028172508
0 0.3375000050291419 0.08125000423751771 0.17187500256113708 0.11875000176951289
1 0.3015625044936314 0.8083333754912019 0.3562500053085387 0.28750000428408384
1 0.8671875129221007 0.2520833464805037 0.059375000884756446 0.059375000884756446
1 0.8203125122236088 0.28645834827329963 0.05625000083819032 0.05468750081490725
0 0.7921875118045136 0.6187500322703272 0.1843750027474016 0.16562500246800482
0 0.4460937566473149 0.5468750285217538 0.14843750221189111 0.14843750221189111
0 0.0921875013737008 0.7145833706017584 0.13750000204890966 0.1968750029336661
0 0.46250000689178705 0.2468750128755346 0.17812500265426934 0.15156250225845724
0 0.8257812623050995 0.14479167421814054 0.19218750286381692 0.17656250263098627
0 0.728125010849908 0.38125001988373697 0.16875000251457095 0.16562500246800482
0 0.606250009033829 0.4072916879085824 0.1843750027474016 0.18281250272411853
0 0.6476562596508302 0.9010417136596516 0.18593750277068466 0.14843750221189111
0 0.6109375091036782 0.6437500335741788 0.15937500237487257 0.15625000232830644
0 0.3500000052154064 0.38645835348870605 0.15625000232830644 0.14843750221189111
0 0.22968750342261046 0.21979167812969536 0.1531250022817403 0.18281250272411853
0 0.22968750342261046 0.4510416901903227 0.1406250020954758 0.1890625028172508
0 0.3375000050291419 0.08125000423751771 0.17187500256113708 0.11875000176951289
1 0.3015625044936314 0.8083333754912019 0.3562500053085387 0.28750000428408384
1 0.8671875129221007 0.2520833464805037 0.059375000884756446 0.059375000884756446
1 0.8203125122236088 0.28645834827329963 0.05625000083819032 0.05468750081490725
0 0.7921875118045136 0.6187500322703272 0.1843750027474016 0.16562500246800482
0 0.4460937566473149 0.5468750285217538 0.14843750221189111 0.14843750221189111
0 0.0921875013737008 0.7145833706017584 0.13750000204890966 0.1968750029336661
0 0.46250000689178705 0.2468750128755346 0.17812500265426934 0.15156250225845724
0 0.8257812623050995 0.14479167421814054 0.19218750286381692 0.17656250263098627
0 0.728125010849908 0.38125001988373697 0.16875000251457095 0.16562500246800482
0 0.606250009033829 0.4072916879085824 0.1843750027474016 0.18281250272411853
0 0.6476562596508302 0.9010417136596516 0.18593750277068466 0.14843750221189111
0 0.6109375091036782 0.6437500335741788 0.15937500237487257 0.15625000232830644
0 0.3500000052154064 0.38645835348870605 0.15625000232830644 0.14843750221189111
0 0.22968750342261046 0.21979167812969536 0.1531250022817403 0.18281250272411853
0 0.22968750342261046 0.4510416901903227 0.1406250020954758 0.1890625028172508
0 0.3375000050291419 0.08125000423751771 0.17187500256113708 0.11875000176951289
1 0.3015625044936314 0.8083333754912019 0.3562500053085387 0.28750000428408384
1 0.8671875129221007 0.2520833464805037 0.059375000884756446 0.059375000884756446
1 0.8203125122236088 0.28645834827329963 0.05625000083819032 0.05468750081490725
0 0.7921875118045136 0.6187500322703272 0.1843750027474016 0.16562500246800482
0 0.4460937566473149 0.5468750285217538 0.14843750221189111 0.14843750221189111
0 0.0921875013737008 0.7145833706017584 0.13750000204890966 0.1968750029336661
0 0.46250000689178705 0.2468750128755346 0.17812500265426934 0.15156250225845724
0 0.8257812623050995 0.14479167421814054 0.19218750286381692 0.17656250263098627
0 0.728125010849908 0.38125001988373697 0.16875000251457095 0.16562500246800482
0 0.606250009033829 0.4072916879085824 0.1843750027474016 0.18281250272411853
0 0.6476562596508302 0.9010417136596516 0.18593750277068466 0.14843750221189111
0 0.6109375091036782 0.6437500335741788 0.15937500237487257 0.15625000232830644
0 0.3500000052154064 0.38645835348870605 0.15625000232830644 0.14843750221189111
0 0.22968750342261046 0.21979167812969536 0.1531250022817403 0.18281250272411853
0 0.22968750342261046 0.4510416901903227 0.1406250020954758 0.1890625028172508
0 0.3375000050291419 0.08125000423751771 0.17187500256113708 0.11875000176951289
1 0.3015625044936314 0.8083333754912019 0.3562500053085387 0.28750000428408384
1 0.8671875129221007 0.2520833464805037 0.059375000884756446 0.059375000884756446
1 0.8203125122236088 0.28645834827329963 0.05625000083819032 0.05468750081490725
0 0.7921875118045136 0.6187500322703272 0.1843750027474016 0.16562500246800482
0 0.4460937566473149 0.5468750285217538 0.14843750221189111 0.14843750221189111
0 0.0921875013737008 0.7145833706017584 0.13750000204890966 0.1968750029336661
0 0.46250000689178705 0.2468750128755346 0.17812500265426934 0.15156250225845724
0 0.8257812623050995 0.14479167421814054 0.19218750286381692 0.17656250263098627
0 0.728125010849908 0.38125001988373697 0.16875000251457095 0.16562500246800482
0 0.606250009033829 0.4072916879085824 0.1843750027474016 0.18281250272411853
0 0.6476562596508302 0.9010417136596516 0.18593750277068466 0.14843750221189111
0 0.6109375091036782 0.6437500335741788 0.15937500237487257 0.15625000232830644
0 0.3500000052154064 0.38645835348870605 0.15625000232830644 0.14843750221189111
0 0.22968750342261046 0.21979167812969536 0.1531250022817403 0.18281250272411853
0 0.22968750342261046 0.4510416901903227 0.1406250020954758 0.1890625028172508
0 0.3375000050291419 0.08125000423751771 0.17187500256113708 0.11875000176951289
1 0.3015625044936314 0.8083333754912019 0.3562500053085387 0.28750000428408384
1 0.8671875129221007 0.2520833464805037 0.059375000884756446 0.059375000884756446
1 0.8203125122236088 0.28645834827329963 0.05625000083819032 0.05468750081490725
0 0.7921875118045136 0.6187500322703272 0.1843750027474016 0.16562500246800482
0 0.4460937566473149 0.5468750285217538 0.14843750221189111 0.14843750221189111
0 0.0921875013737008 0.7145833706017584 0.13750000204890966 0.1968750029336661
0 0.46250000689178705 0.2468750128755346 0.17812500265426934 0.15156250225845724
0 0.8257812623050995 0.14479167421814054 0.19218750286381692 0.17656250263098627
0 0.728125010849908 0.38125001988373697 0.16875000251457095 0.16562500246800482
0 0.606250009033829 0.4072916879085824 0.1843750027474016 0.18281250272411853
0 0.6476562596508302 0.9010417136596516 0.18593750277068466 0.14843750221189111
0 0.6109375091036782 0.6437500335741788 0.15937500237487257 0.15625000232830644
0 0.3500000052154064 0.38645835348870605 0.15625000232830644 0.14843750221189111
0 0.22968750342261046 0.21979167812969536 0.1531250022817403 0.18281250272411853
0 0.22968750342261046 0.4510416901903227 0.1406250020954758 0.1890625028172508
0 0.3375000050291419 0.08125000423751771 0.17187500256113708 0.11875000176951289
1 0.3015625044936314 0.8083333754912019 0.3562500053085387 0.28750000428408384
1 0.8671875129221007 0.2520833464805037 0.059375000884756446 0.059375000884756446
1 0.8203125122236088 0.28645834827329963 0.05625000083819032 0.05468750081490725
0 0.7921875118045136 0.6187500322703272 0.1843750027474016 0.16562500246800482
0 0.4460937566473149 0.5468750285217538 0.14843750221189111 0.14843750221189111
0 0.0921875013737008 0.7145833706017584 0.13750000204890966 0.1968750029336661
0 0.46250000689178705 0.2468750128755346 0.17812500265426934 0.15156250225845724
0 0.8257812623050995 0.14479167421814054 0.19218750286381692 0.17656250263098627
0 0.728125010849908 0.38125001988373697 0.16875000251457095 0.16562500246800482
0 0.606250009033829 0.4072916879085824 0.1843750027474016 0.18281250272411853
0 0.6476562596508302 0.9010417136596516 0.18593750277068466 0.14843750221189111
0 0.6109375091036782 0.6437500335741788 0.15937500237487257 0.15625000232830644
0 0.3500000052154064 0.38645835348870605 0.15625000232830644 0.14843750221189111
0 0.22968750342261046 0.21979167812969536 0.1531250022817403 0.18281250272411853
0 0.22968750342261046 0.4510416901903227 0.1406250020954758 0.1890625028172508
0 0.3375000050291419 0.08125000423751771 0.17187500256113708 0.11875000176951289
1 0.3015625044936314 0.8083333754912019 0.3562500053085387 0.28750000428408384
1 0.8671875129221007 0.2520833464805037 0.059375000884756446 0.059375000884756446
1 0.8203125122236088 0.28645834827329963 0.05625000083819032 0.05468750081490725
0 0.7921875118045136 0.6187500322703272 0.1843750027474016 0.16562500246800482
0 0.4460937566473149 0.5468750285217538 0.14843750221189111 0.14843750221189111
0 0.0921875013737008 0.7145833706017584 0.13750000204890966 0.1968750029336661
0 0.46250000689178705 0.2468750128755346 0.17812500265426934 0.15156250225845724
0 0.8257812623050995 0.14479167421814054 0.19218750286381692 0.17656250263098627
0 0.728125010849908 0.38125001988373697 0.16875000251457095 0.16562500246800482
0 0.606250009033829 0.4072916879085824 0.1843750027474016 0.18281250272411853
0 0.6476562596508302 0.9010417136596516 0.18593750277068466 0.14843750221189111
0 0.6109375091036782 0.6437500335741788 0.15937500237487257 0.15625000232830644
0 0.3500000052154064 0.38645835348870605 0.15625000232830644 0.14843750221189111
0 0.22968750342261046 0.21979167812969536 0.1531250022817403 0.18281250272411853
0 0.22968750342261046 0.4510416901903227 0.1406250020954758 0.1890625028172508
0 0.3375000050291419 0.08125000423751771 0.17187500256113708 0.11875000176951289
1 0.3015625044936314 0.8083333754912019 0.3562500053085387 0.28750000428408384
1 0.8671875129221007 0.2520833464805037 0.059375000884756446 0.059375000884756446
1 0.8203125122236088 0.28645834827329963 0.05625000083819032 0.05468750081490725
0 0.7921875118045136 0.6187500322703272 0.1843750027474016 0.16562500246800482
0 0.4460937566473149 0.5468750285217538 0.14843750221189111 0.14843750221189111
0 0.0921875013737008 0.7145833706017584 0.13750000204890966 0.1968750029336661
0 0.46250000689178705 0.2468750128755346 0.17812500265426934 0.15156250225845724
0 0.8257812623050995 0.14479167421814054 0.19218750286381692 0.17656250263098627
0 0.728125010849908 0.38125001988373697 0.16875000251457095 0.16562500246800482
0 0.606250009033829 0.4072916879085824 0.1843750027474016 0.18281250272411853
0 0.6476562596508302 0.9010417136596516 0.18593750277068466 0.14843750221189111
0 0.6109375091036782 0.6437500335741788 0.15937500237487257 0.15625000232830644
0 0.3500000052154064 0.38645835348870605 0.15625000232830644 0.14843750221189111
0 0.22968750342261046 0.21979167812969536 0.1531250022817403 0.18281250272411853
0 0.22968750342261046 0.4510416901903227 0.1406250020954758 0.1890625028172508
0 0.3375000050291419 0.08125000423751771 0.17187500256113708 0.11875000176951289
1 0.3015625044936314 0.8083333754912019 0.3562500053085387 0.28750000428408384
1 0.8671875129221007 0.2520833464805037 0.059375000884756446 0.059375000884756446
1 0.8203125122236088 0.28645834827329963 0.05625000083819032 0.05468750081490725
0 0.7921875118045136 0.6187500322703272 0.1843750027474016 0.16562500246800482
0 0.4460937566473149 0.5468750285217538 0.14843750221189111 0.14843750221189111
0 0.0921875013737008 0.7145833706017584 0.13750000204890966 0.1968750029336661
0 0.46250000689178705 0.2468750128755346 0.17812500265426934 0.15156250225845724
0 0.8257812623050995 0.14479167421814054 0.19218750286381692 0.17656250263098627
0 0.728125010849908 0.38125001988373697 0.16875000251457095 0.16562500246800482
0 0.606250009033829 0.4072916879085824 0.1843750027474016 0.18281250272411853
0 0.6476562596508302 0.9010417136596516 0.18593750277068466 0.14843750221189111
0 0.6109375091036782 0.6437500335741788 0.15937500237487257 0.15625000232830644
0 0.3500000052154064 0.38645835348870605 0.15625000232830644 0.14843750221189111
0 0.22968750342261046 0.21979167812969536 0.1531250022817403 0.18281250272411853
0 0.22968750342261046 0.4510416901903227 0.1406250020954758 0.1890625028172508
0 0.3375000050291419 0.08125000423751771 0.17187500256113708 0.11875000176951289
1 0.3015625044936314 0.8083333754912019 0.3562500053085387 0.28750000428408384
1 0.8671875129221007 0.2520833464805037 0.059375000884756446 0.059375000884756446
1 0.8203125122236088 0.28645834827329963 0.05625000083819032 0.05468750081490725
0 0.7921875118045136 0.6187500322703272 0.1843750027474016 0.16562500246800482
0 0.4460937566473149 0.5468750285217538 0.14843750221189111 0.14843750221189111
0 0.0921875013737008 0.7145833706017584 0.13750000204890966 0.1968750029336661
0 0.46250000689178705 0.2468750128755346 0.17812500265426934 0.15156250225845724
0 0.8257812623050995 0.14479167421814054 0.19218750286381692 0.17656250263098627
0 0.728125010849908 0.38125001988373697 0.16875000251457095 0.16562500246800482
0 0.606250009033829 0.4072916879085824 0.1843750027474016 0.18281250272411853
0 0.6476562596508302 0.9010417136596516 0.18593750277068466 0.14843750221189111
0 0.6109375091036782 0.6437500335741788 0.15937500237487257 0.15625000232830644
0 0.3500000052154064 0.38645835348870605 0.15625000232830644 0.14843750221189111
0 0.22968750342261046 0.21979167812969536 0.1531250022817403 0.18281250272411853
0 0.22968750342261046 0.4510416901903227 0.1406250020954758 0.1890625028172508
0 0.3375000050291419 0.08125000423751771 0.17187500256113708 0.11875000176951289
1 0.3015625044936314 0.8083333754912019 0.3562500053085387 0.28750000428408384
2 0.8671875129221007 0.2520833464805037 0.059375000884756446 0.059375000884756446
2 0.8203125122236088 0.28645834827329963 0.05625000083819032 0.05468750081490725
0 0.7921875118045136 0.6187500322703272 0.1843750027474016 0.16562500246800482
0 0.4460937566473149 0.5468750285217538 0.14843750221189111 0.14843750221189111
0 0.0921875013737008 0.7145833706017584 0.13750000204890966 0.1968750029336661
0 0.46250000689178705 0.2468750128755346 0.17812500265426934 0.15156250225845724
0 0.8257812623050995 0.14479167421814054 0.19218750286381692 0.17656250263098627
0 0.728125010849908 0.38125001988373697 0.16875000251457095 0.16562500246800482
0 0.606250009033829 0.4072916879085824 0.1843750027474016 0.18281250272411853
0 0.6476562596508302 0.9010417136596516 0.18593750277068466 0.14843750221189111
0 0.6109375091036782 0.6437500335741788 0.15937500237487257 0.15625000232830644
0 0.3500000052154064 0.38645835348870605 0.15625000232830644 0.14843750221189111
0 0.22968750342261046 0.21979167812969536 0.1531250022817403 0.18281250272411853
0 0.22968750342261046 0.4510416901903227 0.1406250020954758 0.1890625028172508
0 0.3375000050291419 0.08125000423751771 0.17187500256113708 0.11875000176951289
1 0.3015625044936314 0.8083333754912019 0.3562500053085387 0.28750000428408384
2 0.8671875129221007 0.2520833464805037 0.059375000884756446 0.059375000884756446
2 0.8203125122236088 0.28645834827329963 0.05625000083819032 0.05468750081490725
0 0.792187511920929 0.6187500357627869 0.18437500298023224 0.16562500596046448
0 0.44609376788139343 0.546875 0.1484375 0.1484375
0 0.09218750149011612 0.7145833969116211 0.13750000298023224 0.19687500596046448
0 0.4625000059604645 0.24687501788139343 0.17812500894069672 0.15156249701976776
0 0.8257812857627869 0.14479167759418488 0.19218750298023224 0.17656250298023224
0 0.7281250357627869 0.3812500238418579 0.16875000298023224 0.16562500596046448
0 0.606249988079071 0.4072916805744171 0.18437500298023224 0.18281249701976776
0 0.647656261920929 0.9010416865348816 0.18593750894069672 0.1484375
0 0.6109375357627869 0.643750011920929 0.15937499701976776 0.15625
0 0.3499999940395355 0.3864583671092987 0.15625 0.1484375
0 0.22968749701976776 0.21979168057441711 0.15312500298023224 0.18281249701976776
0 0.22968749701976776 0.45104169845581055 0.140625 0.18906250596046448
0 0.3375000059604645 0.08125000447034836 0.171875 0.11874999850988388
1 0.30156251788139343 0.8083333969116211 0.35625001788139343 0.2874999940395355
2 0.8671875 0.25208336114883423 0.05937499925494194 0.05937499925494194
2 0.8203125 0.2864583432674408 0.05625000223517418 0.0546875
0 0.792187511920929 0.6187500357627869 0.18437500298023224 0.16562500596046448
0 0.44609376788139343 0.546875 0.1484375 0.1484375
0 0.09218750149011612 0.7145833969116211 0.13750000298023224 0.19687500596046448
0 0.4625000059604645 0.24687501788139343 0.17812500894069672 0.15156249701976776
0 0.8257812857627869 0.14479167759418488 0.19218750298023224 0.17656250298023224
0 0.7281250357627869 0.3812500238418579 0.16875000298023224 0.16562500596046448
0 0.606249988079071 0.4072916805744171 0.18437500298023224 0.18281249701976776
0 0.647656261920929 0.9010416865348816 0.18593750894069672 0.1484375
0 0.6109375357627869 0.643750011920929 0.15937499701976776 0.15625
0 0.3499999940395355 0.3864583671092987 0.15625 0.1484375
0 0.22968749701976776 0.21979168057441711 0.15312500298023224 0.18281249701976776
0 0.22968749701976776 0.45104169845581055 0.140625 0.18906250596046448
0 0.3375000059604645 0.08125000447034836 0.171875 0.11874999850988388
1 0.30156251788139343 0.8083333969116211 0.35625001788139343 0.2874999940395355
2 0.8671875 0.25208336114883423 0.05937499925494194 0.05937499925494194
2 0.8203125 0.2864583432674408 0.05625000223517418 0.0546875
0 0.792187511920929 0.6187500357627869 0.18437500298023224 0.16562500596046448
0 0.44609376788139343 0.546875 0.1484375 0.1484375
0 0.09218750149011612 0.7145833969116211 0.13750000298023224 0.19687500596046448
0 0.4625000059604645 0.24687501788139343 0.17812500894069672 0.15156249701976776
0 0.8257812857627869 0.14479167759418488 0.19218750298023224 0.17656250298023224
0 0.7281250357627869 0.3812500238418579 0.16875000298023224 0.16562500596046448
0 0.606249988079071 0.4072916805744171 0.18437500298023224 0.18281249701976776
0 0.647656261920929 0.9010416865348816 0.18593750894069672 0.1484375
0 0.6109375357627869 0.643750011920929 0.15937499701976776 0.15625
0 0.3499999940395355 0.3864583671092987 0.15625 0.1484375
0 0.22968749701976776 0.21979168057441711 0.15312500298023224 0.18281249701976776
0 0.22968749701976776 0.45104169845581055 0.140625 0.18906250596046448
0 0.3375000059604645 0.08125000447034836 0.171875 0.11874999850988388
1 0.30156251788139343 0.8083333969116211 0.35625001788139343 0.2874999940395355
2 0.8671875 0.25208336114883423 0.05937499925494194 0.05937499925494194
2 0.8203125 0.2864583432674408 0.05625000223517418 0.0546875
0 0.792187511920929 0.6187500357627869 0.18437500298023224 0.16562500596046448
0 0.44609376788139343 0.546875 0.1484375 0.1484375
0 0.09218750149011612 0.7145833969116211 0.13750000298023224 0.19687500596046448
0 0.4625000059604645 0.24687501788139343 0.17812500894069672 0.15156249701976776
0 0.8257812857627869 0.14479167759418488 0.19218750298023224 0.17656250298023224
0 0.7281250357627869 0.3812500238418579 0.16875000298023224 0.16562500596046448
0 0.606249988079071 0.4072916805744171 0.18437500298023224 0.18281249701976776
0 0.647656261920929 0.9010416865348816 0.18593750894069672 0.1484375
0 0.6109375357627869 0.643750011920929 0.15937499701976776 0.15625
0 0.3499999940395355 0.3864583671092987 0.15625 0.1484375
0 0.22968749701976776 0.21979168057441711 0.15312500298023224 0.18281249701976776
0 0.22968749701976776 0.45104169845581055 0.140625 0.18906250596046448
0 0.3375000059604645 0.08125000447034836 0.171875 0.11874999850988388
1 0.30156251788139343 0.8083333969116211 0.35625001788139343 0.2874999940395355
2 0.8671875 0.25208336114883423 0.05937499925494194 0.05937499925494194
2 0.8203125 0.2864583432674408 0.05625000223517418 0.0546875
0 0.792187511920929 0.6187500357627869 0.18437500298023224 0.16562500596046448
0 0.44609376788139343 0.546875 0.1484375 0.1484375
0 0.09218750149011612 0.7145833969116211 0.13750000298023224 0.19687500596046448
0 0.4625000059604645 0.24687501788139343 0.17812500894069672 0.15156249701976776
0 0.8257812857627869 0.14479167759418488 0.19218750298023224 0.17656250298023224
0 0.7281250357627869 0.3812500238418579 0.16875000298023224 0.16562500596046448
0 0.606249988079071 0.4072916805744171 0.18437500298023224 0.18281249701976776
0 0.647656261920929 0.9010416865348816 0.18593750894069672 0.1484375
0 0.6109375357627869 0.643750011920929 0.15937499701976776 0.15625
0 0.3499999940395355 0.3864583671092987 0.15625 0.1484375
0 0.22968749701976776 0.21979168057441711 0.15312500298023224 0.18281249701976776
0 0.22968749701976776 0.45104169845581055 0.140625 0.18906250596046448
0 0.3375000059604645 0.08125000447034836 0.171875 0.11874999850988388
1 0.30156251788139343 0.8083333969116211 0.35625001788139343 0.2874999940395355
2 0.8671875 0.25208336114883423 0.05937499925494194 0.05937499925494194
2 0.8203125 0.2864583432674408 0.05625000223517418 0.0546875
0 0.792187511920929 0.6187500357627869 0.18437500298023224 0.16562500596046448
0 0.44609376788139343 0.546875 0.1484375 0.1484375
0 0.09218750149011612 0.7145833969116211 0.13750000298023224 0.19687500596046448
0 0.4625000059604645 0.24687501788139343 0.17812500894069672 0.15156249701976776
0 0.8257812857627869 0.14479167759418488 0.19218750298023224 0.17656250298023224
0 0.7281250357627869 0.3812500238418579 0.16875000298023224 0.16562500596046448
0 0.606249988079071 0.4072916805744171 0.18437500298023224 0.18281249701976776
0 0.647656261920929 0.9010416865348816 0.18593750894069672 0.1484375
0 0.6109375357627869 0.643750011920929 0.15937499701976776 0.15625
0 0.3499999940395355 0.3864583671092987 0.15625 0.1484375
0 0.22968749701976776 0.21979168057441711 0.15312500298023224 0.18281249701976776
0 0.22968749701976776 0.45104169845581055 0.140625 0.18906250596046448
0 0.3375000059604645 0.08125000447034836 0.171875 0.11874999850988388
1 0.30156251788139343 0.8083333969116211 0.35625001788139343 0.2874999940395355
2 0.8671875 0.25208336114883423 0.05937499925494194 0.05937499925494194
2 0.8203125 0.2864583432674408 0.05625000223517418 0.0546875
0 0.792187511920929 0.6187500357627869 0.18437500298023224 0.16562500596046448
0 0.44609376788139343 0.546875 0.1484375 0.1484375
0 0.09218750149011612 0.7145833969116211 0.13750000298023224 0.19687500596046448
0 0.4625000059604645 0.24687501788139343 0.17812500894069672 0.15156249701976776
0 0.8257812857627869 0.14479167759418488 0.19218750298023224 0.17656250298023224
0 0.7281250357627869 0.3812500238418579 0.16875000298023224 0.16562500596046448
0 0.606249988079071 0.4072916805744171 0.18437500298023224 0.18281249701976776
0 0.647656261920929 0.9010416865348816 0.18593750894069672 0.1484375
0 0.6109375357627869 0.643750011920929 0.15937499701976776 0.15625
0 0.3499999940395355 0.3864583671092987 0.15625 0.1484375
0 0.22968749701976776 0.21979168057441711 0.15312500298023224 0.18281249701976776
0 0.22968749701976776 0.45104169845581055 0.140625 0.18906250596046448
0 0.3375000059604645 0.08125000447034836 0.171875 0.11874999850988388
1 0.30156251788139343 0.8083333969116211 0.35625001788139343 0.2874999940395355
2 0.8671875 0.25208336114883423 0.05937499925494194 0.05937499925494194
2 0.8203125 0.2864583432674408 0.05625000223517418 0.0546875
