0 0.059375000884756446 0.7739583736984059 0.11562500172294676 0.17031250253785402
0 0.38671875576255843 0.9302083818474784 0.2015625030035153 0.10468750155996531
0 0.2843750042375177 0.9375000488944352 0.1625000024214387 0.09375000139698386
0 0.8554687627474777 0.8427083772839978 0.13906250207219273 0.13906250207219273
0 0.5546875082654878 0.7125000371597707 0.1750000026077032 0.1406250020954758
0 0.8945312633295543 0.18750000977888703 0.17343750258442014 0.16562500246800482
0 0.1726562525727786 0.38541668676771224 0.13281250197906047 0.1406250020954758
0 0.26796875399304554 0.6229166991543025 0.13281250197906047 0.1406250020954758
0 0.14453125215368345 0.5520833621267229 0.1796875026775524 0.1750000026077032
0 0.7718750115018338 0.68229170225095 0.16562500246800482 0.10781250160653144
0 0.9164062636555173 0.6343750330852345 0.13906250207219273 0.13906250207219273
1 0.6515625097090378 0.35000001825392246 0.41875000623986125 0.3937500058673322
0 0.059375000884756446 0.7739583736984059 0.11562500172294676 0.17031250253785402
0 0.38671875576255843 0.9302083818474784 0.2015625030035153 0.10468750155996531
0 0.2843750042375177 0.9375000488944352 0.1625000024214387 0.09375000139698386
0 0.8554687627474777 0.8427083772839978 0.13906250207219273 0.13906250207219273
0 0.5546875082654878 0.7125000371597707 0.1750000026077032 0.1406250020954758
0 0.8945312633295543 0.18750000977888703 0.17343750258442014 0.16562500246800482
0 0.1726562525727786 0.38541668676771224 0.13281250197906047 0.1406250020954758
0 0.26796875399304554 0.6229166991543025 0.13281250197906047 0.1406250020954758
0 0.14453125215368345 0.5520833621267229 0.1796875026775524 0.1750000026077032
0 0.7718750115018338 0.68229170225095 0.16562500246800482 0.10781250160653144
0 0.9164062636555173 0.6343750330852345 0.13906250207219273 0.13906250207219273
1 0.6515625097090378 0.35000001825392246 0.41875000623986125 0.3937500058673322
0 0.059375000884756446 0.7739583736984059 0.11562500172294676 0.17031250253785402
0 0.38671875576255843 0.9302083818474784 0.2015625030035153 0.10468750155996531
0 0.2843750042375177 0.9375000488944352 0.1625000024214387 0.09375000139698386
0 0.8554687627474777 0.8427083772839978 0.13906250207219273 0.13906250207219273
0 0.5546875082654878 0.7125000371597707 0.1750000026077032 0.1406250020954758
0 0.8945312633295543 0.18750000977888703 0.17343750258442014 0.16562500246800482
0 0.1726562525727786 0.38541668676771224 0.13281250197906047 0.1406250020954758
0 0.26796875399304554 0.6229166991543025 0.13281250197906047 0.1406250020954758
0 0.14453125215368345 0.5520833621267229 0.1796875026775524 0.1750000026077032
0 0.7718750115018338 0.68229170225095 0.16562500246800482 0.10781250160653144
0 0.9164062636555173 0.6343750330852345 0.13906250207219273 0.13906250207219273
1 0.6515625097090378 0.35000001825392246 0.41875000623986125 0.3937500058673322
0 0.059375000884756446 0.7739583736984059 0.11562500172294676 0.17031250253785402
0 0.38671875576255843 0.9302083818474784 0.2015625030035153 0.10468750155996531
0 0.2843750042375177 0.9375000488944352 0.1625000024214387 0.09375000139698386
0 0.8554687627474777 0.8427083772839978 0.13906250207219273 0.13906250207219273
0 0.5546875082654878 0.7125000371597707 0.1750000026077032 0.1406250020954758
0 0.8945312633295543 0.18750000977888703 0.17343750258442014 0.16562500246800482
0 0.1726562525727786 0.38541668676771224 0.13281250197906047 0.1406250020954758
0 0.26796875399304554 0.6229166991543025 0.13281250197906047 0.1406250020954758
0 0.14453125215368345 0.5520833621267229 0.1796875026775524 0.1750000026077032
0 0.7718750115018338 0.68229170225095 0.16562500246800482 0.10781250160653144
0 0.9164062636555173 0.6343750330852345 0.13906250207219273 0.13906250207219273
1 0.6515625097090378 0.35000001825392246 0.41875000623986125 0.3937500058673322
0 0.059375000884756446 0.7739583736984059 0.11562500172294676 0.17031250253785402
0 0.38671875576255843 0.9302083818474784 0.2015625030035153 0.10468750155996531
0 0.2843750042375177 0.9375000488944352 0.1625000024214387 0.09375000139698386
0 0.8554687627474777 0.8427083772839978 0.13906250207219273 0.13906250207219273
0 0.5546875082654878 0.7125000371597707 0.1750000026077032 0.1406250020954758
0 0.8945312633295543 0.18750000977888703 0.17343750258442014 0.16562500246800482
0 0.1726562525727786 0.38541668676771224 0.13281250197906047 0.1406250020954758
0 0.26796875399304554 0.6229166991543025 0.13281250197906047 0.1406250020954758
0 0.14453125215368345 0.5520833621267229 0.1796875026775524 0.1750000026077032
0 0.7718750115018338 0.68229170225095 0.16562500246800482 0.10781250160653144
0 0.9164062636555173 0.6343750330852345 0.13906250207219273 0.13906250207219273
1 0.6515625097090378 0.35000001825392246 0.41875000623986125 0.3937500058673322
0 0.059375000884756446 0.7739583736984059 0.11562500172294676 0.17031250253785402
0 0.38671875576255843 0.9302083818474784 0.2015625030035153 0.10468750155996531
0 0.2843750042375177 0.9375000488944352 0.1625000024214387 0.09375000139698386
0 0.8554687627474777 0.8427083772839978 0.13906250207219273 0.13906250207219273
0 0.5546875082654878 0.7125000371597707 0.1750000026077032 0.1406250020954758
0 0.8945312633295543 0.18750000977888703 0.17343750258442014 0.16562500246800482
0 0.1726562525727786 0.38541668676771224 0.13281250197906047 0.1406250020954758
0 0.26796875399304554 0.6229166991543025 0.13281250197906047 0.1406250020954758
0 0.14453125215368345 0.5520833621267229 0.1796875026775524 0.1750000026077032
0 0.7718750115018338 0.68229170225095 0.16562500246800482 0.10781250160653144
0 0.9164062636555173 0.6343750330852345 0.13906250207219273 0.13906250207219273
1 0.6515625097090378 0.35000001825392246 0.41875000623986125 0.3937500058673322
0 0.059375000884756446 0.7739583736984059 0.11562500172294676 0.17031250253785402
0 0.38671875576255843 0.9302083818474784 0.2015625030035153 0.10468750155996531
0 0.2843750042375177 0.9375000488944352 0.1625000024214387 0.09375000139698386
0 0.8554687627474777 0.8427083772839978 0.13906250207219273 0.13906250207219273
0 0.5546875082654878 0.7125000371597707 0.1750000026077032 0.1406250020954758
0 0.8945312633295543 0.18750000977888703 0.17343750258442014 0.16562500246800482
0 0.1726562525727786 0.38541668676771224 0.13281250197906047 0.1406250020954758
0 0.26796875399304554 0.6229166991543025 0.13281250197906047 0.1406250020954758
0 0.14453125215368345 0.5520833621267229 0.1796875026775524 0.1750000026077032
0 0.7718750115018338 0.68229170225095 0.16562500246800482 0.10781250160653144
0 0.9164062636555173 0.6343750330852345 0.13906250207219273 0.13906250207219273
1 0.6515625097090378 0.35000001825392246 0.41875000623986125 0.3937500058673322
0 0.059375000884756446 0.7739583736984059 0.11562500172294676 0.17031250253785402
0 0.38671875576255843 0.9302083818474784 0.2015625030035153 0.10468750155996531
0 0.2843750042375177 0.9375000488944352 0.1625000024214387 0.09375000139698386
0 0.8554687627474777 0.8427083772839978 0.13906250207219273 0.13906250207219273
0 0.5546875082654878 0.7125000371597707 0.1750000026077032 0.1406250020954758
0 0.8945312633295543 0.18750000977888703 0.17343750258442014 0.16562500246800482
0 0.1726562525727786 0.38541668676771224 0.13281250197906047 0.1406250020954758
0 0.26796875399304554 0.6229166991543025 0.13281250197906047 0.1406250020954758
0 0.14453125215368345 0.5520833621267229 0.1796875026775524 0.1750000026077032
0 0.7718750115018338 0.68229170225095 0.16562500246800482 0.10781250160653144
0 0.9164062636555173 0.6343750330852345 0.13906250207219273 0.13906250207219273
1 0.6515625097090378 0.35000001825392246 0.41875000623986125 0.3937500058673322
0 0.059375000884756446 0.7739583736984059 0.11562500172294676 0.17031250253785402
0 0.38671875576255843 0.9302083818474784 0.2015625030035153 0.10468750155996531
0 0.2843750042375177 0.9375000488944352 0.1625000024214387 0.09375000139698386
0 0.8554687627474777 0.8427083772839978 0.13906250207219273 0.13906250207219273
0 0.5546875082654878 0.7125000371597707 0.1750000026077032 0.1406250020954758
0 0.8945312633295543 0.18750000977888703 0.17343750258442014 0.16562500246800482
0 0.1726562525727786 0.38541668676771224 0.13281250197906047 0.1406250020954758
0 0.26796875399304554 0.6229166991543025 0.13281250197906047 0.1406250020954758
0 0.14453125215368345 0.5520833621267229 0.1796875026775524 0.1750000026077032
0 0.7718750115018338 0.68229170225095 0.16562500246800482 0.10781250160653144
0 0.9164062636555173 0.6343750330852345 0.13906250207219273 0.13906250207219273
1 0.6515625097090378 0.35000001825392246 0.41875000623986125 0.3937500058673322
0 0.059375000884756446 0.7739583736984059 0.11562500172294676 0.17031250253785402
0 0.38671875576255843 0.9302083818474784 0.2015625030035153 0.10468750155996531
0 0.2843750042375177 0.9375000488944352 0.1625000024214387 0.09375000139698386
0 0.8554687627474777 0.8427083772839978 0.13906250207219273 0.13906250207219273
0 0.5546875082654878 0.7125000371597707 0.1750000026077032 0.1406250020954758
0 0.8945312633295543 0.18750000977888703 0.17343750258442014 0.16562500246800482
0 0.1726562525727786 0.38541668676771224 0.13281250197906047 0.1406250020954758
0 0.26796875399304554 0.6229166991543025 0.13281250197906047 0.1406250020954758
0 0.14453125215368345 0.5520833621267229 0.1796875026775524 0.1750000026077032
0 0.7718750115018338 0.68229170225095 0.16562500246800482 0.10781250160653144
0 0.9164062636555173 0.6343750330852345 0.13906250207219273 0.13906250207219273
1 0.6515625097090378 0.35000001825392246 0.41875000623986125 0.3937500058673322
0 0.059375000884756446 0.7739583736984059 0.11562500172294676 0.17031250253785402
0 0.38671875576255843 0.9302083818474784 0.2015625030035153 0.10468750155996531
0 0.2843750042375177 0.9375000488944352 0.1625000024214387 0.09375000139698386
0 0.8554687627474777 0.8427083772839978 0.13906250207219273 0.13906250207219273
0 0.5546875082654878 0.7125000371597707 0.1750000026077032 0.1406250020954758
0 0.8945312633295543 0.18750000977888703 0.17343750258442014 0.16562500246800482
0 0.1726562525727786 0.38541668676771224 0.13281250197906047 0.1406250020954758
0 0.26796875399304554 0.6229166991543025 0.13281250197906047 0.1406250020954758
0 0.14453125215368345 0.5520833621267229 0.1796875026775524 0.1750000026077032
0 0.7718750115018338 0.68229170225095 0.16562500246800482 0.10781250160653144
0 0.9164062636555173 0.6343750330852345 0.13906250207219273 0.13906250207219273
1 0.6515625097090378 0.35000001825392246 0.41875000623986125 0.3937500058673322
0 0.059375000884756446 0.7739583736984059 0.11562500172294676 0.17031250253785402
0 0.38671875576255843 0.9302083818474784 0.2015625030035153 0.10468750155996531
0 0.2843750042375177 0.9375000488944352 0.1625000024214387 0.09375000139698386
0 0.8554687627474777 0.8427083772839978 0.13906250207219273 0.13906250207219273
0 0.5546875082654878 0.7125000371597707 0.1750000026077032 0.1406250020954758
0 0.8945312633295543 0.18750000977888703 0.17343750258442014 0.16562500246800482
0 0.1726562525727786 0.38541668676771224 0.13281250197906047 0.1406250020954758
0 0.26796875399304554 0.6229166991543025 0.13281250197906047 0.1406250020954758
0 0.14453125215368345 0.5520833621267229 0.1796875026775524 0.1750000026077032
0 0.7718750115018338 0.68229170225095 0.16562500246800482 0.10781250160653144
0 0.9164062636555173 0.6343750330852345 0.13906250207219273 0.13906250207219273
1 0.6515625097090378 0.35000001825392246 0.41875000623986125 0.3937500058673322
0 0.059375000884756446 0.7739583736984059 0.11562500172294676 0.17031250253785402
0 0.38671875576255843 0.9302083818474784 0.2015625030035153 0.10468750155996531
0 0.2843750042375177 0.9375000488944352 0.1625000024214387 0.09375000139698386
0 0.8554687627474777 0.8427083772839978 0.13906250207219273 0.13906250207219273
0 0.5546875082654878 0.7125000371597707 0.1750000026077032 0.1406250020954758
0 0.8945312633295543 0.18750000977888703 0.17343750258442014 0.16562500246800482
0 0.1726562525727786 0.38541668676771224 0.13281250197906047 0.1406250020954758
0 0.26796875399304554 0.6229166991543025 0.13281250197906047 0.1406250020954758
0 0.14453125215368345 0.5520833621267229 0.1796875026775524 0.1750000026077032
0 0.7718750115018338 0.68229170225095 0.16562500246800482 0.10781250160653144
0 0.9164062636555173 0.6343750330852345 0.13906250207219273 0.13906250207219273
1 0.6515625097090378 0.35000001825392246 0.41875000623986125 0.3937500058673322
0 0.059375000884756446 0.7739583736984059 0.11562500172294676 0.17031250253785402
0 0.38671875576255843 0.9302083818474784 0.2015625030035153 0.10468750155996531
0 0.2843750042375177 0.9375000488944352 0.1625000024214387 0.09375000139698386
0 0.8554687627474777 0.8427083772839978 0.13906250207219273 0.13906250207219273
0 0.5546875082654878 0.7125000371597707 0.1750000026077032 0.1406250020954758
0 0.8945312633295543 0.18750000977888703 0.17343750258442014 0.16562500246800482
0 0.1726562525727786 0.38541668676771224 0.13281250197906047 0.1406250020954758
0 0.26796875399304554 0.6229166991543025 0.13281250197906047 0.1406250020954758
0 0.14453125215368345 0.5520833621267229 0.1796875026775524 0.1750000026077032
0 0.7718750115018338 0.68229170225095 0.16562500246800482 0.10781250160653144
0 0.9164062636555173 0.6343750330852345 0.13906250207219273 0.13906250207219273
1 0.6515625097090378 0.35000001825392246 0.41875000623986125 0.3937500058673322
0 0.059375000884756446 0.7739583736984059 0.11562500172294676 0.17031250253785402
0 0.38671875576255843 0.9302083818474784 0.2015625030035153 0.10468750155996531
0 0.2843750042375177 0.9375000488944352 0.1625000024214387 0.09375000139698386
0 0.8554687627474777 0.8427083772839978 0.13906250207219273 0.13906250207219273
0 0.5546875082654878 0.7125000371597707 0.1750000026077032 0.1406250020954758
0 0.8945312633295543 0.18750000977888703 0.17343750258442014 0.16562500246800482
0 0.1726562525727786 0.38541668676771224 0.13281250197906047 0.1406250020954758
0 0.26796875399304554 0.6229166991543025 0.13281250197906047 0.1406250020954758
0 0.14453125215368345 0.5520833621267229 0.1796875026775524 0.1750000026077032
0 0.7718750115018338 0.68229170225095 0.16562500246800482 0.10781250160653144
0 0.9164062636555173 0.6343750330852345 0.13906250207219273 0.13906250207219273
1 0.6515625097090378 0.35000001825392246 0.41875000623986125 0.3937500058673322
0 0.05937499925494194 0.7739583849906921 0.11562500149011612 0.17031250894069672
0 0.38671875 0.9302083849906921 0.20156250894069672 0.10468750447034836
0 0.28437501192092896 0.9375000596046448 0.16250000894069672 0.09375
0 0.85546875 0.8427083492279053 0.13906250894069672 0.13906250894069672
0 0.5546875 0.7125000357627869 0.17499999701976776 0.140625
0 0.89453125 0.1875000149011612 0.17343750596046448 0.16562500596046448
0 0.17265625298023224 0.3854166865348816 0.1328125 0.140625
0 0.2679687440395355 0.6229166984558105 0.1328125 0.140625
0 0.14453125 0.5520833730697632 0.1796875 0.17499999701976776
0 0.7718750238418579 0.6822916865348816 0.16562500596046448 0.10781250149011612
0 0.9164062738418579 0.6343750357627869 0.13906250894069672 0.13906250894069672
1 0.651562511920929 0.3500000238418579 0.41875001788139343 0.39375001192092896
0 0.05937499925494194 0.7739583849906921 0.11562500149011612 0.17031250894069672
0 0.38671875 0.9302083849906921 0.20156250894069672 0.10468750447034836
0 0.28437501192092896 0.9375000596046448 0.16250000894069672 0.09375
0 0.85546875 0.8427083492279053 0.13906250894069672 0.13906250894069672
0 0.5546875 0.7125000357627869 0.17499999701976776 0.140625
0 0.89453125 0.1875000149011612 0.17343750596046448 0.16562500596046448
0 0.17265625298023224 0.3854166865348816 0.1328125 0.140625
0 0.2679687440395355 0.6229166984558105 0.1328125 0.140625
0 0.14453125 0.5520833730697632 0.1796875 0.17499999701976776
0 0.7718750238418579 0.6822916865348816 0.16562500596046448 0.10781250149011612
0 0.9164062738418579 0.6343750357627869 0.13906250894069672 0.13906250894069672
1 0.651562511920929 0.3500000238418579 0.41875001788139343 0.39375001192092896
0 0.05937499925494194 0.7739583849906921 0.11562500149011612 0.17031250894069672
0 0.38671875 0.9302083849906921 0.20156250894069672 0.10468750447034836
0 0.28437501192092896 0.9375000596046448 0.16250000894069672 0.09375
0 0.85546875 0.8427083492279053 0.13906250894069672 0.13906250894069672
0 0.5546875 0.7125000357627869 0.17499999701976776 0.140625
0 0.89453125 0.1875000149011612 0.17343750596046448 0.16562500596046448
0 0.17265625298023224 0.3854166865348816 0.1328125 0.140625
0 0.2679687440395355 0.6229166984558105 0.1328125 0.140625
0 0.14453125 0.5520833730697632 0.1796875 0.17499999701976776
0 0.7718750238418579 0.6822916865348816 0.16562500596046448 0.10781250149011612
0 0.9164062738418579 0.6343750357627869 0.13906250894069672 0.13906250894069672
1 0.651562511920929 0.3500000238418579 0.41875001788139343 0.39375001192092896
0 0.05937499925494194 0.7739583849906921 0.11562500149011612 0.17031250894069672
0 0.38671875 0.9302083849906921 0.20156250894069672 0.10468750447034836
0 0.28437501192092896 0.9375000596046448 0.16250000894069672 0.09375
0 0.85546875 0.8427083492279053 0.13906250894069672 0.13906250894069672
0 0.5546875 0.7125000357627869 0.17499999701976776 0.140625
0 0.89453125 0.1875000149011612 0.17343750596046448 0.16562500596046448
0 0.17265625298023224 0.3854166865348816 0.1328125 0.140625
0 0.2679687440395355 0.6229166984558105 0.1328125 0.140625
0 0.14453125 0.5520833730697632 0.1796875 0.17499999701976776
0 0.7718750238418579 0.6822916865348816 0.16562500596046448 0.10781250149011612
0 0.9164062738418579 0.6343750357627869 0.13906250894069672 0.13906250894069672
1 0.651562511920929 0.3500000238418579 0.41875001788139343 0.39375001192092896
0 0.05937499925494194 0.7739583849906921 0.11562500149011612 0.17031250894069672
0 0.38671875 0.9302083849906921 0.20156250894069672 0.10468750447034836
0 0.28437501192092896 0.9375000596046448 0.16250000894069672 0.09375
0 0.85546875 0.8427083492279053 0.13906250894069672 0.13906250894069672
0 0.5546875 0.7125000357627869 0.17499999701976776 0.140625
0 0.89453125 0.1875000149011612 0.17343750596046448 0.16562500596046448
0 0.17265625298023224 0.3854166865348816 0.1328125 0.140625
0 0.2679687440395355 0.6229166984558105 0.1328125 0.140625
0 0.14453125 0.5520833730697632 0.1796875 0.17499999701976776
0 0.7718750238418579 0.6822916865348816 0.16562500596046448 0.10781250149011612
0 0.9164062738418579 0.6343750357627869 0.13906250894069672 0.13906250894069672
1 0.651562511920929 0.3500000238418579 0.41875001788139343 0.39375001192092896
0 0.05937499925494194 0.7739583849906921 0.11562500149011612 0.17031250894069672
0 0.38671875 0.9302083849906921 0.20156250894069672 0.10468750447034836
0 0.28437501192092896 0.9375000596046448 0.16250000894069672 0.09375
0 0.85546875 0.8427083492279053 0.13906250894069672 0.13906250894069672
0 0.5546875 0.7125000357627869 0.17499999701976776 0.140625
0 0.89453125 0.1875000149011612 0.17343750596046448 0.16562500596046448
0 0.17265625298023224 0.3854166865348816 0.1328125 0.140625
0 0.2679687440395355 0.6229166984558105 0.1328125 0.140625
0 0.14453125 0.5520833730697632 0.1796875 0.17499999701976776
0 0.7718750238418579 0.6822916865348816 0.16562500596046448 0.10781250149011612
0 0.9164062738418579 0.6343750357627869 0.13906250894069672 0.13906250894069672
1 0.651562511920929 0.3500000238418579 0.41875001788139343 0.39375001192092896
0 0.05937499925494194 0.7739583849906921 0.11562500149011612 0.17031250894069672
0 0.38671875 0.9302083849906921 0.20156250894069672 0.10468750447034836
0 0.28437501192092896 0.9375000596046448 0.16250000894069672 0.09375
0 0.85546875 0.8427083492279053 0.13906250894069672 0.13906250894069672
0 0.5546875 0.7125000357627869 0.17499999701976776 0.140625
0 0.89453125 0.1875000149011612 0.17343750596046448 0.16562500596046448
0 0.17265625298023224 0.3854166865348816 0.1328125 0.140625
0 0.2679687440395355 0.6229166984558105 0.1328125 0.140625
0 0.14453125 0.5520833730697632 0.1796875 0.17499999701976776
0 0.7718750238418579 0.6822916865348816 0.16562500596046448 0.10781250149011612
0 0.9164062738418579 0.6343750357627869 0.13906250894069672 0.13906250894069672
1 0.651562511920929 0.3500000238418579 0.41875001788139343 0.39375001192092896
