1 0.3078125045867637 0.6927083694608882 0.2812500041909516 0.28281250421423465
0 0.41093750612344593 0.3281250171130523 0.1750000026077032 0.16093750239815563
0 0.3468750051688403 0.3781250197207555 0.1750000026077032 0.16093750239815563
0 0.7062500105239451 0.4635416908422485 0.14687500218860805 0.16093750239815563
0 0.848437512642704 0.3281250171130523 0.1750000026077032 0.16093750239815563
0 0.9257812637952156 0.7739583736984059 0.14843750221189111 0.17656250263098627
0 0.4804687571595423 0.8854167128447443 0.14843750221189111 0.17187500256113708
0 0.06953125103609636 0.6520833673421293 0.1359375020256266 0.14687500218860805
0 0.07812500116415322 0.3958333539776504 0.1531250022817403 0.1625000024214387
0 0.17187500256113708 0.2895833484362811 0.15625000232830644 0.1625000024214387
0 0.5703125084983185 0.16250000847503543 0.20000000298023224 0.17812500265426934
0 0.6960937603726052 0.23750001238659024 0.15156250225845724 0.16875000251457095
0 0.923437513760291 0.6166666988283396 0.15000000223517418 0.16875000251457095
0 0.6593750098254532 0.4562500237952918 0.09687500144354999 0.15937500237487257
0 0.7335937609313987 0.08437500440049917 0.15156250225845724 0.12343750183936208
0 0.8257812623050995 0.08437500440049917 0.15156250225845724 0.12343750183936208
1 0.2812500041909516 0.22604167845565826 0.05625000083819032 0.05468750081490725
0 0.8046875119907781 0.6572917009470984 0.14687500218860805 0.16093750239815563
0 0.2476562536903657 0.09062500472646207 0.16093750239815563 0.13281250197906047
0 0.21484375320142135 0.9020833803806454 0.2109375031432137 0.13750000204890966
1 0.3078125045867637 0.6927083694608882 0.2812500041909516 0.28281250421423465
0 0.41093750612344593 0.3281250171130523 0.1750000026077032 0.16093750239815563
0 0.3468750051688403 0.3781250197207555 0.1750000026077032 0.16093750239815563
0 0.7062500105239451 0.4635416908422485 0.14687500218860805 0.16093750239815563
0 0.848437512642704 0.3281250171130523 0.1750000026077032 0.16093750239815563
0 0.9257812637952156 0.7739583736984059 0.14843750221189111 0.17656250263098627
0 0.4804687571595423 0.8854167128447443 0.14843750221189111 0.17187500256113708
0 0.06953125103609636 0.6520833673421293 0.1359375020256266 0.14687500218860805
0 0.07812500116415322 0.3958333539776504 0.1531250022817403 0.1625000024214387
0 0.17187500256113708 0.2895833484362811 0.15625000232830644 0.1625000024214387
0 0.5703125084983185 0.16250000847503543 0.20000000298023224 0.17812500265426934
0 0.6960937603726052 0.23750001238659024 0.15156250225845724 0.16875000251457095
0 0.923437513760291 0.6166666988283396 0.15000000223517418 0.16875000251457095
0 0.6593750098254532 0.4562500237952918 0.09687500144354999 0.15937500237487257
0 0.7335937609313987 0.08437500440049917 0.15156250225845724 0.12343750183936208
0 0.8257812623050995 0.08437500440049917 0.15156250225845724 0.12343750183936208
1 0.2812500041909516 0.22604167845565826 0.05625000083819032 0.05468750081490725
0 0.8046875119907781 0.6572917009470984 0.14687500218860805 0.16093750239815563
0 0.2476562536903657 0.09062500472646207 0.16093750239815563 0.13281250197906047
0 0.21484375320142135 0.9020833803806454 0.2109375031432137 0.13750000204890966
1 0.3078125045867637 0.6927083694608882 0.2812500041909516 0.28281250421423465
0 0.41093750612344593 0.3281250171130523 0.1750000026077032 0.16093750239815563
0 0.3468750051688403 0.3781250197207555 0.1750000026077032 0.16093750239815563
0 0.7062500105239451 0.4635416908422485 0.14687500218860805 0.16093750239815563
0 0.848437512642704 0.3281250171130523 0.1750000026077032 0.16093750239815563
0 0.9257812637952156 0.7739583736984059 0.14843750221189111 0.17656250263098627
0 0.4804687571595423 0.8854167128447443 0.14843750221189111 0.17187500256113708
0 0.06953125103609636 0.6520833673421293 0.1359375020256266 0.14687500218860805
0 0.07812500116415322 0.3958333539776504 0.1531250022817403 0.1625000024214387
0 0.17187500256113708 0.2895833484362811 0.15625000232830644 0.1625000024214387
0 0.5703125084983185 0.16250000847503543 0.20000000298023224 0.17812500265426934
0 0.6960937603726052 0.23750001238659024 0.15156250225845724 0.16875000251457095
0 0.923437513760291 0.6166666988283396 0.15000000223517418 0.16875000251457095
0 0.6593750098254532 0.4562500237952918 0.09687500144354999 0.15937500237487257
0 0.7335937609313987 0.08437500440049917 0.15156250225845724 0.12343750183936208
0 0.8257812623050995 0.08437500440049917 0.15156250225845724 0.12343750183936208
1 0.2812500041909516 0.22604167845565826 0.05625000083819032 0.05468750081490725
0 0.8046875119907781 0.6572917009470984 0.14687500218860805 0.16093750239815563
0 0.2476562536903657 0.09062500472646207 0.16093750239815563 0.13281250197906047
0 0.21484375320142135 0.9020833803806454 0.2109375031432137 0.13750000204890966
1 0.3078125045867637 0.6927083694608882 0.2812500041909516 0.28281250421423465
0 0.41093750612344593 0.3281250171130523 0.1750000026077032 0.16093750239815563
0 0.3468750051688403 0.3781250197207555 0.1750000026077032 0.16093750239815563
0 0.7062500105239451 0.4635416908422485 0.14687500218860805 0.16093750239815563
0 0.848437512642704 0.3281250171130523 0.1750000026077032 0.16093750239815563
0 0.9257812637952156 0.7739583736984059 0.14843750221189111 0.17656250263098627
0 0.4804687571595423 0.8854167128447443 0.14843750221189111 0.17187500256113708
0 0.06953125103609636 0.6520833673421293 0.1359375020256266 0.14687500218860805
0 0.07812500116415322 0.3958333539776504 0.1531250022817403 0.1625000024214387
0 0.17187500256113708 0.2895833484362811 0.15625000232830644 0.1625000024214387
0 0.5703125084983185 0.16250000847503543 0.20000000298023224 0.17812500265426934
0 0.6960937603726052 0.23750001238659024 0.15156250225845724 0.16875000251457095
0 0.923437513760291 0.6166666988283396 0.15000000223517418 0.16875000251457095
0 0.6593750098254532 0.4562500237952918 0.09687500144354999 0.15937500237487257
0 0.7335937609313987 0.08437500440049917 0.15156250225845724 0.12343750183936208
0 0.8257812623050995 0.08437500440049917 0.15156250225845724 0.12343750183936208
1 0.2812500041909516 0.22604167845565826 0.05625000083819032 0.05468750081490725
0 0.8046875119907781 0.6572917009470984 0.14687500218860805 0.16093750239815563
0 0.2476562536903657 0.09062500472646207 0.16093750239815563 0.13281250197906047
0 0.21484375320142135 0.9020833803806454 0.2109375031432137 0.13750000204890966
1 0.3078125045867637 0.6927083694608882 0.2812500041909516 0.28281250421423465
0 0.41093750612344593 0.3281250171130523 0.1750000026077032 0.16093750239815563
0 0.3468750051688403 0.3781250197207555 0.1750000026077032 0.16093750239815563
0 0.7062500105239451 0.4635416908422485 0.14687500218860805 0.16093750239815563
0 0.848437512642704 0.3281250171130523 0.1750000026077032 0.16093750239815563
0 0.9257812637952156 0.7739583736984059 0.14843750221189111 0.17656250263098627
0 0.4804687571595423 0.8854167128447443 0.14843750221189111 0.17187500256113708
0 0.06953125103609636 0.6520833673421293 0.1359375020256266 0.14687500218860805
0 0.07812500116415322 0.3958333539776504 0.1531250022817403 0.1625000024214387
0 0.17187500256113708 0.2895833484362811 0.15625000232830644 0.1625000024214387
0 0.5703125084983185 0.16250000847503543 0.20000000298023224 0.17812500265426934
0 0.6960937603726052 0.23750001238659024 0.15156250225845724 0.16875000251457095
0 0.923437513760291 0.6166666988283396 0.15000000223517418 0.16875000251457095
0 0.6593750098254532 0.4562500237952918 0.09687500144354999 0.15937500237487257
0 0.7335937609313987 0.08437500440049917 0.15156250225845724 0.12343750183936208
0 0.8257812623050995 0.08437500440049917 0.15156250225845724 0.12343750183936208
1 0.2812500041909516 0.22604167845565826 0.05625000083819032 0.05468750081490725
0 0.8046875119907781 0.6572917009470984 0.14687500218860805 0.16093750239815563
0 0.2476562536903657 0.09062500472646207 0.16093750239815563 0.13281250197906047
0 0.21484375320142135 0.9020833803806454 0.2109375031432137 0.13750000204890966
1 0.3078125045867637 0.6927083694608882 0.2812500041909516 0.28281250421423465
0 0.41093750612344593 0.3281250171130523 0.1750000026077032 0.16093750239815563
0 0.3468750051688403 0.3781250197207555 0.1750000026077032 0.16093750239815563
0 0.7062500105239451 0.4635416908422485 0.14687500218860805 0.16093750239815563
0 0.848437512642704 0.3281250171130523 0.1750000026077032 0.16093750239815563
0 0.9257812637952156 0.7739583736984059 0.14843750221189111 0.17656250263098627
0 0.4804687571595423 0.8854167128447443 0.14843750221189111 0.17187500256113708
0 0.06953125103609636 0.6520833673421293 0.1359375020256266 0.14687500218860805
0 0.07812500116415322 0.3958333539776504 0.1531250022817403 0.1625000024214387
0 0.17187500256113708 0.2895833484362811 0.15625000232830644 0.1625000024214387
0 0.5703125084983185 0.16250000847503543 0.20000000298023224 0.17812500265426934
0 0.6960937603726052 0.23750001238659024 0.15156250225845724 0.16875000251457095
0 0.923437513760291 0.6166666988283396 0.15000000223517418 0.16875000251457095
0 0.6593750098254532 0.4562500237952918 0.09687500144354999 0.15937500237487257
0 0.7335937609313987 0.08437500440049917 0.15156250225845724 0.12343750183936208
0 0.8257812623050995 0.08437500440049917 0.15156250225845724 0.12343750183936208
1 0.2812500041909516 0.22604167845565826 0.05625000083819032 0.05468750081490725
0 0.8046875119907781 0.6572917009470984 0.14687500218860805 0.16093750239815563
0 0.2476562536903657 0.09062500472646207 0.16093750239815563 0.13281250197906047
0 0.21484375320142135 0.9020833803806454 0.2109375031432137 0.13750000204890966
1 0.3078125045867637 0.6927083694608882 0.2812500041909516 0.28281250421423465
0 0.41093750612344593 0.3281250171130523 0.1750000026077032 0.16093750239815563
0 0.3468750051688403 0.3781250197207555 0.1750000026077032 0.16093750239815563
0 0.7062500105239451 0.4635416908422485 0.14687500218860805 0.16093750239815563
0 0.848437512642704 0.3281250171130523 0.1750000026077032 0.16093750239815563
0 0.9257812637952156 0.7739583736984059 0.14843750221189111 0.17656250263098627
0 0.4804687571595423 0.8854167128447443 0.14843750221189111 0.17187500256113708
0 0.06953125103609636 0.6520833673421293 0.1359375020256266 0.14687500218860805
0 0.07812500116415322 0.3958333539776504 0.1531250022817403 0.1625000024214387
0 0.17187500256113708 0.2895833484362811 0.15625000232830644 0.1625000024214387
0 0.5703125084983185 0.16250000847503543 0.20000000298023224 0.17812500265426934
0 0.6960937603726052 0.23750001238659024 0.15156250225845724 0.16875000251457095
0 0.923437513760291 0.6166666988283396 0.15000000223517418 0.16875000251457095
0 0.6593750098254532 0.4562500237952918 0.09687500144354999 0.15937500237487257
0 0.7335937609313987 0.08437500440049917 0.15156250225845724 0.12343750183936208
0 0.8257812623050995 0.08437500440049917 0.15156250225845724 0.12343750183936208
1 0.2812500041909516 0.22604167845565826 0.05625000083819032 0.05468750081490725
0 0.8046875119907781 0.6572917009470984 0.14687500218860805 0.16093750239815563
0 0.2476562536903657 0.09062500472646207 0.16093750239815563 0.13281250197906047
0 0.21484375320142135 0.9020833803806454 0.2109375031432137 0.13750000204890966
1 0.3078125045867637 0.6927083694608882 0.2812500041909516 0.28281250421423465
0 0.41093750612344593 0.3281250171130523 0.1750000026077032 0.16093750239815563
0 0.3468750051688403 0.3781250197207555 0.1750000026077032 0.16093750239815563
0 0.7062500105239451 0.4635416908422485 0.14687500218860805 0.16093750239815563
0 0.848437512642704 0.3281250171130523 0.1750000026077032 0.16093750239815563
0 0.9257812637952156 0.7739583736984059 0.14843750221189111 0.17656250263098627
0 0.4804687571595423 0.8854167128447443 0.14843750221189111 0.17187500256113708
0 0.06953125103609636 0.6520833673421293 0.1359375020256266 0.14687500218860805
0 0.07812500116415322 0.3958333539776504 0.1531250022817403 0.1625000024214387
0 0.17187500256113708 0.2895833484362811 0.15625000232830644 0.1625000024214387
0 0.5703125084983185 0.16250000847503543 0.20000000298023224 0.17812500265426934
0 0.6960937603726052 0.23750001238659024 0.15156250225845724 0.16875000251457095
0 0.923437513760291 0.6166666988283396 0.15000000223517418 0.16875000251457095
0 0.6593750098254532 0.4562500237952918 0.09687500144354999 0.15937500237487257
0 0.7335937609313987 0.08437500440049917 0.15156250225845724 0.12343750183936208
0 0.8257812623050995 0.08437500440049917 0.15156250225845724 0.12343750183936208
1 0.2812500041909516 0.22604167845565826 0.05625000083819032 0.05468750081490725
0 0.8046875119907781 0.6572917009470984 0.14687500218860805 0.16093750239815563
0 0.2476562536903657 0.09062500472646207 0.16093750239815563 0.13281250197906047
0 0.21484375320142135 0.9020833803806454 0.2109375031432137 0.13750000204890966
1 0.3078125045867637 0.6927083694608882 0.2812500041909516 0.28281250421423465
0 0.41093750612344593 0.3281250171130523 0.1750000026077032 0.16093750239815563
0 0.3468750051688403 0.3781250197207555 0.1750000026077032 0.16093750239815563
0 0.7062500105239451 0.4635416908422485 0.14687500218860805 0.16093750239815563
0 0.848437512642704 0.3281250171130523 0.1750000026077032 0.16093750239815563
0 0.9257812637952156 0.7739583736984059 0.14843750221189111 0.17656250263098627
0 0.4804687571595423 0.8854167128447443 0.14843750221189111 0.17187500256113708
0 0.06953125103609636 0.6520833673421293 0.1359375020256266 0.14687500218860805
0 0.07812500116415322 0.3958333539776504 0.1531250022817403 0.1625000024214387
0 0.17187500256113708 0.2895833484362811 0.15625000232830644 0.1625000024214387
0 0.5703125084983185 0.16250000847503543 0.20000000298023224 0.17812500265426934
0 0.6960937603726052 0.23750001238659024 0.15156250225845724 0.16875000251457095
0 0.923437513760291 0.6166666988283396 0.15000000223517418 0.16875000251457095
0 0.6593750098254532 0.4562500237952918 0.09687500144354999 0.15937500237487257
0 0.7335937609313987 0.08437500440049917 0.15156250225845724 0.12343750183936208
0 0.8257812623050995 0.08437500440049917 0.15156250225845724 0.12343750183936208
1 0.2812500041909516 0.22604167845565826 0.05625000083819032 0.05468750081490725
0 0.8046875119907781 0.6572917009470984 0.14687500218860805 0.16093750239815563
0 0.2476562536903657 0.09062500472646207 0.16093750239815563 0.13281250197906047
0 0.21484375320142135 0.9020833803806454 0.2109375031432137 0.13750000204890966
1 0.3078125045867637 0.6927083694608882 0.2812500041909516 0.28281250421423465
0 0.41093750612344593 0.3281250171130523 0.1750000026077032 0.16093750239815563
0 0.3468750051688403 0.3781250197207555 0.1750000026077032 0.16093750239815563
0 0.7062500105239451 0.4635416908422485 0.14687500218860805 0.16093750239815563
0 0.848437512642704 0.3281250171130523 0.1750000026077032 0.16093750239815563
0 0.9257812637952156 0.7739583736984059 0.14843750221189111 0.17656250263098627
0 0.4804687571595423 0.8854167128447443 0.14843750221189111 0.17187500256113708
0 0.06953125103609636 0.6520833673421293 0.1359375020256266 0.14687500218860805
0 0.07812500116415322 0.3958333539776504 0.1531250022817403 0.1625000024214387
0 0.17187500256113708 0.2895833484362811 0.15625000232830644 0.1625000024214387
0 0.5703125084983185 0.16250000847503543 0.20000000298023224 0.17812500265426934
0 0.6960937603726052 0.23750001238659024 0.15156250225845724 0.16875000251457095
0 0.923437513760291 0.6166666988283396 0.15000000223517418 0.16875000251457095
0 0.6593750098254532 0.4562500237952918 0.09687500144354999 0.15937500237487257
0 0.7335937609313987 0.08437500440049917 0.15156250225845724 0.12343750183936208
0 0.8257812623050995 0.08437500440049917 0.15156250225845724 0.12343750183936208
1 0.2812500041909516 0.22604167845565826 0.05625000083819032 0.05468750081490725
0 0.8046875119907781 0.6572917009470984 0.14687500218860805 0.16093750239815563
0 0.2476562536903657 0.09062500472646207 0.16093750239815563 0.13281250197906047
0 0.21484375320142135 0.9020833803806454 0.2109375031432137 0.13750000204890966
1 0.3078125045867637 0.6927083694608882 0.2812500041909516 0.28281250421423465
0 0.41093750612344593 0.3281250171130523 0.1750000026077032 0.16093750239815563
0 0.3468750051688403 0.3781250197207555 0.1750000026077032 0.16093750239815563
0 0.7062500105239451 0.4635416908422485 0.14687500218860805 0.16093750239815563
0 0.848437512642704 0.3281250171130523 0.1750000026077032 0.16093750239815563
0 0.9257812637952156 0.7739583736984059 0.14843750221189111 0.17656250263098627
0 0.4804687571595423 0.8854167128447443 0.14843750221189111 0.17187500256113708
0 0.06953125103609636 0.6520833673421293 0.1359375020256266 0.14687500218860805
0 0.07812500116415322 0.3958333539776504 0.1531250022817403 0.1625000024214387
0 0.17187500256113708 0.2895833484362811 0.15625000232830644 0.1625000024214387
0 0.5703125084983185 0.16250000847503543 0.20000000298023224 0.17812500265426934
0 0.6960937603726052 0.23750001238659024 0.15156250225845724 0.16875000251457095
0 0.923437513760291 0.6166666988283396 0.15000000223517418 0.16875000251457095
0 0.6593750098254532 0.4562500237952918 0.09687500144354999 0.15937500237487257
0 0.7335937609313987 0.08437500440049917 0.15156250225845724 0.12343750183936208
0 0.8257812623050995 0.08437500440049917 0.15156250225845724 0.12343750183936208
1 0.2812500041909516 0.22604167845565826 0.05625000083819032 0.05468750081490725
0 0.8046875119907781 0.6572917009470984 0.14687500218860805 0.16093750239815563
0 0.2476562536903657 0.09062500472646207 0.16093750239815563 0.13281250197906047
0 0.21484375320142135 0.9020833803806454 0.2109375031432137 0.13750000204890966
1 0.3078125045867637 0.6927083694608882 0.2812500041909516 0.28281250421423465
0 0.41093750612344593 0.3281250171130523 0.1750000026077032 0.16093750239815563
0 0.3468750051688403 0.3781250197207555 0.1750000026077032 0.16093750239815563
0 0.7062500105239451 0.4635416908422485 0.14687500218860805 0.16093750239815563
0 0.848437512642704 0.3281250171130523 0.1750000026077032 0.16093750239815563
0 0.9257812637952156 0.7739583736984059 0.14843750221189111 0.17656250263098627
0 0.4804687571595423 0.8854167128447443 0.14843750221189111 0.17187500256113708
0 0.06953125103609636 0.6520833673421293 0.1359375020256266 0.14687500218860805
0 0.07812500116415322 0.3958333539776504 0.1531250022817403 0.1625000024214387
0 0.17187500256113708 0.2895833484362811 0.15625000232830644 0.1625000024214387
0 0.5703125084983185 0.16250000847503543 0.20000000298023224 0.17812500265426934
0 0.6960937603726052 0.23750001238659024 0.15156250225845724 0.16875000251457095
0 0.923437513760291 0.6166666988283396 0.15000000223517418 0.16875000251457095
0 0.6593750098254532 0.4562500237952918 0.09687500144354999 0.15937500237487257
0 0.7335937609313987 0.08437500440049917 0.15156250225845724 0.12343750183936208
0 0.8257812623050995 0.08437500440049917 0.15156250225845724 0.12343750183936208
1 0.2812500041909516 0.22604167845565826 0.05625000083819032 0.05468750081490725
0 0.8046875119907781 0.6572917009470984 0.14687500218860805 0.16093750239815563
0 0.2476562536903657 0.09062500472646207 0.16093750239815563 0.13281250197906047
0 0.21484375320142135 0.9020833803806454 0.2109375031432137 0.13750000204890966
1 0.3078125045867637 0.6927083694608882 0.2812500041909516 0.28281250421423465
0 0.41093750612344593 0.3281250171130523 0.1750000026077032 0.16093750239815563
0 0.3468750051688403 0.3781250197207555 0.1750000026077032 0.16093750239815563
0 0.7062500105239451 0.4635416908422485 0.14687500218860805 0.16093750239815563
0 0.848437512642704 0.3281250171130523 0.1750000026077032 0.16093750239815563
0 0.9257812637952156 0.7739583736984059 0.14843750221189111 0.17656250263098627
0 0.4804687571595423 0.8854167128447443 0.14843750221189111 0.17187500256113708
0 0.06953125103609636 0.6520833673421293 0.1359375020256266 0.14687500218860805
0 0.07812500116415322 0.3958333539776504 0.1531250022817403 0.1625000024214387
0 0.17187500256113708 0.2895833484362811 0.15625000232830644 0.1625000024214387
0 0.5703125084983185 0.16250000847503543 0.20000000298023224 0.17812500265426934
0 0.6960937603726052 0.23750001238659024 0.15156250225845724 0.16875000251457095
0 0.923437513760291 0.6166666988283396 0.15000000223517418 0.16875000251457095
0 0.6593750098254532 0.4562500237952918 0.09687500144354999 0.15937500237487257
0 0.7335937609313987 0.08437500440049917 0.15156250225845724 0.12343750183936208
0 0.8257812623050995 0.08437500440049917 0.15156250225845724 0.12343750183936208
1 0.2812500041909516 0.22604167845565826 0.05625000083819032 0.05468750081490725
0 0.8046875119907781 0.6572917009470984 0.14687500218860805 0.16093750239815563
0 0.2476562536903657 0.09062500472646207 0.16093750239815563 0.13281250197906047
0 0.21484375320142135 0.9020833803806454 0.2109375031432137 0.13750000204890966
1 0.3078125045867637 0.6927083694608882 0.2812500041909516 0.28281250421423465
0 0.41093750612344593 0.3281250171130523 0.1750000026077032 0.16093750239815563
0 0.3468750051688403 0.3781250197207555 0.1750000026077032 0.16093750239815563
0 0.7062500105239451 0.4635416908422485 0.14687500218860805 0.16093750239815563
0 0.848437512642704 0.3281250171130523 0.1750000026077032 0.16093750239815563
0 0.9257812637952156 0.7739583736984059 0.14843750221189111 0.17656250263098627
0 0.4804687571595423 0.8854167128447443 0.14843750221189111 0.17187500256113708
0 0.06953125103609636 0.6520833673421293 0.1359375020256266 0.14687500218860805
0 0.07812500116415322 0.3958333539776504 0.1531250022817403 0.1625000024214387
0 0.17187500256113708 0.2895833484362811 0.15625000232830644 0.1625000024214387
0 0.5703125084983185 0.16250000847503543 0.20000000298023224 0.17812500265426934
0 0.6960937603726052 0.23750001238659024 0.15156250225845724 0.16875000251457095
0 0.923437513760291 0.6166666988283396 0.15000000223517418 0.16875000251457095
0 0.6593750098254532 0.4562500237952918 0.09687500144354999 0.15937500237487257
0 0.7335937609313987 0.08437500440049917 0.15156250225845724 0.12343750183936208
0 0.8257812623050995 0.08437500440049917 0.15156250225845724 0.12343750183936208
2 0.2812500041909516 0.22604167845565826 0.05625000083819032 0.05468750081490725
0 0.8046875119907781 0.6572917009470984 0.14687500218860805 0.16093750239815563
0 0.2476562536903657 0.09062500472646207 0.16093750239815563 0.13281250197906047
0 0.21484375320142135 0.9020833803806454 0.2109375031432137 0.13750000204890966
1 0.3078125045867637 0.6927083694608882 0.2812500041909516 0.28281250421423465
0 0.41093750612344593 0.3281250171130523 0.1750000026077032 0.16093750239815563
0 0.3468750051688403 0.3781250197207555 0.1750000026077032 0.16093750239815563
0 0.7062500105239451 0.4635416908422485 0.14687500218860805 0.16093750239815563
0 0.848437512642704 0.3281250171130523 0.1750000026077032 0.16093750239815563
0 0.9257812637952156 0.7739583736984059 0.14843750221189111 0.17656250263098627
0 0.4804687571595423 0.8854167128447443 0.14843750221189111 0.17187500256113708
0 0.06953125103609636 0.6520833673421293 0.1359375020256266 0.14687500218860805
0 0.07812500116415322 0.3958333539776504 0.1531250022817403 0.1625000024214387
0 0.17187500256113708 0.2895833484362811 0.15625000232830644 0.1625000024214387
0 0.5703125084983185 0.16250000847503543 0.20000000298023224 0.17812500265426934
0 0.6960937603726052 0.23750001238659024 0.15156250225845724 0.16875000251457095
0 0.923437513760291 0.6166666988283396 0.15000000223517418 0.16875000251457095
0 0.6593750098254532 0.4562500237952918 0.09687500144354999 0.15937500237487257
0 0.7335937609313987 0.08437500440049917 0.15156250225845724 0.12343750183936208
0 0.8257812623050995 0.08437500440049917 0.15156250225845724 0.12343750183936208
2 0.2812500041909516 0.22604167845565826 0.05625000083819032 0.05468750081490725
0 0.8046875119907781 0.6572917009470984 0.14687500218860805 0.16093750239815563
0 0.2476562536903657 0.09062500472646207 0.16093750239815563 0.13281250197906047
0 0.21484375320142135 0.9020833803806454 0.2109375031432137 0.13750000204890966
1 0.30781251192092896 0.6927083730697632 0.28125 0.2828125059604645
0 0.41093751788139343 0.3281250298023224 0.17499999701976776 0.16093750298023224
0 0.34687501192092896 0.37812501192092896 0.17499999701976776 0.16093750298023224
0 0.706250011920929 0.4635416865348816 0.14687500894069672 0.16093750298023224
0 0.848437488079071 0.3281250298023224 0.17499999701976776 0.16093750298023224
0 0.92578125 0.7739583849906921 0.1484375 0.17656250298023224
0 0.48046875 0.8854166865348816 0.1484375 0.171875
0 0.06953125447034836 0.6520833969116211 0.13593749701976776 0.14687500894069672
0 0.078125 0.3958333432674408 0.15312500298023224 0.16250000894069672
0 0.171875 0.28958335518836975 0.15625 0.16250000894069672
0 0.5703125 0.16250000894069672 0.20000000298023224 0.17812500894069672
0 0.696093738079071 0.23750001192092896 0.15156249701976776 0.16875000298023224
0 0.9234375357627869 0.6166666746139526 0.15000000596046448 0.16875000298023224
0 0.659375011920929 0.45625001192092896 0.09687500447034836 0.15937499701976776
0 0.733593761920929 0.08437500149011612 0.15156249701976776 0.12343750149011612
0 0.8257812857627869 0.08437500149011612 0.15156249701976776 0.12343750149011612
2 0.28125 0.22604167461395264 0.05625000223517418 0.0546875
0 0.8046875 0.6572917103767395 0.14687500894069672 0.16093750298023224
0 0.24765625596046448 0.09062500298023224 0.16093750298023224 0.1328125
0 0.21484375 0.9020833969116211 0.2109375 0.13750000298023224
1 0.30781251192092896 0.6927083730697632 0.28125 0.2828125059604645
0 0.41093751788139343 0.3281250298023224 0.17499999701976776 0.16093750298023224
0 0.34687501192092896 0.37812501192092896 0.17499999701976776 0.16093750298023224
0 0.706250011920929 0.4635416865348816 0.14687500894069672 0.16093750298023224
0 0.848437488079071 0.3281250298023224 0.17499999701976776 0.16093750298023224
0 0.92578125 0.7739583849906921 0.1484375 0.17656250298023224
0 0.48046875 0.8854166865348816 0.1484375 0.171875
0 0.06953125447034836 0.6520833969116211 0.13593749701976776 0.14687500894069672
0 0.078125 0.3958333432674408 0.15312500298023224 0.16250000894069672
0 0.171875 0.28958335518836975 0.15625 0.16250000894069672
0 0.5703125 0.16250000894069672 0.20000000298023224 0.17812500894069672
0 0.696093738079071 0.23750001192092896 0.15156249701976776 0.16875000298023224
0 0.9234375357627869 0.6166666746139526 0.15000000596046448 0.16875000298023224
0 0.659375011920929 0.45625001192092896 0.09687500447034836 0.15937499701976776
0 0.733593761920929 0.08437500149011612 0.15156249701976776 0.12343750149011612
0 0.8257812857627869 0.08437500149011612 0.15156249701976776 0.12343750149011612
2 0.28125 0.22604167461395264 0.05625000223517418 0.0546875
0 0.8046875 0.6572917103767395 0.14687500894069672 0.16093750298023224
0 0.24765625596046448 0.09062500298023224 0.16093750298023224 0.1328125
0 0.21484375 0.9020833969116211 0.2109375 0.13750000298023224
1 0.30781251192092896 0.6927083730697632 0.28125 0.2828125059604645
0 0.41093751788139343 0.3281250298023224 0.17499999701976776 0.16093750298023224
0 0.34687501192092896 0.37812501192092896 0.17499999701976776 0.16093750298023224
0 0.706250011920929 0.4635416865348816 0.14687500894069672 0.16093750298023224
0 0.848437488079071 0.3281250298023224 0.17499999701976776 0.16093750298023224
0 0.92578125 0.7739583849906921 0.1484375 0.17656250298023224
0 0.48046875 0.8854166865348816 0.1484375 0.171875
0 0.06953125447034836 0.6520833969116211 0.13593749701976776 0.14687500894069672
0 0.078125 0.3958333432674408 0.15312500298023224 0.16250000894069672
0 0.171875 0.28958335518836975 0.15625 0.16250000894069672
0 0.5703125 0.16250000894069672 0.20000000298023224 0.17812500894069672
0 0.696093738079071 0.23750001192092896 0.15156249701976776 0.16875000298023224
0 0.9234375357627869 0.6166666746139526 0.15000000596046448 0.16875000298023224
0 0.659375011920929 0.45625001192092896 0.09687500447034836 0.15937499701976776
0 0.733593761920929 0.08437500149011612 0.15156249701976776 0.12343750149011612
0 0.8257812857627869 0.08437500149011612 0.15156249701976776 0.12343750149011612
2 0.28125 0.22604167461395264 0.05625000223517418 0.0546875
0 0.8046875 0.6572917103767395 0.14687500894069672 0.16093750298023224
0 0.24765625596046448 0.09062500298023224 0.16093750298023224 0.1328125
0 0.21484375 0.9020833969116211 0.2109375 0.13750000298023224
1 0.30781251192092896 0.6927083730697632 0.28125 0.2828125059604645
0 0.41093751788139343 0.3281250298023224 0.17499999701976776 0.16093750298023224
0 0.34687501192092896 0.37812501192092896 0.17499999701976776 0.16093750298023224
0 0.706250011920929 0.4635416865348816 0.14687500894069672 0.16093750298023224
0 0.848437488079071 0.3281250298023224 0.17499999701976776 0.16093750298023224
0 0.92578125 0.7739583849906921 0.1484375 0.17656250298023224
0 0.48046875 0.8854166865348816 0.1484375 0.171875
0 0.06953125447034836 0.6520833969116211 0.13593749701976776 0.14687500894069672
0 0.078125 0.3958333432674408 0.15312500298023224 0.16250000894069672
0 0.171875 0.28958335518836975 0.15625 0.16250000894069672
0 0.5703125 0.16250000894069672 0.20000000298023224 0.17812500894069672
0 0.696093738079071 0.23750001192092896 0.15156249701976776 0.16875000298023224
0 0.9234375357627869 0.6166666746139526 0.15000000596046448 0.16875000298023224
0 0.659375011920929 0.45625001192092896 0.09687500447034836 0.15937499701976776
0 0.733593761920929 0.08437500149011612 0.15156249701976776 0.12343750149011612
0 0.8257812857627869 0.08437500149011612 0.15156249701976776 0.12343750149011612
2 0.28125 0.22604167461395264 0.05625000223517418 0.0546875
0 0.8046875 0.6572917103767395 0.14687500894069672 0.16093750298023224
0 0.24765625596046448 0.09062500298023224 0.16093750298023224 0.1328125
0 0.21484375 0.9020833969116211 0.2109375 0.13750000298023224
1 0.30781251192092896 0.6927083730697632 0.28125 0.2828125059604645
0 0.41093751788139343 0.3281250298023224 0.17499999701976776 0.16093750298023224
0 0.34687501192092896 0.37812501192092896 0.17499999701976776 0.16093750298023224
0 0.706250011920929 0.4635416865348816 0.14687500894069672 0.16093750298023224
0 0.848437488079071 0.3281250298023224 0.17499999701976776 0.16093750298023224
0 0.92578125 0.7739583849906921 0.1484375 0.17656250298023224
0 0.48046875 0.8854166865348816 0.1484375 0.171875
0 0.06953125447034836 0.6520833969116211 0.13593749701976776 0.14687500894069672
0 0.078125 0.3958333432674408 0.15312500298023224 0.16250000894069672
0 0.171875 0.28958335518836975 0.15625 0.16250000894069672
0 0.5703125 0.16250000894069672 0.20000000298023224 0.17812500894069672
0 0.696093738079071 0.23750001192092896 0.15156249701976776 0.16875000298023224
0 0.9234375357627869 0.6166666746139526 0.15000000596046448 0.16875000298023224
0 0.659375011920929 0.45625001192092896 0.09687500447034836 0.15937499701976776
0 0.733593761920929 0.08437500149011612 0.15156249701976776 0.12343750149011612
0 0.8257812857627869 0.08437500149011612 0.15156249701976776 0.12343750149011612
2 0.28125 0.22604167461395264 0.05625000223517418 0.0546875
0 0.8046875 0.6572917103767395 0.14687500894069672 0.16093750298023224
0 0.24765625596046448 0.09062500298023224 0.16093750298023224 0.1328125
0 0.21484375 0.9020833969116211 0.2109375 0.13750000298023224
1 0.30781251192092896 0.6927083730697632 0.28125 0.2828125059604645
0 0.41093751788139343 0.3281250298023224 0.17499999701976776 0.16093750298023224
0 0.34687501192092896 0.37812501192092896 0.17499999701976776 0.16093750298023224
0 0.706250011920929 0.4635416865348816 0.14687500894069672 0.16093750298023224
0 0.848437488079071 0.3281250298023224 0.17499999701976776 0.16093750298023224
0 0.92578125 0.7739583849906921 0.1484375 0.17656250298023224
0 0.48046875 0.8854166865348816 0.1484375 0.171875
0 0.06953125447034836 0.6520833969116211 0.13593749701976776 0.14687500894069672
0 0.078125 0.3958333432674408 0.15312500298023224 0.16250000894069672
0 0.171875 0.28958335518836975 0.15625 0.16250000894069672
0 0.5703125 0.16250000894069672 0.20000000298023224 0.17812500894069672
0 0.696093738079071 0.23750001192092896 0.15156249701976776 0.16875000298023224
0 0.9234375357627869 0.6166666746139526 0.15000000596046448 0.16875000298023224
0 0.659375011920929 0.45625001192092896 0.09687500447034836 0.15937499701976776
0 0.733593761920929 0.08437500149011612 0.15156249701976776 0.12343750149011612
0 0.8257812857627869 0.08437500149011612 0.15156249701976776 0.12343750149011612
2 0.28125 0.22604167461395264 0.05625000223517418 0.0546875
0 0.8046875 0.6572917103767395 0.14687500894069672 0.16093750298023224
0 0.24765625596046448 0.09062500298023224 0.16093750298023224 0.1328125
0 0.21484375 0.9020833969116211 0.2109375 0.13750000298023224
1 0.30781251192092896 0.6927083730697632 0.28125 0.2828125059604645
0 0.41093751788139343 0.3281250298023224 0.17499999701976776 0.16093750298023224
0 0.34687501192092896 0.37812501192092896 0.17499999701976776 0.16093750298023224
0 0.706250011920929 0.4635416865348816 0.14687500894069672 0.16093750298023224
0 0.848437488079071 0.3281250298023224 0.17499999701976776 0.16093750298023224
0 0.92578125 0.7739583849906921 0.1484375 0.17656250298023224
0 0.48046875 0.8854166865348816 0.1484375 0.171875
0 0.06953125447034836 0.6520833969116211 0.13593749701976776 0.14687500894069672
0 0.078125 0.3958333432674408 0.15312500298023224 0.16250000894069672
0 0.171875 0.28958335518836975 0.15625 0.16250000894069672
0 0.5703125 0.16250000894069672 0.20000000298023224 0.17812500894069672
0 0.696093738079071 0.23750001192092896 0.15156249701976776 0.16875000298023224
0 0.9234375357627869 0.6166666746139526 0.15000000596046448 0.16875000298023224
0 0.659375011920929 0.45625001192092896 0.09687500447034836 0.15937499701976776
0 0.733593761920929 0.08437500149011612 0.15156249701976776 0.12343750149011612
0 0.8257812857627869 0.08437500149011612 0.15156249701976776 0.12343750149011612
2 0.28125 0.22604167461395264 0.05625000223517418 0.0546875
0 0.8046875 0.6572917103767395 0.14687500894069672 0.16093750298023224
0 0.24765625596046448 0.09062500298023224 0.16093750298023224 0.1328125
0 0.21484375 0.9020833969116211 0.2109375 0.13750000298023224
