0 0.3515625052386895 0.5958333644084632 0.1843750027474016 0.15625000232830644
0 0.14453125215368345 0.5281250275438651 0.1890625028172508 0.18593750277068466
0 0.28984375431900844 0.8145833758171648 0.1578125023515895 0.15937500237487257
0 0.15859375236323103 0.73958337190561 0.1578125023515895 0.15937500237487257
0 0.9359375139465556 0.4281250223284587 0.12812500190921128 0.15156250225845724
0 0.7710937614901923 0.3104166828561574 0.14843750221189111 0.14687500218860805
0 0.4882812572759576 0.11562500603031367 0.1796875026775524 0.17031250253785402
0 0.20937500311993062 0.21145834436174482 0.19062500284053385 0.18281250272411853
0 0.29765625443542376 0.3958333539776504 0.1265625018859282 0.12500000186264515
0 0.9382812639814802 0.8989583802176639 0.12343750183936208 0.15156250225845724
1 0.7976562618860044 0.6500000339001417 0.2984375044470653 0.27500000409781933
0 0.3515625052386895 0.5958333644084632 0.1843750027474016 0.15625000232830644
0 0.14453125215368345 0.5281250275438651 0.1890625028172508 0.18593750277068466
0 0.28984375431900844 0.8145833758171648 0.1578125023515895 0.15937500237487257
0 0.15859375236323103 0.73958337190561 0.1578125023515895 0.15937500237487257
0 0.9359375139465556 0.4281250223284587 0.12812500190921128 0.15156250225845724
0 0.7710937614901923 0.3104166828561574 0.14843750221189111 0.14687500218860805
0 0.4882812572759576 0.11562500603031367 0.1796875026775524 0.17031250253785402
0 0.20937500311993062 0.21145834436174482 0.19062500284053385 0.18281250272411853
0 0.29765625443542376 0.3958333539776504 0.1265625018859282 0.12500000186264515
0 0.9382812639814802 0.8989583802176639 0.12343750183936208 0.15156250225845724
1 0.7976562618860044 0.6500000339001417 0.2984375044470653 0.27500000409781933
0 0.3515625052386895 0.5958333644084632 0.1843750027474016 0.15625000232830644
0 0.14453125215368345 0.5281250275438651 0.1890625028172508 0.18593750277068466
0 0.28984375431900844 0.8145833758171648 0.1578125023515895 0.15937500237487257
0 0.15859375236323103 0.73958337190561 0.1578125023515895 0.15937500237487257
0 0.9359375139465556 0.4281250223284587 0.12812500190921128 0.15156250225845724
0 0.7710937614901923 0.3104166828561574 0.14843750221189111 0.14687500218860805
0 0.4882812572759576 0.11562500603031367 0.1796875026775524 0.17031250253785402
0 0.20937500311993062 0.21145834436174482 0.19062500284053385 0.18281250272411853
0 0.29765625443542376 0.3958333539776504 0.1265625018859282 0.12500000186264515
0 0.9382812639814802 0.8989583802176639 0.12343750183936208 0.15156250225845724
1 0.7976562618860044 0.6500000339001417 0.2984375044470653 0.27500000409781933
0 0.3515625052386895 0.5958333644084632 0.1843750027474016 0.15625000232830644
0 0.14453125215368345 0.5281250275438651 0.1890625028172508 0.18593750277068466
0 0.28984375431900844 0.8145833758171648 0.1578125023515895 0.15937500237487257
0 0.15859375236323103 0.73958337190561 0.1578125023515895 0.15937500237487257
0 0.9359375139465556 0.4281250223284587 0.12812500190921128 0.15156250225845724
0 0.7710937614901923 0.3104166828561574 0.14843750221189111 0.14687500218860805
0 0.4882812572759576 0.11562500603031367 0.1796875026775524 0.17031250253785402
0 0.20937500311993062 0.21145834436174482 0.19062500284053385 0.18281250272411853
0 0.29765625443542376 0.3958333539776504 0.1265625018859282 0.12500000186264515
0 0.9382812639814802 0.8989583802176639 0.12343750183936208 0.15156250225845724
1 0.7976562618860044 0.6500000339001417 0.2984375044470653 0.27500000409781933
0 0.3515625052386895 0.5958333644084632 0.1843750027474016 0.15625000232830644
0 0.14453125215368345 0.5281250275438651 0.1890625028172508 0.18593750277068466
0 0.28984375431900844 0.8145833758171648 0.1578125023515895 0.15937500237487257
0 0.15859375236323103 0.73958337190561 0.1578125023515895 0.15937500237487257
0 0.9359375139465556 0.4281250223284587 0.12812500190921128 0.15156250225845724
0 0.7710937614901923 0.3104166828561574 0.14843750221189111 0.14687500218860805
0 0.4882812572759576 0.11562500603031367 0.1796875026775524 0.17031250253785402
0 0.20937500311993062 0.21145834436174482 0.19062500284053385 0.18281250272411853
0 0.29765625443542376 0.3958333539776504 0.1265625018859282 0.12500000186264515
0 0.9382812639814802 0.8989583802176639 0.12343750183936208 0.15156250225845724
1 0.7976562618860044 0.6500000339001417 0.2984375044470653 0.27500000409781933
0 0.3515625052386895 0.5958333644084632 0.1843750027474016 0.15625000232830644
0 0.14453125215368345 0.5281250275438651 0.1890625028172508 0.18593750277068466
0 0.28984375431900844 0.8145833758171648 0.1578125023515895 0.15937500237487257
0 0.15859375236323103 0.73958337190561 0.1578125023515895 0.15937500237487257
0 0.9359375139465556 0.4281250223284587 0.12812500190921128 0.15156250225845724
0 0.7710937614901923 0.3104166828561574 0.14843750221189111 0.14687500218860805
0 0.4882812572759576 0.11562500603031367 0.1796875026775524 0.17031250253785402
0 0.20937500311993062 0.21145834436174482 0.19062500284053385 0.18281250272411853
0 0.29765625443542376 0.3958333539776504 0.1265625018859282 0.12500000186264515
0 0.9382812639814802 0.8989583802176639 0.12343750183936208 0.15156250225845724
1 0.7976562618860044 0.6500000339001417 0.2984375044470653 0.27500000409781933
0 0.3515625052386895 0.5958333644084632 0.1843750027474016 0.15625000232830644
0 0.14453125215368345 0.5281250275438651 0.1890625028172508 0.18593750277068466
0 0.28984375431900844 0.8145833758171648 0.1578125023515895 0.15937500237487257
0 0.15859375236323103 0.73958337190561 0.1578125023515895 0.15937500237487257
0 0.9359375139465556 0.4281250223284587 0.12812500190921128 0.15156250225845724
0 0.7710937614901923 0.3104166828561574 0.14843750221189111 0.14687500218860805
0 0.4882812572759576 0.11562500603031367 0.1796875026775524 0.17031250253785402
0 0.20937500311993062 0.21145834436174482 0.19062500284053385 0.18281250272411853
0 0.29765625443542376 0.3958333539776504 0.1265625018859282 0.12500000186264515
0 0.9382812639814802 0.8989583802176639 0.12343750183936208 0.15156250225845724
1 0.7976562618860044 0.6500000339001417 0.2984375044470653 0.27500000409781933
0 0.3515625052386895 0.5958333644084632 0.1843750027474016 0.15625000232830644
0 0.14453125215368345 0.5281250275438651 0.1890625028172508 0.18593750277068466
0 0.28984375431900844 0.8145833758171648 0.1578125023515895 0.15937500237487257
0 0.15859375236323103 0.73958337190561 0.1578125023515895 0.15937500237487257
0 0.9359375139465556 0.4281250223284587 0.12812500190921128 0.15156250225845724
0 0.7710937614901923 0.3104166828561574 0.14843750221189111 0.14687500218860805
0 0.4882812572759576 0.11562500603031367 0.1796875026775524 0.17031250253785402
0 0.20937500311993062 0.21145834436174482 0.19062500284053385 0.18281250272411853
0 0.29765625443542376 0.3958333539776504 0.1265625018859282 0.12500000186264515
0 0.9382812639814802 0.8989583802176639 0.12343750183936208 0.15156250225845724
1 0.7976562618860044 0.6500000339001417 0.2984375044470653 0.27500000409781933
0 0.3515625052386895 0.5958333644084632 0.1843750027474016 0.15625000232830644
0 0.14453125215368345 0.5281250275438651 0.1890625028172508 0.18593750277068466
0 0.28984375431900844 0.8145833758171648 0.1578125023515895 0.15937500237487257
0 0.15859375236323103 0.73958337190561 0.1578125023515895 0.15937500237487257
0 0.9359375139465556 0.4281250223284587 0.12812500190921128 0.15156250225845724
0 0.7710937614901923 0.3104166828561574 0.14843750221189111 0.14687500218860805
0 0.4882812572759576 0.11562500603031367 0.1796875026775524 0.17031250253785402
0 0.20937500311993062 0.21145834436174482 0.19062500284053385 0.18281250272411853
0 0.29765625443542376 0.3958333539776504 0.1265625018859282 0.12500000186264515
0 0.9382812639814802 0.8989583802176639 0.12343750183936208 0.15156250225845724
1 0.7976562618860044 0.6500000339001417 0.2984375044470653 0.27500000409781933
0 0.3515625052386895 0.5958333644084632 0.1843750027474016 0.15625000232830644
0 0.14453125215368345 0.5281250275438651 0.1890625028172508 0.18593750277068466
0 0.28984375431900844 0.8145833758171648 0.1578125023515895 0.15937500237487257
0 0.15859375236323103 0.73958337190561 0.1578125023515895 0.15937500237487257
0 0.9359375139465556 0.4281250223284587 0.12812500190921128 0.15156250225845724
0 0.7710937614901923 0.3104166828561574 0.14843750221189111 0.14687500218860805
0 0.4882812572759576 0.11562500603031367 0.1796875026775524 0.17031250253785402
0 0.20937500311993062 0.21145834436174482 0.19062500284053385 0.18281250272411853
0 0.29765625443542376 0.3958333539776504 0.1265625018859282 0.12500000186264515
0 0.9382812639814802 0.8989583802176639 0.12343750183936208 0.15156250225845724
1 0.7976562618860044 0.6500000339001417 0.2984375044470653 0.27500000409781933
0 0.3515625052386895 0.5958333644084632 0.1843750027474016 0.15625000232830644
0 0.14453125215368345 0.5281250275438651 0.1890625028172508 0.18593750277068466
0 0.28984375431900844 0.8145833758171648 0.1578125023515895 0.15937500237487257
0 0.15859375236323103 0.73958337190561 0.1578125023515895 0.15937500237487257
0 0.9359375139465556 0.4281250223284587 0.12812500190921128 0.15156250225845724
0 0.7710937614901923 0.3104166828561574 0.14843750221189111 0.14687500218860805
0 0.4882812572759576 0.11562500603031367 0.1796875026775524 0.17031250253785402
0 0.20937500311993062 0.21145834436174482 0.19062500284053385 0.18281250272411853
0 0.29765625443542376 0.3958333539776504 0.1265625018859282 0.12500000186264515
0 0.9382812639814802 0.8989583802176639 0.12343750183936208 0.15156250225845724
1 0.7976562618860044 0.6500000339001417 0.2984375044470653 0.27500000409781933
0 0.3515625052386895 0.5958333644084632 0.1843750027474016 0.15625000232830644
0 0.14453125215368345 0.5281250275438651 0.1890625028172508 0.18593750277068466
0 0.28984375431900844 0.8145833758171648 0.1578125023515895 0.15937500237487257
0 0.15859375236323103 0.73958337190561 0.1578125023515895 0.15937500237487257
0 0.9359375139465556 0.4281250223284587 0.12812500190921128 0.15156250225845724
0 0.7710937614901923 0.3104166828561574 0.14843750221189111 0.14687500218860805
0 0.4882812572759576 0.11562500603031367 0.1796875026775524 0.17031250253785402
0 0.20937500311993062 0.21145834436174482 0.19062500284053385 0.18281250272411853
0 0.29765625443542376 0.3958333539776504 0.1265625018859282 0.12500000186264515
0 0.9382812639814802 0.8989583802176639 0.12343750183936208 0.15156250225845724
1 0.7976562618860044 0.6500000339001417 0.2984375044470653 0.27500000409781933
0 0.3515625052386895 0.5958333644084632 0.1843750027474016 0.15625000232830644
0 0.14453125215368345 0.5281250275438651 0.1890625028172508 0.18593750277068466
0 0.28984375431900844 0.8145833758171648 0.1578125023515895 0.15937500237487257
0 0.15859375236323103 0.73958337190561 0.1578125023515895 0.15937500237487257
0 0.9359375139465556 0.4281250223284587 0.12812500190921128 0.15156250225845724
0 0.7710937614901923 0.3104166828561574 0.14843750221189111 0.14687500218860805
0 0.4882812572759576 0.11562500603031367 0.1796875026775524 0.17031250253785402
0 0.20937500311993062 0.21145834436174482 0.19062500284053385 0.18281250272411853
0 0.29765625443542376 0.3958333539776504 0.1265625018859282 0.12500000186264515
0 0.9382812639814802 0.8989583802176639 0.12343750183936208 0.15156250225845724
1 0.7976562618860044 0.6500000339001417 0.2984375044470653 0.27500000409781933
0 0.3515625052386895 0.5958333644084632 0.1843750027474016 0.15625000232830644
0 0.14453125215368345 0.5281250275438651 0.1890625028172508 0.18593750277068466
0 0.28984375431900844 0.8145833758171648 0.1578125023515895 0.15937500237487257
0 0.15859375236323103 0.73958337190561 0.1578125023515895 0.15937500237487257
0 0.9359375139465556 0.4281250223284587 0.12812500190921128 0.15156250225845724
0 0.7710937614901923 0.3104166828561574 0.14843750221189111 0.14687500218860805
0 0.4882812572759576 0.11562500603031367 0.1796875026775524 0.17031250253785402
0 0.20937500311993062 0.21145834436174482 0.19062500284053385 0.18281250272411853
0 0.29765625443542376 0.3958333539776504 0.1265625018859282 0.12500000186264515
0 0.9382812639814802 0.8989583802176639 0.12343750183936208 0.15156250225845724
1 0.7976562618860044 0.6500000339001417 0.2984375044470653 0.27500000409781933
0 0.3515625052386895 0.5958333644084632 0.1843750027474016 0.15625000232830644
0 0.14453125215368345 0.5281250275438651 0.1890625028172508 0.18593750277068466
0 0.28984375431900844 0.8145833758171648 0.1578125023515895 0.15937500237487257
0 0.15859375236323103 0.73958337190561 0.1578125023515895 0.15937500237487257
0 0.9359375139465556 0.4281250223284587 0.12812500190921128 0.15156250225845724
0 0.7710937614901923 0.3104166828561574 0.14843750221189111 0.14687500218860805
0 0.4882812572759576 0.11562500603031367 0.1796875026775524 0.17031250253785402
0 0.20937500311993062 0.21145834436174482 0.19062500284053385 0.18281250272411853
0 0.29765625443542376 0.3958333539776504 0.1265625018859282 0.12500000186264515
0 0.9382812639814802 0.8989583802176639 0.12343750183936208 0.15156250225845724
1 0.7976562618860044 0.6500000339001417 0.2984375044470653 0.27500000409781933
0 0.3515625 0.5958333611488342 0.18437500298023224 0.15625
0 0.14453125 0.5281250476837158 0.18906250596046448 0.18593750894069672
0 0.28984376788139343 0.8145833611488342 0.15781250596046448 0.15937499701976776
0 0.15859375894069672 0.7395833730697632 0.15781250596046448 0.15937499701976776
0 0.9359375238418579 0.4281250238418579 0.12812499701976776 0.15156249701976776
0 0.7710937857627869 0.31041666865348816 0.1484375 0.14687500894069672
0 0.48828125 0.11562500894069672 0.1796875 0.17031250894069672
0 0.20937500894069672 0.21145834028720856 0.19062499701976776 0.18281249701976776
0 0.29765626788139343 0.3958333432674408 0.12656250596046448 0.125
0 0.938281238079071 0.8989583849906921 0.12343750149011612 0.15156249701976776
1 0.797656238079071 0.6500000357627869 0.2984375059604645 0.2750000059604645
0 0.3515625 0.5958333611488342 0.18437500298023224 0.15625
0 0.14453125 0.5281250476837158 0.18906250596046448 0.18593750894069672
0 0.28984376788139343 0.8145833611488342 0.15781250596046448 0.15937499701976776
0 0.15859375894069672 0.7395833730697632 0.15781250596046448 0.15937499701976776
0 0.9359375238418579 0.4281250238418579 0.12812499701976776 0.15156249701976776
0 0.7710937857627869 0.31041666865348816 0.1484375 0.14687500894069672
0 0.48828125 0.11562500894069672 0.1796875 0.17031250894069672
0 0.20937500894069672 0.21145834028720856 0.19062499701976776 0.18281249701976776
0 0.29765626788139343 0.3958333432674408 0.12656250596046448 0.125
0 0.938281238079071 0.8989583849906921 0.12343750149011612 0.15156249701976776
1 0.797656238079071 0.6500000357627869 0.2984375059604645 0.2750000059604645
0 0.3515625 0.5958333611488342 0.18437500298023224 0.15625
0 0.14453125 0.5281250476837158 0.18906250596046448 0.18593750894069672
0 0.28984376788139343 0.8145833611488342 0.15781250596046448 0.15937499701976776
0 0.15859375894069672 0.7395833730697632 0.15781250596046448 0.15937499701976776
0 0.9359375238418579 0.4281250238418579 0.12812499701976776 0.15156249701976776
0 0.7710937857627869 0.31041666865348816 0.1484375 0.14687500894069672
0 0.48828125 0.11562500894069672 0.1796875 0.17031250894069672
0 0.20937500894069672 0.21145834028720856 0.19062499701976776 0.18281249701976776
0 0.29765626788139343 0.3958333432674408 0.12656250596046448 0.125
0 0.938281238079071 0.8989583849906921 0.12343750149011612 0.15156249701976776
1 0.797656238079071 0.6500000357627869 0.2984375059604645 0.2750000059604645
0 0.3515625 0.5958333611488342 0.18437500298023224 0.15625
0 0.14453125 0.5281250476837158 0.18906250596046448 0.18593750894069672
0 0.28984376788139343 0.8145833611488342 0.15781250596046448 0.15937499701976776
0 0.15859375894069672 0.7395833730697632 0.15781250596046448 0.15937499701976776
0 0.9359375238418579 0.4281250238418579 0.12812499701976776 0.15156249701976776
0 0.7710937857627869 0.31041666865348816 0.1484375 0.14687500894069672
0 0.48828125 0.11562500894069672 0.1796875 0.17031250894069672
0 0.20937500894069672 0.21145834028720856 0.19062499701976776 0.18281249701976776
0 0.29765626788139343 0.3958333432674408 0.12656250596046448 0.125
0 0.938281238079071 0.8989583849906921 0.12343750149011612 0.15156249701976776
1 0.797656238079071 0.6500000357627869 0.2984375059604645 0.2750000059604645
0 0.3515625 0.5958333611488342 0.18437500298023224 0.15625
0 0.14453125 0.5281250476837158 0.18906250596046448 0.18593750894069672
0 0.28984376788139343 0.8145833611488342 0.15781250596046448 0.15937499701976776
0 0.15859375894069672 0.7395833730697632 0.15781250596046448 0.15937499701976776
0 0.9359375238418579 0.4281250238418579 0.12812499701976776 0.15156249701976776
0 0.7710937857627869 0.31041666865348816 0.1484375 0.14687500894069672
0 0.48828125 0.11562500894069672 0.1796875 0.17031250894069672
0 0.20937500894069672 0.21145834028720856 0.19062499701976776 0.18281249701976776
0 0.29765626788139343 0.3958333432674408 0.12656250596046448 0.125
0 0.938281238079071 0.8989583849906921 0.12343750149011612 0.15156249701976776
1 0.797656238079071 0.6500000357627869 0.2984375059604645 0.2750000059604645
0 0.3515625 0.5958333611488342 0.18437500298023224 0.15625
0 0.14453125 0.5281250476837158 0.18906250596046448 0.18593750894069672
0 0.28984376788139343 0.8145833611488342 0.15781250596046448 0.15937499701976776
0 0.15859375894069672 0.7395833730697632 0.15781250596046448 0.15937499701976776
0 0.9359375238418579 0.4281250238418579 0.12812499701976776 0.15156249701976776
0 0.7710937857627869 0.31041666865348816 0.1484375 0.14687500894069672
0 0.48828125 0.11562500894069672 0.1796875 0.17031250894069672
0 0.20937500894069672 0.21145834028720856 0.19062499701976776 0.18281249701976776
0 0.29765626788139343 0.3958333432674408 0.12656250596046448 0.125
0 0.938281238079071 0.8989583849906921 0.12343750149011612 0.15156249701976776
1 0.797656238079071 0.6500000357627869 0.2984375059604645 0.2750000059604645
0 0.3515625 0.5958333611488342 0.18437500298023224 0.15625
0 0.14453125 0.5281250476837158 0.18906250596046448 0.18593750894069672
0 0.28984376788139343 0.8145833611488342 0.15781250596046448 0.15937499701976776
0 0.15859375894069672 0.7395833730697632 0.15781250596046448 0.15937499701976776
0 0.9359375238418579 0.4281250238418579 0.12812499701976776 0.15156249701976776
0 0.7710937857627869 0.31041666865348816 0.1484375 0.14687500894069672
0 0.48828125 0.11562500894069672 0.1796875 0.17031250894069672
0 0.20937500894069672 0.21145834028720856 0.19062499701976776 0.18281249701976776
0 0.29765626788139343 0.3958333432674408 0.12656250596046448 0.125
0 0.938281238079071 0.8989583849906921 0.12343750149011612 0.15156249701976776
1 0.797656238079071 0.6500000357627869 0.2984375059604645 0.2750000059604645
