1 0.546093758137431 0.46770835772622377 0.33593750500585884 0.33593750500585884
0 0.303906254528556 0.7531250392785296 0.17031250253785402 0.1671875024912879
0 0.2351562535041012 0.8656250451458618 0.17031250253785402 0.1671875024912879
0 0.0703125010477379 0.7843750409083441 0.13750000204890966 0.1671875024912879
0 0.22734375338768587 0.5510416954057291 0.20781250309664756 0.16406250244472176
0 0.26796875399304554 0.3343750174390152 0.20781250309664756 0.16406250244472176
0 0.8273437623283826 0.3260416836710647 0.20781250309664756 0.16406250244472176
0 0.9109375135740265 0.295833348762244 0.17812500265426934 0.14687500218860805
0 0.9132812636089511 0.5437500283587724 0.17343750258442014 0.17812500265426934
0 0.8117187620955519 0.7687500400934368 0.17343750258442014 0.17812500265426934
0 0.6164062591851689 0.7729167069774121 0.19531250291038305 0.17812500265426934
0 0.49609375739237294 0.7895833745133132 0.19531250291038305 0.17812500265426934
0 0.5085937575786375 0.9083333807066083 0.19218750286381692 0.13750000204890966
0 0.10546875157160684 0.3260416836710647 0.17343750258442014 0.1578125023515895
0 0.9195312637020834 0.08958333800546825 0.1578125023515895 0.1312500019557774
1 0.7039062604890205 0.06354166998062283 0.0703125010477379 0.06093750090803951
1 0.7992187619092874 0.13645834045019 0.0703125010477379 0.06093750090803951
1 0.11015625164145604 0.4697916911682114 0.0703125010477379 0.06093750090803951
1 0.546093758137431 0.46770835772622377 0.33593750500585884 0.33593750500585884
0 0.303906254528556 0.7531250392785296 0.17031250253785402 0.1671875024912879
0 0.2351562535041012 0.8656250451458618 0.17031250253785402 0.1671875024912879
0 0.0703125010477379 0.7843750409083441 0.13750000204890966 0.1671875024912879
0 0.22734375338768587 0.5510416954057291 0.20781250309664756 0.16406250244472176
0 0.26796875399304554 0.3343750174390152 0.20781250309664756 0.16406250244472176
0 0.8273437623283826 0.3260416836710647 0.20781250309664756 0.16406250244472176
0 0.9109375135740265 0.295833348762244 0.17812500265426934 0.14687500218860805
0 0.9132812636089511 0.5437500283587724 0.17343750258442014 0.17812500265426934
0 0.8117187620955519 0.7687500400934368 0.17343750258442014 0.17812500265426934
0 0.6164062591851689 0.7729167069774121 0.19531250291038305 0.17812500265426934
0 0.49609375739237294 0.7895833745133132 0.19531250291038305 0.17812500265426934
0 0.5085937575786375 0.9083333807066083 0.19218750286381692 0.13750000204890966
0 0.10546875157160684 0.3260416836710647 0.17343750258442014 0.1578125023515895
0 0.9195312637020834 0.08958333800546825 0.1578125023515895 0.1312500019557774
1 0.7039062604890205 0.06354166998062283 0.0703125010477379 0.06093750090803951
1 0.7992187619092874 0.13645834045019 0.0703125010477379 0.06093750090803951
1 0.11015625164145604 0.4697916911682114 0.0703125010477379 0.06093750090803951
1 0.546093758137431 0.46770835772622377 0.33593750500585884 0.33593750500585884
0 0.303906254528556 0.7531250392785296 0.17031250253785402 0.1671875024912879
0 0.2351562535041012 0.8656250451458618 0.17031250253785402 0.1671875024912879
0 0.0703125010477379 0.7843750409083441 0.13750000204890966 0.1671875024912879
0 0.22734375338768587 0.5510416954057291 0.20781250309664756 0.16406250244472176
0 0.26796875399304554 0.3343750174390152 0.20781250309664756 0.16406250244472176
0 0.8273437623283826 0.3260416836710647 0.20781250309664756 0.16406250244472176
0 0.9109375135740265 0.295833348762244 0.17812500265426934 0.14687500218860805
0 0.9132812636089511 0.5437500283587724 0.17343750258442014 0.17812500265426934
0 0.8117187620955519 0.7687500400934368 0.17343750258442014 0.17812500265426934
0 0.6164062591851689 0.7729167069774121 0.19531250291038305 0.17812500265426934
0 0.49609375739237294 0.7895833745133132 0.19531250291038305 0.17812500265426934
0 0.5085937575786375 0.9083333807066083 0.19218750286381692 0.13750000204890966
0 0.10546875157160684 0.3260416836710647 0.17343750258442014 0.1578125023515895
0 0.9195312637020834 0.08958333800546825 0.1578125023515895 0.1312500019557774
1 0.7039062604890205 0.06354166998062283 0.0703125010477379 0.06093750090803951
1 0.7992187619092874 0.13645834045019 0.0703125010477379 0.06093750090803951
1 0.11015625164145604 0.4697916911682114 0.0703125010477379 0.06093750090803951
1 0.546093758137431 0.46770835772622377 0.33593750500585884 0.33593750500585884
0 0.303906254528556 0.7531250392785296 0.17031250253785402 0.1671875024912879
0 0.2351562535041012 0.8656250451458618 0.17031250253785402 0.1671875024912879
0 0.0703125010477379 0.7843750409083441 0.13750000204890966 0.1671875024912879
0 0.22734375338768587 0.5510416954057291 0.20781250309664756 0.16406250244472176
0 0.26796875399304554 0.3343750174390152 0.20781250309664756 0.16406250244472176
0 0.8273437623283826 0.3260416836710647 0.20781250309664756 0.16406250244472176
0 0.9109375135740265 0.295833348762244 0.17812500265426934 0.14687500218860805
0 0.9132812636089511 0.5437500283587724 0.17343750258442014 0.17812500265426934
0 0.8117187620955519 0.7687500400934368 0.17343750258442014 0.17812500265426934
0 0.6164062591851689 0.7729167069774121 0.19531250291038305 0.17812500265426934
0 0.49609375739237294 0.7895833745133132 0.19531250291038305 0.17812500265426934
0 0.5085937575786375 0.9083333807066083 0.19218750286381692 0.13750000204890966
0 0.10546875157160684 0.3260416836710647 0.17343750258442014 0.1578125023515895
0 0.9195312637020834 0.08958333800546825 0.1578125023515895 0.1312500019557774
1 0.7039062604890205 0.06354166998062283 0.0703125010477379 0.06093750090803951
1 0.7992187619092874 0.13645834045019 0.0703125010477379 0.06093750090803951
1 0.11015625164145604 0.4697916911682114 0.0703125010477379 0.06093750090803951
1 0.546093758137431 0.46770835772622377 0.33593750500585884 0.33593750500585884
0 0.303906254528556 0.7531250392785296 0.17031250253785402 0.1671875024912879
0 0.2351562535041012 0.8656250451458618 0.17031250253785402 0.1671875024912879
0 0.0703125010477379 0.7843750409083441 0.13750000204890966 0.1671875024912879
0 0.22734375338768587 0.5510416954057291 0.20781250309664756 0.16406250244472176
0 0.26796875399304554 0.3343750174390152 0.20781250309664756 0.16406250244472176
0 0.8273437623283826 0.3260416836710647 0.20781250309664756 0.16406250244472176
0 0.9109375135740265 0.295833348762244 0.17812500265426934 0.14687500218860805
0 0.9132812636089511 0.5437500283587724 0.17343750258442014 0.17812500265426934
0 0.8117187620955519 0.7687500400934368 0.17343750258442014 0.17812500265426934
0 0.6164062591851689 0.7729167069774121 0.19531250291038305 0.17812500265426934
0 0.49609375739237294 0.7895833745133132 0.19531250291038305 0.17812500265426934
0 0.5085937575786375 0.9083333807066083 0.19218750286381692 0.13750000204890966
0 0.10546875157160684 0.3260416836710647 0.17343750258442014 0.1578125023515895
0 0.9195312637020834 0.08958333800546825 0.1578125023515895 0.1312500019557774
1 0.7039062604890205 0.06354166998062283 0.0703125010477379 0.06093750090803951
1 0.7992187619092874 0.13645834045019 0.0703125010477379 0.06093750090803951
1 0.11015625164145604 0.4697916911682114 0.0703125010477379 0.06093750090803951
1 0.546093758137431 0.46770835772622377 0.33593750500585884 0.33593750500585884
0 0.303906254528556 0.7531250392785296 0.17031250253785402 0.1671875024912879
0 0.2351562535041012 0.8656250451458618 0.17031250253785402 0.1671875024912879
0 0.0703125010477379 0.7843750409083441 0.13750000204890966 0.1671875024912879
0 0.22734375338768587 0.5510416954057291 0.20781250309664756 0.16406250244472176
0 0.26796875399304554 0.3343750174390152 0.20781250309664756 0.16406250244472176
0 0.8273437623283826 0.3260416836710647 0.20781250309664756 0.16406250244472176
0 0.9109375135740265 0.295833348762244 0.17812500265426934 0.14687500218860805
0 0.9132812636089511 0.5437500283587724 0.17343750258442014 0.17812500265426934
0 0.8117187620955519 0.7687500400934368 0.17343750258442014 0.17812500265426934
0 0.6164062591851689 0.7729167069774121 0.19531250291038305 0.17812500265426934
0 0.49609375739237294 0.7895833745133132 0.19531250291038305 0.17812500265426934
0 0.5085937575786375 0.9083333807066083 0.19218750286381692 0.13750000204890966
0 0.10546875157160684 0.3260416836710647 0.17343750258442014 0.1578125023515895
0 0.9195312637020834 0.08958333800546825 0.1578125023515895 0.1312500019557774
1 0.7039062604890205 0.06354166998062283 0.0703125010477379 0.06093750090803951
1 0.7992187619092874 0.13645834045019 0.0703125010477379 0.06093750090803951
1 0.11015625164145604 0.4697916911682114 0.0703125010477379 0.06093750090803951
1 0.546093758137431 0.46770835772622377 0.33593750500585884 0.33593750500585884
0 0.303906254528556 0.7531250392785296 0.17031250253785402 0.1671875024912879
0 0.2351562535041012 0.8656250451458618 0.17031250253785402 0.1671875024912879
0 0.0703125010477379 0.7843750409083441 0.13750000204890966 0.1671875024912879
0 0.22734375338768587 0.5510416954057291 0.20781250309664756 0.16406250244472176
0 0.26796875399304554 0.3343750174390152 0.20781250309664756 0.16406250244472176
0 0.8273437623283826 0.3260416836710647 0.20781250309664756 0.16406250244472176
0 0.9109375135740265 0.295833348762244 0.17812500265426934 0.14687500218860805
0 0.9132812636089511 0.5437500283587724 0.17343750258442014 0.17812500265426934
0 0.8117187620955519 0.7687500400934368 0.17343750258442014 0.17812500265426934
0 0.6164062591851689 0.7729167069774121 0.19531250291038305 0.17812500265426934
0 0.49609375739237294 0.7895833745133132 0.19531250291038305 0.17812500265426934
0 0.5085937575786375 0.9083333807066083 0.19218750286381692 0.13750000204890966
0 0.10546875157160684 0.3260416836710647 0.17343750258442014 0.1578125023515895
0 0.9195312637020834 0.08958333800546825 0.1578125023515895 0.1312500019557774
1 0.7039062604890205 0.06354166998062283 0.0703125010477379 0.06093750090803951
1 0.7992187619092874 0.13645834045019 0.0703125010477379 0.06093750090803951
1 0.11015625164145604 0.4697916911682114 0.0703125010477379 0.06093750090803951
1 0.546093758137431 0.46770835772622377 0.33593750500585884 0.33593750500585884
0 0.303906254528556 0.7531250392785296 0.17031250253785402 0.1671875024912879
0 0.2351562535041012 0.8656250451458618 0.17031250253785402 0.1671875024912879
0 0.0703125010477379 0.7843750409083441 0.13750000204890966 0.1671875024912879
0 0.22734375338768587 0.5510416954057291 0.20781250309664756 0.16406250244472176
0 0.26796875399304554 0.3343750174390152 0.20781250309664756 0.16406250244472176
0 0.8273437623283826 0.3260416836710647 0.20781250309664756 0.16406250244472176
0 0.9109375135740265 0.295833348762244 0.17812500265426934 0.14687500218860805
0 0.9132812636089511 0.5437500283587724 0.17343750258442014 0.17812500265426934
0 0.8117187620955519 0.7687500400934368 0.17343750258442014 0.17812500265426934
0 0.6164062591851689 0.7729167069774121 0.19531250291038305 0.17812500265426934
0 0.49609375739237294 0.7895833745133132 0.19531250291038305 0.17812500265426934
0 0.5085937575786375 0.9083333807066083 0.19218750286381692 0.13750000204890966
0 0.10546875157160684 0.3260416836710647 0.17343750258442014 0.1578125023515895
0 0.9195312637020834 0.08958333800546825 0.1578125023515895 0.1312500019557774
1 0.7039062604890205 0.06354166998062283 0.0703125010477379 0.06093750090803951
1 0.7992187619092874 0.13645834045019 0.0703125010477379 0.06093750090803951
1 0.11015625164145604 0.4697916911682114 0.0703125010477379 0.06093750090803951
1 0.546093758137431 0.46770835772622377 0.33593750500585884 0.33593750500585884
0 0.303906254528556 0.7531250392785296 0.17031250253785402 0.1671875024912879
0 0.2351562535041012 0.8656250451458618 0.17031250253785402 0.1671875024912879
0 0.0703125010477379 0.7843750409083441 0.13750000204890966 0.1671875024912879
0 0.22734375338768587 0.5510416954057291 0.20781250309664756 0.16406250244472176
0 0.26796875399304554 0.3343750174390152 0.20781250309664756 0.16406250244472176
0 0.8273437623283826 0.3260416836710647 0.20781250309664756 0.16406250244472176
0 0.9109375135740265 0.295833348762244 0.17812500265426934 0.14687500218860805
0 0.9132812636089511 0.5437500283587724 0.17343750258442014 0.17812500265426934
0 0.8117187620955519 0.7687500400934368 0.17343750258442014 0.17812500265426934
0 0.6164062591851689 0.7729167069774121 0.19531250291038305 0.17812500265426934
0 0.49609375739237294 0.7895833745133132 0.19531250291038305 0.17812500265426934
0 0.5085937575786375 0.9083333807066083 0.19218750286381692 0.13750000204890966
0 0.10546875157160684 0.3260416836710647 0.17343750258442014 0.1578125023515895
0 0.9195312637020834 0.08958333800546825 0.1578125023515895 0.1312500019557774
1 0.7039062604890205 0.06354166998062283 0.0703125010477379 0.06093750090803951
1 0.7992187619092874 0.13645834045019 0.0703125010477379 0.06093750090803951
1 0.11015625164145604 0.4697916911682114 0.0703125010477379 0.06093750090803951
1 0.546093758137431 0.46770835772622377 0.33593750500585884 0.33593750500585884
0 0.303906254528556 0.7531250392785296 0.17031250253785402 0.1671875024912879
0 0.2351562535041012 0.8656250451458618 0.17031250253785402 0.1671875024912879
0 0.0703125010477379 0.7843750409083441 0.13750000204890966 0.1671875024912879
0 0.22734375338768587 0.5510416954057291 0.20781250309664756 0.16406250244472176
0 0.26796875399304554 0.3343750174390152 0.20781250309664756 0.16406250244472176
0 0.8273437623283826 0.3260416836710647 0.20781250309664756 0.16406250244472176
0 0.9109375135740265 0.295833348762244 0.17812500265426934 0.14687500218860805
0 0.9132812636089511 0.5437500283587724 0.17343750258442014 0.17812500265426934
0 0.8117187620955519 0.7687500400934368 0.17343750258442014 0.17812500265426934
0 0.6164062591851689 0.7729167069774121 0.19531250291038305 0.17812500265426934
0 0.49609375739237294 0.7895833745133132 0.19531250291038305 0.17812500265426934
0 0.5085937575786375 0.9083333807066083 0.19218750286381692 0.13750000204890966
0 0.10546875157160684 0.3260416836710647 0.17343750258442014 0.1578125023515895
0 0.9195312637020834 0.08958333800546825 0.1578125023515895 0.1312500019557774
1 0.7039062604890205 0.06354166998062283 0.0703125010477379 0.06093750090803951
1 0.7992187619092874 0.13645834045019 0.0703125010477379 0.06093750090803951
1 0.11015625164145604 0.4697916911682114 0.0703125010477379 0.06093750090803951
1 0.546093758137431 0.46770835772622377 0.33593750500585884 0.33593750500585884
0 0.303906254528556 0.7531250392785296 0.17031250253785402 0.1671875024912879
0 0.2351562535041012 0.8656250451458618 0.17031250253785402 0.1671875024912879
0 0.0703125010477379 0.7843750409083441 0.13750000204890966 0.1671875024912879
0 0.22734375338768587 0.5510416954057291 0.20781250309664756 0.16406250244472176
0 0.26796875399304554 0.3343750174390152 0.20781250309664756 0.16406250244472176
0 0.8273437623283826 0.3260416836710647 0.20781250309664756 0.16406250244472176
0 0.9109375135740265 0.295833348762244 0.17812500265426934 0.14687500218860805
0 0.9132812636089511 0.5437500283587724 0.17343750258442014 0.17812500265426934
0 0.8117187620955519 0.7687500400934368 0.17343750258442014 0.17812500265426934
0 0.6164062591851689 0.7729167069774121 0.19531250291038305 0.17812500265426934
0 0.49609375739237294 0.7895833745133132 0.19531250291038305 0.17812500265426934
0 0.5085937575786375 0.9083333807066083 0.19218750286381692 0.13750000204890966
0 0.10546875157160684 0.3260416836710647 0.17343750258442014 0.1578125023515895
0 0.9195312637020834 0.08958333800546825 0.1578125023515895 0.1312500019557774
1 0.7039062604890205 0.06354166998062283 0.0703125010477379 0.06093750090803951
1 0.7992187619092874 0.13645834045019 0.0703125010477379 0.06093750090803951
1 0.11015625164145604 0.4697916911682114 0.0703125010477379 0.06093750090803951
1 0.546093758137431 0.46770835772622377 0.33593750500585884 0.33593750500585884
0 0.303906254528556 0.7531250392785296 0.17031250253785402 0.1671875024912879
0 0.2351562535041012 0.8656250451458618 0.17031250253785402 0.1671875024912879
0 0.0703125010477379 0.7843750409083441 0.13750000204890966 0.1671875024912879
0 0.22734375338768587 0.5510416954057291 0.20781250309664756 0.16406250244472176
0 0.26796875399304554 0.3343750174390152 0.20781250309664756 0.16406250244472176
0 0.8273437623283826 0.3260416836710647 0.20781250309664756 0.16406250244472176
0 0.9109375135740265 0.295833348762244 0.17812500265426934 0.14687500218860805
0 0.9132812636089511 0.5437500283587724 0.17343750258442014 0.17812500265426934
0 0.8117187620955519 0.7687500400934368 0.17343750258442014 0.17812500265426934
0 0.6164062591851689 0.7729167069774121 0.19531250291038305 0.17812500265426934
0 0.49609375739237294 0.7895833745133132 0.19531250291038305 0.17812500265426934
0 0.5085937575786375 0.9083333807066083 0.19218750286381692 0.13750000204890966
0 0.10546875157160684 0.3260416836710647 0.17343750258442014 0.1578125023515895
0 0.9195312637020834 0.08958333800546825 0.1578125023515895 0.1312500019557774
1 0.7039062604890205 0.06354166998062283 0.0703125010477379 0.06093750090803951
1 0.7992187619092874 0.13645834045019 0.0703125010477379 0.06093750090803951
1 0.11015625164145604 0.4697916911682114 0.0703125010477379 0.06093750090803951
1 0.546093758137431 0.46770835772622377 0.33593750500585884 0.33593750500585884
0 0.303906254528556 0.7531250392785296 0.17031250253785402 0.1671875024912879
0 0.2351562535041012 0.8656250451458618 0.17031250253785402 0.1671875024912879
0 0.0703125010477379 0.7843750409083441 0.13750000204890966 0.1671875024912879
0 0.22734375338768587 0.5510416954057291 0.20781250309664756 0.16406250244472176
0 0.26796875399304554 0.3343750174390152 0.20781250309664756 0.16406250244472176
0 0.8273437623283826 0.3260416836710647 0.20781250309664756 0.16406250244472176
0 0.9109375135740265 0.295833348762244 0.17812500265426934 0.14687500218860805
0 0.9132812636089511 0.5437500283587724 0.17343750258442014 0.17812500265426934
0 0.8117187620955519 0.7687500400934368 0.17343750258442014 0.17812500265426934
0 0.6164062591851689 0.7729167069774121 0.19531250291038305 0.17812500265426934
0 0.49609375739237294 0.7895833745133132 0.19531250291038305 0.17812500265426934
0 0.5085937575786375 0.9083333807066083 0.19218750286381692 0.13750000204890966
0 0.10546875157160684 0.3260416836710647 0.17343750258442014 0.1578125023515895
0 0.9195312637020834 0.08958333800546825 0.1578125023515895 0.1312500019557774
1 0.7039062604890205 0.06354166998062283 0.0703125010477379 0.06093750090803951
1 0.7992187619092874 0.13645834045019 0.0703125010477379 0.06093750090803951
1 0.11015625164145604 0.4697916911682114 0.0703125010477379 0.06093750090803951
1 0.546093758137431 0.46770835772622377 0.33593750500585884 0.33593750500585884
0 0.303906254528556 0.7531250392785296 0.17031250253785402 0.1671875024912879
0 0.2351562535041012 0.8656250451458618 0.17031250253785402 0.1671875024912879
0 0.0703125010477379 0.7843750409083441 0.13750000204890966 0.1671875024912879
0 0.22734375338768587 0.5510416954057291 0.20781250309664756 0.16406250244472176
0 0.26796875399304554 0.3343750174390152 0.20781250309664756 0.16406250244472176
0 0.8273437623283826 0.3260416836710647 0.20781250309664756 0.16406250244472176
0 0.9109375135740265 0.295833348762244 0.17812500265426934 0.14687500218860805
0 0.9132812636089511 0.5437500283587724 0.17343750258442014 0.17812500265426934
0 0.8117187620955519 0.7687500400934368 0.17343750258442014 0.17812500265426934
0 0.6164062591851689 0.7729167069774121 0.19531250291038305 0.17812500265426934
0 0.49609375739237294 0.7895833745133132 0.19531250291038305 0.17812500265426934
0 0.5085937575786375 0.9083333807066083 0.19218750286381692 0.13750000204890966
0 0.10546875157160684 0.3260416836710647 0.17343750258442014 0.1578125023515895
0 0.9195312637020834 0.08958333800546825 0.1578125023515895 0.1312500019557774
2 0.7039062604890205 0.06354166998062283 0.0703125010477379 0.06093750090803951
2 0.7992187619092874 0.13645834045019 0.0703125010477379 0.06093750090803951
2 0.11015625164145604 0.4697916911682114 0.0703125010477379 0.06093750090803951
1 0.546093758137431 0.46770835772622377 0.33593750500585884 0.33593750500585884
0 0.303906254528556 0.7531250392785296 0.17031250253785402 0.1671875024912879
0 0.2351562535041012 0.8656250451458618 0.17031250253785402 0.1671875024912879
0 0.0703125010477379 0.7843750409083441 0.13750000204890966 0.1671875024912879
0 0.22734375338768587 0.5510416954057291 0.20781250309664756 0.16406250244472176
0 0.26796875399304554 0.3343750174390152 0.20781250309664756 0.16406250244472176
0 0.8273437623283826 0.3260416836710647 0.20781250309664756 0.16406250244472176
0 0.9109375135740265 0.295833348762244 0.17812500265426934 0.14687500218860805
0 0.9132812636089511 0.5437500283587724 0.17343750258442014 0.17812500265426934
0 0.8117187620955519 0.7687500400934368 0.17343750258442014 0.17812500265426934
0 0.6164062591851689 0.7729167069774121 0.19531250291038305 0.17812500265426934
0 0.49609375739237294 0.7895833745133132 0.19531250291038305 0.17812500265426934
0 0.5085937575786375 0.9083333807066083 0.19218750286381692 0.13750000204890966
0 0.10546875157160684 0.3260416836710647 0.17343750258442014 0.1578125023515895
0 0.9195312637020834 0.08958333800546825 0.1578125023515895 0.1312500019557774
2 0.7039062604890205 0.06354166998062283 0.0703125010477379 0.06093750090803951
2 0.7992187619092874 0.13645834045019 0.0703125010477379 0.06093750090803951
2 0.11015625164145604 0.4697916911682114 0.0703125010477379 0.06093750090803951
1 0.546093761920929 0.4677083492279053 0.3359375 0.3359375
0 0.30390626192092896 0.753125011920929 0.17031250894069672 0.16718749701976776
0 0.23515625298023224 0.8656250238418579 0.17031250894069672 0.16718749701976776
0 0.0703125 0.784375011920929 0.13750000298023224 0.16718749701976776
0 0.22734375298023224 0.5510417222976685 0.20781250298023224 0.1640625
0 0.2679687440395355 0.3343750238418579 0.20781250298023224 0.1640625
0 0.827343761920929 0.32604169845581055 0.20781250298023224 0.1640625
0 0.910937488079071 0.2958333492279053 0.17812500894069672 0.14687500894069672
0 0.913281261920929 0.5437500476837158 0.17343750596046448 0.17812500894069672
0 0.811718761920929 0.768750011920929 0.17343750596046448 0.17812500894069672
0 0.616406261920929 0.7729167342185974 0.1953125 0.17812500894069672
0 0.49609375 0.7895833849906921 0.1953125 0.17812500894069672
0 0.508593738079071 0.9083333611488342 0.19218750298023224 0.13750000298023224
0 0.10546875 0.32604169845581055 0.17343750596046448 0.15781250596046448
0 0.9195312857627869 0.08958333730697632 0.15781250596046448 0.13125000894069672
2 0.703906238079071 0.06354167312383652 0.0703125 0.06093750149011612
2 0.7992187738418579 0.13645833730697632 0.0703125 0.06093750149011612
2 0.11015625298023224 0.4697916805744171 0.0703125 0.06093750149011612
1 0.546093761920929 0.4677083492279053 0.3359375 0.3359375
0 0.30390626192092896 0.753125011920929 0.17031250894069672 0.16718749701976776
0 0.23515625298023224 0.8656250238418579 0.17031250894069672 0.16718749701976776
0 0.0703125 0.784375011920929 0.13750000298023224 0.16718749701976776
0 0.22734375298023224 0.5510417222976685 0.20781250298023224 0.1640625
0 0.2679687440395355 0.3343750238418579 0.20781250298023224 0.1640625
0 0.827343761920929 0.32604169845581055 0.20781250298023224 0.1640625
0 0.910937488079071 0.2958333492279053 0.17812500894069672 0.14687500894069672
0 0.913281261920929 0.5437500476837158 0.17343750596046448 0.17812500894069672
0 0.811718761920929 0.768750011920929 0.17343750596046448 0.17812500894069672
0 0.616406261920929 0.7729167342185974 0.1953125 0.17812500894069672
0 0.49609375 0.7895833849906921 0.1953125 0.17812500894069672
0 0.508593738079071 0.9083333611488342 0.19218750298023224 0.13750000298023224
0 0.10546875 0.32604169845581055 0.17343750596046448 0.15781250596046448
0 0.9195312857627869 0.08958333730697632 0.15781250596046448 0.13125000894069672
2 0.703906238079071 0.06354167312383652 0.0703125 0.06093750149011612
2 0.7992187738418579 0.13645833730697632 0.0703125 0.06093750149011612
2 0.11015625298023224 0.4697916805744171 0.0703125 0.06093750149011612
1 0.546093761920929 0.4677083492279053 0.3359375 0.3359375
0 0.30390626192092896 0.753125011920929 0.17031250894069672 0.16718749701976776
0 0.23515625298023224 0.8656250238418579 0.17031250894069672 0.16718749701976776
0 0.0703125 0.784375011920929 0.13750000298023224 0.16718749701976776
0 0.22734375298023224 0.5510417222976685 0.20781250298023224 0.1640625
0 0.2679687440395355 0.3343750238418579 0.20781250298023224 0.1640625
0 0.827343761920929 0.32604169845581055 0.20781250298023224 0.1640625
0 0.910937488079071 0.2958333492279053 0.17812500894069672 0.14687500894069672
0 0.913281261920929 0.5437500476837158 0.17343750596046448 0.17812500894069672
0 0.811718761920929 0.768750011920929 0.17343750596046448 0.17812500894069672
0 0.616406261920929 0.7729167342185974 0.1953125 0.17812500894069672
0 0.49609375 0.7895833849906921 0.1953125 0.17812500894069672
0 0.508593738079071 0.9083333611488342 0.19218750298023224 0.13750000298023224
0 0.10546875 0.32604169845581055 0.17343750596046448 0.15781250596046448
0 0.9195312857627869 0.08958333730697632 0.15781250596046448 0.13125000894069672
2 0.703906238079071 0.06354167312383652 0.0703125 0.06093750149011612
2 0.7992187738418579 0.13645833730697632 0.0703125 0.06093750149011612
2 0.11015625298023224 0.4697916805744171 0.0703125 0.06093750149011612
1 0.546093761920929 0.4677083492279053 0.3359375 0.3359375
0 0.30390626192092896 0.753125011920929 0.17031250894069672 0.16718749701976776
0 0.23515625298023224 0.8656250238418579 0.17031250894069672 0.16718749701976776
0 0.0703125 0.784375011920929 0.13750000298023224 0.16718749701976776
0 0.22734375298023224 0.5510417222976685 0.20781250298023224 0.1640625
0 0.2679687440395355 0.3343750238418579 0.20781250298023224 0.1640625
0 0.827343761920929 0.32604169845581055 0.20781250298023224 0.1640625
0 0.910937488079071 0.2958333492279053 0.17812500894069672 0.14687500894069672
0 0.913281261920929 0.5437500476837158 0.17343750596046448 0.17812500894069672
0 0.811718761920929 0.768750011920929 0.17343750596046448 0.17812500894069672
0 0.616406261920929 0.7729167342185974 0.1953125 0.17812500894069672
0 0.49609375 0.7895833849906921 0.1953125 0.17812500894069672
0 0.508593738079071 0.9083333611488342 0.19218750298023224 0.13750000298023224
0 0.10546875 0.32604169845581055 0.17343750596046448 0.15781250596046448
0 0.9195312857627869 0.08958333730697632 0.15781250596046448 0.13125000894069672
2 0.703906238079071 0.06354167312383652 0.0703125 0.06093750149011612
2 0.7992187738418579 0.13645833730697632 0.0703125 0.06093750149011612
2 0.11015625298023224 0.4697916805744171 0.0703125 0.06093750149011612
1 0.546093761920929 0.4677083492279053 0.3359375 0.3359375
0 0.30390626192092896 0.753125011920929 0.17031250894069672 0.16718749701976776
0 0.23515625298023224 0.8656250238418579 0.17031250894069672 0.16718749701976776
0 0.0703125 0.784375011920929 0.13750000298023224 0.16718749701976776
0 0.22734375298023224 0.5510417222976685 0.20781250298023224 0.1640625
0 0.2679687440395355 0.3343750238418579 0.20781250298023224 0.1640625
0 0.827343761920929 0.32604169845581055 0.20781250298023224 0.1640625
0 0.910937488079071 0.2958333492279053 0.17812500894069672 0.14687500894069672
0 0.913281261920929 0.5437500476837158 0.17343750596046448 0.17812500894069672
0 0.811718761920929 0.768750011920929 0.17343750596046448 0.17812500894069672
0 0.616406261920929 0.7729167342185974 0.1953125 0.17812500894069672
0 0.49609375 0.7895833849906921 0.1953125 0.17812500894069672
0 0.508593738079071 0.9083333611488342 0.19218750298023224 0.13750000298023224
0 0.10546875 0.32604169845581055 0.17343750596046448 0.15781250596046448
0 0.9195312857627869 0.08958333730697632 0.15781250596046448 0.13125000894069672
2 0.703906238079071 0.06354167312383652 0.0703125 0.06093750149011612
2 0.7992187738418579 0.13645833730697632 0.0703125 0.06093750149011612
2 0.11015625298023224 0.4697916805744171 0.0703125 0.06093750149011612
1 0.546093761920929 0.4677083492279053 0.3359375 0.3359375
0 0.30390626192092896 0.753125011920929 0.17031250894069672 0.16718749701976776
0 0.23515625298023224 0.8656250238418579 0.17031250894069672 0.16718749701976776
0 0.0703125 0.784375011920929 0.13750000298023224 0.16718749701976776
0 0.22734375298023224 0.5510417222976685 0.20781250298023224 0.1640625
0 0.2679687440395355 0.3343750238418579 0.20781250298023224 0.1640625
0 0.827343761920929 0.32604169845581055 0.20781250298023224 0.1640625
0 0.910937488079071 0.2958333492279053 0.17812500894069672 0.14687500894069672
0 0.913281261920929 0.5437500476837158 0.17343750596046448 0.17812500894069672
0 0.811718761920929 0.768750011920929 0.17343750596046448 0.17812500894069672
0 0.616406261920929 0.7729167342185974 0.1953125 0.17812500894069672
0 0.49609375 0.7895833849906921 0.1953125 0.17812500894069672
0 0.508593738079071 0.9083333611488342 0.19218750298023224 0.13750000298023224
0 0.10546875 0.32604169845581055 0.17343750596046448 0.15781250596046448
0 0.9195312857627869 0.08958333730697632 0.15781250596046448 0.13125000894069672
2 0.703906238079071 0.06354167312383652 0.0703125 0.06093750149011612
2 0.7992187738418579 0.13645833730697632 0.0703125 0.06093750149011612
2 0.11015625298023224 0.4697916805744171 0.0703125 0.06093750149011612
1 0.546093761920929 0.4677083492279053 0.3359375 0.3359375
0 0.30390626192092896 0.753125011920929 0.17031250894069672 0.16718749701976776
0 0.23515625298023224 0.8656250238418579 0.17031250894069672 0.16718749701976776
0 0.0703125 0.784375011920929 0.13750000298023224 0.16718749701976776
0 0.22734375298023224 0.5510417222976685 0.20781250298023224 0.1640625
0 0.2679687440395355 0.3343750238418579 0.20781250298023224 0.1640625
0 0.827343761920929 0.32604169845581055 0.20781250298023224 0.1640625
0 0.910937488079071 0.2958333492279053 0.17812500894069672 0.14687500894069672
0 0.913281261920929 0.5437500476837158 0.17343750596046448 0.17812500894069672
0 0.811718761920929 0.768750011920929 0.17343750596046448 0.17812500894069672
0 0.616406261920929 0.7729167342185974 0.1953125 0.17812500894069672
0 0.49609375 0.7895833849906921 0.1953125 0.17812500894069672
0 0.508593738079071 0.9083333611488342 0.19218750298023224 0.13750000298023224
0 0.10546875 0.32604169845581055 0.17343750596046448 0.15781250596046448
0 0.9195312857627869 0.08958333730697632 0.15781250596046448 0.13125000894069672
2 0.703906238079071 0.06354167312383652 0.0703125 0.06093750149011612
2 0.7992187738418579 0.13645833730697632 0.0703125 0.06093750149011612
2 0.11015625298023224 0.4697916805744171 0.0703125 0.06093750149011612
