0 0.40468750603031367 0.6979167030658573 0.15937500237487257 0.1406250020954758
0 0.5750000085681677 0.7406250386266038 0.17187500256113708 0.14218750211875886
0 0.8187500122003257 0.813541709096171 0.17187500256113708 0.16406250244472176
0 0.9140625136205927 0.46145835740026087 0.17187500256113708 0.16406250244472176
0 0.4156250061932951 0.45520835707429796 0.17187500256113708 0.16406250244472176
0 0.40937500610016286 0.24270834599155933 0.17187500256113708 0.16406250244472176
0 0.5515625082189217 0.19583334354683757 0.19062500284053385 0.18750000279396772
0 0.654687509755604 0.3947916872566566 0.1625000024214387 0.1578125023515895
0 0.753125011222437 0.34270835120696574 0.17812500265426934 0.18281250272411853
0 0.7406250110361725 0.5750000299885869 0.17812500265426934 0.13437500200234354
0 0.8039062619791366 0.10625000554136932 0.18593750277068466 0.15625000232830644
0 0.28750000428408384 0.28854168171528727 0.1406250020954758 0.16406250244472176
0 0.07968750118743628 0.3229166835080832 0.15625000232830644 0.1625000024214387
0 0.09375000139698386 0.5187500270549208 0.15625000232830644 0.1531250022817403
0 0.7156250106636435 0.6364583665272221 0.1312500019557774 0.17656250263098627
1 0.19218750286381692 0.8031250418862328 0.35312500526197255 0.29531250440049917
0 0.40468750603031367 0.6979167030658573 0.15937500237487257 0.1406250020954758
0 0.5750000085681677 0.7406250386266038 0.17187500256113708 0.14218750211875886
0 0.8187500122003257 0.813541709096171 0.17187500256113708 0.16406250244472176
0 0.9140625136205927 0.46145835740026087 0.17187500256113708 0.16406250244472176
0 0.4156250061932951 0.45520835707429796 0.17187500256113708 0.16406250244472176
0 0.40937500610016286 0.24270834599155933 0.17187500256113708 0.16406250244472176
0 0.5515625082189217 0.19583334354683757 0.19062500284053385 0.18750000279396772
0 0.654687509755604 0.3947916872566566 0.1625000024214387 0.1578125023515895
0 0.753125011222437 0.34270835120696574 0.17812500265426934 0.18281250272411853
0 0.7406250110361725 0.5750000299885869 0.17812500265426934 0.13437500200234354
0 0.8039062619791366 0.10625000554136932 0.18593750277068466 0.15625000232830644
0 0.28750000428408384 0.28854168171528727 0.1406250020954758 0.16406250244472176
0 0.07968750118743628 0.3229166835080832 0.15625000232830644 0.1625000024214387
0 0.09375000139698386 0.5187500270549208 0.15625000232830644 0.1531250022817403
0 0.7156250106636435 0.6364583665272221 0.1312500019557774 0.17656250263098627
1 0.19218750286381692 0.8031250418862328 0.35312500526197255 0.29531250440049917
0 0.40468750603031367 0.6979167030658573 0.15937500237487257 0.1406250020954758
0 0.5750000085681677 0.7406250386266038 0.17187500256113708 0.14218750211875886
0 0.8187500122003257 0.813541709096171 0.17187500256113708 0.16406250244472176
0 0.9140625136205927 0.46145835740026087 0.17187500256113708 0.16406250244472176
0 0.4156250061932951 0.45520835707429796 0.17187500256113708 0.16406250244472176
0 0.40937500610016286 0.24270834599155933 0.17187500256113708 0.16406250244472176
0 0.5515625082189217 0.19583334354683757 0.19062500284053385 0.18750000279396772
0 0.654687509755604 0.3947916872566566 0.1625000024214387 0.1578125023515895
0 0.753125011222437 0.34270835120696574 0.17812500265426934 0.18281250272411853
0 0.7406250110361725 0.5750000299885869 0.17812500265426934 0.13437500200234354
0 0.8039062619791366 0.10625000554136932 0.18593750277068466 0.15625000232830644
0 0.28750000428408384 0.28854168171528727 0.1406250020954758 0.16406250244472176
0 0.07968750118743628 0.3229166835080832 0.15625000232830644 0.1625000024214387
0 0.09375000139698386 0.5187500270549208 0.15625000232830644 0.1531250022817403
0 0.7156250106636435 0.6364583665272221 0.1312500019557774 0.17656250263098627
1 0.19218750286381692 0.8031250418862328 0.35312500526197255 0.29531250440049917
0 0.40468750603031367 0.6979167030658573 0.15937500237487257 0.1406250020954758
0 0.5750000085681677 0.7406250386266038 0.17187500256113708 0.14218750211875886
0 0.8187500122003257 0.813541709096171 0.17187500256113708 0.16406250244472176
0 0.9140625136205927 0.46145835740026087 0.17187500256113708 0.16406250244472176
0 0.4156250061932951 0.45520835707429796 0.17187500256113708 0.16406250244472176
0 0.40937500610016286 0.24270834599155933 0.17187500256113708 0.16406250244472176
0 0.5515625082189217 0.19583334354683757 0.19062500284053385 0.18750000279396772
0 0.654687509755604 0.3947916872566566 0.1625000024214387 0.1578125023515895
0 0.753125011222437 0.34270835120696574 0.17812500265426934 0.18281250272411853
0 0.7406250110361725 0.5750000299885869 0.17812500265426934 0.13437500200234354
0 0.8039062619791366 0.10625000554136932 0.18593750277068466 0.15625000232830644
0 0.28750000428408384 0.28854168171528727 0.1406250020954758 0.16406250244472176
0 0.07968750118743628 0.3229166835080832 0.15625000232830644 0.1625000024214387
0 0.09375000139698386 0.5187500270549208 0.15625000232830644 0.1531250022817403
0 0.7156250106636435 0.6364583665272221 0.1312500019557774 0.17656250263098627
1 0.19218750286381692 0.8031250418862328 0.35312500526197255 0.29531250440049917
0 0.40468750603031367 0.6979167030658573 0.15937500237487257 0.1406250020954758
0 0.5750000085681677 0.7406250386266038 0.17187500256113708 0.14218750211875886
0 0.8187500122003257 0.813541709096171 0.17187500256113708 0.16406250244472176
0 0.9140625136205927 0.46145835740026087 0.17187500256113708 0.16406250244472176
0 0.4156250061932951 0.45520835707429796 0.17187500256113708 0.16406250244472176
0 0.40937500610016286 0.24270834599155933 0.17187500256113708 0.16406250244472176
0 0.5515625082189217 0.19583334354683757 0.19062500284053385 0.18750000279396772
0 0.654687509755604 0.3947916872566566 0.1625000024214387 0.1578125023515895
0 0.753125011222437 0.34270835120696574 0.17812500265426934 0.18281250272411853
0 0.7406250110361725 0.5750000299885869 0.17812500265426934 0.13437500200234354
0 0.8039062619791366 0.10625000554136932 0.18593750277068466 0.15625000232830644
0 0.28750000428408384 0.28854168171528727 0.1406250020954758 0.16406250244472176
0 0.07968750118743628 0.3229166835080832 0.15625000232830644 0.1625000024214387
0 0.09375000139698386 0.5187500270549208 0.15625000232830644 0.1531250022817403
0 0.7156250106636435 0.6364583665272221 0.1312500019557774 0.17656250263098627
1 0.19218750286381692 0.8031250418862328 0.35312500526197255 0.29531250440049917
0 0.40468750603031367 0.6979167030658573 0.15937500237487257 0.1406250020954758
0 0.5750000085681677 0.7406250386266038 0.17187500256113708 0.14218750211875886
0 0.8187500122003257 0.813541709096171 0.17187500256113708 0.16406250244472176
0 0.9140625136205927 0.46145835740026087 0.17187500256113708 0.16406250244472176
0 0.4156250061932951 0.45520835707429796 0.17187500256113708 0.16406250244472176
0 0.40937500610016286 0.24270834599155933 0.17187500256113708 0.16406250244472176
0 0.5515625082189217 0.19583334354683757 0.19062500284053385 0.18750000279396772
0 0.654687509755604 0.3947916872566566 0.1625000024214387 0.1578125023515895
0 0.753125011222437 0.34270835120696574 0.17812500265426934 0.18281250272411853
0 0.7406250110361725 0.5750000299885869 0.17812500265426934 0.13437500200234354
0 0.8039062619791366 0.10625000554136932 0.18593750277068466 0.15625000232830644
0 0.28750000428408384 0.28854168171528727 0.1406250020954758 0.16406250244472176
0 0.07968750118743628 0.3229166835080832 0.15625000232830644 0.1625000024214387
0 0.09375000139698386 0.5187500270549208 0.15625000232830644 0.1531250022817403
0 0.7156250106636435 0.6364583665272221 0.1312500019557774 0.17656250263098627
1 0.19218750286381692 0.8031250418862328 0.35312500526197255 0.29531250440049917
0 0.40468750603031367 0.6979167030658573 0.15937500237487257 0.1406250020954758
0 0.5750000085681677 0.7406250386266038 0.17187500256113708 0.14218750211875886
0 0.8187500122003257 0.813541709096171 0.17187500256113708 0.16406250244472176
0 0.9140625136205927 0.46145835740026087 0.17187500256113708 0.16406250244472176
0 0.4156250061932951 0.45520835707429796 0.17187500256113708 0.16406250244472176
0 0.40937500610016286 0.24270834599155933 0.17187500256113708 0.16406250244472176
0 0.5515625082189217 0.19583334354683757 0.19062500284053385 0.18750000279396772
0 0.654687509755604 0.3947916872566566 0.1625000024214387 0.1578125023515895
0 0.753125011222437 0.34270835120696574 0.17812500265426934 0.18281250272411853
0 0.7406250110361725 0.5750000299885869 0.17812500265426934 0.13437500200234354
0 0.8039062619791366 0.10625000554136932 0.18593750277068466 0.15625000232830644
0 0.28750000428408384 0.28854168171528727 0.1406250020954758 0.16406250244472176
0 0.07968750118743628 0.3229166835080832 0.15625000232830644 0.1625000024214387
0 0.09375000139698386 0.5187500270549208 0.15625000232830644 0.1531250022817403
0 0.7156250106636435 0.6364583665272221 0.1312500019557774 0.17656250263098627
1 0.19218750286381692 0.8031250418862328 0.35312500526197255 0.29531250440049917
0 0.40468750603031367 0.6979167030658573 0.15937500237487257 0.1406250020954758
0 0.5750000085681677 0.7406250386266038 0.17187500256113708 0.14218750211875886
0 0.8187500122003257 0.813541709096171 0.17187500256113708 0.16406250244472176
0 0.9140625136205927 0.46145835740026087 0.17187500256113708 0.16406250244472176
0 0.4156250061932951 0.45520835707429796 0.17187500256113708 0.16406250244472176
0 0.40937500610016286 0.24270834599155933 0.17187500256113708 0.16406250244472176
0 0.5515625082189217 0.19583334354683757 0.19062500284053385 0.18750000279396772
0 0.654687509755604 0.3947916872566566 0.1625000024214387 0.1578125023515895
0 0.753125011222437 0.34270835120696574 0.17812500265426934 0.18281250272411853
0 0.7406250110361725 0.5750000299885869 0.17812500265426934 0.13437500200234354
0 0.8039062619791366 0.10625000554136932 0.18593750277068466 0.15625000232830644
0 0.28750000428408384 0.28854168171528727 0.1406250020954758 0.16406250244472176
0 0.07968750118743628 0.3229166835080832 0.15625000232830644 0.1625000024214387
0 0.09375000139698386 0.5187500270549208 0.15625000232830644 0.1531250022817403
0 0.7156250106636435 0.6364583665272221 0.1312500019557774 0.17656250263098627
1 0.19218750286381692 0.8031250418862328 0.35312500526197255 0.29531250440049917
0 0.40468750603031367 0.6979167030658573 0.15937500237487257 0.1406250020954758
0 0.5750000085681677 0.7406250386266038 0.17187500256113708 0.14218750211875886
0 0.8187500122003257 0.813541709096171 0.17187500256113708 0.16406250244472176
0 0.9140625136205927 0.46145835740026087 0.17187500256113708 0.16406250244472176
0 0.4156250061932951 0.45520835707429796 0.17187500256113708 0.16406250244472176
0 0.40937500610016286 0.24270834599155933 0.17187500256113708 0.16406250244472176
0 0.5515625082189217 0.19583334354683757 0.19062500284053385 0.18750000279396772
0 0.654687509755604 0.3947916872566566 0.1625000024214387 0.1578125023515895
0 0.753125011222437 0.34270835120696574 0.17812500265426934 0.18281250272411853
0 0.7406250110361725 0.5750000299885869 0.17812500265426934 0.13437500200234354
0 0.8039062619791366 0.10625000554136932 0.18593750277068466 0.15625000232830644
0 0.28750000428408384 0.28854168171528727 0.1406250020954758 0.16406250244472176
0 0.07968750118743628 0.3229166835080832 0.15625000232830644 0.1625000024214387
0 0.09375000139698386 0.5187500270549208 0.15625000232830644 0.1531250022817403
0 0.7156250106636435 0.6364583665272221 0.1312500019557774 0.17656250263098627
1 0.19218750286381692 0.8031250418862328 0.35312500526197255 0.29531250440049917
0 0.40468750603031367 0.6979167030658573 0.15937500237487257 0.1406250020954758
0 0.5750000085681677 0.7406250386266038 0.17187500256113708 0.14218750211875886
0 0.8187500122003257 0.813541709096171 0.17187500256113708 0.16406250244472176
0 0.9140625136205927 0.46145835740026087 0.17187500256113708 0.16406250244472176
0 0.4156250061932951 0.45520835707429796 0.17187500256113708 0.16406250244472176
0 0.40937500610016286 0.24270834599155933 0.17187500256113708 0.16406250244472176
0 0.5515625082189217 0.19583334354683757 0.19062500284053385 0.18750000279396772
0 0.654687509755604 0.3947916872566566 0.1625000024214387 0.1578125023515895
0 0.753125011222437 0.34270835120696574 0.17812500265426934 0.18281250272411853
0 0.7406250110361725 0.5750000299885869 0.17812500265426934 0.13437500200234354
0 0.8039062619791366 0.10625000554136932 0.18593750277068466 0.15625000232830644
0 0.28750000428408384 0.28854168171528727 0.1406250020954758 0.16406250244472176
0 0.07968750118743628 0.3229166835080832 0.15625000232830644 0.1625000024214387
0 0.09375000139698386 0.5187500270549208 0.15625000232830644 0.1531250022817403
0 0.7156250106636435 0.6364583665272221 0.1312500019557774 0.17656250263098627
1 0.19218750286381692 0.8031250418862328 0.35312500526197255 0.29531250440049917
0 0.40468750603031367 0.6979167030658573 0.15937500237487257 0.1406250020954758
0 0.5750000085681677 0.7406250386266038 0.17187500256113708 0.14218750211875886
0 0.8187500122003257 0.813541709096171 0.17187500256113708 0.16406250244472176
0 0.9140625136205927 0.46145835740026087 0.17187500256113708 0.16406250244472176
0 0.4156250061932951 0.45520835707429796 0.17187500256113708 0.16406250244472176
0 0.40937500610016286 0.24270834599155933 0.17187500256113708 0.16406250244472176
0 0.5515625082189217 0.19583334354683757 0.19062500284053385 0.18750000279396772
0 0.654687509755604 0.3947916872566566 0.1625000024214387 0.1578125023515895
0 0.753125011222437 0.34270835120696574 0.17812500265426934 0.18281250272411853
0 0.7406250110361725 0.5750000299885869 0.17812500265426934 0.13437500200234354
0 0.8039062619791366 0.10625000554136932 0.18593750277068466 0.15625000232830644
0 0.28750000428408384 0.28854168171528727 0.1406250020954758 0.16406250244472176
0 0.07968750118743628 0.3229166835080832 0.15625000232830644 0.1625000024214387
0 0.09375000139698386 0.5187500270549208 0.15625000232830644 0.1531250022817403
0 0.7156250106636435 0.6364583665272221 0.1312500019557774 0.17656250263098627
1 0.19218750286381692 0.8031250418862328 0.35312500526197255 0.29531250440049917
0 0.40468750603031367 0.6979167030658573 0.15937500237487257 0.1406250020954758
0 0.5750000085681677 0.7406250386266038 0.17187500256113708 0.14218750211875886
0 0.8187500122003257 0.813541709096171 0.17187500256113708 0.16406250244472176
0 0.9140625136205927 0.46145835740026087 0.17187500256113708 0.16406250244472176
0 0.4156250061932951 0.45520835707429796 0.17187500256113708 0.16406250244472176
0 0.40937500610016286 0.24270834599155933 0.17187500256113708 0.16406250244472176
0 0.5515625082189217 0.19583334354683757 0.19062500284053385 0.18750000279396772
0 0.654687509755604 0.3947916872566566 0.1625000024214387 0.1578125023515895
0 0.753125011222437 0.34270835120696574 0.17812500265426934 0.18281250272411853
0 0.7406250110361725 0.5750000299885869 0.17812500265426934 0.13437500200234354
0 0.8039062619791366 0.10625000554136932 0.18593750277068466 0.15625000232830644
0 0.28750000428408384 0.28854168171528727 0.1406250020954758 0.16406250244472176
0 0.07968750118743628 0.3229166835080832 0.15625000232830644 0.1625000024214387
0 0.09375000139698386 0.5187500270549208 0.15625000232830644 0.1531250022817403
0 0.7156250106636435 0.6364583665272221 0.1312500019557774 0.17656250263098627
1 0.19218750286381692 0.8031250418862328 0.35312500526197255 0.29531250440049917
0 0.40468750603031367 0.6979167030658573 0.15937500237487257 0.1406250020954758
0 0.5750000085681677 0.7406250386266038 0.17187500256113708 0.14218750211875886
0 0.8187500122003257 0.813541709096171 0.17187500256113708 0.16406250244472176
0 0.9140625136205927 0.46145835740026087 0.17187500256113708 0.16406250244472176
0 0.4156250061932951 0.45520835707429796 0.17187500256113708 0.16406250244472176
0 0.40937500610016286 0.24270834599155933 0.17187500256113708 0.16406250244472176
0 0.5515625082189217 0.19583334354683757 0.19062500284053385 0.18750000279396772
0 0.654687509755604 0.3947916872566566 0.1625000024214387 0.1578125023515895
0 0.753125011222437 0.34270835120696574 0.17812500265426934 0.18281250272411853
0 0.7406250110361725 0.5750000299885869 0.17812500265426934 0.13437500200234354
0 0.8039062619791366 0.10625000554136932 0.18593750277068466 0.15625000232830644
0 0.28750000428408384 0.28854168171528727 0.1406250020954758 0.16406250244472176
0 0.07968750118743628 0.3229166835080832 0.15625000232830644 0.1625000024214387
0 0.09375000139698386 0.5187500270549208 0.15625000232830644 0.1531250022817403
0 0.7156250106636435 0.6364583665272221 0.1312500019557774 0.17656250263098627
1 0.19218750286381692 0.8031250418862328 0.35312500526197255 0.29531250440049917
0 0.40468750603031367 0.6979167030658573 0.15937500237487257 0.1406250020954758
0 0.5750000085681677 0.7406250386266038 0.17187500256113708 0.14218750211875886
0 0.8187500122003257 0.813541709096171 0.17187500256113708 0.16406250244472176
0 0.9140625136205927 0.46145835740026087 0.17187500256113708 0.16406250244472176
0 0.4156250061932951 0.45520835707429796 0.17187500256113708 0.16406250244472176
0 0.40937500610016286 0.24270834599155933 0.17187500256113708 0.16406250244472176
0 0.5515625082189217 0.19583334354683757 0.19062500284053385 0.18750000279396772
0 0.654687509755604 0.3947916872566566 0.1625000024214387 0.1578125023515895
0 0.753125011222437 0.34270835120696574 0.17812500265426934 0.18281250272411853
0 0.7406250110361725 0.5750000299885869 0.17812500265426934 0.13437500200234354
0 0.8039062619791366 0.10625000554136932 0.18593750277068466 0.15625000232830644
0 0.28750000428408384 0.28854168171528727 0.1406250020954758 0.16406250244472176
0 0.07968750118743628 0.3229166835080832 0.15625000232830644 0.1625000024214387
0 0.09375000139698386 0.5187500270549208 0.15625000232830644 0.1531250022817403
0 0.7156250106636435 0.6364583665272221 0.1312500019557774 0.17656250263098627
1 0.19218750286381692 0.8031250418862328 0.35312500526197255 0.29531250440049917
0 0.40468750603031367 0.6979167030658573 0.15937500237487257 0.1406250020954758
0 0.5750000085681677 0.7406250386266038 0.17187500256113708 0.14218750211875886
0 0.8187500122003257 0.813541709096171 0.17187500256113708 0.16406250244472176
0 0.9140625136205927 0.46145835740026087 0.17187500256113708 0.16406250244472176
0 0.4156250061932951 0.45520835707429796 0.17187500256113708 0.16406250244472176
0 0.40937500610016286 0.24270834599155933 0.17187500256113708 0.16406250244472176
0 0.5515625082189217 0.19583334354683757 0.19062500284053385 0.18750000279396772
0 0.654687509755604 0.3947916872566566 0.1625000024214387 0.1578125023515895
0 0.753125011222437 0.34270835120696574 0.17812500265426934 0.18281250272411853
0 0.7406250110361725 0.5750000299885869 0.17812500265426934 0.13437500200234354
0 0.8039062619791366 0.10625000554136932 0.18593750277068466 0.15625000232830644
0 0.28750000428408384 0.28854168171528727 0.1406250020954758 0.16406250244472176
0 0.07968750118743628 0.3229166835080832 0.15625000232830644 0.1625000024214387
0 0.09375000139698386 0.5187500270549208 0.15625000232830644 0.1531250022817403
0 0.7156250106636435 0.6364583665272221 0.1312500019557774 0.17656250263098627
1 0.19218750286381692 0.8031250418862328 0.35312500526197255 0.29531250440049917
0 0.4046874940395355 0.6979166865348816 0.15937499701976776 0.140625
0 0.574999988079071 0.7406250238418579 0.171875 0.14218750596046448
0 0.8187500238418579 0.8135417103767395 0.171875 0.1640625
0 0.9140625 0.46145835518836975 0.171875 0.1640625
0 0.4156250059604645 0.45520836114883423 0.171875 0.1640625
0 0.40937501192092896 0.24270834028720856 0.171875 0.1640625
0 0.551562488079071 0.19583334028720856 0.19062499701976776 0.1875
0 0.6546875238418579 0.39479169249534607 0.16250000894069672 0.15781250596046448
0 0.753125011920929 0.3427083492279053 0.17812500894069672 0.18281249701976776
0 0.7406250238418579 0.5750000476837158 0.17812500894069672 0.13437500596046448
0 0.803906261920929 0.10625000298023224 0.18593750894069672 0.15625
0 0.2874999940395355 0.28854167461395264 0.140625 0.1640625
0 0.07968749850988388 0.3229166865348816 0.15625 0.16250000894069672
0 0.09375 0.518750011920929 0.15625 0.15312500298023224
0 0.715624988079071 0.6364583373069763 0.13125000894069672 0.17656250298023224
1 0.19218750298023224 0.8031250238418579 0.3531250059604645 0.2953124940395355
0 0.4046874940395355 0.6979166865348816 0.15937499701976776 0.140625
0 0.574999988079071 0.7406250238418579 0.171875 0.14218750596046448
0 0.8187500238418579 0.8135417103767395 0.171875 0.1640625
0 0.9140625 0.46145835518836975 0.171875 0.1640625
0 0.4156250059604645 0.45520836114883423 0.171875 0.1640625
0 0.40937501192092896 0.24270834028720856 0.171875 0.1640625
0 0.551562488079071 0.19583334028720856 0.19062499701976776 0.1875
0 0.6546875238418579 0.39479169249534607 0.16250000894069672 0.15781250596046448
0 0.753125011920929 0.3427083492279053 0.17812500894069672 0.18281249701976776
0 0.7406250238418579 0.5750000476837158 0.17812500894069672 0.13437500596046448
0 0.803906261920929 0.10625000298023224 0.18593750894069672 0.15625
0 0.2874999940395355 0.28854167461395264 0.140625 0.1640625
0 0.07968749850988388 0.3229166865348816 0.15625 0.16250000894069672
0 0.09375 0.518750011920929 0.15625 0.15312500298023224
0 0.715624988079071 0.6364583373069763 0.13125000894069672 0.17656250298023224
1 0.19218750298023224 0.8031250238418579 0.3531250059604645 0.2953124940395355
0 0.4046874940395355 0.6979166865348816 0.15937499701976776 0.140625
0 0.574999988079071 0.7406250238418579 0.171875 0.14218750596046448
0 0.8187500238418579 0.8135417103767395 0.171875 0.1640625
0 0.9140625 0.46145835518836975 0.171875 0.1640625
0 0.4156250059604645 0.45520836114883423 0.171875 0.1640625
0 0.40937501192092896 0.24270834028720856 0.171875 0.1640625
0 0.551562488079071 0.19583334028720856 0.19062499701976776 0.1875
0 0.6546875238418579 0.39479169249534607 0.16250000894069672 0.15781250596046448
0 0.753125011920929 0.3427083492279053 0.17812500894069672 0.18281249701976776
0 0.7406250238418579 0.5750000476837158 0.17812500894069672 0.13437500596046448
0 0.803906261920929 0.10625000298023224 0.18593750894069672 0.15625
0 0.2874999940395355 0.28854167461395264 0.140625 0.1640625
0 0.07968749850988388 0.3229166865348816 0.15625 0.16250000894069672
0 0.09375 0.518750011920929 0.15625 0.15312500298023224
0 0.715624988079071 0.6364583373069763 0.13125000894069672 0.17656250298023224
1 0.19218750298023224 0.8031250238418579 0.3531250059604645 0.2953124940395355
0 0.4046874940395355 0.6979166865348816 0.15937499701976776 0.140625
0 0.574999988079071 0.7406250238418579 0.171875 0.14218750596046448
0 0.8187500238418579 0.8135417103767395 0.171875 0.1640625
0 0.9140625 0.46145835518836975 0.171875 0.1640625
0 0.4156250059604645 0.45520836114883423 0.171875 0.1640625
0 0.40937501192092896 0.24270834028720856 0.171875 0.1640625
0 0.551562488079071 0.19583334028720856 0.19062499701976776 0.1875
0 0.6546875238418579 0.39479169249534607 0.16250000894069672 0.15781250596046448
0 0.753125011920929 0.3427083492279053 0.17812500894069672 0.18281249701976776
0 0.7406250238418579 0.5750000476837158 0.17812500894069672 0.13437500596046448
0 0.803906261920929 0.10625000298023224 0.18593750894069672 0.15625
0 0.2874999940395355 0.28854167461395264 0.140625 0.1640625
0 0.07968749850988388 0.3229166865348816 0.15625 0.16250000894069672
0 0.09375 0.518750011920929 0.15625 0.15312500298023224
0 0.715624988079071 0.6364583373069763 0.13125000894069672 0.17656250298023224
1 0.19218750298023224 0.8031250238418579 0.3531250059604645 0.2953124940395355
0 0.4046874940395355 0.6979166865348816 0.15937499701976776 0.140625
0 0.574999988079071 0.7406250238418579 0.171875 0.14218750596046448
0 0.8187500238418579 0.8135417103767395 0.171875 0.1640625
0 0.9140625 0.46145835518836975 0.171875 0.1640625
0 0.4156250059604645 0.45520836114883423 0.171875 0.1640625
0 0.40937501192092896 0.24270834028720856 0.171875 0.1640625
0 0.551562488079071 0.19583334028720856 0.19062499701976776 0.1875
0 0.6546875238418579 0.39479169249534607 0.16250000894069672 0.15781250596046448
0 0.753125011920929 0.3427083492279053 0.17812500894069672 0.18281249701976776
0 0.7406250238418579 0.5750000476837158 0.17812500894069672 0.13437500596046448
0 0.803906261920929 0.10625000298023224 0.18593750894069672 0.15625
0 0.2874999940395355 0.28854167461395264 0.140625 0.1640625
0 0.07968749850988388 0.3229166865348816 0.15625 0.16250000894069672
0 0.09375 0.518750011920929 0.15625 0.15312500298023224
0 0.715624988079071 0.6364583373069763 0.13125000894069672 0.17656250298023224
1 0.19218750298023224 0.8031250238418579 0.3531250059604645 0.2953124940395355
0 0.4046874940395355 0.6979166865348816 0.15937499701976776 0.140625
0 0.574999988079071 0.7406250238418579 0.171875 0.14218750596046448
0 0.8187500238418579 0.8135417103767395 0.171875 0.1640625
0 0.9140625 0.46145835518836975 0.171875 0.1640625
0 0.4156250059604645 0.45520836114883423 0.171875 0.1640625
0 0.40937501192092896 0.24270834028720856 0.171875 0.1640625
0 0.551562488079071 0.19583334028720856 0.19062499701976776 0.1875
0 0.6546875238418579 0.39479169249534607 0.16250000894069672 0.15781250596046448
0 0.753125011920929 0.3427083492279053 0.17812500894069672 0.18281249701976776
0 0.7406250238418579 0.5750000476837158 0.17812500894069672 0.13437500596046448
0 0.803906261920929 0.10625000298023224 0.18593750894069672 0.15625
0 0.2874999940395355 0.28854167461395264 0.140625 0.1640625
0 0.07968749850988388 0.3229166865348816 0.15625 0.16250000894069672
0 0.09375 0.518750011920929 0.15625 0.15312500298023224
0 0.715624988079071 0.6364583373069763 0.13125000894069672 0.17656250298023224
1 0.19218750298023224 0.8031250238418579 0.3531250059604645 0.2953124940395355
0 0.4046874940395355 0.6979166865348816 0.15937499701976776 0.140625
0 0.574999988079071 0.7406250238418579 0.171875 0.14218750596046448
0 0.8187500238418579 0.8135417103767395 0.171875 0.1640625
0 0.9140625 0.46145835518836975 0.171875 0.1640625
0 0.4156250059604645 0.45520836114883423 0.171875 0.1640625
0 0.40937501192092896 0.24270834028720856 0.171875 0.1640625
0 0.551562488079071 0.19583334028720856 0.19062499701976776 0.1875
0 0.6546875238418579 0.39479169249534607 0.16250000894069672 0.15781250596046448
0 0.753125011920929 0.3427083492279053 0.17812500894069672 0.18281249701976776
0 0.7406250238418579 0.5750000476837158 0.17812500894069672 0.13437500596046448
0 0.803906261920929 0.10625000298023224 0.18593750894069672 0.15625
0 0.2874999940395355 0.28854167461395264 0.140625 0.1640625
0 0.07968749850988388 0.3229166865348816 0.15625 0.16250000894069672
0 0.09375 0.518750011920929 0.15625 0.15312500298023224
0 0.715624988079071 0.6364583373069763 0.13125000894069672 0.17656250298023224
1 0.19218750298023224 0.8031250238418579 0.3531250059604645 0.2953124940395355
