0 0.789843761769589 0.13229167356621474 0.17031250253785402 0.13906250207219273
0 0.7203125107334927 0.34270835120696574 0.16562500246800482 0.14531250216532499
0 0.7851562616997398 0.9322917152894661 0.22031250328291208 0.10156250151339918
0 0.5015625074738637 0.7979167082812637 0.1625000024214387 0.18750000279396772
0 0.5367187579977326 0.38541668676771224 0.17343750258442014 0.14687500218860805
0 0.9140625136205927 0.5520833621267229 0.1625000024214387 0.18750000279396772
0 0.8414062625379302 0.6625000345520675 0.19218750286381692 0.1531250022817403
0 0.2765625041211024 0.4697916911682114 0.1312500019557774 0.12343750183936208
0 0.09296875138534233 0.5395833614747971 0.17031250253785402 0.12812500190921128
0 0.15859375236323103 0.8260417097480968 0.18593750277068466 0.17656250263098627
1 0.3179687547381036 0.23645834566559643 0.18281250272411853 0.16406250244472176
0 0.935156263934914 0.3531250184169039 0.12968750193249434 0.13906250207219273
0 0.5148437576717697 0.9250000482425094 0.14843750221189111 0.11250000167638063
0 0.3515625052386895 0.8093750422121957 0.1406250020954758 0.14218750211875886
0 0.789843761769589 0.13229167356621474 0.17031250253785402 0.13906250207219273
0 0.7203125107334927 0.34270835120696574 0.16562500246800482 0.14531250216532499
0 0.7851562616997398 0.9322917152894661 0.22031250328291208 0.10156250151339918
0 0.5015625074738637 0.7979167082812637 0.1625000024214387 0.18750000279396772
0 0.5367187579977326 0.38541668676771224 0.17343750258442014 0.14687500218860805
0 0.9140625136205927 0.5520833621267229 0.1625000024214387 0.18750000279396772
0 0.8414062625379302 0.6625000345520675 0.19218750286381692 0.1531250022817403
0 0.2765625041211024 0.4697916911682114 0.1312500019557774 0.12343750183936208
0 0.09296875138534233 0.5395833614747971 0.17031250253785402 0.12812500190921128
0 0.15859375236323103 0.8260417097480968 0.18593750277068466 0.17656250263098627
1 0.3179687547381036 0.23645834566559643 0.18281250272411853 0.16406250244472176
0 0.935156263934914 0.3531250184169039 0.12968750193249434 0.13906250207219273
0 0.5148437576717697 0.9250000482425094 0.14843750221189111 0.11250000167638063
0 0.3515625052386895 0.8093750422121957 0.1406250020954758 0.14218750211875886
0 0.789843761769589 0.13229167356621474 0.17031250253785402 0.13906250207219273
0 0.7203125107334927 0.34270835120696574 0.16562500246800482 0.14531250216532499
0 0.7851562616997398 0.9322917152894661 0.22031250328291208 0.10156250151339918
0 0.5015625074738637 0.7979167082812637 0.1625000024214387 0.18750000279396772
0 0.5367187579977326 0.38541668676771224 0.17343750258442014 0.14687500218860805
0 0.9140625136205927 0.5520833621267229 0.1625000024214387 0.18750000279396772
0 0.8414062625379302 0.6625000345520675 0.19218750286381692 0.1531250022817403
0 0.2765625041211024 0.4697916911682114 0.1312500019557774 0.12343750183936208
0 0.09296875138534233 0.5395833614747971 0.17031250253785402 0.12812500190921128
0 0.15859375236323103 0.8260417097480968 0.18593750277068466 0.17656250263098627
1 0.3179687547381036 0.23645834566559643 0.18281250272411853 0.16406250244472176
0 0.935156263934914 0.3531250184169039 0.12968750193249434 0.13906250207219273
0 0.5148437576717697 0.9250000482425094 0.14843750221189111 0.11250000167638063
0 0.3515625052386895 0.8093750422121957 0.1406250020954758 0.14218750211875886
0 0.789843761769589 0.13229167356621474 0.17031250253785402 0.13906250207219273
0 0.7203125107334927 0.34270835120696574 0.16562500246800482 0.14531250216532499
0 0.7851562616997398 0.9322917152894661 0.22031250328291208 0.10156250151339918
0 0.5015625074738637 0.7979167082812637 0.1625000024214387 0.18750000279396772
0 0.5367187579977326 0.38541668676771224 0.17343750258442014 0.14687500218860805
0 0.9140625136205927 0.5520833621267229 0.1625000024214387 0.18750000279396772
0 0.8414062625379302 0.6625000345520675 0.19218750286381692 0.1531250022817403
0 0.2765625041211024 0.4697916911682114 0.1312500019557774 0.12343750183936208
0 0.09296875138534233 0.5395833614747971 0.17031250253785402 0.12812500190921128
0 0.15859375236323103 0.8260417097480968 0.18593750277068466 0.17656250263098627
1 0.3179687547381036 0.23645834566559643 0.18281250272411853 0.16406250244472176
0 0.935156263934914 0.3531250184169039 0.12968750193249434 0.13906250207219273
0 0.5148437576717697 0.9250000482425094 0.14843750221189111 0.11250000167638063
0 0.3515625052386895 0.8093750422121957 0.1406250020954758 0.14218750211875886
0 0.789843761769589 0.13229167356621474 0.17031250253785402 0.13906250207219273
0 0.7203125107334927 0.34270835120696574 0.16562500246800482 0.14531250216532499
0 0.7851562616997398 0.9322917152894661 0.22031250328291208 0.10156250151339918
0 0.5015625074738637 0.7979167082812637 0.1625000024214387 0.18750000279396772
0 0.5367187579977326 0.38541668676771224 0.17343750258442014 0.14687500218860805
0 0.9140625136205927 0.5520833621267229 0.1625000024214387 0.18750000279396772
0 0.8414062625379302 0.6625000345520675 0.19218750286381692 0.1531250022817403
0 0.2765625041211024 0.4697916911682114 0.1312500019557774 0.12343750183936208
0 0.09296875138534233 0.5395833614747971 0.17031250253785402 0.12812500190921128
0 0.15859375236323103 0.8260417097480968 0.18593750277068466 0.17656250263098627
1 0.3179687547381036 0.23645834566559643 0.18281250272411853 0.16406250244472176
0 0.935156263934914 0.3531250184169039 0.12968750193249434 0.13906250207219273
0 0.5148437576717697 0.9250000482425094 0.14843750221189111 0.11250000167638063
0 0.3515625052386895 0.8093750422121957 0.1406250020954758 0.14218750211875886
0 0.789843761769589 0.13229167356621474 0.17031250253785402 0.13906250207219273
0 0.7203125107334927 0.34270835120696574 0.16562500246800482 0.14531250216532499
0 0.7851562616997398 0.9322917152894661 0.22031250328291208 0.10156250151339918
0 0.5015625074738637 0.7979167082812637 0.1625000024214387 0.18750000279396772
0 0.5367187579977326 0.38541668676771224 0.17343750258442014 0.14687500218860805
0 0.9140625136205927 0.5520833621267229 0.1625000024214387 0.18750000279396772
0 0.8414062625379302 0.6625000345520675 0.19218750286381692 0.1531250022817403
0 0.2765625041211024 0.4697916911682114 0.1312500019557774 0.12343750183936208
0 0.09296875138534233 0.5395833614747971 0.17031250253785402 0.12812500190921128
0 0.15859375236323103 0.8260417097480968 0.18593750277068466 0.17656250263098627
1 0.3179687547381036 0.23645834566559643 0.18281250272411853 0.16406250244472176
0 0.935156263934914 0.3531250184169039 0.12968750193249434 0.13906250207219273
0 0.5148437576717697 0.9250000482425094 0.14843750221189111 0.11250000167638063
0 0.3515625052386895 0.8093750422121957 0.1406250020954758 0.14218750211875886
0 0.789843761769589 0.13229167356621474 0.17031250253785402 0.13906250207219273
0 0.7203125107334927 0.34270835120696574 0.16562500246800482 0.14531250216532499
0 0.7851562616997398 0.9322917152894661 0.22031250328291208 0.10156250151339918
0 0.5015625074738637 0.7979167082812637 0.1625000024214387 0.18750000279396772
0 0.5367187579977326 0.38541668676771224 0.17343750258442014 0.14687500218860805
0 0.9140625136205927 0.5520833621267229 0.1625000024214387 0.18750000279396772
0 0.8414062625379302 0.6625000345520675 0.19218750286381692 0.1531250022817403
0 0.2765625041211024 0.4697916911682114 0.1312500019557774 0.12343750183936208
0 0.09296875138534233 0.5395833614747971 0.17031250253785402 0.12812500190921128
0 0.15859375236323103 0.8260417097480968 0.18593750277068466 0.17656250263098627
1 0.3179687547381036 0.23645834566559643 0.18281250272411853 0.16406250244472176
0 0.935156263934914 0.3531250184169039 0.12968750193249434 0.13906250207219273
0 0.5148437576717697 0.9250000482425094 0.14843750221189111 0.11250000167638063
0 0.3515625052386895 0.8093750422121957 0.1406250020954758 0.14218750211875886
0 0.789843761769589 0.13229167356621474 0.17031250253785402 0.13906250207219273
0 0.7203125107334927 0.34270835120696574 0.16562500246800482 0.14531250216532499
0 0.7851562616997398 0.9322917152894661 0.22031250328291208 0.10156250151339918
0 0.5015625074738637 0.7979167082812637 0.1625000024214387 0.18750000279396772
0 0.5367187579977326 0.38541668676771224 0.17343750258442014 0.14687500218860805
0 0.9140625136205927 0.5520833621267229 0.1625000024214387 0.18750000279396772
0 0.8414062625379302 0.6625000345520675 0.19218750286381692 0.1531250022817403
0 0.2765625041211024 0.4697916911682114 0.1312500019557774 0.12343750183936208
0 0.09296875138534233 0.5395833614747971 0.17031250253785402 0.12812500190921128
0 0.15859375236323103 0.8260417097480968 0.18593750277068466 0.17656250263098627
1 0.3179687547381036 0.23645834566559643 0.18281250272411853 0.16406250244472176
0 0.935156263934914 0.3531250184169039 0.12968750193249434 0.13906250207219273
0 0.5148437576717697 0.9250000482425094 0.14843750221189111 0.11250000167638063
0 0.3515625052386895 0.8093750422121957 0.1406250020954758 0.14218750211875886
0 0.789843761769589 0.13229167356621474 0.17031250253785402 0.13906250207219273
0 0.7203125107334927 0.34270835120696574 0.16562500246800482 0.14531250216532499
0 0.7851562616997398 0.9322917152894661 0.22031250328291208 0.10156250151339918
0 0.5015625074738637 0.7979167082812637 0.1625000024214387 0.18750000279396772
0 0.5367187579977326 0.38541668676771224 0.17343750258442014 0.14687500218860805
0 0.9140625136205927 0.5520833621267229 0.1625000024214387 0.18750000279396772
0 0.8414062625379302 0.6625000345520675 0.19218750286381692 0.1531250022817403
0 0.2765625041211024 0.4697916911682114 0.1312500019557774 0.12343750183936208
0 0.09296875138534233 0.5395833614747971 0.17031250253785402 0.12812500190921128
0 0.15859375236323103 0.8260417097480968 0.18593750277068466 0.17656250263098627
1 0.3179687547381036 0.23645834566559643 0.18281250272411853 0.16406250244472176
0 0.935156263934914 0.3531250184169039 0.12968750193249434 0.13906250207219273
0 0.5148437576717697 0.9250000482425094 0.14843750221189111 0.11250000167638063
0 0.3515625052386895 0.8093750422121957 0.1406250020954758 0.14218750211875886
0 0.789843761769589 0.13229167356621474 0.17031250253785402 0.13906250207219273
0 0.7203125107334927 0.34270835120696574 0.16562500246800482 0.14531250216532499
0 0.7851562616997398 0.9322917152894661 0.22031250328291208 0.10156250151339918
0 0.5015625074738637 0.7979167082812637 0.1625000024214387 0.18750000279396772
0 0.5367187579977326 0.38541668676771224 0.17343750258442014 0.14687500218860805
0 0.9140625136205927 0.5520833621267229 0.1625000024214387 0.18750000279396772
0 0.8414062625379302 0.6625000345520675 0.19218750286381692 0.1531250022817403
0 0.2765625041211024 0.4697916911682114 0.1312500019557774 0.12343750183936208
0 0.09296875138534233 0.5395833614747971 0.17031250253785402 0.12812500190921128
0 0.15859375236323103 0.8260417097480968 0.18593750277068466 0.17656250263098627
1 0.3179687547381036 0.23645834566559643 0.18281250272411853 0.16406250244472176
0 0.935156263934914 0.3531250184169039 0.12968750193249434 0.13906250207219273
0 0.5148437576717697 0.9250000482425094 0.14843750221189111 0.11250000167638063
0 0.3515625052386895 0.8093750422121957 0.1406250020954758 0.14218750211875886
0 0.789843761769589 0.13229167356621474 0.17031250253785402 0.13906250207219273
0 0.7203125107334927 0.34270835120696574 0.16562500246800482 0.14531250216532499
0 0.7851562616997398 0.9322917152894661 0.22031250328291208 0.10156250151339918
0 0.5015625074738637 0.7979167082812637 0.1625000024214387 0.18750000279396772
0 0.5367187579977326 0.38541668676771224 0.17343750258442014 0.14687500218860805
0 0.9140625136205927 0.5520833621267229 0.1625000024214387 0.18750000279396772
0 0.8414062625379302 0.6625000345520675 0.19218750286381692 0.1531250022817403
0 0.2765625041211024 0.4697916911682114 0.1312500019557774 0.12343750183936208
0 0.09296875138534233 0.5395833614747971 0.17031250253785402 0.12812500190921128
0 0.15859375236323103 0.8260417097480968 0.18593750277068466 0.17656250263098627
1 0.3179687547381036 0.23645834566559643 0.18281250272411853 0.16406250244472176
0 0.935156263934914 0.3531250184169039 0.12968750193249434 0.13906250207219273
0 0.5148437576717697 0.9250000482425094 0.14843750221189111 0.11250000167638063
0 0.3515625052386895 0.8093750422121957 0.1406250020954758 0.14218750211875886
0 0.789843761769589 0.13229167356621474 0.17031250253785402 0.13906250207219273
0 0.7203125107334927 0.34270835120696574 0.16562500246800482 0.14531250216532499
0 0.7851562616997398 0.9322917152894661 0.22031250328291208 0.10156250151339918
0 0.5015625074738637 0.7979167082812637 0.1625000024214387 0.18750000279396772
0 0.5367187579977326 0.38541668676771224 0.17343750258442014 0.14687500218860805
0 0.9140625136205927 0.5520833621267229 0.1625000024214387 0.18750000279396772
0 0.8414062625379302 0.6625000345520675 0.19218750286381692 0.1531250022817403
0 0.2765625041211024 0.4697916911682114 0.1312500019557774 0.12343750183936208
0 0.09296875138534233 0.5395833614747971 0.17031250253785402 0.12812500190921128
0 0.15859375236323103 0.8260417097480968 0.18593750277068466 0.17656250263098627
1 0.3179687547381036 0.23645834566559643 0.18281250272411853 0.16406250244472176
0 0.935156263934914 0.3531250184169039 0.12968750193249434 0.13906250207219273
0 0.5148437576717697 0.9250000482425094 0.14843750221189111 0.11250000167638063
0 0.3515625052386895 0.8093750422121957 0.1406250020954758 0.14218750211875886
0 0.789843761769589 0.13229167356621474 0.17031250253785402 0.13906250207219273
0 0.7203125107334927 0.34270835120696574 0.16562500246800482 0.14531250216532499
0 0.7851562616997398 0.9322917152894661 0.22031250328291208 0.10156250151339918
0 0.5015625074738637 0.7979167082812637 0.1625000024214387 0.18750000279396772
0 0.5367187579977326 0.38541668676771224 0.17343750258442014 0.14687500218860805
0 0.9140625136205927 0.5520833621267229 0.1625000024214387 0.18750000279396772
0 0.8414062625379302 0.6625000345520675 0.19218750286381692 0.1531250022817403
0 0.2765625041211024 0.4697916911682114 0.1312500019557774 0.12343750183936208
0 0.09296875138534233 0.5395833614747971 0.17031250253785402 0.12812500190921128
0 0.15859375236323103 0.8260417097480968 0.18593750277068466 0.17656250263098627
1 0.3179687547381036 0.23645834566559643 0.18281250272411853 0.16406250244472176
0 0.935156263934914 0.3531250184169039 0.12968750193249434 0.13906250207219273
0 0.5148437576717697 0.9250000482425094 0.14843750221189111 0.11250000167638063
0 0.3515625052386895 0.8093750422121957 0.1406250020954758 0.14218750211875886
0 0.789843761769589 0.13229167356621474 0.17031250253785402 0.13906250207219273
0 0.7203125107334927 0.34270835120696574 0.16562500246800482 0.14531250216532499
0 0.7851562616997398 0.9322917152894661 0.22031250328291208 0.10156250151339918
0 0.5015625074738637 0.7979167082812637 0.1625000024214387 0.18750000279396772
0 0.5367187579977326 0.38541668676771224 0.17343750258442014 0.14687500218860805
0 0.9140625136205927 0.5520833621267229 0.1625000024214387 0.18750000279396772
0 0.8414062625379302 0.6625000345520675 0.19218750286381692 0.1531250022817403
0 0.2765625041211024 0.4697916911682114 0.1312500019557774 0.12343750183936208
0 0.09296875138534233 0.5395833614747971 0.17031250253785402 0.12812500190921128
0 0.15859375236323103 0.8260417097480968 0.18593750277068466 0.17656250263098627
1 0.3179687547381036 0.23645834566559643 0.18281250272411853 0.16406250244472176
0 0.935156263934914 0.3531250184169039 0.12968750193249434 0.13906250207219273
0 0.5148437576717697 0.9250000482425094 0.14843750221189111 0.11250000167638063
0 0.3515625052386895 0.8093750422121957 0.1406250020954758 0.14218750211875886
0 0.789843761769589 0.13229167356621474 0.17031250253785402 0.13906250207219273
0 0.7203125107334927 0.34270835120696574 0.16562500246800482 0.14531250216532499
0 0.7851562616997398 0.9322917152894661 0.22031250328291208 0.10156250151339918
0 0.5015625074738637 0.7979167082812637 0.1625000024214387 0.18750000279396772
0 0.5367187579977326 0.38541668676771224 0.17343750258442014 0.14687500218860805
0 0.9140625136205927 0.5520833621267229 0.1625000024214387 0.18750000279396772
0 0.8414062625379302 0.6625000345520675 0.19218750286381692 0.1531250022817403
0 0.2765625041211024 0.4697916911682114 0.1312500019557774 0.12343750183936208
0 0.09296875138534233 0.5395833614747971 0.17031250253785402 0.12812500190921128
0 0.15859375236323103 0.8260417097480968 0.18593750277068466 0.17656250263098627
1 0.3179687547381036 0.23645834566559643 0.18281250272411853 0.16406250244472176
0 0.935156263934914 0.3531250184169039 0.12968750193249434 0.13906250207219273
0 0.5148437576717697 0.9250000482425094 0.14843750221189111 0.11250000167638063
0 0.3515625052386895 0.8093750422121957 0.1406250020954758 0.14218750211875886
0 0.789843738079071 0.13229167461395264 0.17031250894069672 0.13906250894069672
0 0.7203125357627869 0.3427083492279053 0.16562500596046448 0.14531250298023224
0 0.78515625 0.9322916865348816 0.22031250596046448 0.1015625
0 0.5015625357627869 0.7979167103767395 0.16250000894069672 0.1875
0 0.5367187857627869 0.3854166865348816 0.17343750596046448 0.14687500894069672
0 0.9140625 0.5520833730697632 0.16250000894069672 0.1875
0 0.8414062857627869 0.6625000238418579 0.19218750298023224 0.15312500298023224
0 0.27656251192092896 0.4697916805744171 0.13125000894069672 0.12343750149011612
0 0.09296875447034836 0.5395833849906921 0.17031250894069672 0.12812499701976776
0 0.15859375894069672 0.8260416984558105 0.18593750894069672 0.17656250298023224
1 0.3179687559604645 0.23645834624767303 0.18281249701976776 0.1640625
0 0.9351562857627869 0.3531250059604645 0.12968750298023224 0.13906250894069672
0 0.514843761920929 0.9250000715255737 0.1484375 0.11250000447034836
0 0.3515625 0.8093750476837158 0.140625 0.14218750596046448
0 0.789843738079071 0.13229167461395264 0.17031250894069672 0.13906250894069672
0 0.7203125357627869 0.3427083492279053 0.16562500596046448 0.14531250298023224
0 0.78515625 0.9322916865348816 0.22031250596046448 0.1015625
0 0.5015625357627869 0.7979167103767395 0.16250000894069672 0.1875
0 0.5367187857627869 0.3854166865348816 0.17343750596046448 0.14687500894069672
0 0.9140625 0.5520833730697632 0.16250000894069672 0.1875
0 0.8414062857627869 0.6625000238418579 0.19218750298023224 0.15312500298023224
0 0.27656251192092896 0.4697916805744171 0.13125000894069672 0.12343750149011612
0 0.09296875447034836 0.5395833849906921 0.17031250894069672 0.12812499701976776
0 0.15859375894069672 0.8260416984558105 0.18593750894069672 0.17656250298023224
1 0.3179687559604645 0.23645834624767303 0.18281249701976776 0.1640625
0 0.9351562857627869 0.3531250059604645 0.12968750298023224 0.13906250894069672
0 0.514843761920929 0.9250000715255737 0.1484375 0.11250000447034836
0 0.3515625 0.8093750476837158 0.140625 0.14218750596046448
0 0.789843738079071 0.13229167461395264 0.17031250894069672 0.13906250894069672
0 0.7203125357627869 0.3427083492279053 0.16562500596046448 0.14531250298023224
0 0.78515625 0.9322916865348816 0.22031250596046448 0.1015625
0 0.5015625357627869 0.7979167103767395 0.16250000894069672 0.1875
0 0.5367187857627869 0.3854166865348816 0.17343750596046448 0.14687500894069672
0 0.9140625 0.5520833730697632 0.16250000894069672 0.1875
0 0.8414062857627869 0.6625000238418579 0.19218750298023224 0.15312500298023224
0 0.27656251192092896 0.4697916805744171 0.13125000894069672 0.12343750149011612
0 0.09296875447034836 0.5395833849906921 0.17031250894069672 0.12812499701976776
0 0.15859375894069672 0.8260416984558105 0.18593750894069672 0.17656250298023224
1 0.3179687559604645 0.23645834624767303 0.18281249701976776 0.1640625
0 0.9351562857627869 0.3531250059604645 0.12968750298023224 0.13906250894069672
0 0.514843761920929 0.9250000715255737 0.1484375 0.11250000447034836
0 0.3515625 0.8093750476837158 0.140625 0.14218750596046448
0 0.789843738079071 0.13229167461395264 0.17031250894069672 0.13906250894069672
0 0.7203125357627869 0.3427083492279053 0.16562500596046448 0.14531250298023224
0 0.78515625 0.9322916865348816 0.22031250596046448 0.1015625
0 0.5015625357627869 0.7979167103767395 0.16250000894069672 0.1875
0 0.5367187857627869 0.3854166865348816 0.17343750596046448 0.14687500894069672
0 0.9140625 0.5520833730697632 0.16250000894069672 0.1875
0 0.8414062857627869 0.6625000238418579 0.19218750298023224 0.15312500298023224
0 0.27656251192092896 0.4697916805744171 0.13125000894069672 0.12343750149011612
0 0.09296875447034836 0.5395833849906921 0.17031250894069672 0.12812499701976776
0 0.15859375894069672 0.8260416984558105 0.18593750894069672 0.17656250298023224
1 0.3179687559604645 0.23645834624767303 0.18281249701976776 0.1640625
0 0.9351562857627869 0.3531250059604645 0.12968750298023224 0.13906250894069672
0 0.514843761920929 0.9250000715255737 0.1484375 0.11250000447034836
0 0.3515625 0.8093750476837158 0.140625 0.14218750596046448
0 0.789843738079071 0.13229167461395264 0.17031250894069672 0.13906250894069672
0 0.7203125357627869 0.3427083492279053 0.16562500596046448 0.14531250298023224
0 0.78515625 0.9322916865348816 0.22031250596046448 0.1015625
0 0.5015625357627869 0.7979167103767395 0.16250000894069672 0.1875
0 0.5367187857627869 0.3854166865348816 0.17343750596046448 0.14687500894069672
0 0.9140625 0.5520833730697632 0.16250000894069672 0.1875
0 0.8414062857627869 0.6625000238418579 0.19218750298023224 0.15312500298023224
0 0.27656251192092896 0.4697916805744171 0.13125000894069672 0.12343750149011612
0 0.09296875447034836 0.5395833849906921 0.17031250894069672 0.12812499701976776
0 0.15859375894069672 0.8260416984558105 0.18593750894069672 0.17656250298023224
1 0.3179687559604645 0.23645834624767303 0.18281249701976776 0.1640625
0 0.9351562857627869 0.3531250059604645 0.12968750298023224 0.13906250894069672
0 0.514843761920929 0.9250000715255737 0.1484375 0.11250000447034836
0 0.3515625 0.8093750476837158 0.140625 0.14218750596046448
0 0.789843738079071 0.13229167461395264 0.17031250894069672 0.13906250894069672
0 0.7203125357627869 0.3427083492279053 0.16562500596046448 0.14531250298023224
0 0.78515625 0.9322916865348816 0.22031250596046448 0.1015625
0 0.5015625357627869 0.7979167103767395 0.16250000894069672 0.1875
0 0.5367187857627869 0.3854166865348816 0.17343750596046448 0.14687500894069672
0 0.9140625 0.5520833730697632 0.16250000894069672 0.1875
0 0.8414062857627869 0.6625000238418579 0.19218750298023224 0.15312500298023224
0 0.27656251192092896 0.4697916805744171 0.13125000894069672 0.12343750149011612
0 0.09296875447034836 0.5395833849906921 0.17031250894069672 0.12812499701976776
0 0.15859375894069672 0.8260416984558105 0.18593750894069672 0.17656250298023224
1 0.3179687559604645 0.23645834624767303 0.18281249701976776 0.1640625
0 0.9351562857627869 0.3531250059604645 0.12968750298023224 0.13906250894069672
0 0.514843761920929 0.9250000715255737 0.1484375 0.11250000447034836
0 0.3515625 0.8093750476837158 0.140625 0.14218750596046448
0 0.789843738079071 0.13229167461395264 0.17031250894069672 0.13906250894069672
0 0.7203125357627869 0.3427083492279053 0.16562500596046448 0.14531250298023224
0 0.78515625 0.9322916865348816 0.22031250596046448 0.1015625
0 0.5015625357627869 0.7979167103767395 0.16250000894069672 0.1875
0 0.5367187857627869 0.3854166865348816 0.17343750596046448 0.14687500894069672
0 0.9140625 0.5520833730697632 0.16250000894069672 0.1875
0 0.8414062857627869 0.6625000238418579 0.19218750298023224 0.15312500298023224
0 0.27656251192092896 0.4697916805744171 0.13125000894069672 0.12343750149011612
0 0.09296875447034836 0.5395833849906921 0.17031250894069672 0.12812499701976776
0 0.15859375894069672 0.8260416984558105 0.18593750894069672 0.17656250298023224
1 0.3179687559604645 0.23645834624767303 0.18281249701976776 0.1640625
0 0.9351562857627869 0.3531250059604645 0.12968750298023224 0.13906250894069672
0 0.514843761920929 0.9250000715255737 0.1484375 0.11250000447034836
0 0.3515625 0.8093750476837158 0.140625 0.14218750596046448
