0 0.1507812522468157 0.5385416947538033 0.15468750230502337 0.17031250253785402
0 0.48671875725267455 0.4343750226544216 0.17343750258442014 0.17031250253785402
0 0.5351562579744495 0.9000000469386578 0.1796875026775524 0.15000000223517418
0 0.35781250533182174 0.9000000469386578 0.18750000279396772 0.15000000223517418
0 0.7171875106869265 0.8989583802176639 0.1968750029336661 0.14843750221189111
0 0.3343750049825758 0.22083334485068917 0.18125000270083547 0.15937500237487257
0 0.08046875119907781 0.10416667209938169 0.1578125023515895 0.1531250022817403
0 0.7742187615367584 0.7229167043697089 0.12968750193249434 0.13437500200234354
1 0.6906250102911144 0.2541666799224913 0.36250000540167093 0.3781250056345016
0 0.1507812522468157 0.5385416947538033 0.15468750230502337 0.17031250253785402
0 0.48671875725267455 0.4343750226544216 0.17343750258442014 0.17031250253785402
0 0.5351562579744495 0.9000000469386578 0.1796875026775524 0.15000000223517418
0 0.35781250533182174 0.9000000469386578 0.18750000279396772 0.15000000223517418
0 0.7171875106869265 0.8989583802176639 0.1968750029336661 0.14843750221189111
0 0.3343750049825758 0.22083334485068917 0.18125000270083547 0.15937500237487257
0 0.08046875119907781 0.10416667209938169 0.1578125023515895 0.1531250022817403
0 0.7742187615367584 0.7229167043697089 0.12968750193249434 0.13437500200234354
1 0.6906250102911144 0.2541666799224913 0.36250000540167093 0.3781250056345016
0 0.1507812522468157 0.5385416947538033 0.15468750230502337 0.17031250253785402
0 0.48671875725267455 0.4343750226544216 0.17343750258442014 0.17031250253785402
0 0.5351562579744495 0.9000000469386578 0.1796875026775524 0.15000000223517418
0 0.35781250533182174 0.9000000469386578 0.18750000279396772 0.15000000223517418
0 0.7171875106869265 0.8989583802176639 0.1968750029336661 0.14843750221189111
0 0.3343750049825758 0.22083334485068917 0.18125000270083547 0.15937500237487257
0 0.08046875119907781 0.10416667209938169 0.1578125023515895 0.1531250022817403
0 0.7742187615367584 0.7229167043697089 0.12968750193249434 0.13437500200234354
1 0.6906250102911144 0.2541666799224913 0.36250000540167093 0.3781250056345016
0 0.1507812522468157 0.5385416947538033 0.15468750230502337 0.17031250253785402
0 0.48671875725267455 0.4343750226544216 0.17343750258442014 0.17031250253785402
0 0.5351562579744495 0.9000000469386578 0.1796875026775524 0.15000000223517418
0 0.35781250533182174 0.9000000469386578 0.18750000279396772 0.15000000223517418
0 0.7171875106869265 0.8989583802176639 0.1968750029336661 0.14843750221189111
0 0.3343750049825758 0.22083334485068917 0.18125000270083547 0.15937500237487257
0 0.08046875119907781 0.10416667209938169 0.1578125023515895 0.1531250022817403
0 0.7742187615367584 0.7229167043697089 0.12968750193249434 0.13437500200234354
1 0.6906250102911144 0.2541666799224913 0.36250000540167093 0.3781250056345016
0 0.1507812522468157 0.5385416947538033 0.15468750230502337 0.17031250253785402
0 0.48671875725267455 0.4343750226544216 0.17343750258442014 0.17031250253785402
0 0.5351562579744495 0.9000000469386578 0.1796875026775524 0.15000000223517418
0 0.35781250533182174 0.9000000469386578 0.18750000279396772 0.15000000223517418
0 0.7171875106869265 0.8989583802176639 0.1968750029336661 0.14843750221189111
0 0.3343750049825758 0.22083334485068917 0.18125000270083547 0.15937500237487257
0 0.08046875119907781 0.10416667209938169 0.1578125023515895 0.1531250022817403
0 0.7742187615367584 0.7229167043697089 0.12968750193249434 0.13437500200234354
1 0.6906250102911144 0.2541666799224913 0.36250000540167093 0.3781250056345016
0 0.1507812522468157 0.5385416947538033 0.15468750230502337 0.17031250253785402
0 0.48671875725267455 0.4343750226544216 0.17343750258442014 0.17031250253785402
0 0.5351562579744495 0.9000000469386578 0.1796875026775524 0.15000000223517418
0 0.35781250533182174 0.9000000469386578 0.18750000279396772 0.15000000223517418
0 0.7171875106869265 0.8989583802176639 0.1968750029336661 0.14843750221189111
0 0.3343750049825758 0.22083334485068917 0.18125000270083547 0.15937500237487257
0 0.08046875119907781 0.10416667209938169 0.1578125023515895 0.1531250022817403
0 0.7742187615367584 0.7229167043697089 0.12968750193249434 0.13437500200234354
1 0.6906250102911144 0.2541666799224913 0.36250000540167093 0.3781250056345016
0 0.1507812522468157 0.5385416947538033 0.15468750230502337 0.17031250253785402
0 0.48671875725267455 0.4343750226544216 0.17343750258442014 0.17031250253785402
0 0.5351562579744495 0.9000000469386578 0.1796875026775524 0.15000000223517418
0 0.35781250533182174 0.9000000469386578 0.18750000279396772 0.15000000223517418
0 0.7171875106869265 0.8989583802176639 0.1968750029336661 0.14843750221189111
0 0.3343750049825758 0.22083334485068917 0.18125000270083547 0.15937500237487257
0 0.08046875119907781 0.10416667209938169 0.1578125023515895 0.1531250022817403
0 0.7742187615367584 0.7229167043697089 0.12968750193249434 0.13437500200234354
1 0.6906250102911144 0.2541666799224913 0.36250000540167093 0.3781250056345016
0 0.1507812522468157 0.5385416947538033 0.15468750230502337 0.17031250253785402
0 0.48671875725267455 0.4343750226544216 0.17343750258442014 0.17031250253785402
0 0.5351562579744495 0.9000000469386578 0.1796875026775524 0.15000000223517418
0 0.35781250533182174 0.9000000469386578 0.18750000279396772 0.15000000223517418
0 0.7171875106869265 0.8989583802176639 0.1968750029336661 0.14843750221189111
0 0.3343750049825758 0.22083334485068917 0.18125000270083547 0.15937500237487257
0 0.08046875119907781 0.10416667209938169 0.1578125023515895 0.1531250022817403
0 0.7742187615367584 0.7229167043697089 0.12968750193249434 0.13437500200234354
1 0.6906250102911144 0.2541666799224913 0.36250000540167093 0.3781250056345016
0 0.1507812522468157 0.5385416947538033 0.15468750230502337 0.17031250253785402
0 0.48671875725267455 0.4343750226544216 0.17343750258442014 0.17031250253785402
0 0.5351562579744495 0.9000000469386578 0.1796875026775524 0.15000000223517418
0 0.35781250533182174 0.9000000469386578 0.18750000279396772 0.15000000223517418
0 0.7171875106869265 0.8989583802176639 0.1968750029336661 0.14843750221189111
0 0.3343750049825758 0.22083334485068917 0.18125000270083547 0.15937500237487257
0 0.08046875119907781 0.10416667209938169 0.1578125023515895 0.1531250022817403
0 0.7742187615367584 0.7229167043697089 0.12968750193249434 0.13437500200234354
1 0.6906250102911144 0.2541666799224913 0.36250000540167093 0.3781250056345016
0 0.1507812522468157 0.5385416947538033 0.15468750230502337 0.17031250253785402
0 0.48671875725267455 0.4343750226544216 0.17343750258442014 0.17031250253785402
0 0.5351562579744495 0.9000000469386578 0.1796875026775524 0.15000000223517418
0 0.35781250533182174 0.9000000469386578 0.18750000279396772 0.15000000223517418
0 0.7171875106869265 0.8989583802176639 0.1968750029336661 0.14843750221189111
0 0.3343750049825758 0.22083334485068917 0.18125000270083547 0.15937500237487257
0 0.08046875119907781 0.10416667209938169 0.1578125023515895 0.1531250022817403
0 0.7742187615367584 0.7229167043697089 0.12968750193249434 0.13437500200234354
1 0.6906250102911144 0.2541666799224913 0.36250000540167093 0.3781250056345016
0 0.1507812522468157 0.5385416947538033 0.15468750230502337 0.17031250253785402
0 0.48671875725267455 0.4343750226544216 0.17343750258442014 0.17031250253785402
0 0.5351562579744495 0.9000000469386578 0.1796875026775524 0.15000000223517418
0 0.35781250533182174 0.9000000469386578 0.18750000279396772 0.15000000223517418
0 0.7171875106869265 0.8989583802176639 0.1968750029336661 0.14843750221189111
0 0.3343750049825758 0.22083334485068917 0.18125000270083547 0.15937500237487257
0 0.08046875119907781 0.10416667209938169 0.1578125023515895 0.1531250022817403
0 0.7742187615367584 0.7229167043697089 0.12968750193249434 0.13437500200234354
1 0.6906250102911144 0.2541666799224913 0.36250000540167093 0.3781250056345016
0 0.1507812522468157 0.5385416947538033 0.15468750230502337 0.17031250253785402
0 0.48671875725267455 0.4343750226544216 0.17343750258442014 0.17031250253785402
0 0.5351562579744495 0.9000000469386578 0.1796875026775524 0.15000000223517418
0 0.35781250533182174 0.9000000469386578 0.18750000279396772 0.15000000223517418
0 0.7171875106869265 0.8989583802176639 0.1968750029336661 0.14843750221189111
0 0.3343750049825758 0.22083334485068917 0.18125000270083547 0.15937500237487257
0 0.08046875119907781 0.10416667209938169 0.1578125023515895 0.1531250022817403
0 0.7742187615367584 0.7229167043697089 0.12968750193249434 0.13437500200234354
1 0.6906250102911144 0.2541666799224913 0.36250000540167093 0.3781250056345016
0 0.1507812522468157 0.5385416947538033 0.15468750230502337 0.17031250253785402
0 0.48671875725267455 0.4343750226544216 0.17343750258442014 0.17031250253785402
0 0.5351562579744495 0.9000000469386578 0.1796875026775524 0.15000000223517418
0 0.35781250533182174 0.9000000469386578 0.18750000279396772 0.15000000223517418
0 0.7171875106869265 0.8989583802176639 0.1968750029336661 0.14843750221189111
0 0.3343750049825758 0.22083334485068917 0.18125000270083547 0.15937500237487257
0 0.08046875119907781 0.10416667209938169 0.1578125023515895 0.1531250022817403
0 0.7742187615367584 0.7229167043697089 0.12968750193249434 0.13437500200234354
1 0.6906250102911144 0.2541666799224913 0.36250000540167093 0.3781250056345016
0 0.1507812522468157 0.5385416947538033 0.15468750230502337 0.17031250253785402
0 0.48671875725267455 0.4343750226544216 0.17343750258442014 0.17031250253785402
0 0.5351562579744495 0.9000000469386578 0.1796875026775524 0.15000000223517418
0 0.35781250533182174 0.9000000469386578 0.18750000279396772 0.15000000223517418
0 0.7171875106869265 0.8989583802176639 0.1968750029336661 0.14843750221189111
0 0.3343750049825758 0.22083334485068917 0.18125000270083547 0.15937500237487257
0 0.08046875119907781 0.10416667209938169 0.1578125023515895 0.1531250022817403
0 0.7742187615367584 0.7229167043697089 0.12968750193249434 0.13437500200234354
1 0.6906250102911144 0.2541666799224913 0.36250000540167093 0.3781250056345016
0 0.1507812522468157 0.5385416947538033 0.15468750230502337 0.17031250253785402
0 0.48671875725267455 0.4343750226544216 0.17343750258442014 0.17031250253785402
0 0.5351562579744495 0.9000000469386578 0.1796875026775524 0.15000000223517418
0 0.35781250533182174 0.9000000469386578 0.18750000279396772 0.15000000223517418
0 0.7171875106869265 0.8989583802176639 0.1968750029336661 0.14843750221189111
0 0.3343750049825758 0.22083334485068917 0.18125000270083547 0.15937500237487257
0 0.08046875119907781 0.10416667209938169 0.1578125023515895 0.1531250022817403
0 0.7742187615367584 0.7229167043697089 0.12968750193249434 0.13437500200234354
1 0.6906250102911144 0.2541666799224913 0.36250000540167093 0.3781250056345016
0 0.15078125894069672 0.5385416746139526 0.15468750894069672 0.17031250894069672
0 0.4867187440395355 0.43437501788139343 0.17343750596046448 0.17031250894069672
0 0.53515625 0.9000000357627869 0.1796875 0.15000000596046448
0 0.3578124940395355 0.9000000357627869 0.1875 0.15000000596046448
0 0.7171875238418579 0.8989583849906921 0.19687500596046448 0.1484375
0 0.3343749940395355 0.22083334624767303 0.18125000596046448 0.15937499701976776
0 0.08046875149011612 0.1041666716337204 0.15781250596046448 0.15312500298023224
0 0.774218738079071 0.7229167222976685 0.12968750298023224 0.13437500596046448
1 0.690625011920929 0.25416669249534607 0.36250001192092896 0.37812501192092896
0 0.15078125894069672 0.5385416746139526 0.15468750894069672 0.17031250894069672
0 0.4867187440395355 0.43437501788139343 0.17343750596046448 0.17031250894069672
0 0.53515625 0.9000000357627869 0.1796875 0.15000000596046448
0 0.3578124940395355 0.9000000357627869 0.1875 0.15000000596046448
0 0.7171875238418579 0.8989583849906921 0.19687500596046448 0.1484375
0 0.3343749940395355 0.22083334624767303 0.18125000596046448 0.15937499701976776
0 0.08046875149011612 0.1041666716337204 0.15781250596046448 0.15312500298023224
0 0.774218738079071 0.7229167222976685 0.12968750298023224 0.13437500596046448
1 0.690625011920929 0.25416669249534607 0.36250001192092896 0.37812501192092896
0 0.15078125894069672 0.5385416746139526 0.15468750894069672 0.17031250894069672
0 0.4867187440395355 0.43437501788139343 0.17343750596046448 0.17031250894069672
0 0.53515625 0.9000000357627869 0.1796875 0.15000000596046448
0 0.3578124940395355 0.9000000357627869 0.1875 0.15000000596046448
0 0.7171875238418579 0.8989583849906921 0.19687500596046448 0.1484375
0 0.3343749940395355 0.22083334624767303 0.18125000596046448 0.15937499701976776
0 0.08046875149011612 0.1041666716337204 0.15781250596046448 0.15312500298023224
0 0.774218738079071 0.7229167222976685 0.12968750298023224 0.13437500596046448
1 0.690625011920929 0.25416669249534607 0.36250001192092896 0.37812501192092896
0 0.15078125894069672 0.5385416746139526 0.15468750894069672 0.17031250894069672
0 0.4867187440395355 0.43437501788139343 0.17343750596046448 0.17031250894069672
0 0.53515625 0.9000000357627869 0.1796875 0.15000000596046448
0 0.3578124940395355 0.9000000357627869 0.1875 0.15000000596046448
0 0.7171875238418579 0.8989583849906921 0.19687500596046448 0.1484375
0 0.3343749940395355 0.22083334624767303 0.18125000596046448 0.15937499701976776
0 0.08046875149011612 0.1041666716337204 0.15781250596046448 0.15312500298023224
0 0.774218738079071 0.7229167222976685 0.12968750298023224 0.13437500596046448
1 0.690625011920929 0.25416669249534607 0.36250001192092896 0.37812501192092896
0 0.15078125894069672 0.5385416746139526 0.15468750894069672 0.17031250894069672
0 0.4867187440395355 0.43437501788139343 0.17343750596046448 0.17031250894069672
0 0.53515625 0.9000000357627869 0.1796875 0.15000000596046448
0 0.3578124940395355 0.9000000357627869 0.1875 0.15000000596046448
0 0.7171875238418579 0.8989583849906921 0.19687500596046448 0.1484375
0 0.3343749940395355 0.22083334624767303 0.18125000596046448 0.15937499701976776
0 0.08046875149011612 0.1041666716337204 0.15781250596046448 0.15312500298023224
0 0.774218738079071 0.7229167222976685 0.12968750298023224 0.13437500596046448
1 0.690625011920929 0.25416669249534607 0.36250001192092896 0.37812501192092896
0 0.15078125894069672 0.5385416746139526 0.15468750894069672 0.17031250894069672
0 0.4867187440395355 0.43437501788139343 0.17343750596046448 0.17031250894069672
0 0.53515625 0.9000000357627869 0.1796875 0.15000000596046448
0 0.3578124940395355 0.9000000357627869 0.1875 0.15000000596046448
0 0.7171875238418579 0.8989583849906921 0.19687500596046448 0.1484375
0 0.3343749940395355 0.22083334624767303 0.18125000596046448 0.15937499701976776
0 0.08046875149011612 0.1041666716337204 0.15781250596046448 0.15312500298023224
0 0.774218738079071 0.7229167222976685 0.12968750298023224 0.13437500596046448
1 0.690625011920929 0.25416669249534607 0.36250001192092896 0.37812501192092896
0 0.15078125894069672 0.5385416746139526 0.15468750894069672 0.17031250894069672
0 0.4867187440395355 0.43437501788139343 0.17343750596046448 0.17031250894069672
0 0.53515625 0.9000000357627869 0.1796875 0.15000000596046448
0 0.3578124940395355 0.9000000357627869 0.1875 0.15000000596046448
0 0.7171875238418579 0.8989583849906921 0.19687500596046448 0.1484375
0 0.3343749940395355 0.22083334624767303 0.18125000596046448 0.15937499701976776
0 0.08046875149011612 0.1041666716337204 0.15781250596046448 0.15312500298023224
0 0.774218738079071 0.7229167222976685 0.12968750298023224 0.13437500596046448
1 0.690625011920929 0.25416669249534607 0.36250001192092896 0.37812501192092896
