0 0.8570312627707608 0.5187500270549208 0.2015625030035153 0.16875000251457095
0 0.9078125135274604 0.7239583710907027 0.1750000026077032 0.15156250225845724
0 0.2523437537602149 0.41770835511852056 0.20468750305008143 0.1359375020256266
0 0.28281250421423465 0.6854167024139315 0.0 0.0
0 0.49375000735744834 0.5281250275438651 0.18750000279396772 0.1671875024912879
0 0.9085937635391019 0.12500000651925802 0.18281250272411853 0.1843750027474016
0 0.1289062519208528 0.10729167226236314 0.1578125023515895 0.14531250216532499
0 0.2601562538766302 0.17395834240596741 0.10781250160653144 0.19218750286381692
0 0.5992187589290552 0.8010417084442452 0.14218750211875886 0.18593750277068466
1 0.03828125057043508 0.8031250418862328 0.07343750109430403 0.07656250114087015
1 0.14687500218860805 0.48020835837814957 0.07500000111758709 0.07656250114087015
1 0.47500000707805157 0.1604166750330478 0.3781250056345016 0.23750000353902578
0 0.8570312627707608 0.5187500270549208 0.2015625030035153 0.16875000251457095
0 0.9078125135274604 0.7239583710907027 0.1750000026077032 0.15156250225845724
0 0.2523437537602149 0.41770835511852056 0.20468750305008143 0.1359375020256266
0 0.28281250421423465 0.6854167024139315 0.0 0.0
0 0.49375000735744834 0.5281250275438651 0.18750000279396772 0.1671875024912879
0 0.9085937635391019 0.12500000651925802 0.18281250272411853 0.1843750027474016
0 0.1289062519208528 0.10729167226236314 0.1578125023515895 0.14531250216532499
0 0.2601562538766302 0.17395834240596741 0.10781250160653144 0.19218750286381692
0 0.5992187589290552 0.8010417084442452 0.14218750211875886 0.18593750277068466
1 0.03828125057043508 0.8031250418862328 0.07343750109430403 0.07656250114087015
1 0.14687500218860805 0.48020835837814957 0.07500000111758709 0.07656250114087015
1 0.47500000707805157 0.1604166750330478 0.3781250056345016 0.23750000353902578
0 0.8570312627707608 0.5187500270549208 0.2015625030035153 0.16875000251457095
0 0.9078125135274604 0.7239583710907027 0.1750000026077032 0.15156250225845724
0 0.2523437537602149 0.41770835511852056 0.20468750305008143 0.1359375020256266
0 0.28281250421423465 0.6854167024139315 0.0 0.0
0 0.49375000735744834 0.5281250275438651 0.18750000279396772 0.1671875024912879
0 0.9085937635391019 0.12500000651925802 0.18281250272411853 0.1843750027474016
0 0.1289062519208528 0.10729167226236314 0.1578125023515895 0.14531250216532499
0 0.2601562538766302 0.17395834240596741 0.10781250160653144 0.19218750286381692
0 0.5992187589290552 0.8010417084442452 0.14218750211875886 0.18593750277068466
1 0.03828125057043508 0.8031250418862328 0.07343750109430403 0.07656250114087015
1 0.14687500218860805 0.48020835837814957 0.07500000111758709 0.07656250114087015
1 0.47500000707805157 0.1604166750330478 0.3781250056345016 0.23750000353902578
0 0.8570312627707608 0.5187500270549208 0.2015625030035153 0.16875000251457095
0 0.9078125135274604 0.7239583710907027 0.1750000026077032 0.15156250225845724
0 0.2523437537602149 0.41770835511852056 0.20468750305008143 0.1359375020256266
0 0.28281250421423465 0.6854167024139315 0.0 0.0
0 0.49375000735744834 0.5281250275438651 0.18750000279396772 0.1671875024912879
0 0.9085937635391019 0.12500000651925802 0.18281250272411853 0.1843750027474016
0 0.1289062519208528 0.10729167226236314 0.1578125023515895 0.14531250216532499
0 0.2601562538766302 0.17395834240596741 0.10781250160653144 0.19218750286381692
0 0.5992187589290552 0.8010417084442452 0.14218750211875886 0.18593750277068466
1 0.03828125057043508 0.8031250418862328 0.07343750109430403 0.07656250114087015
1 0.14687500218860805 0.48020835837814957 0.07500000111758709 0.07656250114087015
1 0.47500000707805157 0.1604166750330478 0.3781250056345016 0.23750000353902578
0 0.8570312627707608 0.5187500270549208 0.2015625030035153 0.16875000251457095
0 0.9078125135274604 0.7239583710907027 0.1750000026077032 0.15156250225845724
0 0.2523437537602149 0.41770835511852056 0.20468750305008143 0.1359375020256266
0 0.28281250421423465 0.6854167024139315 0.0 0.0
0 0.49375000735744834 0.5281250275438651 0.18750000279396772 0.1671875024912879
0 0.9085937635391019 0.12500000651925802 0.18281250272411853 0.1843750027474016
0 0.1289062519208528 0.10729167226236314 0.1578125023515895 0.14531250216532499
0 0.2601562538766302 0.17395834240596741 0.10781250160653144 0.19218750286381692
0 0.5992187589290552 0.8010417084442452 0.14218750211875886 0.18593750277068466
1 0.03828125057043508 0.8031250418862328 0.07343750109430403 0.07656250114087015
1 0.14687500218860805 0.48020835837814957 0.07500000111758709 0.07656250114087015
1 0.47500000707805157 0.1604166750330478 0.3781250056345016 0.23750000353902578
0 0.8570312627707608 0.5187500270549208 0.2015625030035153 0.16875000251457095
0 0.9078125135274604 0.7239583710907027 0.1750000026077032 0.15156250225845724
0 0.2523437537602149 0.41770835511852056 0.20468750305008143 0.1359375020256266
0 0.28281250421423465 0.6854167024139315 0.0 0.0
0 0.49375000735744834 0.5281250275438651 0.18750000279396772 0.1671875024912879
0 0.9085937635391019 0.12500000651925802 0.18281250272411853 0.1843750027474016
0 0.1289062519208528 0.10729167226236314 0.1578125023515895 0.14531250216532499
0 0.2601562538766302 0.17395834240596741 0.10781250160653144 0.19218750286381692
0 0.5992187589290552 0.8010417084442452 0.14218750211875886 0.18593750277068466
1 0.03828125057043508 0.8031250418862328 0.07343750109430403 0.07656250114087015
1 0.14687500218860805 0.48020835837814957 0.07500000111758709 0.07656250114087015
1 0.47500000707805157 0.1604166750330478 0.3781250056345016 0.23750000353902578
0 0.8570312627707608 0.5187500270549208 0.2015625030035153 0.16875000251457095
0 0.9078125135274604 0.7239583710907027 0.1750000026077032 0.15156250225845724
0 0.2523437537602149 0.41770835511852056 0.20468750305008143 0.1359375020256266
0 0.28281250421423465 0.6854167024139315 0.0 0.0
0 0.49375000735744834 0.5281250275438651 0.18750000279396772 0.1671875024912879
0 0.9085937635391019 0.12500000651925802 0.18281250272411853 0.1843750027474016
0 0.1289062519208528 0.10729167226236314 0.1578125023515895 0.14531250216532499
0 0.2601562538766302 0.17395834240596741 0.10781250160653144 0.19218750286381692
0 0.5992187589290552 0.8010417084442452 0.14218750211875886 0.18593750277068466
1 0.03828125057043508 0.8031250418862328 0.07343750109430403 0.07656250114087015
1 0.14687500218860805 0.48020835837814957 0.07500000111758709 0.07656250114087015
1 0.47500000707805157 0.1604166750330478 0.3781250056345016 0.23750000353902578
0 0.8570312627707608 0.5187500270549208 0.2015625030035153 0.16875000251457095
0 0.9078125135274604 0.7239583710907027 0.1750000026077032 0.15156250225845724
0 0.2523437537602149 0.41770835511852056 0.20468750305008143 0.1359375020256266
0 0.28281250421423465 0.6854167024139315 0.0 0.0
0 0.49375000735744834 0.5281250275438651 0.18750000279396772 0.1671875024912879
0 0.9085937635391019 0.12500000651925802 0.18281250272411853 0.1843750027474016
0 0.1289062519208528 0.10729167226236314 0.1578125023515895 0.14531250216532499
0 0.2601562538766302 0.17395834240596741 0.10781250160653144 0.19218750286381692
0 0.5992187589290552 0.8010417084442452 0.14218750211875886 0.18593750277068466
1 0.03828125057043508 0.8031250418862328 0.07343750109430403 0.07656250114087015
1 0.14687500218860805 0.48020835837814957 0.07500000111758709 0.07656250114087015
1 0.47500000707805157 0.1604166750330478 0.3781250056345016 0.23750000353902578
0 0.8570312627707608 0.5187500270549208 0.2015625030035153 0.16875000251457095
0 0.9078125135274604 0.7239583710907027 0.1750000026077032 0.15156250225845724
0 0.2523437537602149 0.41770835511852056 0.20468750305008143 0.1359375020256266
0 0.28281250421423465 0.6854167024139315 0.0 0.0
0 0.49375000735744834 0.5281250275438651 0.18750000279396772 0.1671875024912879
0 0.9085937635391019 0.12500000651925802 0.18281250272411853 0.1843750027474016
0 0.1289062519208528 0.10729167226236314 0.1578125023515895 0.14531250216532499
0 0.2601562538766302 0.17395834240596741 0.10781250160653144 0.19218750286381692
0 0.5992187589290552 0.8010417084442452 0.14218750211875886 0.18593750277068466
1 0.03828125057043508 0.8031250418862328 0.07343750109430403 0.07656250114087015
1 0.14687500218860805 0.48020835837814957 0.07500000111758709 0.07656250114087015
1 0.47500000707805157 0.1604166750330478 0.3781250056345016 0.23750000353902578
0 0.8570312627707608 0.5187500270549208 0.2015625030035153 0.16875000251457095
0 0.9078125135274604 0.7239583710907027 0.1750000026077032 0.15156250225845724
0 0.2523437537602149 0.41770835511852056 0.20468750305008143 0.1359375020256266
0 0.28281250421423465 0.6854167024139315 0.0 0.0
0 0.49375000735744834 0.5281250275438651 0.18750000279396772 0.1671875024912879
0 0.9085937635391019 0.12500000651925802 0.18281250272411853 0.1843750027474016
0 0.1289062519208528 0.10729167226236314 0.1578125023515895 0.14531250216532499
0 0.2601562538766302 0.17395834240596741 0.10781250160653144 0.19218750286381692
0 0.5992187589290552 0.8010417084442452 0.14218750211875886 0.18593750277068466
1 0.03828125057043508 0.8031250418862328 0.07343750109430403 0.07656250114087015
1 0.14687500218860805 0.48020835837814957 0.07500000111758709 0.07656250114087015
1 0.47500000707805157 0.1604166750330478 0.3781250056345016 0.23750000353902578
0 0.8570312627707608 0.5187500270549208 0.2015625030035153 0.16875000251457095
0 0.9078125135274604 0.7239583710907027 0.1750000026077032 0.15156250225845724
0 0.2523437537602149 0.41770835511852056 0.20468750305008143 0.1359375020256266
0 0.28281250421423465 0.6854167024139315 0.0 0.0
0 0.49375000735744834 0.5281250275438651 0.18750000279396772 0.1671875024912879
0 0.9085937635391019 0.12500000651925802 0.18281250272411853 0.1843750027474016
0 0.1289062519208528 0.10729167226236314 0.1578125023515895 0.14531250216532499
0 0.2601562538766302 0.17395834240596741 0.10781250160653144 0.19218750286381692
0 0.5992187589290552 0.8010417084442452 0.14218750211875886 0.18593750277068466
1 0.03828125057043508 0.8031250418862328 0.07343750109430403 0.07656250114087015
1 0.14687500218860805 0.48020835837814957 0.07500000111758709 0.07656250114087015
1 0.47500000707805157 0.1604166750330478 0.3781250056345016 0.23750000353902578
0 0.8570312627707608 0.5187500270549208 0.2015625030035153 0.16875000251457095
0 0.9078125135274604 0.7239583710907027 0.1750000026077032 0.15156250225845724
0 0.2523437537602149 0.41770835511852056 0.20468750305008143 0.1359375020256266
0 0.28281250421423465 0.6854167024139315 0.0 0.0
0 0.49375000735744834 0.5281250275438651 0.18750000279396772 0.1671875024912879
0 0.9085937635391019 0.12500000651925802 0.18281250272411853 0.1843750027474016
0 0.1289062519208528 0.10729167226236314 0.1578125023515895 0.14531250216532499
0 0.2601562538766302 0.17395834240596741 0.10781250160653144 0.19218750286381692
0 0.5992187589290552 0.8010417084442452 0.14218750211875886 0.18593750277068466
1 0.03828125057043508 0.8031250418862328 0.07343750109430403 0.07656250114087015
1 0.14687500218860805 0.48020835837814957 0.07500000111758709 0.07656250114087015
1 0.47500000707805157 0.1604166750330478 0.3781250056345016 0.23750000353902578
0 0.8570312627707608 0.5187500270549208 0.2015625030035153 0.16875000251457095
0 0.9078125135274604 0.7239583710907027 0.1750000026077032 0.15156250225845724
0 0.2523437537602149 0.41770835511852056 0.20468750305008143 0.1359375020256266
0 0.28281250421423465 0.6854167024139315 0.0 0.0
0 0.49375000735744834 0.5281250275438651 0.18750000279396772 0.1671875024912879
0 0.9085937635391019 0.12500000651925802 0.18281250272411853 0.1843750027474016
0 0.1289062519208528 0.10729167226236314 0.1578125023515895 0.14531250216532499
0 0.2601562538766302 0.17395834240596741 0.10781250160653144 0.19218750286381692
0 0.5992187589290552 0.8010417084442452 0.14218750211875886 0.18593750277068466
1 0.03828125057043508 0.8031250418862328 0.07343750109430403 0.07656250114087015
1 0.14687500218860805 0.48020835837814957 0.07500000111758709 0.07656250114087015
1 0.47500000707805157 0.1604166750330478 0.3781250056345016 0.23750000353902578
0 0.8570312627707608 0.5187500270549208 0.2015625030035153 0.16875000251457095
0 0.9078125135274604 0.7239583710907027 0.1750000026077032 0.15156250225845724
0 0.2523437537602149 0.41770835511852056 0.20468750305008143 0.1359375020256266
0 0.28281250421423465 0.6854167024139315 0.0 0.0
0 0.49375000735744834 0.5281250275438651 0.18750000279396772 0.1671875024912879
0 0.9085937635391019 0.12500000651925802 0.18281250272411853 0.1843750027474016
0 0.1289062519208528 0.10729167226236314 0.1578125023515895 0.14531250216532499
0 0.2601562538766302 0.17395834240596741 0.10781250160653144 0.19218750286381692
0 0.5992187589290552 0.8010417084442452 0.14218750211875886 0.18593750277068466
2 0.03828125057043508 0.8031250418862328 0.07343750109430403 0.07656250114087015
2 0.14687500218860805 0.48020835837814957 0.07500000111758709 0.07656250114087015
1 0.47500000707805157 0.1604166750330478 0.3781250056345016 0.23750000353902578
0 0.8570312627707608 0.5187500270549208 0.2015625030035153 0.16875000251457095
0 0.9078125135274604 0.7239583710907027 0.1750000026077032 0.15156250225845724
0 0.2523437537602149 0.41770835511852056 0.20468750305008143 0.1359375020256266
0 0.28281250421423465 0.6854167024139315 0.0 0.0
0 0.49375000735744834 0.5281250275438651 0.18750000279396772 0.1671875024912879
0 0.9085937635391019 0.12500000651925802 0.18281250272411853 0.1843750027474016
0 0.1289062519208528 0.10729167226236314 0.1578125023515895 0.14531250216532499
0 0.2601562538766302 0.17395834240596741 0.10781250160653144 0.19218750286381692
0 0.5992187589290552 0.8010417084442452 0.14218750211875886 0.18593750277068466
2 0.03828125057043508 0.8031250418862328 0.07343750109430403 0.07656250114087015
2 0.14687500218860805 0.48020835837814957 0.07500000111758709 0.07656250114087015
1 0.47500000707805157 0.1604166750330478 0.3781250056345016 0.23750000353902578
0 0.8570312857627869 0.518750011920929 0.20156250894069672 0.16875000298023224
0 0.9078125357627869 0.7239583730697632 0.17499999701976776 0.15156249701976776
0 0.2523437440395355 0.4177083671092987 0.20468750596046448 0.13593749701976776
0 0.2828125059604645 0.6854166984558105 0.0 0.0
0 0.4937500059604645 0.5281250476837158 0.1875 0.16718749701976776
0 0.9085937738418579 0.125 0.18281249701976776 0.18437500298023224
0 0.12890625 0.10729166865348816 0.15781250596046448 0.14531250298023224
0 0.2601562440395355 0.17395834624767303 0.10781250149011612 0.19218750298023224
0 0.5992187857627869 0.8010417222976685 0.14218750596046448 0.18593750894069672
2 0.03828125074505806 0.8031250238418579 0.07343750447034836 0.07656250149011612
2 0.14687500894069672 0.4802083671092987 0.07500000298023224 0.07656250149011612
1 0.4749999940395355 0.16041667759418488 0.37812501192092896 0.23749999701976776
0 0.8570312857627869 0.518750011920929 0.20156250894069672 0.16875000298023224
0 0.9078125357627869 0.7239583730697632 0.17499999701976776 0.15156249701976776
0 0.2523437440395355 0.4177083671092987 0.20468750596046448 0.13593749701976776
0 0.2828125059604645 0.6854166984558105 0.0 0.0
0 0.4937500059604645 0.5281250476837158 0.1875 0.16718749701976776
0 0.9085937738418579 0.125 0.18281249701976776 0.18437500298023224
0 0.12890625 0.10729166865348816 0.15781250596046448 0.14531250298023224
0 0.2601562440395355 0.17395834624767303 0.10781250149011612 0.19218750298023224
0 0.5992187857627869 0.8010417222976685 0.14218750596046448 0.18593750894069672
2 0.03828125074505806 0.8031250238418579 0.07343750447034836 0.07656250149011612
2 0.14687500894069672 0.4802083671092987 0.07500000298023224 0.07656250149011612
1 0.4749999940395355 0.16041667759418488 0.37812501192092896 0.23749999701976776
0 0.8570312857627869 0.518750011920929 0.20156250894069672 0.16875000298023224
0 0.9078125357627869 0.7239583730697632 0.17499999701976776 0.15156249701976776
0 0.2523437440395355 0.4177083671092987 0.20468750596046448 0.13593749701976776
0 0.2828125059604645 0.6854166984558105 0.0 0.0
0 0.4937500059604645 0.5281250476837158 0.1875 0.16718749701976776
0 0.9085937738418579 0.125 0.18281249701976776 0.18437500298023224
0 0.12890625 0.10729166865348816 0.15781250596046448 0.14531250298023224
0 0.2601562440395355 0.17395834624767303 0.10781250149011612 0.19218750298023224
0 0.5992187857627869 0.8010417222976685 0.14218750596046448 0.18593750894069672
2 0.03828125074505806 0.8031250238418579 0.07343750447034836 0.07656250149011612
2 0.14687500894069672 0.4802083671092987 0.07500000298023224 0.07656250149011612
1 0.4749999940395355 0.16041667759418488 0.37812501192092896 0.23749999701976776
0 0.8570312857627869 0.518750011920929 0.20156250894069672 0.16875000298023224
0 0.9078125357627869 0.7239583730697632 0.17499999701976776 0.15156249701976776
0 0.2523437440395355 0.4177083671092987 0.20468750596046448 0.13593749701976776
0 0.2828125059604645 0.6854166984558105 0.0 0.0
0 0.4937500059604645 0.5281250476837158 0.1875 0.16718749701976776
0 0.9085937738418579 0.125 0.18281249701976776 0.18437500298023224
0 0.12890625 0.10729166865348816 0.15781250596046448 0.14531250298023224
0 0.2601562440395355 0.17395834624767303 0.10781250149011612 0.19218750298023224
0 0.5992187857627869 0.8010417222976685 0.14218750596046448 0.18593750894069672
2 0.03828125074505806 0.8031250238418579 0.07343750447034836 0.07656250149011612
2 0.14687500894069672 0.4802083671092987 0.07500000298023224 0.07656250149011612
1 0.4749999940395355 0.16041667759418488 0.37812501192092896 0.23749999701976776
0 0.8570312857627869 0.518750011920929 0.20156250894069672 0.16875000298023224
0 0.9078125357627869 0.7239583730697632 0.17499999701976776 0.15156249701976776
0 0.2523437440395355 0.4177083671092987 0.20468750596046448 0.13593749701976776
0 0.2828125059604645 0.6854166984558105 0.0 0.0
0 0.4937500059604645 0.5281250476837158 0.1875 0.16718749701976776
0 0.9085937738418579 0.125 0.18281249701976776 0.18437500298023224
0 0.12890625 0.10729166865348816 0.15781250596046448 0.14531250298023224
0 0.2601562440395355 0.17395834624767303 0.10781250149011612 0.19218750298023224
0 0.5992187857627869 0.8010417222976685 0.14218750596046448 0.18593750894069672
2 0.03828125074505806 0.8031250238418579 0.07343750447034836 0.07656250149011612
2 0.14687500894069672 0.4802083671092987 0.07500000298023224 0.07656250149011612
1 0.4749999940395355 0.16041667759418488 0.37812501192092896 0.23749999701976776
0 0.8570312857627869 0.518750011920929 0.20156250894069672 0.16875000298023224
0 0.9078125357627869 0.7239583730697632 0.17499999701976776 0.15156249701976776
0 0.2523437440395355 0.4177083671092987 0.20468750596046448 0.13593749701976776
0 0.2828125059604645 0.6854166984558105 0.0 0.0
0 0.4937500059604645 0.5281250476837158 0.1875 0.16718749701976776
0 0.9085937738418579 0.125 0.18281249701976776 0.18437500298023224
0 0.12890625 0.10729166865348816 0.15781250596046448 0.14531250298023224
0 0.2601562440395355 0.17395834624767303 0.10781250149011612 0.19218750298023224
0 0.5992187857627869 0.8010417222976685 0.14218750596046448 0.18593750894069672
2 0.03828125074505806 0.8031250238418579 0.07343750447034836 0.07656250149011612
2 0.14687500894069672 0.4802083671092987 0.07500000298023224 0.07656250149011612
1 0.4749999940395355 0.16041667759418488 0.37812501192092896 0.23749999701976776
0 0.8570312857627869 0.518750011920929 0.20156250894069672 0.16875000298023224
0 0.9078125357627869 0.7239583730697632 0.17499999701976776 0.15156249701976776
0 0.2523437440395355 0.4177083671092987 0.20468750596046448 0.13593749701976776
0 0.2828125059604645 0.6854166984558105 0.0 0.0
0 0.4937500059604645 0.5281250476837158 0.1875 0.16718749701976776
0 0.9085937738418579 0.125 0.18281249701976776 0.18437500298023224
0 0.12890625 0.10729166865348816 0.15781250596046448 0.14531250298023224
0 0.2601562440395355 0.17395834624767303 0.10781250149011612 0.19218750298023224
0 0.5992187857627869 0.8010417222976685 0.14218750596046448 0.18593750894069672
2 0.03828125074505806 0.8031250238418579 0.07343750447034836 0.07656250149011612
2 0.14687500894069672 0.4802083671092987 0.07500000298023224 0.07656250149011612
1 0.4749999940395355 0.16041667759418488 0.37812501192092896 0.23749999701976776
