0 0.1796875026775524 0.8447917107259855 0.15000000223517418 0.14531250216532499
0 0.6046875090105459 0.9031250471016392 0.15000000223517418 0.14531250216532499
0 0.7242187607917003 0.7812500407453626 0.17656250263098627 0.14687500218860805
0 0.7718750115018338 0.5729166965465993 0.15625000232830644 0.14375000214204192
0 0.7359375109663233 0.3635416856268421 0.15937500237487257 0.15156250225845724
0 0.6187500092200935 0.5250000273808837 0.13750000204890966 0.15625000232830644
0 0.27109375403961167 0.3156250164611265 0.17031250253785402 0.14843750221189111
0 0.5382812580210157 0.27291668090038 0.1796875026775524 0.17812500265426934
0 0.1601562523865141 0.14062500733416528 0.17343750258442014 0.17343750258442014
0 0.38515625573927537 0.11666667275130749 0.19218750286381692 0.17187500256113708
0 0.15234375227009878 0.47187502461019903 0.17031250253785402 0.14843750221189111
0 0.08593750128056854 0.5531250288477167 0.16875000251457095 0.14843750221189111
0 0.4132812561583705 0.45416669035330415 0.17656250263098627 0.1625000024214387
0 0.838281262491364 0.16250000847503543 0.1796875026775524 0.17812500265426934
0 0.9085937635391019 0.41770835511852056 0.16406250244472176 0.1671875024912879
0 0.9023437634459697 0.8885417130077258 0.16406250244472176 0.1671875024912879
0 0.9312500138767064 0.6281250327592716 0.13750000204890966 0.1578125023515895
0 0.5562500082887709 0.08333333767950535 0.15937500237487257 0.12187500181607902
1 0.40859375608852133 0.767708373372443 0.33906250505242497 0.3296875049127266
0 0.1796875026775524 0.8447917107259855 0.15000000223517418 0.14531250216532499
0 0.6046875090105459 0.9031250471016392 0.15000000223517418 0.14531250216532499
0 0.7242187607917003 0.7812500407453626 0.17656250263098627 0.14687500218860805
0 0.7718750115018338 0.5729166965465993 0.15625000232830644 0.14375000214204192
0 0.7359375109663233 0.3635416856268421 0.15937500237487257 0.15156250225845724
0 0.6187500092200935 0.5250000273808837 0.13750000204890966 0.15625000232830644
0 0.27109375403961167 0.3156250164611265 0.17031250253785402 0.14843750221189111
0 0.5382812580210157 0.27291668090038 0.1796875026775524 0.17812500265426934
0 0.1601562523865141 0.14062500733416528 0.17343750258442014 0.17343750258442014
0 0.38515625573927537 0.11666667275130749 0.19218750286381692 0.17187500256113708
0 0.15234375227009878 0.47187502461019903 0.17031250253785402 0.14843750221189111
0 0.08593750128056854 0.5531250288477167 0.16875000251457095 0.14843750221189111
0 0.4132812561583705 0.45416669035330415 0.17656250263098627 0.1625000024214387
0 0.838281262491364 0.16250000847503543 0.1796875026775524 0.17812500265426934
0 0.9085937635391019 0.41770835511852056 0.16406250244472176 0.1671875024912879
0 0.9023437634459697 0.8885417130077258 0.16406250244472176 0.1671875024912879
0 0.9312500138767064 0.6281250327592716 0.13750000204890966 0.1578125023515895
0 0.5562500082887709 0.08333333767950535 0.15937500237487257 0.12187500181607902
1 0.40859375608852133 0.767708373372443 0.33906250505242497 0.3296875049127266
0 0.1796875026775524 0.8447917107259855 0.15000000223517418 0.14531250216532499
0 0.6046875090105459 0.9031250471016392 0.15000000223517418 0.14531250216532499
0 0.7242187607917003 0.7812500407453626 0.17656250263098627 0.14687500218860805
0 0.7718750115018338 0.5729166965465993 0.15625000232830644 0.14375000214204192
0 0.7359375109663233 0.3635416856268421 0.15937500237487257 0.15156250225845724
0 0.6187500092200935 0.5250000273808837 0.13750000204890966 0.15625000232830644
0 0.27109375403961167 0.3156250164611265 0.17031250253785402 0.14843750221189111
0 0.5382812580210157 0.27291668090038 0.1796875026775524 0.17812500265426934
0 0.1601562523865141 0.14062500733416528 0.17343750258442014 0.17343750258442014
0 0.38515625573927537 0.11666667275130749 0.19218750286381692 0.17187500256113708
0 0.15234375227009878 0.47187502461019903 0.17031250253785402 0.14843750221189111
0 0.08593750128056854 0.5531250288477167 0.16875000251457095 0.14843750221189111
0 0.4132812561583705 0.45416669035330415 0.17656250263098627 0.1625000024214387
0 0.838281262491364 0.16250000847503543 0.1796875026775524 0.17812500265426934
0 0.9085937635391019 0.41770835511852056 0.16406250244472176 0.1671875024912879
0 0.9023437634459697 0.8885417130077258 0.16406250244472176 0.1671875024912879
0 0.9312500138767064 0.6281250327592716 0.13750000204890966 0.1578125023515895
0 0.5562500082887709 0.08333333767950535 0.15937500237487257 0.12187500181607902
1 0.40859375608852133 0.767708373372443 0.33906250505242497 0.3296875049127266
0 0.1796875026775524 0.8447917107259855 0.15000000223517418 0.14531250216532499
0 0.6046875090105459 0.9031250471016392 0.15000000223517418 0.14531250216532499
0 0.7242187607917003 0.7812500407453626 0.17656250263098627 0.14687500218860805
0 0.7718750115018338 0.5729166965465993 0.15625000232830644 0.14375000214204192
0 0.7359375109663233 0.3635416856268421 0.15937500237487257 0.15156250225845724
0 0.6187500092200935 0.5250000273808837 0.13750000204890966 0.15625000232830644
0 0.27109375403961167 0.3156250164611265 0.17031250253785402 0.14843750221189111
0 0.5382812580210157 0.27291668090038 0.1796875026775524 0.17812500265426934
0 0.1601562523865141 0.14062500733416528 0.17343750258442014 0.17343750258442014
0 0.38515625573927537 0.11666667275130749 0.19218750286381692 0.17187500256113708
0 0.15234375227009878 0.47187502461019903 0.17031250253785402 0.14843750221189111
0 0.08593750128056854 0.5531250288477167 0.16875000251457095 0.14843750221189111
0 0.4132812561583705 0.45416669035330415 0.17656250263098627 0.1625000024214387
0 0.838281262491364 0.16250000847503543 0.1796875026775524 0.17812500265426934
0 0.9085937635391019 0.41770835511852056 0.16406250244472176 0.1671875024912879
0 0.9023437634459697 0.8885417130077258 0.16406250244472176 0.1671875024912879
0 0.9312500138767064 0.6281250327592716 0.13750000204890966 0.1578125023515895
0 0.5562500082887709 0.08333333767950535 0.15937500237487257 0.12187500181607902
1 0.40859375608852133 0.767708373372443 0.33906250505242497 0.3296875049127266
0 0.1796875026775524 0.8447917107259855 0.15000000223517418 0.14531250216532499
0 0.6046875090105459 0.9031250471016392 0.15000000223517418 0.14531250216532499
0 0.7242187607917003 0.7812500407453626 0.17656250263098627 0.14687500218860805
0 0.7718750115018338 0.5729166965465993 0.15625000232830644 0.14375000214204192
0 0.7359375109663233 0.3635416856268421 0.15937500237487257 0.15156250225845724
0 0.6187500092200935 0.5250000273808837 0.13750000204890966 0.15625000232830644
0 0.27109375403961167 0.3156250164611265 0.17031250253785402 0.14843750221189111
0 0.5382812580210157 0.27291668090038 0.1796875026775524 0.17812500265426934
0 0.1601562523865141 0.14062500733416528 0.17343750258442014 0.17343750258442014
0 0.38515625573927537 0.11666667275130749 0.19218750286381692 0.17187500256113708
0 0.15234375227009878 0.47187502461019903 0.17031250253785402 0.14843750221189111
0 0.08593750128056854 0.5531250288477167 0.16875000251457095 0.14843750221189111
0 0.4132812561583705 0.45416669035330415 0.17656250263098627 0.1625000024214387
0 0.838281262491364 0.16250000847503543 0.1796875026775524 0.17812500265426934
0 0.9085937635391019 0.41770835511852056 0.16406250244472176 0.1671875024912879
0 0.9023437634459697 0.8885417130077258 0.16406250244472176 0.1671875024912879
0 0.9312500138767064 0.6281250327592716 0.13750000204890966 0.1578125023515895
0 0.5562500082887709 0.08333333767950535 0.15937500237487257 0.12187500181607902
1 0.40859375608852133 0.767708373372443 0.33906250505242497 0.3296875049127266
0 0.1796875026775524 0.8447917107259855 0.15000000223517418 0.14531250216532499
0 0.6046875090105459 0.9031250471016392 0.15000000223517418 0.14531250216532499
0 0.7242187607917003 0.7812500407453626 0.17656250263098627 0.14687500218860805
0 0.7718750115018338 0.5729166965465993 0.15625000232830644 0.14375000214204192
0 0.7359375109663233 0.3635416856268421 0.15937500237487257 0.15156250225845724
0 0.6187500092200935 0.5250000273808837 0.13750000204890966 0.15625000232830644
0 0.27109375403961167 0.3156250164611265 0.17031250253785402 0.14843750221189111
0 0.5382812580210157 0.27291668090038 0.1796875026775524 0.17812500265426934
0 0.1601562523865141 0.14062500733416528 0.17343750258442014 0.17343750258442014
0 0.38515625573927537 0.11666667275130749 0.19218750286381692 0.17187500256113708
0 0.15234375227009878 0.47187502461019903 0.17031250253785402 0.14843750221189111
0 0.08593750128056854 0.5531250288477167 0.16875000251457095 0.14843750221189111
0 0.4132812561583705 0.45416669035330415 0.17656250263098627 0.1625000024214387
0 0.838281262491364 0.16250000847503543 0.1796875026775524 0.17812500265426934
0 0.9085937635391019 0.41770835511852056 0.16406250244472176 0.1671875024912879
0 0.9023437634459697 0.8885417130077258 0.16406250244472176 0.1671875024912879
0 0.9312500138767064 0.6281250327592716 0.13750000204890966 0.1578125023515895
0 0.5562500082887709 0.08333333767950535 0.15937500237487257 0.12187500181607902
1 0.40859375608852133 0.767708373372443 0.33906250505242497 0.3296875049127266
0 0.1796875026775524 0.8447917107259855 0.15000000223517418 0.14531250216532499
0 0.6046875090105459 0.9031250471016392 0.15000000223517418 0.14531250216532499
0 0.7242187607917003 0.7812500407453626 0.17656250263098627 0.14687500218860805
0 0.7718750115018338 0.5729166965465993 0.15625000232830644 0.14375000214204192
0 0.7359375109663233 0.3635416856268421 0.15937500237487257 0.15156250225845724
0 0.6187500092200935 0.5250000273808837 0.13750000204890966 0.15625000232830644
0 0.27109375403961167 0.3156250164611265 0.17031250253785402 0.14843750221189111
0 0.5382812580210157 0.27291668090038 0.1796875026775524 0.17812500265426934
0 0.1601562523865141 0.14062500733416528 0.17343750258442014 0.17343750258442014
0 0.38515625573927537 0.11666667275130749 0.19218750286381692 0.17187500256113708
0 0.15234375227009878 0.47187502461019903 0.17031250253785402 0.14843750221189111
0 0.08593750128056854 0.5531250288477167 0.16875000251457095 0.14843750221189111
0 0.4132812561583705 0.45416669035330415 0.17656250263098627 0.1625000024214387
0 0.838281262491364 0.16250000847503543 0.1796875026775524 0.17812500265426934
0 0.9085937635391019 0.41770835511852056 0.16406250244472176 0.1671875024912879
0 0.9023437634459697 0.8885417130077258 0.16406250244472176 0.1671875024912879
0 0.9312500138767064 0.6281250327592716 0.13750000204890966 0.1578125023515895
0 0.5562500082887709 0.08333333767950535 0.15937500237487257 0.12187500181607902
1 0.40859375608852133 0.767708373372443 0.33906250505242497 0.3296875049127266
0 0.1796875026775524 0.8447917107259855 0.15000000223517418 0.14531250216532499
0 0.6046875090105459 0.9031250471016392 0.15000000223517418 0.14531250216532499
0 0.7242187607917003 0.7812500407453626 0.17656250263098627 0.14687500218860805
0 0.7718750115018338 0.5729166965465993 0.15625000232830644 0.14375000214204192
0 0.7359375109663233 0.3635416856268421 0.15937500237487257 0.15156250225845724
0 0.6187500092200935 0.5250000273808837 0.13750000204890966 0.15625000232830644
0 0.27109375403961167 0.3156250164611265 0.17031250253785402 0.14843750221189111
0 0.5382812580210157 0.27291668090038 0.1796875026775524 0.17812500265426934
0 0.1601562523865141 0.14062500733416528 0.17343750258442014 0.17343750258442014
0 0.38515625573927537 0.11666667275130749 0.19218750286381692 0.17187500256113708
0 0.15234375227009878 0.47187502461019903 0.17031250253785402 0.14843750221189111
0 0.08593750128056854 0.5531250288477167 0.16875000251457095 0.14843750221189111
0 0.4132812561583705 0.45416669035330415 0.17656250263098627 0.1625000024214387
0 0.838281262491364 0.16250000847503543 0.1796875026775524 0.17812500265426934
0 0.9085937635391019 0.41770835511852056 0.16406250244472176 0.1671875024912879
0 0.9023437634459697 0.8885417130077258 0.16406250244472176 0.1671875024912879
0 0.9312500138767064 0.6281250327592716 0.13750000204890966 0.1578125023515895
0 0.5562500082887709 0.08333333767950535 0.15937500237487257 0.12187500181607902
1 0.40859375608852133 0.767708373372443 0.33906250505242497 0.3296875049127266
0 0.1796875026775524 0.8447917107259855 0.15000000223517418 0.14531250216532499
0 0.6046875090105459 0.9031250471016392 0.15000000223517418 0.14531250216532499
0 0.7242187607917003 0.7812500407453626 0.17656250263098627 0.14687500218860805
0 0.7718750115018338 0.5729166965465993 0.15625000232830644 0.14375000214204192
0 0.7359375109663233 0.3635416856268421 0.15937500237487257 0.15156250225845724
0 0.6187500092200935 0.5250000273808837 0.13750000204890966 0.15625000232830644
0 0.27109375403961167 0.3156250164611265 0.17031250253785402 0.14843750221189111
0 0.5382812580210157 0.27291668090038 0.1796875026775524 0.17812500265426934
0 0.1601562523865141 0.14062500733416528 0.17343750258442014 0.17343750258442014
0 0.38515625573927537 0.11666667275130749 0.19218750286381692 0.17187500256113708
0 0.15234375227009878 0.47187502461019903 0.17031250253785402 0.14843750221189111
0 0.08593750128056854 0.5531250288477167 0.16875000251457095 0.14843750221189111
0 0.4132812561583705 0.45416669035330415 0.17656250263098627 0.1625000024214387
0 0.838281262491364 0.16250000847503543 0.1796875026775524 0.17812500265426934
0 0.9085937635391019 0.41770835511852056 0.16406250244472176 0.1671875024912879
0 0.9023437634459697 0.8885417130077258 0.16406250244472176 0.1671875024912879
0 0.9312500138767064 0.6281250327592716 0.13750000204890966 0.1578125023515895
0 0.5562500082887709 0.08333333767950535 0.15937500237487257 0.12187500181607902
1 0.40859375608852133 0.767708373372443 0.33906250505242497 0.3296875049127266
0 0.1796875026775524 0.8447917107259855 0.15000000223517418 0.14531250216532499
0 0.6046875090105459 0.9031250471016392 0.15000000223517418 0.14531250216532499
0 0.7242187607917003 0.7812500407453626 0.17656250263098627 0.14687500218860805
0 0.7718750115018338 0.5729166965465993 0.15625000232830644 0.14375000214204192
0 0.7359375109663233 0.3635416856268421 0.15937500237487257 0.15156250225845724
0 0.6187500092200935 0.5250000273808837 0.13750000204890966 0.15625000232830644
0 0.27109375403961167 0.3156250164611265 0.17031250253785402 0.14843750221189111
0 0.5382812580210157 0.27291668090038 0.1796875026775524 0.17812500265426934
0 0.1601562523865141 0.14062500733416528 0.17343750258442014 0.17343750258442014
0 0.38515625573927537 0.11666667275130749 0.19218750286381692 0.17187500256113708
0 0.15234375227009878 0.47187502461019903 0.17031250253785402 0.14843750221189111
0 0.08593750128056854 0.5531250288477167 0.16875000251457095 0.14843750221189111
0 0.4132812561583705 0.45416669035330415 0.17656250263098627 0.1625000024214387
0 0.838281262491364 0.16250000847503543 0.1796875026775524 0.17812500265426934
0 0.9085937635391019 0.41770835511852056 0.16406250244472176 0.1671875024912879
0 0.9023437634459697 0.8885417130077258 0.16406250244472176 0.1671875024912879
0 0.9312500138767064 0.6281250327592716 0.13750000204890966 0.1578125023515895
0 0.5562500082887709 0.08333333767950535 0.15937500237487257 0.12187500181607902
1 0.40859375608852133 0.767708373372443 0.33906250505242497 0.3296875049127266
0 0.1796875026775524 0.8447917107259855 0.15000000223517418 0.14531250216532499
0 0.6046875090105459 0.9031250471016392 0.15000000223517418 0.14531250216532499
0 0.7242187607917003 0.7812500407453626 0.17656250263098627 0.14687500218860805
0 0.7718750115018338 0.5729166965465993 0.15625000232830644 0.14375000214204192
0 0.7359375109663233 0.3635416856268421 0.15937500237487257 0.15156250225845724
0 0.6187500092200935 0.5250000273808837 0.13750000204890966 0.15625000232830644
0 0.27109375403961167 0.3156250164611265 0.17031250253785402 0.14843750221189111
0 0.5382812580210157 0.27291668090038 0.1796875026775524 0.17812500265426934
0 0.1601562523865141 0.14062500733416528 0.17343750258442014 0.17343750258442014
0 0.38515625573927537 0.11666667275130749 0.19218750286381692 0.17187500256113708
0 0.15234375227009878 0.47187502461019903 0.17031250253785402 0.14843750221189111
0 0.08593750128056854 0.5531250288477167 0.16875000251457095 0.14843750221189111
0 0.4132812561583705 0.45416669035330415 0.17656250263098627 0.1625000024214387
0 0.838281262491364 0.16250000847503543 0.1796875026775524 0.17812500265426934
0 0.9085937635391019 0.41770835511852056 0.16406250244472176 0.1671875024912879
0 0.9023437634459697 0.8885417130077258 0.16406250244472176 0.1671875024912879
0 0.9312500138767064 0.6281250327592716 0.13750000204890966 0.1578125023515895
0 0.5562500082887709 0.08333333767950535 0.15937500237487257 0.12187500181607902
1 0.40859375608852133 0.767708373372443 0.33906250505242497 0.3296875049127266
0 0.1796875026775524 0.8447917107259855 0.15000000223517418 0.14531250216532499
0 0.6046875090105459 0.9031250471016392 0.15000000223517418 0.14531250216532499
0 0.7242187607917003 0.7812500407453626 0.17656250263098627 0.14687500218860805
0 0.7718750115018338 0.5729166965465993 0.15625000232830644 0.14375000214204192
0 0.7359375109663233 0.3635416856268421 0.15937500237487257 0.15156250225845724
0 0.6187500092200935 0.5250000273808837 0.13750000204890966 0.15625000232830644
0 0.27109375403961167 0.3156250164611265 0.17031250253785402 0.14843750221189111
0 0.5382812580210157 0.27291668090038 0.1796875026775524 0.17812500265426934
0 0.1601562523865141 0.14062500733416528 0.17343750258442014 0.17343750258442014
0 0.38515625573927537 0.11666667275130749 0.19218750286381692 0.17187500256113708
0 0.15234375227009878 0.47187502461019903 0.17031250253785402 0.14843750221189111
0 0.08593750128056854 0.5531250288477167 0.16875000251457095 0.14843750221189111
0 0.4132812561583705 0.45416669035330415 0.17656250263098627 0.1625000024214387
0 0.838281262491364 0.16250000847503543 0.1796875026775524 0.17812500265426934
0 0.9085937635391019 0.41770835511852056 0.16406250244472176 0.1671875024912879
0 0.9023437634459697 0.8885417130077258 0.16406250244472176 0.1671875024912879
0 0.9312500138767064 0.6281250327592716 0.13750000204890966 0.1578125023515895
0 0.5562500082887709 0.08333333767950535 0.15937500237487257 0.12187500181607902
1 0.40859375608852133 0.767708373372443 0.33906250505242497 0.3296875049127266
0 0.1796875026775524 0.8447917107259855 0.15000000223517418 0.14531250216532499
0 0.6046875090105459 0.9031250471016392 0.15000000223517418 0.14531250216532499
0 0.7242187607917003 0.7812500407453626 0.17656250263098627 0.14687500218860805
0 0.7718750115018338 0.5729166965465993 0.15625000232830644 0.14375000214204192
0 0.7359375109663233 0.3635416856268421 0.15937500237487257 0.15156250225845724
0 0.6187500092200935 0.5250000273808837 0.13750000204890966 0.15625000232830644
0 0.27109375403961167 0.3156250164611265 0.17031250253785402 0.14843750221189111
0 0.5382812580210157 0.27291668090038 0.1796875026775524 0.17812500265426934
0 0.1601562523865141 0.14062500733416528 0.17343750258442014 0.17343750258442014
0 0.38515625573927537 0.11666667275130749 0.19218750286381692 0.17187500256113708
0 0.15234375227009878 0.47187502461019903 0.17031250253785402 0.14843750221189111
0 0.08593750128056854 0.5531250288477167 0.16875000251457095 0.14843750221189111
0 0.4132812561583705 0.45416669035330415 0.17656250263098627 0.1625000024214387
0 0.838281262491364 0.16250000847503543 0.1796875026775524 0.17812500265426934
0 0.9085937635391019 0.41770835511852056 0.16406250244472176 0.1671875024912879
0 0.9023437634459697 0.8885417130077258 0.16406250244472176 0.1671875024912879
0 0.9312500138767064 0.6281250327592716 0.13750000204890966 0.1578125023515895
0 0.5562500082887709 0.08333333767950535 0.15937500237487257 0.12187500181607902
1 0.40859375608852133 0.767708373372443 0.33906250505242497 0.3296875049127266
0 0.1796875026775524 0.8447917107259855 0.15000000223517418 0.14531250216532499
0 0.6046875090105459 0.9031250471016392 0.15000000223517418 0.14531250216532499
0 0.7242187607917003 0.7812500407453626 0.17656250263098627 0.14687500218860805
0 0.7718750115018338 0.5729166965465993 0.15625000232830644 0.14375000214204192
0 0.7359375109663233 0.3635416856268421 0.15937500237487257 0.15156250225845724
0 0.6187500092200935 0.5250000273808837 0.13750000204890966 0.15625000232830644
0 0.27109375403961167 0.3156250164611265 0.17031250253785402 0.14843750221189111
0 0.5382812580210157 0.27291668090038 0.1796875026775524 0.17812500265426934
0 0.1601562523865141 0.14062500733416528 0.17343750258442014 0.17343750258442014
0 0.38515625573927537 0.11666667275130749 0.19218750286381692 0.17187500256113708
0 0.15234375227009878 0.47187502461019903 0.17031250253785402 0.14843750221189111
0 0.08593750128056854 0.5531250288477167 0.16875000251457095 0.14843750221189111
0 0.4132812561583705 0.45416669035330415 0.17656250263098627 0.1625000024214387
0 0.838281262491364 0.16250000847503543 0.1796875026775524 0.17812500265426934
0 0.9085937635391019 0.41770835511852056 0.16406250244472176 0.1671875024912879
0 0.9023437634459697 0.8885417130077258 0.16406250244472176 0.1671875024912879
0 0.9312500138767064 0.6281250327592716 0.13750000204890966 0.1578125023515895
0 0.5562500082887709 0.08333333767950535 0.15937500237487257 0.12187500181607902
1 0.40859375608852133 0.767708373372443 0.33906250505242497 0.3296875049127266
0 0.1796875026775524 0.8447917107259855 0.15000000223517418 0.14531250216532499
0 0.6046875090105459 0.9031250471016392 0.15000000223517418 0.14531250216532499
0 0.7242187607917003 0.7812500407453626 0.17656250263098627 0.14687500218860805
0 0.7718750115018338 0.5729166965465993 0.15625000232830644 0.14375000214204192
0 0.7359375109663233 0.3635416856268421 0.15937500237487257 0.15156250225845724
0 0.6187500092200935 0.5250000273808837 0.13750000204890966 0.15625000232830644
0 0.27109375403961167 0.3156250164611265 0.17031250253785402 0.14843750221189111
0 0.5382812580210157 0.27291668090038 0.1796875026775524 0.17812500265426934
0 0.1601562523865141 0.14062500733416528 0.17343750258442014 0.17343750258442014
0 0.38515625573927537 0.11666667275130749 0.19218750286381692 0.17187500256113708
0 0.15234375227009878 0.47187502461019903 0.17031250253785402 0.14843750221189111
0 0.08593750128056854 0.5531250288477167 0.16875000251457095 0.14843750221189111
0 0.4132812561583705 0.45416669035330415 0.17656250263098627 0.1625000024214387
0 0.838281262491364 0.16250000847503543 0.1796875026775524 0.17812500265426934
0 0.9085937635391019 0.41770835511852056 0.16406250244472176 0.1671875024912879
0 0.9023437634459697 0.8885417130077258 0.16406250244472176 0.1671875024912879
0 0.9312500138767064 0.6281250327592716 0.13750000204890966 0.1578125023515895
0 0.5562500082887709 0.08333333767950535 0.15937500237487257 0.12187500181607902
1 0.40859375608852133 0.767708373372443 0.33906250505242497 0.3296875049127266
0 0.1796875 0.8447917103767395 0.15000000596046448 0.14531250298023224
0 0.604687511920929 0.9031250476837158 0.15000000596046448 0.14531250298023224
0 0.7242187857627869 0.7812500596046448 0.17656250298023224 0.14687500894069672
0 0.7718750238418579 0.5729166865348816 0.15625 0.14374999701976776
0 0.7359375357627869 0.36354169249534607 0.15937499701976776 0.15156249701976776
0 0.6187500357627869 0.5250000357627869 0.13750000298023224 0.15625
0 0.2710937559604645 0.31562501192092896 0.17031250894069672 0.1484375
0 0.538281261920929 0.27291667461395264 0.1796875 0.17812500894069672
0 0.16015625 0.140625 0.17343750596046448 0.17343750596046448
0 0.3851562440395355 0.11666667461395264 0.19218750298023224 0.171875
0 0.15234375 0.47187501192092896 0.17031250894069672 0.1484375
0 0.0859375 0.5531250238418579 0.16875000298023224 0.1484375
0 0.41328126192092896 0.4541666805744171 0.17656250298023224 0.16250000894069672
0 0.8382812738418579 0.16250000894069672 0.1796875 0.17812500894069672
0 0.9085937738418579 0.4177083671092987 0.1640625 0.16718749701976776
0 0.90234375 0.8885416984558105 0.1640625 0.16718749701976776
0 0.9312500357627869 0.628125011920929 0.13750000298023224 0.15781250596046448
0 0.5562500357627869 0.0833333358168602 0.15937499701976776 0.12187500298023224
1 0.4085937440395355 0.7677083611488342 0.33906251192092896 0.3296875059604645
0 0.1796875 0.8447917103767395 0.15000000596046448 0.14531250298023224
0 0.604687511920929 0.9031250476837158 0.15000000596046448 0.14531250298023224
0 0.7242187857627869 0.7812500596046448 0.17656250298023224 0.14687500894069672
0 0.7718750238418579 0.5729166865348816 0.15625 0.14374999701976776
0 0.7359375357627869 0.36354169249534607 0.15937499701976776 0.15156249701976776
0 0.6187500357627869 0.5250000357627869 0.13750000298023224 0.15625
0 0.2710937559604645 0.31562501192092896 0.17031250894069672 0.1484375
0 0.538281261920929 0.27291667461395264 0.1796875 0.17812500894069672
0 0.16015625 0.140625 0.17343750596046448 0.17343750596046448
0 0.3851562440395355 0.11666667461395264 0.19218750298023224 0.171875
0 0.15234375 0.47187501192092896 0.17031250894069672 0.1484375
0 0.0859375 0.5531250238418579 0.16875000298023224 0.1484375
0 0.41328126192092896 0.4541666805744171 0.17656250298023224 0.16250000894069672
0 0.8382812738418579 0.16250000894069672 0.1796875 0.17812500894069672
0 0.9085937738418579 0.4177083671092987 0.1640625 0.16718749701976776
0 0.90234375 0.8885416984558105 0.1640625 0.16718749701976776
0 0.9312500357627869 0.628125011920929 0.13750000298023224 0.15781250596046448
0 0.5562500357627869 0.0833333358168602 0.15937499701976776 0.12187500298023224
1 0.4085937440395355 0.7677083611488342 0.33906251192092896 0.3296875059604645
0 0.1796875 0.8447917103767395 0.15000000596046448 0.14531250298023224
0 0.604687511920929 0.9031250476837158 0.15000000596046448 0.14531250298023224
0 0.7242187857627869 0.7812500596046448 0.17656250298023224 0.14687500894069672
0 0.7718750238418579 0.5729166865348816 0.15625 0.14374999701976776
0 0.7359375357627869 0.36354169249534607 0.15937499701976776 0.15156249701976776
0 0.6187500357627869 0.5250000357627869 0.13750000298023224 0.15625
0 0.2710937559604645 0.31562501192092896 0.17031250894069672 0.1484375
0 0.538281261920929 0.27291667461395264 0.1796875 0.17812500894069672
0 0.16015625 0.140625 0.17343750596046448 0.17343750596046448
0 0.3851562440395355 0.11666667461395264 0.19218750298023224 0.171875
0 0.15234375 0.47187501192092896 0.17031250894069672 0.1484375
0 0.0859375 0.5531250238418579 0.16875000298023224 0.1484375
0 0.41328126192092896 0.4541666805744171 0.17656250298023224 0.16250000894069672
0 0.8382812738418579 0.16250000894069672 0.1796875 0.17812500894069672
0 0.9085937738418579 0.4177083671092987 0.1640625 0.16718749701976776
0 0.90234375 0.8885416984558105 0.1640625 0.16718749701976776
0 0.9312500357627869 0.628125011920929 0.13750000298023224 0.15781250596046448
0 0.5562500357627869 0.0833333358168602 0.15937499701976776 0.12187500298023224
1 0.4085937440395355 0.7677083611488342 0.33906251192092896 0.3296875059604645
0 0.1796875 0.8447917103767395 0.15000000596046448 0.14531250298023224
0 0.604687511920929 0.9031250476837158 0.15000000596046448 0.14531250298023224
0 0.7242187857627869 0.7812500596046448 0.17656250298023224 0.14687500894069672
0 0.7718750238418579 0.5729166865348816 0.15625 0.14374999701976776
0 0.7359375357627869 0.36354169249534607 0.15937499701976776 0.15156249701976776
0 0.6187500357627869 0.5250000357627869 0.13750000298023224 0.15625
0 0.2710937559604645 0.31562501192092896 0.17031250894069672 0.1484375
0 0.538281261920929 0.27291667461395264 0.1796875 0.17812500894069672
0 0.16015625 0.140625 0.17343750596046448 0.17343750596046448
0 0.3851562440395355 0.11666667461395264 0.19218750298023224 0.171875
0 0.15234375 0.47187501192092896 0.17031250894069672 0.1484375
0 0.0859375 0.5531250238418579 0.16875000298023224 0.1484375
0 0.41328126192092896 0.4541666805744171 0.17656250298023224 0.16250000894069672
0 0.8382812738418579 0.16250000894069672 0.1796875 0.17812500894069672
0 0.9085937738418579 0.4177083671092987 0.1640625 0.16718749701976776
0 0.90234375 0.8885416984558105 0.1640625 0.16718749701976776
0 0.9312500357627869 0.628125011920929 0.13750000298023224 0.15781250596046448
0 0.5562500357627869 0.0833333358168602 0.15937499701976776 0.12187500298023224
1 0.4085937440395355 0.7677083611488342 0.33906251192092896 0.3296875059604645
0 0.1796875 0.8447917103767395 0.15000000596046448 0.14531250298023224
0 0.604687511920929 0.9031250476837158 0.15000000596046448 0.14531250298023224
0 0.7242187857627869 0.7812500596046448 0.17656250298023224 0.14687500894069672
0 0.7718750238418579 0.5729166865348816 0.15625 0.14374999701976776
0 0.7359375357627869 0.36354169249534607 0.15937499701976776 0.15156249701976776
0 0.6187500357627869 0.5250000357627869 0.13750000298023224 0.15625
0 0.2710937559604645 0.31562501192092896 0.17031250894069672 0.1484375
0 0.538281261920929 0.27291667461395264 0.1796875 0.17812500894069672
0 0.16015625 0.140625 0.17343750596046448 0.17343750596046448
0 0.3851562440395355 0.11666667461395264 0.19218750298023224 0.171875
0 0.15234375 0.47187501192092896 0.17031250894069672 0.1484375
0 0.0859375 0.5531250238418579 0.16875000298023224 0.1484375
0 0.41328126192092896 0.4541666805744171 0.17656250298023224 0.16250000894069672
0 0.8382812738418579 0.16250000894069672 0.1796875 0.17812500894069672
0 0.9085937738418579 0.4177083671092987 0.1640625 0.16718749701976776
0 0.90234375 0.8885416984558105 0.1640625 0.16718749701976776
0 0.9312500357627869 0.628125011920929 0.13750000298023224 0.15781250596046448
0 0.5562500357627869 0.0833333358168602 0.15937499701976776 0.12187500298023224
1 0.4085937440395355 0.7677083611488342 0.33906251192092896 0.3296875059604645
0 0.1796875 0.8447917103767395 0.15000000596046448 0.14531250298023224
0 0.604687511920929 0.9031250476837158 0.15000000596046448 0.14531250298023224
0 0.7242187857627869 0.7812500596046448 0.17656250298023224 0.14687500894069672
0 0.7718750238418579 0.5729166865348816 0.15625 0.14374999701976776
0 0.7359375357627869 0.36354169249534607 0.15937499701976776 0.15156249701976776
0 0.6187500357627869 0.5250000357627869 0.13750000298023224 0.15625
0 0.2710937559604645 0.31562501192092896 0.17031250894069672 0.1484375
0 0.538281261920929 0.27291667461395264 0.1796875 0.17812500894069672
0 0.16015625 0.140625 0.17343750596046448 0.17343750596046448
0 0.3851562440395355 0.11666667461395264 0.19218750298023224 0.171875
0 0.15234375 0.47187501192092896 0.17031250894069672 0.1484375
0 0.0859375 0.5531250238418579 0.16875000298023224 0.1484375
0 0.41328126192092896 0.4541666805744171 0.17656250298023224 0.16250000894069672
0 0.8382812738418579 0.16250000894069672 0.1796875 0.17812500894069672
0 0.9085937738418579 0.4177083671092987 0.1640625 0.16718749701976776
0 0.90234375 0.8885416984558105 0.1640625 0.16718749701976776
0 0.9312500357627869 0.628125011920929 0.13750000298023224 0.15781250596046448
0 0.5562500357627869 0.0833333358168602 0.15937499701976776 0.12187500298023224
1 0.4085937440395355 0.7677083611488342 0.33906251192092896 0.3296875059604645
0 0.1796875 0.8447917103767395 0.15000000596046448 0.14531250298023224
0 0.604687511920929 0.9031250476837158 0.15000000596046448 0.14531250298023224
0 0.7242187857627869 0.7812500596046448 0.17656250298023224 0.14687500894069672
0 0.7718750238418579 0.5729166865348816 0.15625 0.14374999701976776
0 0.7359375357627869 0.36354169249534607 0.15937499701976776 0.15156249701976776
0 0.6187500357627869 0.5250000357627869 0.13750000298023224 0.15625
0 0.2710937559604645 0.31562501192092896 0.17031250894069672 0.1484375
0 0.538281261920929 0.27291667461395264 0.1796875 0.17812500894069672
0 0.16015625 0.140625 0.17343750596046448 0.17343750596046448
0 0.3851562440395355 0.11666667461395264 0.19218750298023224 0.171875
0 0.15234375 0.47187501192092896 0.17031250894069672 0.1484375
0 0.0859375 0.5531250238418579 0.16875000298023224 0.1484375
0 0.41328126192092896 0.4541666805744171 0.17656250298023224 0.16250000894069672
0 0.8382812738418579 0.16250000894069672 0.1796875 0.17812500894069672
0 0.9085937738418579 0.4177083671092987 0.1640625 0.16718749701976776
0 0.90234375 0.8885416984558105 0.1640625 0.16718749701976776
0 0.9312500357627869 0.628125011920929 0.13750000298023224 0.15781250596046448
0 0.5562500357627869 0.0833333358168602 0.15937499701976776 0.12187500298023224
1 0.4085937440395355 0.7677083611488342 0.33906251192092896 0.3296875059604645
