0 0.3562500053085387 0.7375000384636223 0.19062500284053385 0.1750000026077032
0 0.08203125122236088 0.7218750376487151 0.16093750239815563 0.16093750239815563
0 0.7734375115251169 0.2093750109197572 0.1625000024214387 0.16093750239815563
0 0.6984375104075298 0.25520834664348513 0.1625000024214387 0.16093750239815563
0 0.6156250091735274 0.3635416856268421 0.17812500265426934 0.2015625030035153
0 0.3906250058207661 0.41145835479255766 0.1968750029336661 0.17656250263098627
0 0.22734375338768587 0.10000000521540642 0.16406250244472176 0.14687500218860805
0 0.3789062556461431 0.21458334452472627 0.17656250263098627 0.15937500237487257
0 0.5734375085448846 0.08958333800546825 0.16875000251457095 0.1312500019557774
0 0.5187500077299774 0.6437500335741788 0.14687500218860805 0.14375000214204192
0 0.532812507939525 0.7739583736984059 0.15625000232830644 0.14218750211875886
0 0.532812507939525 0.8781250457977876 0.15625000232830644 0.14218750211875886
0 0.7171875106869265 0.9031250471016392 0.15625000232830644 0.14218750211875886
0 0.19765625294530764 0.7343750383006409 0.16406250244472176 0.17656250263098627
1 0.8765625130617991 0.751041705836542 0.24687500367872417 0.2890625043073669
1 0.7375000109896064 0.6468750337371603 0.059375000884756446 0.05781250086147338
1 0.41171875613508746 0.05937500309664756 0.051562500768341124 0.06718750100117177
0 0.3562500053085387 0.7375000384636223 0.19062500284053385 0.1750000026077032
0 0.08203125122236088 0.7218750376487151 0.16093750239815563 0.16093750239815563
0 0.7734375115251169 0.2093750109197572 0.1625000024214387 0.16093750239815563
0 0.6984375104075298 0.25520834664348513 0.1625000024214387 0.16093750239815563
0 0.6156250091735274 0.3635416856268421 0.17812500265426934 0.2015625030035153
0 0.3906250058207661 0.41145835479255766 0.1968750029336661 0.17656250263098627
0 0.22734375338768587 0.10000000521540642 0.16406250244472176 0.14687500218860805
0 0.3789062556461431 0.21458334452472627 0.17656250263098627 0.15937500237487257
0 0.5734375085448846 0.08958333800546825 0.16875000251457095 0.1312500019557774
0 0.5187500077299774 0.6437500335741788 0.14687500218860805 0.14375000214204192
0 0.532812507939525 0.7739583736984059 0.15625000232830644 0.14218750211875886
0 0.532812507939525 0.8781250457977876 0.15625000232830644 0.14218750211875886
0 0.7171875106869265 0.9031250471016392 0.15625000232830644 0.14218750211875886
0 0.19765625294530764 0.7343750383006409 0.16406250244472176 0.17656250263098627
1 0.8765625130617991 0.751041705836542 0.24687500367872417 0.2890625043073669
1 0.7375000109896064 0.6468750337371603 0.059375000884756446 0.05781250086147338
1 0.41171875613508746 0.05937500309664756 0.051562500768341124 0.06718750100117177
0 0.3562500053085387 0.7375000384636223 0.19062500284053385 0.1750000026077032
0 0.08203125122236088 0.7218750376487151 0.16093750239815563 0.16093750239815563
0 0.7734375115251169 0.2093750109197572 0.1625000024214387 0.16093750239815563
0 0.6984375104075298 0.25520834664348513 0.1625000024214387 0.16093750239815563
0 0.6156250091735274 0.3635416856268421 0.17812500265426934 0.2015625030035153
0 0.3906250058207661 0.41145835479255766 0.1968750029336661 0.17656250263098627
0 0.22734375338768587 0.10000000521540642 0.16406250244472176 0.14687500218860805
0 0.3789062556461431 0.21458334452472627 0.17656250263098627 0.15937500237487257
0 0.5734375085448846 0.08958333800546825 0.16875000251457095 0.1312500019557774
0 0.5187500077299774 0.6437500335741788 0.14687500218860805 0.14375000214204192
0 0.532812507939525 0.7739583736984059 0.15625000232830644 0.14218750211875886
0 0.532812507939525 0.8781250457977876 0.15625000232830644 0.14218750211875886
0 0.7171875106869265 0.9031250471016392 0.15625000232830644 0.14218750211875886
0 0.19765625294530764 0.7343750383006409 0.16406250244472176 0.17656250263098627
1 0.8765625130617991 0.751041705836542 0.24687500367872417 0.2890625043073669
1 0.7375000109896064 0.6468750337371603 0.059375000884756446 0.05781250086147338
1 0.41171875613508746 0.05937500309664756 0.051562500768341124 0.06718750100117177
0 0.3562500053085387 0.7375000384636223 0.19062500284053385 0.1750000026077032
0 0.08203125122236088 0.7218750376487151 0.16093750239815563 0.16093750239815563
0 0.7734375115251169 0.2093750109197572 0.1625000024214387 0.16093750239815563
0 0.6984375104075298 0.25520834664348513 0.1625000024214387 0.16093750239815563
0 0.6156250091735274 0.3635416856268421 0.17812500265426934 0.2015625030035153
0 0.3906250058207661 0.41145835479255766 0.1968750029336661 0.17656250263098627
0 0.22734375338768587 0.10000000521540642 0.16406250244472176 0.14687500218860805
0 0.3789062556461431 0.21458334452472627 0.17656250263098627 0.15937500237487257
0 0.5734375085448846 0.08958333800546825 0.16875000251457095 0.1312500019557774
0 0.5187500077299774 0.6437500335741788 0.14687500218860805 0.14375000214204192
0 0.532812507939525 0.7739583736984059 0.15625000232830644 0.14218750211875886
0 0.532812507939525 0.8781250457977876 0.15625000232830644 0.14218750211875886
0 0.7171875106869265 0.9031250471016392 0.15625000232830644 0.14218750211875886
0 0.19765625294530764 0.7343750383006409 0.16406250244472176 0.17656250263098627
1 0.8765625130617991 0.751041705836542 0.24687500367872417 0.2890625043073669
1 0.7375000109896064 0.6468750337371603 0.059375000884756446 0.05781250086147338
1 0.41171875613508746 0.05937500309664756 0.051562500768341124 0.06718750100117177
0 0.3562500053085387 0.7375000384636223 0.19062500284053385 0.1750000026077032
0 0.08203125122236088 0.7218750376487151 0.16093750239815563 0.16093750239815563
0 0.7734375115251169 0.2093750109197572 0.1625000024214387 0.16093750239815563
0 0.6984375104075298 0.25520834664348513 0.1625000024214387 0.16093750239815563
0 0.6156250091735274 0.3635416856268421 0.17812500265426934 0.2015625030035153
0 0.3906250058207661 0.41145835479255766 0.1968750029336661 0.17656250263098627
0 0.22734375338768587 0.10000000521540642 0.16406250244472176 0.14687500218860805
0 0.3789062556461431 0.21458334452472627 0.17656250263098627 0.15937500237487257
0 0.5734375085448846 0.08958333800546825 0.16875000251457095 0.1312500019557774
0 0.5187500077299774 0.6437500335741788 0.14687500218860805 0.14375000214204192
0 0.532812507939525 0.7739583736984059 0.15625000232830644 0.14218750211875886
0 0.532812507939525 0.8781250457977876 0.15625000232830644 0.14218750211875886
0 0.7171875106869265 0.9031250471016392 0.15625000232830644 0.14218750211875886
0 0.19765625294530764 0.7343750383006409 0.16406250244472176 0.17656250263098627
1 0.8765625130617991 0.751041705836542 0.24687500367872417 0.2890625043073669
1 0.7375000109896064 0.6468750337371603 0.059375000884756446 0.05781250086147338
1 0.41171875613508746 0.05937500309664756 0.051562500768341124 0.06718750100117177
0 0.3562500053085387 0.7375000384636223 0.19062500284053385 0.1750000026077032
0 0.08203125122236088 0.7218750376487151 0.16093750239815563 0.16093750239815563
0 0.7734375115251169 0.2093750109197572 0.1625000024214387 0.16093750239815563
0 0.6984375104075298 0.25520834664348513 0.1625000024214387 0.16093750239815563
0 0.6156250091735274 0.3635416856268421 0.17812500265426934 0.2015625030035153
0 0.3906250058207661 0.41145835479255766 0.1968750029336661 0.17656250263098627
0 0.22734375338768587 0.10000000521540642 0.16406250244472176 0.14687500218860805
0 0.3789062556461431 0.21458334452472627 0.17656250263098627 0.15937500237487257
0 0.5734375085448846 0.08958333800546825 0.16875000251457095 0.1312500019557774
0 0.5187500077299774 0.6437500335741788 0.14687500218860805 0.14375000214204192
0 0.532812507939525 0.7739583736984059 0.15625000232830644 0.14218750211875886
0 0.532812507939525 0.8781250457977876 0.15625000232830644 0.14218750211875886
0 0.7171875106869265 0.9031250471016392 0.15625000232830644 0.14218750211875886
0 0.19765625294530764 0.7343750383006409 0.16406250244472176 0.17656250263098627
1 0.8765625130617991 0.751041705836542 0.24687500367872417 0.2890625043073669
1 0.7375000109896064 0.6468750337371603 0.059375000884756446 0.05781250086147338
1 0.41171875613508746 0.05937500309664756 0.051562500768341124 0.06718750100117177
0 0.3562500053085387 0.7375000384636223 0.19062500284053385 0.1750000026077032
0 0.08203125122236088 0.7218750376487151 0.16093750239815563 0.16093750239815563
0 0.7734375115251169 0.2093750109197572 0.1625000024214387 0.16093750239815563
0 0.6984375104075298 0.25520834664348513 0.1625000024214387 0.16093750239815563
0 0.6156250091735274 0.3635416856268421 0.17812500265426934 0.2015625030035153
0 0.3906250058207661 0.41145835479255766 0.1968750029336661 0.17656250263098627
0 0.22734375338768587 0.10000000521540642 0.16406250244472176 0.14687500218860805
0 0.3789062556461431 0.21458334452472627 0.17656250263098627 0.15937500237487257
0 0.5734375085448846 0.08958333800546825 0.16875000251457095 0.1312500019557774
0 0.5187500077299774 0.6437500335741788 0.14687500218860805 0.14375000214204192
0 0.532812507939525 0.7739583736984059 0.15625000232830644 0.14218750211875886
0 0.532812507939525 0.8781250457977876 0.15625000232830644 0.14218750211875886
0 0.7171875106869265 0.9031250471016392 0.15625000232830644 0.14218750211875886
0 0.19765625294530764 0.7343750383006409 0.16406250244472176 0.17656250263098627
1 0.8765625130617991 0.751041705836542 0.24687500367872417 0.2890625043073669
1 0.7375000109896064 0.6468750337371603 0.059375000884756446 0.05781250086147338
1 0.41171875613508746 0.05937500309664756 0.051562500768341124 0.06718750100117177
0 0.3562500053085387 0.7375000384636223 0.19062500284053385 0.1750000026077032
0 0.08203125122236088 0.7218750376487151 0.16093750239815563 0.16093750239815563
0 0.7734375115251169 0.2093750109197572 0.1625000024214387 0.16093750239815563
0 0.6984375104075298 0.25520834664348513 0.1625000024214387 0.16093750239815563
0 0.6156250091735274 0.3635416856268421 0.17812500265426934 0.2015625030035153
0 0.3906250058207661 0.41145835479255766 0.1968750029336661 0.17656250263098627
0 0.22734375338768587 0.10000000521540642 0.16406250244472176 0.14687500218860805
0 0.3789062556461431 0.21458334452472627 0.17656250263098627 0.15937500237487257
0 0.5734375085448846 0.08958333800546825 0.16875000251457095 0.1312500019557774
0 0.5187500077299774 0.6437500335741788 0.14687500218860805 0.14375000214204192
0 0.532812507939525 0.7739583736984059 0.15625000232830644 0.14218750211875886
0 0.532812507939525 0.8781250457977876 0.15625000232830644 0.14218750211875886
0 0.7171875106869265 0.9031250471016392 0.15625000232830644 0.14218750211875886
0 0.19765625294530764 0.7343750383006409 0.16406250244472176 0.17656250263098627
1 0.8765625130617991 0.751041705836542 0.24687500367872417 0.2890625043073669
1 0.7375000109896064 0.6468750337371603 0.059375000884756446 0.05781250086147338
1 0.41171875613508746 0.05937500309664756 0.051562500768341124 0.06718750100117177
0 0.3562500053085387 0.7375000384636223 0.19062500284053385 0.1750000026077032
0 0.08203125122236088 0.7218750376487151 0.16093750239815563 0.16093750239815563
0 0.7734375115251169 0.2093750109197572 0.1625000024214387 0.16093750239815563
0 0.6984375104075298 0.25520834664348513 0.1625000024214387 0.16093750239815563
0 0.6156250091735274 0.3635416856268421 0.17812500265426934 0.2015625030035153
0 0.3906250058207661 0.41145835479255766 0.1968750029336661 0.17656250263098627
0 0.22734375338768587 0.10000000521540642 0.16406250244472176 0.14687500218860805
0 0.3789062556461431 0.21458334452472627 0.17656250263098627 0.15937500237487257
0 0.5734375085448846 0.08958333800546825 0.16875000251457095 0.1312500019557774
0 0.5187500077299774 0.6437500335741788 0.14687500218860805 0.14375000214204192
0 0.532812507939525 0.7739583736984059 0.15625000232830644 0.14218750211875886
0 0.532812507939525 0.8781250457977876 0.15625000232830644 0.14218750211875886
0 0.7171875106869265 0.9031250471016392 0.15625000232830644 0.14218750211875886
0 0.19765625294530764 0.7343750383006409 0.16406250244472176 0.17656250263098627
1 0.8765625130617991 0.751041705836542 0.24687500367872417 0.2890625043073669
1 0.7375000109896064 0.6468750337371603 0.059375000884756446 0.05781250086147338
1 0.41171875613508746 0.05937500309664756 0.051562500768341124 0.06718750100117177
0 0.3562500053085387 0.7375000384636223 0.19062500284053385 0.1750000026077032
0 0.08203125122236088 0.7218750376487151 0.16093750239815563 0.16093750239815563
0 0.7734375115251169 0.2093750109197572 0.1625000024214387 0.16093750239815563
0 0.6984375104075298 0.25520834664348513 0.1625000024214387 0.16093750239815563
0 0.6156250091735274 0.3635416856268421 0.17812500265426934 0.2015625030035153
0 0.3906250058207661 0.41145835479255766 0.1968750029336661 0.17656250263098627
0 0.22734375338768587 0.10000000521540642 0.16406250244472176 0.14687500218860805
0 0.3789062556461431 0.21458334452472627 0.17656250263098627 0.15937500237487257
0 0.5734375085448846 0.08958333800546825 0.16875000251457095 0.1312500019557774
0 0.5187500077299774 0.6437500335741788 0.14687500218860805 0.14375000214204192
0 0.532812507939525 0.7739583736984059 0.15625000232830644 0.14218750211875886
0 0.532812507939525 0.8781250457977876 0.15625000232830644 0.14218750211875886
0 0.7171875106869265 0.9031250471016392 0.15625000232830644 0.14218750211875886
0 0.19765625294530764 0.7343750383006409 0.16406250244472176 0.17656250263098627
1 0.8765625130617991 0.751041705836542 0.24687500367872417 0.2890625043073669
1 0.7375000109896064 0.6468750337371603 0.059375000884756446 0.05781250086147338
1 0.41171875613508746 0.05937500309664756 0.051562500768341124 0.06718750100117177
0 0.3562500053085387 0.7375000384636223 0.19062500284053385 0.1750000026077032
0 0.08203125122236088 0.7218750376487151 0.16093750239815563 0.16093750239815563
0 0.7734375115251169 0.2093750109197572 0.1625000024214387 0.16093750239815563
0 0.6984375104075298 0.25520834664348513 0.1625000024214387 0.16093750239815563
0 0.6156250091735274 0.3635416856268421 0.17812500265426934 0.2015625030035153
0 0.3906250058207661 0.41145835479255766 0.1968750029336661 0.17656250263098627
0 0.22734375338768587 0.10000000521540642 0.16406250244472176 0.14687500218860805
0 0.3789062556461431 0.21458334452472627 0.17656250263098627 0.15937500237487257
0 0.5734375085448846 0.08958333800546825 0.16875000251457095 0.1312500019557774
0 0.5187500077299774 0.6437500335741788 0.14687500218860805 0.14375000214204192
0 0.532812507939525 0.7739583736984059 0.15625000232830644 0.14218750211875886
0 0.532812507939525 0.8781250457977876 0.15625000232830644 0.14218750211875886
0 0.7171875106869265 0.9031250471016392 0.15625000232830644 0.14218750211875886
0 0.19765625294530764 0.7343750383006409 0.16406250244472176 0.17656250263098627
1 0.8765625130617991 0.751041705836542 0.24687500367872417 0.2890625043073669
1 0.7375000109896064 0.6468750337371603 0.059375000884756446 0.05781250086147338
1 0.41171875613508746 0.05937500309664756 0.051562500768341124 0.06718750100117177
0 0.3562500053085387 0.7375000384636223 0.19062500284053385 0.1750000026077032
0 0.08203125122236088 0.7218750376487151 0.16093750239815563 0.16093750239815563
0 0.7734375115251169 0.2093750109197572 0.1625000024214387 0.16093750239815563
0 0.6984375104075298 0.25520834664348513 0.1625000024214387 0.16093750239815563
0 0.6156250091735274 0.3635416856268421 0.17812500265426934 0.2015625030035153
0 0.3906250058207661 0.41145835479255766 0.1968750029336661 0.17656250263098627
0 0.22734375338768587 0.10000000521540642 0.16406250244472176 0.14687500218860805
0 0.3789062556461431 0.21458334452472627 0.17656250263098627 0.15937500237487257
0 0.5734375085448846 0.08958333800546825 0.16875000251457095 0.1312500019557774
0 0.5187500077299774 0.6437500335741788 0.14687500218860805 0.14375000214204192
0 0.532812507939525 0.7739583736984059 0.15625000232830644 0.14218750211875886
0 0.532812507939525 0.8781250457977876 0.15625000232830644 0.14218750211875886
0 0.7171875106869265 0.9031250471016392 0.15625000232830644 0.14218750211875886
0 0.19765625294530764 0.7343750383006409 0.16406250244472176 0.17656250263098627
1 0.8765625130617991 0.751041705836542 0.24687500367872417 0.2890625043073669
1 0.7375000109896064 0.6468750337371603 0.059375000884756446 0.05781250086147338
1 0.41171875613508746 0.05937500309664756 0.051562500768341124 0.06718750100117177
0 0.3562500053085387 0.7375000384636223 0.19062500284053385 0.1750000026077032
0 0.08203125122236088 0.7218750376487151 0.16093750239815563 0.16093750239815563
0 0.7734375115251169 0.2093750109197572 0.1625000024214387 0.16093750239815563
0 0.6984375104075298 0.25520834664348513 0.1625000024214387 0.16093750239815563
0 0.6156250091735274 0.3635416856268421 0.17812500265426934 0.2015625030035153
0 0.3906250058207661 0.41145835479255766 0.1968750029336661 0.17656250263098627
0 0.22734375338768587 0.10000000521540642 0.16406250244472176 0.14687500218860805
0 0.3789062556461431 0.21458334452472627 0.17656250263098627 0.15937500237487257
0 0.5734375085448846 0.08958333800546825 0.16875000251457095 0.1312500019557774
0 0.5187500077299774 0.6437500335741788 0.14687500218860805 0.14375000214204192
0 0.532812507939525 0.7739583736984059 0.15625000232830644 0.14218750211875886
0 0.532812507939525 0.8781250457977876 0.15625000232830644 0.14218750211875886
0 0.7171875106869265 0.9031250471016392 0.15625000232830644 0.14218750211875886
0 0.19765625294530764 0.7343750383006409 0.16406250244472176 0.17656250263098627
1 0.8765625130617991 0.751041705836542 0.24687500367872417 0.2890625043073669
1 0.7375000109896064 0.6468750337371603 0.059375000884756446 0.05781250086147338
1 0.41171875613508746 0.05937500309664756 0.051562500768341124 0.06718750100117177
0 0.3562500053085387 0.7375000384636223 0.19062500284053385 0.1750000026077032
0 0.08203125122236088 0.7218750376487151 0.16093750239815563 0.16093750239815563
0 0.7734375115251169 0.2093750109197572 0.1625000024214387 0.16093750239815563
0 0.6984375104075298 0.25520834664348513 0.1625000024214387 0.16093750239815563
0 0.6156250091735274 0.3635416856268421 0.17812500265426934 0.2015625030035153
0 0.3906250058207661 0.41145835479255766 0.1968750029336661 0.17656250263098627
0 0.22734375338768587 0.10000000521540642 0.16406250244472176 0.14687500218860805
0 0.3789062556461431 0.21458334452472627 0.17656250263098627 0.15937500237487257
0 0.5734375085448846 0.08958333800546825 0.16875000251457095 0.1312500019557774
0 0.5187500077299774 0.6437500335741788 0.14687500218860805 0.14375000214204192
0 0.532812507939525 0.7739583736984059 0.15625000232830644 0.14218750211875886
0 0.532812507939525 0.8781250457977876 0.15625000232830644 0.14218750211875886
0 0.7171875106869265 0.9031250471016392 0.15625000232830644 0.14218750211875886
0 0.19765625294530764 0.7343750383006409 0.16406250244472176 0.17656250263098627
1 0.8765625130617991 0.751041705836542 0.24687500367872417 0.2890625043073669
2 0.7375000109896064 0.6468750337371603 0.059375000884756446 0.05781250086147338
2 0.41171875613508746 0.05937500309664756 0.051562500768341124 0.06718750100117177
0 0.3562500053085387 0.7375000384636223 0.19062500284053385 0.1750000026077032
0 0.08203125122236088 0.7218750376487151 0.16093750239815563 0.16093750239815563
0 0.7734375115251169 0.2093750109197572 0.1625000024214387 0.16093750239815563
0 0.6984375104075298 0.25520834664348513 0.1625000024214387 0.16093750239815563
0 0.6156250091735274 0.3635416856268421 0.17812500265426934 0.2015625030035153
0 0.3906250058207661 0.41145835479255766 0.1968750029336661 0.17656250263098627
0 0.22734375338768587 0.10000000521540642 0.16406250244472176 0.14687500218860805
0 0.3789062556461431 0.21458334452472627 0.17656250263098627 0.15937500237487257
0 0.5734375085448846 0.08958333800546825 0.16875000251457095 0.1312500019557774
0 0.5187500077299774 0.6437500335741788 0.14687500218860805 0.14375000214204192
0 0.532812507939525 0.7739583736984059 0.15625000232830644 0.14218750211875886
0 0.532812507939525 0.8781250457977876 0.15625000232830644 0.14218750211875886
0 0.7171875106869265 0.9031250471016392 0.15625000232830644 0.14218750211875886
0 0.19765625294530764 0.7343750383006409 0.16406250244472176 0.17656250263098627
1 0.8765625130617991 0.751041705836542 0.24687500367872417 0.2890625043073669
2 0.7375000109896064 0.6468750337371603 0.059375000884756446 0.05781250086147338
2 0.41171875613508746 0.05937500309664756 0.051562500768341124 0.06718750100117177
0 0.35625001788139343 0.737500011920929 0.19062499701976776 0.17499999701976776
0 0.08203125 0.721875011920929 0.16093750298023224 0.16093750298023224
0 0.7734375 0.20937500894069672 0.16250000894069672 0.16093750298023224
0 0.698437511920929 0.2552083432674408 0.16250000894069672 0.16093750298023224
0 0.6156250238418579 0.36354169249534607 0.17812500894069672 0.20156250894069672
0 0.390625 0.4114583432674408 0.19687500596046448 0.17656250298023224
0 0.22734375298023224 0.10000000894069672 0.1640625 0.14687500894069672
0 0.37890625 0.21458333730697632 0.17656250298023224 0.15937499701976776
0 0.573437511920929 0.08958333730697632 0.16875000298023224 0.13125000894069672
0 0.518750011920929 0.643750011920929 0.14687500894069672 0.14374999701976776
0 0.5328125357627869 0.7739583849906921 0.15625 0.14218750596046448
0 0.5328125357627869 0.8781250715255737 0.15625 0.14218750596046448
0 0.7171875238418579 0.9031250476837158 0.15625 0.14218750596046448
0 0.19765625894069672 0.7343750596046448 0.1640625 0.17656250298023224
1 0.8765625357627869 0.7510417103767395 0.24687500298023224 0.2890625
2 0.737500011920929 0.6468750238418579 0.05937499925494194 0.05781250074505806
2 0.4117187559604645 0.05937500298023224 0.05156249925494194 0.06718750298023224
0 0.35625001788139343 0.737500011920929 0.19062499701976776 0.17499999701976776
0 0.08203125 0.721875011920929 0.16093750298023224 0.16093750298023224
0 0.7734375 0.20937500894069672 0.16250000894069672 0.16093750298023224
0 0.698437511920929 0.2552083432674408 0.16250000894069672 0.16093750298023224
0 0.6156250238418579 0.36354169249534607 0.17812500894069672 0.20156250894069672
0 0.390625 0.4114583432674408 0.19687500596046448 0.17656250298023224
0 0.22734375298023224 0.10000000894069672 0.1640625 0.14687500894069672
0 0.37890625 0.21458333730697632 0.17656250298023224 0.15937499701976776
0 0.573437511920929 0.08958333730697632 0.16875000298023224 0.13125000894069672
0 0.518750011920929 0.643750011920929 0.14687500894069672 0.14374999701976776
0 0.5328125357627869 0.7739583849906921 0.15625 0.14218750596046448
0 0.5328125357627869 0.8781250715255737 0.15625 0.14218750596046448
0 0.7171875238418579 0.9031250476837158 0.15625 0.14218750596046448
0 0.19765625894069672 0.7343750596046448 0.1640625 0.17656250298023224
1 0.8765625357627869 0.7510417103767395 0.24687500298023224 0.2890625
2 0.737500011920929 0.6468750238418579 0.05937499925494194 0.05781250074505806
2 0.4117187559604645 0.05937500298023224 0.05156249925494194 0.06718750298023224
0 0.35625001788139343 0.737500011920929 0.19062499701976776 0.17499999701976776
0 0.08203125 0.721875011920929 0.16093750298023224 0.16093750298023224
0 0.7734375 0.20937500894069672 0.16250000894069672 0.16093750298023224
0 0.698437511920929 0.2552083432674408 0.16250000894069672 0.16093750298023224
0 0.6156250238418579 0.36354169249534607 0.17812500894069672 0.20156250894069672
0 0.390625 0.4114583432674408 0.19687500596046448 0.17656250298023224
0 0.22734375298023224 0.10000000894069672 0.1640625 0.14687500894069672
0 0.37890625 0.21458333730697632 0.17656250298023224 0.15937499701976776
0 0.573437511920929 0.08958333730697632 0.16875000298023224 0.13125000894069672
0 0.518750011920929 0.643750011920929 0.14687500894069672 0.14374999701976776
0 0.5328125357627869 0.7739583849906921 0.15625 0.14218750596046448
0 0.5328125357627869 0.8781250715255737 0.15625 0.14218750596046448
0 0.7171875238418579 0.9031250476837158 0.15625 0.14218750596046448
0 0.19765625894069672 0.7343750596046448 0.1640625 0.17656250298023224
1 0.8765625357627869 0.7510417103767395 0.24687500298023224 0.2890625
2 0.737500011920929 0.6468750238418579 0.05937499925494194 0.05781250074505806
2 0.4117187559604645 0.05937500298023224 0.05156249925494194 0.06718750298023224
0 0.35625001788139343 0.737500011920929 0.19062499701976776 0.17499999701976776
0 0.08203125 0.721875011920929 0.16093750298023224 0.16093750298023224
0 0.7734375 0.20937500894069672 0.16250000894069672 0.16093750298023224
0 0.698437511920929 0.2552083432674408 0.16250000894069672 0.16093750298023224
0 0.6156250238418579 0.36354169249534607 0.17812500894069672 0.20156250894069672
0 0.390625 0.4114583432674408 0.19687500596046448 0.17656250298023224
0 0.22734375298023224 0.10000000894069672 0.1640625 0.14687500894069672
0 0.37890625 0.21458333730697632 0.17656250298023224 0.15937499701976776
0 0.573437511920929 0.08958333730697632 0.16875000298023224 0.13125000894069672
0 0.518750011920929 0.643750011920929 0.14687500894069672 0.14374999701976776
0 0.5328125357627869 0.7739583849906921 0.15625 0.14218750596046448
0 0.5328125357627869 0.8781250715255737 0.15625 0.14218750596046448
0 0.7171875238418579 0.9031250476837158 0.15625 0.14218750596046448
0 0.19765625894069672 0.7343750596046448 0.1640625 0.17656250298023224
1 0.8765625357627869 0.7510417103767395 0.24687500298023224 0.2890625
2 0.737500011920929 0.6468750238418579 0.05937499925494194 0.05781250074505806
2 0.4117187559604645 0.05937500298023224 0.05156249925494194 0.06718750298023224
0 0.35625001788139343 0.737500011920929 0.19062499701976776 0.17499999701976776
0 0.08203125 0.721875011920929 0.16093750298023224 0.16093750298023224
0 0.7734375 0.20937500894069672 0.16250000894069672 0.16093750298023224
0 0.698437511920929 0.2552083432674408 0.16250000894069672 0.16093750298023224
0 0.6156250238418579 0.36354169249534607 0.17812500894069672 0.20156250894069672
0 0.390625 0.4114583432674408 0.19687500596046448 0.17656250298023224
0 0.22734375298023224 0.10000000894069672 0.1640625 0.14687500894069672
0 0.37890625 0.21458333730697632 0.17656250298023224 0.15937499701976776
0 0.573437511920929 0.08958333730697632 0.16875000298023224 0.13125000894069672
0 0.518750011920929 0.643750011920929 0.14687500894069672 0.14374999701976776
0 0.5328125357627869 0.7739583849906921 0.15625 0.14218750596046448
0 0.5328125357627869 0.8781250715255737 0.15625 0.14218750596046448
0 0.7171875238418579 0.9031250476837158 0.15625 0.14218750596046448
0 0.19765625894069672 0.7343750596046448 0.1640625 0.17656250298023224
1 0.8765625357627869 0.7510417103767395 0.24687500298023224 0.2890625
2 0.737500011920929 0.6468750238418579 0.05937499925494194 0.05781250074505806
2 0.4117187559604645 0.05937500298023224 0.05156249925494194 0.06718750298023224
0 0.35625001788139343 0.737500011920929 0.19062499701976776 0.17499999701976776
0 0.08203125 0.721875011920929 0.16093750298023224 0.16093750298023224
0 0.7734375 0.20937500894069672 0.16250000894069672 0.16093750298023224
0 0.698437511920929 0.2552083432674408 0.16250000894069672 0.16093750298023224
0 0.6156250238418579 0.36354169249534607 0.17812500894069672 0.20156250894069672
0 0.390625 0.4114583432674408 0.19687500596046448 0.17656250298023224
0 0.22734375298023224 0.10000000894069672 0.1640625 0.14687500894069672
0 0.37890625 0.21458333730697632 0.17656250298023224 0.15937499701976776
0 0.573437511920929 0.08958333730697632 0.16875000298023224 0.13125000894069672
0 0.518750011920929 0.643750011920929 0.14687500894069672 0.14374999701976776
0 0.5328125357627869 0.7739583849906921 0.15625 0.14218750596046448
0 0.5328125357627869 0.8781250715255737 0.15625 0.14218750596046448
0 0.7171875238418579 0.9031250476837158 0.15625 0.14218750596046448
0 0.19765625894069672 0.7343750596046448 0.1640625 0.17656250298023224
1 0.8765625357627869 0.7510417103767395 0.24687500298023224 0.2890625
2 0.737500011920929 0.6468750238418579 0.05937499925494194 0.05781250074505806
2 0.4117187559604645 0.05937500298023224 0.05156249925494194 0.06718750298023224
0 0.35625001788139343 0.737500011920929 0.19062499701976776 0.17499999701976776
0 0.08203125 0.721875011920929 0.16093750298023224 0.16093750298023224
0 0.7734375 0.20937500894069672 0.16250000894069672 0.16093750298023224
0 0.698437511920929 0.2552083432674408 0.16250000894069672 0.16093750298023224
0 0.6156250238418579 0.36354169249534607 0.17812500894069672 0.20156250894069672
0 0.390625 0.4114583432674408 0.19687500596046448 0.17656250298023224
0 0.22734375298023224 0.10000000894069672 0.1640625 0.14687500894069672
0 0.37890625 0.21458333730697632 0.17656250298023224 0.15937499701976776
0 0.573437511920929 0.08958333730697632 0.16875000298023224 0.13125000894069672
0 0.518750011920929 0.643750011920929 0.14687500894069672 0.14374999701976776
0 0.5328125357627869 0.7739583849906921 0.15625 0.14218750596046448
0 0.5328125357627869 0.8781250715255737 0.15625 0.14218750596046448
0 0.7171875238418579 0.9031250476837158 0.15625 0.14218750596046448
0 0.19765625894069672 0.7343750596046448 0.1640625 0.17656250298023224
1 0.8765625357627869 0.7510417103767395 0.24687500298023224 0.2890625
2 0.737500011920929 0.6468750238418579 0.05937499925494194 0.05781250074505806
2 0.4117187559604645 0.05937500298023224 0.05156249925494194 0.06718750298023224
