0 0.6835937601863407 0.6677083681570366 0.17656250263098627 0.14531250216532499
0 0.7726562615134753 0.44791669002734125 0.18593750277068466 0.1843750027474016
0 0.6265625093365088 0.31250001629814506 0.16875000251457095 0.16875000251457095
0 0.5218750077765435 0.40937502135057 0.1625000024214387 0.14531250216532499
0 0.6171875091968104 0.09791667177341878 0.1625000024214387 0.14375000214204192
0 0.6414062595576979 0.8947917133336887 0.17343750258442014 0.1578125023515895
0 0.4296875064028427 0.9239583815215155 0.17187500256113708 0.1140625016996637
0 0.7875000117346644 0.11250000586733222 0.1750000026077032 0.16562500246800482
0 0.9273437638184987 0.8083333754912019 0.14531250216532499 0.16875000251457095
0 0.34296875511063263 0.24375001271255314 0.14531250216532499 0.16875000251457095
0 0.15703125233994797 0.2645833471324295 0.14531250216532499 0.16875000251457095
0 0.08828125131549314 0.37500001955777407 0.14531250216532499 0.16875000251457095
1 0.2210937532945536 0.6562500342261046 0.3546875052852556 0.28750000428408384
0 0.6835937601863407 0.6677083681570366 0.17656250263098627 0.14531250216532499
0 0.7726562615134753 0.44791669002734125 0.18593750277068466 0.1843750027474016
0 0.6265625093365088 0.31250001629814506 0.16875000251457095 0.16875000251457095
0 0.5218750077765435 0.40937502135057 0.1625000024214387 0.14531250216532499
0 0.6171875091968104 0.09791667177341878 0.1625000024214387 0.14375000214204192
0 0.6414062595576979 0.8947917133336887 0.17343750258442014 0.1578125023515895
0 0.4296875064028427 0.9239583815215155 0.17187500256113708 0.1140625016996637
0 0.7875000117346644 0.11250000586733222 0.1750000026077032 0.16562500246800482
0 0.9273437638184987 0.8083333754912019 0.14531250216532499 0.16875000251457095
0 0.34296875511063263 0.24375001271255314 0.14531250216532499 0.16875000251457095
0 0.15703125233994797 0.2645833471324295 0.14531250216532499 0.16875000251457095
0 0.08828125131549314 0.37500001955777407 0.14531250216532499 0.16875000251457095
1 0.2210937532945536 0.6562500342261046 0.3546875052852556 0.28750000428408384
0 0.6835937601863407 0.6677083681570366 0.17656250263098627 0.14531250216532499
0 0.7726562615134753 0.44791669002734125 0.18593750277068466 0.1843750027474016
0 0.6265625093365088 0.31250001629814506 0.16875000251457095 0.16875000251457095
0 0.5218750077765435 0.40937502135057 0.1625000024214387 0.14531250216532499
0 0.6171875091968104 0.09791667177341878 0.1625000024214387 0.14375000214204192
0 0.6414062595576979 0.8947917133336887 0.17343750258442014 0.1578125023515895
0 0.4296875064028427 0.9239583815215155 0.17187500256113708 0.1140625016996637
0 0.7875000117346644 0.11250000586733222 0.1750000026077032 0.16562500246800482
0 0.9273437638184987 0.8083333754912019 0.14531250216532499 0.16875000251457095
0 0.34296875511063263 0.24375001271255314 0.14531250216532499 0.16875000251457095
0 0.15703125233994797 0.2645833471324295 0.14531250216532499 0.16875000251457095
0 0.08828125131549314 0.37500001955777407 0.14531250216532499 0.16875000251457095
1 0.2210937532945536 0.6562500342261046 0.3546875052852556 0.28750000428408384
0 0.6835937601863407 0.6677083681570366 0.17656250263098627 0.14531250216532499
0 0.7726562615134753 0.44791669002734125 0.18593750277068466 0.1843750027474016
0 0.6265625093365088 0.31250001629814506 0.16875000251457095 0.16875000251457095
0 0.5218750077765435 0.40937502135057 0.1625000024214387 0.14531250216532499
0 0.6171875091968104 0.09791667177341878 0.1625000024214387 0.14375000214204192
0 0.6414062595576979 0.8947917133336887 0.17343750258442014 0.1578125023515895
0 0.4296875064028427 0.9239583815215155 0.17187500256113708 0.1140625016996637
0 0.7875000117346644 0.11250000586733222 0.1750000026077032 0.16562500246800482
0 0.9273437638184987 0.8083333754912019 0.14531250216532499 0.16875000251457095
0 0.34296875511063263 0.24375001271255314 0.14531250216532499 0.16875000251457095
0 0.15703125233994797 0.2645833471324295 0.14531250216532499 0.16875000251457095
0 0.08828125131549314 0.37500001955777407 0.14531250216532499 0.16875000251457095
1 0.2210937532945536 0.6562500342261046 0.3546875052852556 0.28750000428408384
0 0.6835937601863407 0.6677083681570366 0.17656250263098627 0.14531250216532499
0 0.7726562615134753 0.44791669002734125 0.18593750277068466 0.1843750027474016
0 0.6265625093365088 0.31250001629814506 0.16875000251457095 0.16875000251457095
0 0.5218750077765435 0.40937502135057 0.1625000024214387 0.14531250216532499
0 0.6171875091968104 0.09791667177341878 0.1625000024214387 0.14375000214204192
0 0.6414062595576979 0.8947917133336887 0.17343750258442014 0.1578125023515895
0 0.4296875064028427 0.9239583815215155 0.17187500256113708 0.1140625016996637
0 0.7875000117346644 0.11250000586733222 0.1750000026077032 0.16562500246800482
0 0.9273437638184987 0.8083333754912019 0.14531250216532499 0.16875000251457095
0 0.34296875511063263 0.24375001271255314 0.14531250216532499 0.16875000251457095
0 0.15703125233994797 0.2645833471324295 0.14531250216532499 0.16875000251457095
0 0.08828125131549314 0.37500001955777407 0.14531250216532499 0.16875000251457095
1 0.2210937532945536 0.6562500342261046 0.3546875052852556 0.28750000428408384
0 0.6835937601863407 0.6677083681570366 0.17656250263098627 0.14531250216532499
0 0.7726562615134753 0.44791669002734125 0.18593750277068466 0.1843750027474016
0 0.6265625093365088 0.31250001629814506 0.16875000251457095 0.16875000251457095
0 0.5218750077765435 0.40937502135057 0.1625000024214387 0.14531250216532499
0 0.6171875091968104 0.09791667177341878 0.1625000024214387 0.14375000214204192
0 0.6414062595576979 0.8947917133336887 0.17343750258442014 0.1578125023515895
0 0.4296875064028427 0.9239583815215155 0.17187500256113708 0.1140625016996637
0 0.7875000117346644 0.11250000586733222 0.1750000026077032 0.16562500246800482
0 0.9273437638184987 0.8083333754912019 0.14531250216532499 0.16875000251457095
0 0.34296875511063263 0.24375001271255314 0.14531250216532499 0.16875000251457095
0 0.15703125233994797 0.2645833471324295 0.14531250216532499 0.16875000251457095
0 0.08828125131549314 0.37500001955777407 0.14531250216532499 0.16875000251457095
1 0.2210937532945536 0.6562500342261046 0.3546875052852556 0.28750000428408384
0 0.6835937601863407 0.6677083681570366 0.17656250263098627 0.14531250216532499
0 0.7726562615134753 0.44791669002734125 0.18593750277068466 0.1843750027474016
0 0.6265625093365088 0.31250001629814506 0.16875000251457095 0.16875000251457095
0 0.5218750077765435 0.40937502135057 0.1625000024214387 0.14531250216532499
0 0.6171875091968104 0.09791667177341878 0.1625000024214387 0.14375000214204192
0 0.6414062595576979 0.8947917133336887 0.17343750258442014 0.1578125023515895
0 0.4296875064028427 0.9239583815215155 0.17187500256113708 0.1140625016996637
0 0.7875000117346644 0.11250000586733222 0.1750000026077032 0.16562500246800482
0 0.9273437638184987 0.8083333754912019 0.14531250216532499 0.16875000251457095
0 0.34296875511063263 0.24375001271255314 0.14531250216532499 0.16875000251457095
0 0.15703125233994797 0.2645833471324295 0.14531250216532499 0.16875000251457095
0 0.08828125131549314 0.37500001955777407 0.14531250216532499 0.16875000251457095
1 0.2210937532945536 0.6562500342261046 0.3546875052852556 0.28750000428408384
0 0.6835937601863407 0.6677083681570366 0.17656250263098627 0.14531250216532499
0 0.7726562615134753 0.44791669002734125 0.18593750277068466 0.1843750027474016
0 0.6265625093365088 0.31250001629814506 0.16875000251457095 0.16875000251457095
0 0.5218750077765435 0.40937502135057 0.1625000024214387 0.14531250216532499
0 0.6171875091968104 0.09791667177341878 0.1625000024214387 0.14375000214204192
0 0.6414062595576979 0.8947917133336887 0.17343750258442014 0.1578125023515895
0 0.4296875064028427 0.9239583815215155 0.17187500256113708 0.1140625016996637
0 0.7875000117346644 0.11250000586733222 0.1750000026077032 0.16562500246800482
0 0.9273437638184987 0.8083333754912019 0.14531250216532499 0.16875000251457095
0 0.34296875511063263 0.24375001271255314 0.14531250216532499 0.16875000251457095
0 0.15703125233994797 0.2645833471324295 0.14531250216532499 0.16875000251457095
0 0.08828125131549314 0.37500001955777407 0.14531250216532499 0.16875000251457095
1 0.2210937532945536 0.6562500342261046 0.3546875052852556 0.28750000428408384
0 0.6835937601863407 0.6677083681570366 0.17656250263098627 0.14531250216532499
0 0.7726562615134753 0.44791669002734125 0.18593750277068466 0.1843750027474016
0 0.6265625093365088 0.31250001629814506 0.16875000251457095 0.16875000251457095
0 0.5218750077765435 0.40937502135057 0.1625000024214387 0.14531250216532499
0 0.6171875091968104 0.09791667177341878 0.1625000024214387 0.14375000214204192
0 0.6414062595576979 0.8947917133336887 0.17343750258442014 0.1578125023515895
0 0.4296875064028427 0.9239583815215155 0.17187500256113708 0.1140625016996637
0 0.7875000117346644 0.11250000586733222 0.1750000026077032 0.16562500246800482
0 0.9273437638184987 0.8083333754912019 0.14531250216532499 0.16875000251457095
0 0.34296875511063263 0.24375001271255314 0.14531250216532499 0.16875000251457095
0 0.15703125233994797 0.2645833471324295 0.14531250216532499 0.16875000251457095
0 0.08828125131549314 0.37500001955777407 0.14531250216532499 0.16875000251457095
1 0.2210937532945536 0.6562500342261046 0.3546875052852556 0.28750000428408384
0 0.6835937601863407 0.6677083681570366 0.17656250263098627 0.14531250216532499
0 0.7726562615134753 0.44791669002734125 0.18593750277068466 0.1843750027474016
0 0.6265625093365088 0.31250001629814506 0.16875000251457095 0.16875000251457095
0 0.5218750077765435 0.40937502135057 0.1625000024214387 0.14531250216532499
0 0.6171875091968104 0.09791667177341878 0.1625000024214387 0.14375000214204192
0 0.6414062595576979 0.8947917133336887 0.17343750258442014 0.1578125023515895
0 0.4296875064028427 0.9239583815215155 0.17187500256113708 0.1140625016996637
0 0.7875000117346644 0.11250000586733222 0.1750000026077032 0.16562500246800482
0 0.9273437638184987 0.8083333754912019 0.14531250216532499 0.16875000251457095
0 0.34296875511063263 0.24375001271255314 0.14531250216532499 0.16875000251457095
0 0.15703125233994797 0.2645833471324295 0.14531250216532499 0.16875000251457095
0 0.08828125131549314 0.37500001955777407 0.14531250216532499 0.16875000251457095
1 0.2210937532945536 0.6562500342261046 0.3546875052852556 0.28750000428408384
0 0.6835937601863407 0.6677083681570366 0.17656250263098627 0.14531250216532499
0 0.7726562615134753 0.44791669002734125 0.18593750277068466 0.1843750027474016
0 0.6265625093365088 0.31250001629814506 0.16875000251457095 0.16875000251457095
0 0.5218750077765435 0.40937502135057 0.1625000024214387 0.14531250216532499
0 0.6171875091968104 0.09791667177341878 0.1625000024214387 0.14375000214204192
0 0.6414062595576979 0.8947917133336887 0.17343750258442014 0.1578125023515895
0 0.4296875064028427 0.9239583815215155 0.17187500256113708 0.1140625016996637
0 0.7875000117346644 0.11250000586733222 0.1750000026077032 0.16562500246800482
0 0.9273437638184987 0.8083333754912019 0.14531250216532499 0.16875000251457095
0 0.34296875511063263 0.24375001271255314 0.14531250216532499 0.16875000251457095
0 0.15703125233994797 0.2645833471324295 0.14531250216532499 0.16875000251457095
0 0.08828125131549314 0.37500001955777407 0.14531250216532499 0.16875000251457095
1 0.2210937532945536 0.6562500342261046 0.3546875052852556 0.28750000428408384
0 0.6835937601863407 0.6677083681570366 0.17656250263098627 0.14531250216532499
0 0.7726562615134753 0.44791669002734125 0.18593750277068466 0.1843750027474016
0 0.6265625093365088 0.31250001629814506 0.16875000251457095 0.16875000251457095
0 0.5218750077765435 0.40937502135057 0.1625000024214387 0.14531250216532499
0 0.6171875091968104 0.09791667177341878 0.1625000024214387 0.14375000214204192
0 0.6414062595576979 0.8947917133336887 0.17343750258442014 0.1578125023515895
0 0.4296875064028427 0.9239583815215155 0.17187500256113708 0.1140625016996637
0 0.7875000117346644 0.11250000586733222 0.1750000026077032 0.16562500246800482
0 0.9273437638184987 0.8083333754912019 0.14531250216532499 0.16875000251457095
0 0.34296875511063263 0.24375001271255314 0.14531250216532499 0.16875000251457095
0 0.15703125233994797 0.2645833471324295 0.14531250216532499 0.16875000251457095
0 0.08828125131549314 0.37500001955777407 0.14531250216532499 0.16875000251457095
1 0.2210937532945536 0.6562500342261046 0.3546875052852556 0.28750000428408384
0 0.6835937601863407 0.6677083681570366 0.17656250263098627 0.14531250216532499
0 0.7726562615134753 0.44791669002734125 0.18593750277068466 0.1843750027474016
0 0.6265625093365088 0.31250001629814506 0.16875000251457095 0.16875000251457095
0 0.5218750077765435 0.40937502135057 0.1625000024214387 0.14531250216532499
0 0.6171875091968104 0.09791667177341878 0.1625000024214387 0.14375000214204192
0 0.6414062595576979 0.8947917133336887 0.17343750258442014 0.1578125023515895
0 0.4296875064028427 0.9239583815215155 0.17187500256113708 0.1140625016996637
0 0.7875000117346644 0.11250000586733222 0.1750000026077032 0.16562500246800482
0 0.9273437638184987 0.8083333754912019 0.14531250216532499 0.16875000251457095
0 0.34296875511063263 0.24375001271255314 0.14531250216532499 0.16875000251457095
0 0.15703125233994797 0.2645833471324295 0.14531250216532499 0.16875000251457095
0 0.08828125131549314 0.37500001955777407 0.14531250216532499 0.16875000251457095
1 0.2210937532945536 0.6562500342261046 0.3546875052852556 0.28750000428408384
0 0.6835937601863407 0.6677083681570366 0.17656250263098627 0.14531250216532499
0 0.7726562615134753 0.44791669002734125 0.18593750277068466 0.1843750027474016
0 0.6265625093365088 0.31250001629814506 0.16875000251457095 0.16875000251457095
0 0.5218750077765435 0.40937502135057 0.1625000024214387 0.14531250216532499
0 0.6171875091968104 0.09791667177341878 0.1625000024214387 0.14375000214204192
0 0.6414062595576979 0.8947917133336887 0.17343750258442014 0.1578125023515895
0 0.4296875064028427 0.9239583815215155 0.17187500256113708 0.1140625016996637
0 0.7875000117346644 0.11250000586733222 0.1750000026077032 0.16562500246800482
0 0.9273437638184987 0.8083333754912019 0.14531250216532499 0.16875000251457095
0 0.34296875511063263 0.24375001271255314 0.14531250216532499 0.16875000251457095
0 0.15703125233994797 0.2645833471324295 0.14531250216532499 0.16875000251457095
0 0.08828125131549314 0.37500001955777407 0.14531250216532499 0.16875000251457095
1 0.2210937532945536 0.6562500342261046 0.3546875052852556 0.28750000428408384
0 0.6835937601863407 0.6677083681570366 0.17656250263098627 0.14531250216532499
0 0.7726562615134753 0.44791669002734125 0.18593750277068466 0.1843750027474016
0 0.6265625093365088 0.31250001629814506 0.16875000251457095 0.16875000251457095
0 0.5218750077765435 0.40937502135057 0.1625000024214387 0.14531250216532499
0 0.6171875091968104 0.09791667177341878 0.1625000024214387 0.14375000214204192
0 0.6414062595576979 0.8947917133336887 0.17343750258442014 0.1578125023515895
0 0.4296875064028427 0.9239583815215155 0.17187500256113708 0.1140625016996637
0 0.7875000117346644 0.11250000586733222 0.1750000026077032 0.16562500246800482
0 0.9273437638184987 0.8083333754912019 0.14531250216532499 0.16875000251457095
0 0.34296875511063263 0.24375001271255314 0.14531250216532499 0.16875000251457095
0 0.15703125233994797 0.2645833471324295 0.14531250216532499 0.16875000251457095
0 0.08828125131549314 0.37500001955777407 0.14531250216532499 0.16875000251457095
1 0.2210937532945536 0.6562500342261046 0.3546875052852556 0.28750000428408384
0 0.68359375 0.6677083969116211 0.17656250298023224 0.14531250298023224
0 0.772656261920929 0.4479166865348816 0.18593750894069672 0.18437500298023224
0 0.6265625357627869 0.3125000298023224 0.16875000298023224 0.16875000298023224
0 0.5218750238418579 0.40937501192092896 0.16250000894069672 0.14531250298023224
0 0.6171875 0.09791667014360428 0.16250000894069672 0.14374999701976776
0 0.641406238079071 0.8947917222976685 0.17343750596046448 0.15781250596046448
0 0.4296875 0.9239583611488342 0.171875 0.11406250298023224
0 0.7875000238418579 0.11250000447034836 0.17499999701976776 0.16562500596046448
0 0.9273437857627869 0.8083333969116211 0.14531250298023224 0.16875000298023224
0 0.34296876192092896 0.24375000596046448 0.14531250298023224 0.16875000298023224
0 0.15703125298023224 0.2645833492279053 0.14531250298023224 0.16875000298023224
0 0.08828125149011612 0.3750000298023224 0.14531250298023224 0.16875000298023224
1 0.22109375894069672 0.6562500596046448 0.35468751192092896 0.2874999940395355
0 0.68359375 0.6677083969116211 0.17656250298023224 0.14531250298023224
0 0.772656261920929 0.4479166865348816 0.18593750894069672 0.18437500298023224
0 0.6265625357627869 0.3125000298023224 0.16875000298023224 0.16875000298023224
0 0.5218750238418579 0.40937501192092896 0.16250000894069672 0.14531250298023224
0 0.6171875 0.09791667014360428 0.16250000894069672 0.14374999701976776
0 0.641406238079071 0.8947917222976685 0.17343750596046448 0.15781250596046448
0 0.4296875 0.9239583611488342 0.171875 0.11406250298023224
0 0.7875000238418579 0.11250000447034836 0.17499999701976776 0.16562500596046448
0 0.9273437857627869 0.8083333969116211 0.14531250298023224 0.16875000298023224
0 0.34296876192092896 0.24375000596046448 0.14531250298023224 0.16875000298023224
0 0.15703125298023224 0.2645833492279053 0.14531250298023224 0.16875000298023224
0 0.08828125149011612 0.3750000298023224 0.14531250298023224 0.16875000298023224
1 0.22109375894069672 0.6562500596046448 0.35468751192092896 0.2874999940395355
0 0.68359375 0.6677083969116211 0.17656250298023224 0.14531250298023224
0 0.772656261920929 0.4479166865348816 0.18593750894069672 0.18437500298023224
0 0.6265625357627869 0.3125000298023224 0.16875000298023224 0.16875000298023224
0 0.5218750238418579 0.40937501192092896 0.16250000894069672 0.14531250298023224
0 0.6171875 0.09791667014360428 0.16250000894069672 0.14374999701976776
0 0.641406238079071 0.8947917222976685 0.17343750596046448 0.15781250596046448
0 0.4296875 0.9239583611488342 0.171875 0.11406250298023224
0 0.7875000238418579 0.11250000447034836 0.17499999701976776 0.16562500596046448
0 0.9273437857627869 0.8083333969116211 0.14531250298023224 0.16875000298023224
0 0.34296876192092896 0.24375000596046448 0.14531250298023224 0.16875000298023224
0 0.15703125298023224 0.2645833492279053 0.14531250298023224 0.16875000298023224
0 0.08828125149011612 0.3750000298023224 0.14531250298023224 0.16875000298023224
1 0.22109375894069672 0.6562500596046448 0.35468751192092896 0.2874999940395355
0 0.68359375 0.6677083969116211 0.17656250298023224 0.14531250298023224
0 0.772656261920929 0.4479166865348816 0.18593750894069672 0.18437500298023224
0 0.6265625357627869 0.3125000298023224 0.16875000298023224 0.16875000298023224
0 0.5218750238418579 0.40937501192092896 0.16250000894069672 0.14531250298023224
0 0.6171875 0.09791667014360428 0.16250000894069672 0.14374999701976776
0 0.641406238079071 0.8947917222976685 0.17343750596046448 0.15781250596046448
0 0.4296875 0.9239583611488342 0.171875 0.11406250298023224
0 0.7875000238418579 0.11250000447034836 0.17499999701976776 0.16562500596046448
0 0.9273437857627869 0.8083333969116211 0.14531250298023224 0.16875000298023224
0 0.34296876192092896 0.24375000596046448 0.14531250298023224 0.16875000298023224
0 0.15703125298023224 0.2645833492279053 0.14531250298023224 0.16875000298023224
0 0.08828125149011612 0.3750000298023224 0.14531250298023224 0.16875000298023224
1 0.22109375894069672 0.6562500596046448 0.35468751192092896 0.2874999940395355
0 0.68359375 0.6677083969116211 0.17656250298023224 0.14531250298023224
0 0.772656261920929 0.4479166865348816 0.18593750894069672 0.18437500298023224
0 0.6265625357627869 0.3125000298023224 0.16875000298023224 0.16875000298023224
0 0.5218750238418579 0.40937501192092896 0.16250000894069672 0.14531250298023224
0 0.6171875 0.09791667014360428 0.16250000894069672 0.14374999701976776
0 0.641406238079071 0.8947917222976685 0.17343750596046448 0.15781250596046448
0 0.4296875 0.9239583611488342 0.171875 0.11406250298023224
0 0.7875000238418579 0.11250000447034836 0.17499999701976776 0.16562500596046448
0 0.9273437857627869 0.8083333969116211 0.14531250298023224 0.16875000298023224
0 0.34296876192092896 0.24375000596046448 0.14531250298023224 0.16875000298023224
0 0.15703125298023224 0.2645833492279053 0.14531250298023224 0.16875000298023224
0 0.08828125149011612 0.3750000298023224 0.14531250298023224 0.16875000298023224
1 0.22109375894069672 0.6562500596046448 0.35468751192092896 0.2874999940395355
0 0.68359375 0.6677083969116211 0.17656250298023224 0.14531250298023224
0 0.772656261920929 0.4479166865348816 0.18593750894069672 0.18437500298023224
0 0.6265625357627869 0.3125000298023224 0.16875000298023224 0.16875000298023224
0 0.5218750238418579 0.40937501192092896 0.16250000894069672 0.14531250298023224
0 0.6171875 0.09791667014360428 0.16250000894069672 0.14374999701976776
0 0.641406238079071 0.8947917222976685 0.17343750596046448 0.15781250596046448
0 0.4296875 0.9239583611488342 0.171875 0.11406250298023224
0 0.7875000238418579 0.11250000447034836 0.17499999701976776 0.16562500596046448
0 0.9273437857627869 0.8083333969116211 0.14531250298023224 0.16875000298023224
0 0.34296876192092896 0.24375000596046448 0.14531250298023224 0.16875000298023224
0 0.15703125298023224 0.2645833492279053 0.14531250298023224 0.16875000298023224
0 0.08828125149011612 0.3750000298023224 0.14531250298023224 0.16875000298023224
1 0.22109375894069672 0.6562500596046448 0.35468751192092896 0.2874999940395355
0 0.68359375 0.6677083969116211 0.17656250298023224 0.14531250298023224
0 0.772656261920929 0.4479166865348816 0.18593750894069672 0.18437500298023224
0 0.6265625357627869 0.3125000298023224 0.16875000298023224 0.16875000298023224
0 0.5218750238418579 0.40937501192092896 0.16250000894069672 0.14531250298023224
0 0.6171875 0.09791667014360428 0.16250000894069672 0.14374999701976776
0 0.641406238079071 0.8947917222976685 0.17343750596046448 0.15781250596046448
0 0.4296875 0.9239583611488342 0.171875 0.11406250298023224
0 0.7875000238418579 0.11250000447034836 0.17499999701976776 0.16562500596046448
0 0.9273437857627869 0.8083333969116211 0.14531250298023224 0.16875000298023224
0 0.34296876192092896 0.24375000596046448 0.14531250298023224 0.16875000298023224
0 0.15703125298023224 0.2645833492279053 0.14531250298023224 0.16875000298023224
0 0.08828125149011612 0.3750000298023224 0.14531250298023224 0.16875000298023224
1 0.22109375894069672 0.6562500596046448 0.35468751192092896 0.2874999940395355
