0 0.11562500172294676 0.12083333963528275 0.17187500256113708 0.1750000026077032
0 0.07812500116415322 0.4885416921461001 0.1531250022817403 0.18281250272411853
0 0.3671875054715201 0.2166666779667139 0.15000000223517418 0.15000000223517418
0 0.559375008335337 0.4760416914941743 0.18750000279396772 0.14531250216532499
0 0.7125000106170774 0.6156250321073458 0.18750000279396772 0.14531250216532499
0 0.9062500135041773 0.11562500603031367 0.18750000279396772 0.14531250216532499
0 0.13906250207219273 0.7322917048586532 0.18750000279396772 0.14531250216532499
0 0.9062500135041773 0.3416666844859719 0.18750000279396772 0.17812500265426934
0 0.23906250356230885 0.4500000234693289 0.13437500200234354 0.13750000204890966
1 0.49453125736908987 0.7572917061625049 0.3296875049127266 0.36093750537838787
0 0.11562500172294676 0.12083333963528275 0.17187500256113708 0.1750000026077032
0 0.07812500116415322 0.4885416921461001 0.1531250022817403 0.18281250272411853
0 0.3671875054715201 0.2166666779667139 0.15000000223517418 0.15000000223517418
0 0.559375008335337 0.4760416914941743 0.18750000279396772 0.14531250216532499
0 0.7125000106170774 0.6156250321073458 0.18750000279396772 0.14531250216532499
0 0.9062500135041773 0.11562500603031367 0.18750000279396772 0.14531250216532499
0 0.13906250207219273 0.7322917048586532 0.18750000279396772 0.14531250216532499
0 0.9062500135041773 0.3416666844859719 0.18750000279396772 0.17812500265426934
0 0.23906250356230885 0.4500000234693289 0.13437500200234354 0.13750000204890966
1 0.49453125736908987 0.7572917061625049 0.3296875049127266 0.36093750537838787
0 0.11562500172294676 0.12083333963528275 0.17187500256113708 0.1750000026077032
0 0.07812500116415322 0.4885416921461001 0.1531250022817403 0.18281250272411853
0 0.3671875054715201 0.2166666779667139 0.15000000223517418 0.15000000223517418
0 0.559375008335337 0.4760416914941743 0.18750000279396772 0.14531250216532499
0 0.7125000106170774 0.6156250321073458 0.18750000279396772 0.14531250216532499
0 0.9062500135041773 0.11562500603031367 0.18750000279396772 0.14531250216532499
0 0.13906250207219273 0.7322917048586532 0.18750000279396772 0.14531250216532499
0 0.9062500135041773 0.3416666844859719 0.18750000279396772 0.17812500265426934
0 0.23906250356230885 0.4500000234693289 0.13437500200234354 0.13750000204890966
1 0.49453125736908987 0.7572917061625049 0.3296875049127266 0.36093750537838787
0 0.11562500172294676 0.12083333963528275 0.17187500256113708 0.1750000026077032
0 0.07812500116415322 0.4885416921461001 0.1531250022817403 0.18281250272411853
0 0.3671875054715201 0.2166666779667139 0.15000000223517418 0.15000000223517418
0 0.559375008335337 0.4760416914941743 0.18750000279396772 0.14531250216532499
0 0.7125000106170774 0.6156250321073458 0.18750000279396772 0.14531250216532499
0 0.9062500135041773 0.11562500603031367 0.18750000279396772 0.14531250216532499
0 0.13906250207219273 0.7322917048586532 0.18750000279396772 0.14531250216532499
0 0.9062500135041773 0.3416666844859719 0.18750000279396772 0.17812500265426934
0 0.23906250356230885 0.4500000234693289 0.13437500200234354 0.13750000204890966
1 0.49453125736908987 0.7572917061625049 0.3296875049127266 0.36093750537838787
0 0.11562500172294676 0.12083333963528275 0.17187500256113708 0.1750000026077032
0 0.07812500116415322 0.4885416921461001 0.1531250022817403 0.18281250272411853
0 0.3671875054715201 0.2166666779667139 0.15000000223517418 0.15000000223517418
0 0.559375008335337 0.4760416914941743 0.18750000279396772 0.14531250216532499
0 0.7125000106170774 0.6156250321073458 0.18750000279396772 0.14531250216532499
0 0.9062500135041773 0.11562500603031367 0.18750000279396772 0.14531250216532499
0 0.13906250207219273 0.7322917048586532 0.18750000279396772 0.14531250216532499
0 0.9062500135041773 0.3416666844859719 0.18750000279396772 0.17812500265426934
0 0.23906250356230885 0.4500000234693289 0.13437500200234354 0.13750000204890966
1 0.49453125736908987 0.7572917061625049 0.3296875049127266 0.36093750537838787
0 0.11562500172294676 0.12083333963528275 0.17187500256113708 0.1750000026077032
0 0.07812500116415322 0.4885416921461001 0.1531250022817403 0.18281250272411853
0 0.3671875054715201 0.2166666779667139 0.15000000223517418 0.15000000223517418
0 0.559375008335337 0.4760416914941743 0.18750000279396772 0.14531250216532499
0 0.7125000106170774 0.6156250321073458 0.18750000279396772 0.14531250216532499
0 0.9062500135041773 0.11562500603031367 0.18750000279396772 0.14531250216532499
0 0.13906250207219273 0.7322917048586532 0.18750000279396772 0.14531250216532499
0 0.9062500135041773 0.3416666844859719 0.18750000279396772 0.17812500265426934
0 0.23906250356230885 0.4500000234693289 0.13437500200234354 0.13750000204890966
1 0.49453125736908987 0.7572917061625049 0.3296875049127266 0.36093750537838787
0 0.11562500172294676 0.12083333963528275 0.17187500256113708 0.1750000026077032
0 0.07812500116415322 0.4885416921461001 0.1531250022817403 0.18281250272411853
0 0.3671875054715201 0.2166666779667139 0.15000000223517418 0.15000000223517418
0 0.559375008335337 0.4760416914941743 0.18750000279396772 0.14531250216532499
0 0.7125000106170774 0.6156250321073458 0.18750000279396772 0.14531250216532499
0 0.9062500135041773 0.11562500603031367 0.18750000279396772 0.14531250216532499
0 0.13906250207219273 0.7322917048586532 0.18750000279396772 0.14531250216532499
0 0.9062500135041773 0.3416666844859719 0.18750000279396772 0.17812500265426934
0 0.23906250356230885 0.4500000234693289 0.13437500200234354 0.13750000204890966
1 0.49453125736908987 0.7572917061625049 0.3296875049127266 0.36093750537838787
0 0.11562500172294676 0.12083333963528275 0.17187500256113708 0.1750000026077032
0 0.07812500116415322 0.4885416921461001 0.1531250022817403 0.18281250272411853
0 0.3671875054715201 0.2166666779667139 0.15000000223517418 0.15000000223517418
0 0.559375008335337 0.4760416914941743 0.18750000279396772 0.14531250216532499
0 0.7125000106170774 0.6156250321073458 0.18750000279396772 0.14531250216532499
0 0.9062500135041773 0.11562500603031367 0.18750000279396772 0.14531250216532499
0 0.13906250207219273 0.7322917048586532 0.18750000279396772 0.14531250216532499
0 0.9062500135041773 0.3416666844859719 0.18750000279396772 0.17812500265426934
0 0.23906250356230885 0.4500000234693289 0.13437500200234354 0.13750000204890966
1 0.49453125736908987 0.7572917061625049 0.3296875049127266 0.36093750537838787
0 0.11562500172294676 0.12083333963528275 0.17187500256113708 0.1750000026077032
0 0.07812500116415322 0.4885416921461001 0.1531250022817403 0.18281250272411853
0 0.3671875054715201 0.2166666779667139 0.15000000223517418 0.15000000223517418
0 0.559375008335337 0.4760416914941743 0.18750000279396772 0.14531250216532499
0 0.7125000106170774 0.6156250321073458 0.18750000279396772 0.14531250216532499
0 0.9062500135041773 0.11562500603031367 0.18750000279396772 0.14531250216532499
0 0.13906250207219273 0.7322917048586532 0.18750000279396772 0.14531250216532499
0 0.9062500135041773 0.3416666844859719 0.18750000279396772 0.17812500265426934
0 0.23906250356230885 0.4500000234693289 0.13437500200234354 0.13750000204890966
1 0.49453125736908987 0.7572917061625049 0.3296875049127266 0.36093750537838787
0 0.11562500172294676 0.12083333963528275 0.17187500256113708 0.1750000026077032
0 0.07812500116415322 0.4885416921461001 0.1531250022817403 0.18281250272411853
0 0.3671875054715201 0.2166666779667139 0.15000000223517418 0.15000000223517418
0 0.559375008335337 0.4760416914941743 0.18750000279396772 0.14531250216532499
0 0.7125000106170774 0.6156250321073458 0.18750000279396772 0.14531250216532499
0 0.9062500135041773 0.11562500603031367 0.18750000279396772 0.14531250216532499
0 0.13906250207219273 0.7322917048586532 0.18750000279396772 0.14531250216532499
0 0.9062500135041773 0.3416666844859719 0.18750000279396772 0.17812500265426934
0 0.23906250356230885 0.4500000234693289 0.13437500200234354 0.13750000204890966
1 0.49453125736908987 0.7572917061625049 0.3296875049127266 0.36093750537838787
0 0.11562500172294676 0.12083333963528275 0.17187500256113708 0.1750000026077032
0 0.07812500116415322 0.4885416921461001 0.1531250022817403 0.18281250272411853
0 0.3671875054715201 0.2166666779667139 0.15000000223517418 0.15000000223517418
0 0.559375008335337 0.4760416914941743 0.18750000279396772 0.14531250216532499
0 0.7125000106170774 0.6156250321073458 0.18750000279396772 0.14531250216532499
0 0.9062500135041773 0.11562500603031367 0.18750000279396772 0.14531250216532499
0 0.13906250207219273 0.7322917048586532 0.18750000279396772 0.14531250216532499
0 0.9062500135041773 0.3416666844859719 0.18750000279396772 0.17812500265426934
0 0.23906250356230885 0.4500000234693289 0.13437500200234354 0.13750000204890966
1 0.49453125736908987 0.7572917061625049 0.3296875049127266 0.36093750537838787
0 0.11562500172294676 0.12083333963528275 0.17187500256113708 0.1750000026077032
0 0.07812500116415322 0.4885416921461001 0.1531250022817403 0.18281250272411853
0 0.3671875054715201 0.2166666779667139 0.15000000223517418 0.15000000223517418
0 0.559375008335337 0.4760416914941743 0.18750000279396772 0.14531250216532499
0 0.7125000106170774 0.6156250321073458 0.18750000279396772 0.14531250216532499
0 0.9062500135041773 0.11562500603031367 0.18750000279396772 0.14531250216532499
0 0.13906250207219273 0.7322917048586532 0.18750000279396772 0.14531250216532499
0 0.9062500135041773 0.3416666844859719 0.18750000279396772 0.17812500265426934
0 0.23906250356230885 0.4500000234693289 0.13437500200234354 0.13750000204890966
1 0.49453125736908987 0.7572917061625049 0.3296875049127266 0.36093750537838787
0 0.11562500172294676 0.12083333963528275 0.17187500256113708 0.1750000026077032
0 0.07812500116415322 0.4885416921461001 0.1531250022817403 0.18281250272411853
0 0.3671875054715201 0.2166666779667139 0.15000000223517418 0.15000000223517418
0 0.559375008335337 0.4760416914941743 0.18750000279396772 0.14531250216532499
0 0.7125000106170774 0.6156250321073458 0.18750000279396772 0.14531250216532499
0 0.9062500135041773 0.11562500603031367 0.18750000279396772 0.14531250216532499
0 0.13906250207219273 0.7322917048586532 0.18750000279396772 0.14531250216532499
0 0.9062500135041773 0.3416666844859719 0.18750000279396772 0.17812500265426934
0 0.23906250356230885 0.4500000234693289 0.13437500200234354 0.13750000204890966
1 0.49453125736908987 0.7572917061625049 0.3296875049127266 0.36093750537838787
0 0.11562500172294676 0.12083333963528275 0.17187500256113708 0.1750000026077032
0 0.07812500116415322 0.4885416921461001 0.1531250022817403 0.18281250272411853
0 0.3671875054715201 0.2166666779667139 0.15000000223517418 0.15000000223517418
0 0.559375008335337 0.4760416914941743 0.18750000279396772 0.14531250216532499
0 0.7125000106170774 0.6156250321073458 0.18750000279396772 0.14531250216532499
0 0.9062500135041773 0.11562500603031367 0.18750000279396772 0.14531250216532499
0 0.13906250207219273 0.7322917048586532 0.18750000279396772 0.14531250216532499
0 0.9062500135041773 0.3416666844859719 0.18750000279396772 0.17812500265426934
0 0.23906250356230885 0.4500000234693289 0.13437500200234354 0.13750000204890966
1 0.49453125736908987 0.7572917061625049 0.3296875049127266 0.36093750537838787
0 0.11562500172294676 0.12083333963528275 0.17187500256113708 0.1750000026077032
0 0.07812500116415322 0.4885416921461001 0.1531250022817403 0.18281250272411853
0 0.3671875054715201 0.2166666779667139 0.15000000223517418 0.15000000223517418
0 0.559375008335337 0.4760416914941743 0.18750000279396772 0.14531250216532499
0 0.7125000106170774 0.6156250321073458 0.18750000279396772 0.14531250216532499
0 0.9062500135041773 0.11562500603031367 0.18750000279396772 0.14531250216532499
0 0.13906250207219273 0.7322917048586532 0.18750000279396772 0.14531250216532499
0 0.9062500135041773 0.3416666844859719 0.18750000279396772 0.17812500265426934
0 0.23906250356230885 0.4500000234693289 0.13437500200234354 0.13750000204890966
1 0.49453125736908987 0.7572917061625049 0.3296875049127266 0.36093750537838787
0 0.11562500149011612 0.12083333730697632 0.171875 0.17499999701976776
0 0.078125 0.48854169249534607 0.15312500298023224 0.18281249701976776
0 0.3671875 0.21666668355464935 0.15000000596046448 0.15000000596046448
0 0.559374988079071 0.476041704416275 0.1875 0.14531250298023224
0 0.7125000357627869 0.6156250238418579 0.1875 0.14531250298023224
0 0.90625 0.11562500894069672 0.1875 0.14531250298023224
0 0.13906250894069672 0.7322916984558105 0.1875 0.14531250298023224
0 0.90625 0.34166669845581055 0.1875 0.17812500894069672
0 0.23906250298023224 0.45000001788139343 0.13437500596046448 0.13750000298023224
1 0.4945312440395355 0.7572917342185974 0.3296875059604645 0.3609375059604645
0 0.11562500149011612 0.12083333730697632 0.171875 0.17499999701976776
0 0.078125 0.48854169249534607 0.15312500298023224 0.18281249701976776
0 0.3671875 0.21666668355464935 0.15000000596046448 0.15000000596046448
0 0.559374988079071 0.476041704416275 0.1875 0.14531250298023224
0 0.7125000357627869 0.6156250238418579 0.1875 0.14531250298023224
0 0.90625 0.11562500894069672 0.1875 0.14531250298023224
0 0.13906250894069672 0.7322916984558105 0.1875 0.14531250298023224
0 0.90625 0.34166669845581055 0.1875 0.17812500894069672
0 0.23906250298023224 0.45000001788139343 0.13437500596046448 0.13750000298023224
1 0.4945312440395355 0.7572917342185974 0.3296875059604645 0.3609375059604645
0 0.11562500149011612 0.12083333730697632 0.171875 0.17499999701976776
0 0.078125 0.48854169249534607 0.15312500298023224 0.18281249701976776
0 0.3671875 0.21666668355464935 0.15000000596046448 0.15000000596046448
0 0.559374988079071 0.476041704416275 0.1875 0.14531250298023224
0 0.7125000357627869 0.6156250238418579 0.1875 0.14531250298023224
0 0.90625 0.11562500894069672 0.1875 0.14531250298023224
0 0.13906250894069672 0.7322916984558105 0.1875 0.14531250298023224
0 0.90625 0.34166669845581055 0.1875 0.17812500894069672
0 0.23906250298023224 0.45000001788139343 0.13437500596046448 0.13750000298023224
1 0.4945312440395355 0.7572917342185974 0.3296875059604645 0.3609375059604645
0 0.11562500149011612 0.12083333730697632 0.171875 0.17499999701976776
0 0.078125 0.48854169249534607 0.15312500298023224 0.18281249701976776
0 0.3671875 0.21666668355464935 0.15000000596046448 0.15000000596046448
0 0.559374988079071 0.476041704416275 0.1875 0.14531250298023224
0 0.7125000357627869 0.6156250238418579 0.1875 0.14531250298023224
0 0.90625 0.11562500894069672 0.1875 0.14531250298023224
0 0.13906250894069672 0.7322916984558105 0.1875 0.14531250298023224
0 0.90625 0.34166669845581055 0.1875 0.17812500894069672
0 0.23906250298023224 0.45000001788139343 0.13437500596046448 0.13750000298023224
1 0.4945312440395355 0.7572917342185974 0.3296875059604645 0.3609375059604645
0 0.11562500149011612 0.12083333730697632 0.171875 0.17499999701976776
0 0.078125 0.48854169249534607 0.15312500298023224 0.18281249701976776
0 0.3671875 0.21666668355464935 0.15000000596046448 0.15000000596046448
0 0.559374988079071 0.476041704416275 0.1875 0.14531250298023224
0 0.7125000357627869 0.6156250238418579 0.1875 0.14531250298023224
0 0.90625 0.11562500894069672 0.1875 0.14531250298023224
0 0.13906250894069672 0.7322916984558105 0.1875 0.14531250298023224
0 0.90625 0.34166669845581055 0.1875 0.17812500894069672
0 0.23906250298023224 0.45000001788139343 0.13437500596046448 0.13750000298023224
1 0.4945312440395355 0.7572917342185974 0.3296875059604645 0.3609375059604645
0 0.11562500149011612 0.12083333730697632 0.171875 0.17499999701976776
0 0.078125 0.48854169249534607 0.15312500298023224 0.18281249701976776
0 0.3671875 0.21666668355464935 0.15000000596046448 0.15000000596046448
0 0.559374988079071 0.476041704416275 0.1875 0.14531250298023224
0 0.7125000357627869 0.6156250238418579 0.1875 0.14531250298023224
0 0.90625 0.11562500894069672 0.1875 0.14531250298023224
0 0.13906250894069672 0.7322916984558105 0.1875 0.14531250298023224
0 0.90625 0.34166669845581055 0.1875 0.17812500894069672
0 0.23906250298023224 0.45000001788139343 0.13437500596046448 0.13750000298023224
1 0.4945312440395355 0.7572917342185974 0.3296875059604645 0.3609375059604645
0 0.11562500149011612 0.12083333730697632 0.171875 0.17499999701976776
0 0.078125 0.48854169249534607 0.15312500298023224 0.18281249701976776
0 0.3671875 0.21666668355464935 0.15000000596046448 0.15000000596046448
0 0.559374988079071 0.476041704416275 0.1875 0.14531250298023224
0 0.7125000357627869 0.6156250238418579 0.1875 0.14531250298023224
0 0.90625 0.11562500894069672 0.1875 0.14531250298023224
0 0.13906250894069672 0.7322916984558105 0.1875 0.14531250298023224
0 0.90625 0.34166669845581055 0.1875 0.17812500894069672
0 0.23906250298023224 0.45000001788139343 0.13437500596046448 0.13750000298023224
1 0.4945312440395355 0.7572917342185974 0.3296875059604645 0.3609375059604645
