0 0.9210937637253664 0.2156250112457201 0.1578125023515895 0.1578125023515895
0 0.7062500105239451 0.8031250418862328 0.1843750027474016 0.16093750239815563
0 0.8742187630268745 0.7125000371597707 0.18281250272411853 0.20000000298023224
0 0.7546875112457201 0.12083333963528275 0.18750000279396772 0.17812500265426934
0 0.6039062589989044 0.2541666799224913 0.17343750258442014 0.14375000214204192
0 0.5867187587427907 0.49791669263504446 0.19843750295694917 0.1968750029336661
0 0.09921875147847459 0.5083333598449826 0.1671875024912879 0.15000000223517418
0 0.26875000400468707 0.44166668970137835 0.1843750027474016 0.1843750027474016
0 0.47890625713625923 0.3770833529997617 0.1796875026775524 0.15000000223517418
1 0.31406250467989594 0.7895833745133132 0.45000000670552254 0.315625004703179
0 0.9210937637253664 0.2156250112457201 0.1578125023515895 0.1578125023515895
0 0.7062500105239451 0.8031250418862328 0.1843750027474016 0.16093750239815563
0 0.8742187630268745 0.7125000371597707 0.18281250272411853 0.20000000298023224
0 0.7546875112457201 0.12083333963528275 0.18750000279396772 0.17812500265426934
0 0.6039062589989044 0.2541666799224913 0.17343750258442014 0.14375000214204192
0 0.5867187587427907 0.49791669263504446 0.19843750295694917 0.1968750029336661
0 0.09921875147847459 0.5083333598449826 0.1671875024912879 0.15000000223517418
0 0.26875000400468707 0.44166668970137835 0.1843750027474016 0.1843750027474016
0 0.47890625713625923 0.3770833529997617 0.1796875026775524 0.15000000223517418
1 0.31406250467989594 0.7895833745133132 0.45000000670552254 0.315625004703179
0 0.9210937637253664 0.2156250112457201 0.1578125023515895 0.1578125023515895
0 0.7062500105239451 0.8031250418862328 0.1843750027474016 0.16093750239815563
0 0.8742187630268745 0.7125000371597707 0.18281250272411853 0.20000000298023224
0 0.7546875112457201 0.12083333963528275 0.18750000279396772 0.17812500265426934
0 0.6039062589989044 0.2541666799224913 0.17343750258442014 0.14375000214204192
0 0.5867187587427907 0.49791669263504446 0.19843750295694917 0.1968750029336661
0 0.09921875147847459 0.5083333598449826 0.1671875024912879 0.15000000223517418
0 0.26875000400468707 0.44166668970137835 0.1843750027474016 0.1843750027474016
0 0.47890625713625923 0.3770833529997617 0.1796875026775524 0.15000000223517418
1 0.31406250467989594 0.7895833745133132 0.45000000670552254 0.315625004703179
0 0.9210937637253664 0.2156250112457201 0.1578125023515895 0.1578125023515895
0 0.7062500105239451 0.8031250418862328 0.1843750027474016 0.16093750239815563
0 0.8742187630268745 0.7125000371597707 0.18281250272411853 0.20000000298023224
0 0.7546875112457201 0.12083333963528275 0.18750000279396772 0.17812500265426934
0 0.6039062589989044 0.2541666799224913 0.17343750258442014 0.14375000214204192
0 0.5867187587427907 0.49791669263504446 0.19843750295694917 0.1968750029336661
0 0.09921875147847459 0.5083333598449826 0.1671875024912879 0.15000000223517418
0 0.26875000400468707 0.44166668970137835 0.1843750027474016 0.1843750027474016
0 0.47890625713625923 0.3770833529997617 0.1796875026775524 0.15000000223517418
1 0.31406250467989594 0.7895833745133132 0.45000000670552254 0.315625004703179
0 0.9210937637253664 0.2156250112457201 0.1578125023515895 0.1578125023515895
0 0.7062500105239451 0.8031250418862328 0.1843750027474016 0.16093750239815563
0 0.8742187630268745 0.7125000371597707 0.18281250272411853 0.20000000298023224
0 0.7546875112457201 0.12083333963528275 0.18750000279396772 0.17812500265426934
0 0.6039062589989044 0.2541666799224913 0.17343750258442014 0.14375000214204192
0 0.5867187587427907 0.49791669263504446 0.19843750295694917 0.1968750029336661
0 0.09921875147847459 0.5083333598449826 0.1671875024912879 0.15000000223517418
0 0.26875000400468707 0.44166668970137835 0.1843750027474016 0.1843750027474016
0 0.47890625713625923 0.3770833529997617 0.1796875026775524 0.15000000223517418
1 0.31406250467989594 0.7895833745133132 0.45000000670552254 0.315625004703179
0 0.9210937637253664 0.2156250112457201 0.1578125023515895 0.1578125023515895
0 0.7062500105239451 0.8031250418862328 0.1843750027474016 0.16093750239815563
0 0.8742187630268745 0.7125000371597707 0.18281250272411853 0.20000000298023224
0 0.7546875112457201 0.12083333963528275 0.18750000279396772 0.17812500265426934
0 0.6039062589989044 0.2541666799224913 0.17343750258442014 0.14375000214204192
0 0.5867187587427907 0.49791669263504446 0.19843750295694917 0.1968750029336661
0 0.09921875147847459 0.5083333598449826 0.1671875024912879 0.15000000223517418
0 0.26875000400468707 0.44166668970137835 0.1843750027474016 0.1843750027474016
0 0.47890625713625923 0.3770833529997617 0.1796875026775524 0.15000000223517418
1 0.31406250467989594 0.7895833745133132 0.45000000670552254 0.315625004703179
0 0.9210937637253664 0.2156250112457201 0.1578125023515895 0.1578125023515895
0 0.7062500105239451 0.8031250418862328 0.1843750027474016 0.16093750239815563
0 0.8742187630268745 0.7125000371597707 0.18281250272411853 0.20000000298023224
0 0.7546875112457201 0.12083333963528275 0.18750000279396772 0.17812500265426934
0 0.6039062589989044 0.2541666799224913 0.17343750258442014 0.14375000214204192
0 0.5867187587427907 0.49791669263504446 0.19843750295694917 0.1968750029336661
0 0.09921875147847459 0.5083333598449826 0.1671875024912879 0.15000000223517418
0 0.26875000400468707 0.44166668970137835 0.1843750027474016 0.1843750027474016
0 0.47890625713625923 0.3770833529997617 0.1796875026775524 0.15000000223517418
1 0.31406250467989594 0.7895833745133132 0.45000000670552254 0.315625004703179
0 0.9210937637253664 0.2156250112457201 0.1578125023515895 0.1578125023515895
0 0.7062500105239451 0.8031250418862328 0.1843750027474016 0.16093750239815563
0 0.8742187630268745 0.7125000371597707 0.18281250272411853 0.20000000298023224
0 0.7546875112457201 0.12083333963528275 0.18750000279396772 0.17812500265426934
0 0.6039062589989044 0.2541666799224913 0.17343750258442014 0.14375000214204192
0 0.5867187587427907 0.49791669263504446 0.19843750295694917 0.1968750029336661
0 0.09921875147847459 0.5083333598449826 0.1671875024912879 0.15000000223517418
0 0.26875000400468707 0.44166668970137835 0.1843750027474016 0.1843750027474016
0 0.47890625713625923 0.3770833529997617 0.1796875026775524 0.15000000223517418
1 0.31406250467989594 0.7895833745133132 0.45000000670552254 0.315625004703179
0 0.9210937637253664 0.2156250112457201 0.1578125023515895 0.1578125023515895
0 0.7062500105239451 0.8031250418862328 0.1843750027474016 0.16093750239815563
0 0.8742187630268745 0.7125000371597707 0.18281250272411853 0.20000000298023224
0 0.7546875112457201 0.12083333963528275 0.18750000279396772 0.17812500265426934
0 0.6039062589989044 0.2541666799224913 0.17343750258442014 0.14375000214204192
0 0.5867187587427907 0.49791669263504446 0.19843750295694917 0.1968750029336661
0 0.09921875147847459 0.5083333598449826 0.1671875024912879 0.15000000223517418
0 0.26875000400468707 0.44166668970137835 0.1843750027474016 0.1843750027474016
0 0.47890625713625923 0.3770833529997617 0.1796875026775524 0.15000000223517418
1 0.31406250467989594 0.7895833745133132 0.45000000670552254 0.315625004703179
0 0.9210937637253664 0.2156250112457201 0.1578125023515895 0.1578125023515895
0 0.7062500105239451 0.8031250418862328 0.1843750027474016 0.16093750239815563
0 0.8742187630268745 0.7125000371597707 0.18281250272411853 0.20000000298023224
0 0.7546875112457201 0.12083333963528275 0.18750000279396772 0.17812500265426934
0 0.6039062589989044 0.2541666799224913 0.17343750258442014 0.14375000214204192
0 0.5867187587427907 0.49791669263504446 0.19843750295694917 0.1968750029336661
0 0.09921875147847459 0.5083333598449826 0.1671875024912879 0.15000000223517418
0 0.26875000400468707 0.44166668970137835 0.1843750027474016 0.1843750027474016
0 0.47890625713625923 0.3770833529997617 0.1796875026775524 0.15000000223517418
1 0.31406250467989594 0.7895833745133132 0.45000000670552254 0.315625004703179
0 0.9210937637253664 0.2156250112457201 0.1578125023515895 0.1578125023515895
0 0.7062500105239451 0.8031250418862328 0.1843750027474016 0.16093750239815563
0 0.8742187630268745 0.7125000371597707 0.18281250272411853 0.20000000298023224
0 0.7546875112457201 0.12083333963528275 0.18750000279396772 0.17812500265426934
0 0.6039062589989044 0.2541666799224913 0.17343750258442014 0.14375000214204192
0 0.5867187587427907 0.49791669263504446 0.19843750295694917 0.1968750029336661
0 0.09921875147847459 0.5083333598449826 0.1671875024912879 0.15000000223517418
0 0.26875000400468707 0.44166668970137835 0.1843750027474016 0.1843750027474016
0 0.47890625713625923 0.3770833529997617 0.1796875026775524 0.15000000223517418
1 0.31406250467989594 0.7895833745133132 0.45000000670552254 0.315625004703179
0 0.9210937637253664 0.2156250112457201 0.1578125023515895 0.1578125023515895
0 0.7062500105239451 0.8031250418862328 0.1843750027474016 0.16093750239815563
0 0.8742187630268745 0.7125000371597707 0.18281250272411853 0.20000000298023224
0 0.7546875112457201 0.12083333963528275 0.18750000279396772 0.17812500265426934
0 0.6039062589989044 0.2541666799224913 0.17343750258442014 0.14375000214204192
0 0.5867187587427907 0.49791669263504446 0.19843750295694917 0.1968750029336661
0 0.09921875147847459 0.5083333598449826 0.1671875024912879 0.15000000223517418
0 0.26875000400468707 0.44166668970137835 0.1843750027474016 0.1843750027474016
0 0.47890625713625923 0.3770833529997617 0.1796875026775524 0.15000000223517418
1 0.31406250467989594 0.7895833745133132 0.45000000670552254 0.315625004703179
0 0.9210937637253664 0.2156250112457201 0.1578125023515895 0.1578125023515895
0 0.7062500105239451 0.8031250418862328 0.1843750027474016 0.16093750239815563
0 0.8742187630268745 0.7125000371597707 0.18281250272411853 0.20000000298023224
0 0.7546875112457201 0.12083333963528275 0.18750000279396772 0.17812500265426934
0 0.6039062589989044 0.2541666799224913 0.17343750258442014 0.14375000214204192
0 0.5867187587427907 0.49791669263504446 0.19843750295694917 0.1968750029336661
0 0.09921875147847459 0.5083333598449826 0.1671875024912879 0.15000000223517418
0 0.26875000400468707 0.44166668970137835 0.1843750027474016 0.1843750027474016
0 0.47890625713625923 0.3770833529997617 0.1796875026775524 0.15000000223517418
1 0.31406250467989594 0.7895833745133132 0.45000000670552254 0.315625004703179
0 0.9210937637253664 0.2156250112457201 0.1578125023515895 0.1578125023515895
0 0.7062500105239451 0.8031250418862328 0.1843750027474016 0.16093750239815563
0 0.8742187630268745 0.7125000371597707 0.18281250272411853 0.20000000298023224
0 0.7546875112457201 0.12083333963528275 0.18750000279396772 0.17812500265426934
0 0.6039062589989044 0.2541666799224913 0.17343750258442014 0.14375000214204192
0 0.5867187587427907 0.49791669263504446 0.19843750295694917 0.1968750029336661
0 0.09921875147847459 0.5083333598449826 0.1671875024912879 0.15000000223517418
0 0.26875000400468707 0.44166668970137835 0.1843750027474016 0.1843750027474016
0 0.47890625713625923 0.3770833529997617 0.1796875026775524 0.15000000223517418
1 0.31406250467989594 0.7895833745133132 0.45000000670552254 0.315625004703179
0 0.9210937637253664 0.2156250112457201 0.1578125023515895 0.1578125023515895
0 0.7062500105239451 0.8031250418862328 0.1843750027474016 0.16093750239815563
0 0.8742187630268745 0.7125000371597707 0.18281250272411853 0.20000000298023224
0 0.7546875112457201 0.12083333963528275 0.18750000279396772 0.17812500265426934
0 0.6039062589989044 0.2541666799224913 0.17343750258442014 0.14375000214204192
0 0.5867187587427907 0.49791669263504446 0.19843750295694917 0.1968750029336661
0 0.09921875147847459 0.5083333598449826 0.1671875024912879 0.15000000223517418
0 0.26875000400468707 0.44166668970137835 0.1843750027474016 0.1843750027474016
0 0.47890625713625923 0.3770833529997617 0.1796875026775524 0.15000000223517418
1 0.31406250467989594 0.7895833745133132 0.45000000670552254 0.315625004703179
0 0.921093761920929 0.21562501788139343 0.15781250596046448 0.15781250596046448
0 0.706250011920929 0.8031250238418579 0.18437500298023224 0.16093750298023224
0 0.874218761920929 0.7125000357627869 0.18281249701976776 0.20000000298023224
0 0.754687488079071 0.12083333730697632 0.1875 0.17812500894069672
0 0.6039062738418579 0.25416669249534607 0.17343750596046448 0.14374999701976776
0 0.586718738079071 0.49791669845581055 0.19843749701976776 0.19687500596046448
0 0.09921874850988388 0.5083333849906921 0.16718749701976776 0.15000000596046448
0 0.26875001192092896 0.44166669249534607 0.18437500298023224 0.18437500298023224
0 0.4789062440395355 0.37708336114883423 0.1796875 0.15000000596046448
1 0.3140625059604645 0.7895833849906921 0.45000001788139343 0.31562501192092896
0 0.921093761920929 0.21562501788139343 0.15781250596046448 0.15781250596046448
0 0.706250011920929 0.8031250238418579 0.18437500298023224 0.16093750298023224
0 0.874218761920929 0.7125000357627869 0.18281249701976776 0.20000000298023224
0 0.754687488079071 0.12083333730697632 0.1875 0.17812500894069672
0 0.6039062738418579 0.25416669249534607 0.17343750596046448 0.14374999701976776
0 0.586718738079071 0.49791669845581055 0.19843749701976776 0.19687500596046448
0 0.09921874850988388 0.5083333849906921 0.16718749701976776 0.15000000596046448
0 0.26875001192092896 0.44166669249534607 0.18437500298023224 0.18437500298023224
0 0.4789062440395355 0.37708336114883423 0.1796875 0.15000000596046448
1 0.3140625059604645 0.7895833849906921 0.45000001788139343 0.31562501192092896
0 0.921093761920929 0.21562501788139343 0.15781250596046448 0.15781250596046448
0 0.706250011920929 0.8031250238418579 0.18437500298023224 0.16093750298023224
0 0.874218761920929 0.7125000357627869 0.18281249701976776 0.20000000298023224
0 0.754687488079071 0.12083333730697632 0.1875 0.17812500894069672
0 0.6039062738418579 0.25416669249534607 0.17343750596046448 0.14374999701976776
0 0.586718738079071 0.49791669845581055 0.19843749701976776 0.19687500596046448
0 0.09921874850988388 0.5083333849906921 0.16718749701976776 0.15000000596046448
0 0.26875001192092896 0.44166669249534607 0.18437500298023224 0.18437500298023224
0 0.4789062440395355 0.37708336114883423 0.1796875 0.15000000596046448
1 0.3140625059604645 0.7895833849906921 0.45000001788139343 0.31562501192092896
0 0.921093761920929 0.21562501788139343 0.15781250596046448 0.15781250596046448
0 0.706250011920929 0.8031250238418579 0.18437500298023224 0.16093750298023224
0 0.874218761920929 0.7125000357627869 0.18281249701976776 0.20000000298023224
0 0.754687488079071 0.12083333730697632 0.1875 0.17812500894069672
0 0.6039062738418579 0.25416669249534607 0.17343750596046448 0.14374999701976776
0 0.586718738079071 0.49791669845581055 0.19843749701976776 0.19687500596046448
0 0.09921874850988388 0.5083333849906921 0.16718749701976776 0.15000000596046448
0 0.26875001192092896 0.44166669249534607 0.18437500298023224 0.18437500298023224
0 0.4789062440395355 0.37708336114883423 0.1796875 0.15000000596046448
1 0.3140625059604645 0.7895833849906921 0.45000001788139343 0.31562501192092896
0 0.921093761920929 0.21562501788139343 0.15781250596046448 0.15781250596046448
0 0.706250011920929 0.8031250238418579 0.18437500298023224 0.16093750298023224
0 0.874218761920929 0.7125000357627869 0.18281249701976776 0.20000000298023224
0 0.754687488079071 0.12083333730697632 0.1875 0.17812500894069672
0 0.6039062738418579 0.25416669249534607 0.17343750596046448 0.14374999701976776
0 0.586718738079071 0.49791669845581055 0.19843749701976776 0.19687500596046448
0 0.09921874850988388 0.5083333849906921 0.16718749701976776 0.15000000596046448
0 0.26875001192092896 0.44166669249534607 0.18437500298023224 0.18437500298023224
0 0.4789062440395355 0.37708336114883423 0.1796875 0.15000000596046448
1 0.3140625059604645 0.7895833849906921 0.45000001788139343 0.31562501192092896
0 0.921093761920929 0.21562501788139343 0.15781250596046448 0.15781250596046448
0 0.706250011920929 0.8031250238418579 0.18437500298023224 0.16093750298023224
0 0.874218761920929 0.7125000357627869 0.18281249701976776 0.20000000298023224
0 0.754687488079071 0.12083333730697632 0.1875 0.17812500894069672
0 0.6039062738418579 0.25416669249534607 0.17343750596046448 0.14374999701976776
0 0.586718738079071 0.49791669845581055 0.19843749701976776 0.19687500596046448
0 0.09921874850988388 0.5083333849906921 0.16718749701976776 0.15000000596046448
0 0.26875001192092896 0.44166669249534607 0.18437500298023224 0.18437500298023224
0 0.4789062440395355 0.37708336114883423 0.1796875 0.15000000596046448
1 0.3140625059604645 0.7895833849906921 0.45000001788139343 0.31562501192092896
0 0.921093761920929 0.21562501788139343 0.15781250596046448 0.15781250596046448
0 0.706250011920929 0.8031250238418579 0.18437500298023224 0.16093750298023224
0 0.874218761920929 0.7125000357627869 0.18281249701976776 0.20000000298023224
0 0.754687488079071 0.12083333730697632 0.1875 0.17812500894069672
0 0.6039062738418579 0.25416669249534607 0.17343750596046448 0.14374999701976776
0 0.586718738079071 0.49791669845581055 0.19843749701976776 0.19687500596046448
0 0.09921874850988388 0.5083333849906921 0.16718749701976776 0.15000000596046448
0 0.26875001192092896 0.44166669249534607 0.18437500298023224 0.18437500298023224
0 0.4789062440395355 0.37708336114883423 0.1796875 0.15000000596046448
1 0.3140625059604645 0.7895833849906921 0.45000001788139343 0.31562501192092896
