0 0.8820312631432898 0.45416669035330415 0.14531250216532499 0.15625000232830644
0 0.7632812613737769 0.2968750154832378 0.19531250291038305 0.17343750258442014
0 0.8695312629570253 0.7385417051846161 0.17031250253785402 0.17656250263098627
0 0.4851562572293915 0.6270833660382777 0.1890625028172508 0.1750000026077032
0 0.17812500265426934 0.3322916839970276 0.1750000026077032 0.17343750258442014
0 0.6890625102678314 0.6520833673421293 0.1968750029336661 0.17187500256113708
0 0.42812500637955964 0.3572916853008792 0.14375000214204192 0.14218750211875886
0 0.33593750500585884 0.2593750135274604 0.14375000214204192 0.14218750211875886
0 0.07421875110594556 0.08750000456348062 0.14218750211875886 0.12812500190921128
0 0.10703125159488991 0.5645833627786487 0.16406250244472176 0.1312500019557774
0 0.09531250142026693 0.6562500342261046 0.16875000251457095 0.1625000024214387
0 0.6289062593714334 0.43020835577044636 0.1671875024912879 0.24843750370200723
0 0.7820312616531737 0.08125000423751771 0.19531250291038305 0.11875000176951289
0 0.4195312562515028 0.23020834533963352 0.12968750193249434 0.12343750183936208
1 0.6789062601164915 0.8635417117038742 0.06718750100117177 0.05781250086147338
1 0.5554687582771294 0.4770833582151681 0.06718750100117177 0.059375000884756446
1 0.30703125457512215 0.4020833543036133 0.051562500768341124 0.07500000111758709
1 0.15625000232830644 0.06875000358559191 0.06875000102445483 0.05625000083819032
1 0.30000000447034836 0.8052083753282204 0.3562500053085387 0.29218750435393304
0 0.8820312631432898 0.45416669035330415 0.14531250216532499 0.15625000232830644
0 0.7632812613737769 0.2968750154832378 0.19531250291038305 0.17343750258442014
0 0.8695312629570253 0.7385417051846161 0.17031250253785402 0.17656250263098627
0 0.4851562572293915 0.6270833660382777 0.1890625028172508 0.1750000026077032
0 0.17812500265426934 0.3322916839970276 0.1750000026077032 0.17343750258442014
0 0.6890625102678314 0.6520833673421293 0.1968750029336661 0.17187500256113708
0 0.42812500637955964 0.3572916853008792 0.14375000214204192 0.14218750211875886
0 0.33593750500585884 0.2593750135274604 0.14375000214204192 0.14218750211875886
0 0.07421875110594556 0.08750000456348062 0.14218750211875886 0.12812500190921128
0 0.10703125159488991 0.5645833627786487 0.16406250244472176 0.1312500019557774
0 0.09531250142026693 0.6562500342261046 0.16875000251457095 0.1625000024214387
0 0.6289062593714334 0.43020835577044636 0.1671875024912879 0.24843750370200723
0 0.7820312616531737 0.08125000423751771 0.19531250291038305 0.11875000176951289
0 0.4195312562515028 0.23020834533963352 0.12968750193249434 0.12343750183936208
1 0.6789062601164915 0.8635417117038742 0.06718750100117177 0.05781250086147338
1 0.5554687582771294 0.4770833582151681 0.06718750100117177 0.059375000884756446
1 0.30703125457512215 0.4020833543036133 0.051562500768341124 0.07500000111758709
1 0.15625000232830644 0.06875000358559191 0.06875000102445483 0.05625000083819032
1 0.30000000447034836 0.8052083753282204 0.3562500053085387 0.29218750435393304
0 0.8820312631432898 0.45416669035330415 0.14531250216532499 0.15625000232830644
0 0.7632812613737769 0.2968750154832378 0.19531250291038305 0.17343750258442014
0 0.8695312629570253 0.7385417051846161 0.17031250253785402 0.17656250263098627
0 0.4851562572293915 0.6270833660382777 0.1890625028172508 0.1750000026077032
0 0.17812500265426934 0.3322916839970276 0.1750000026077032 0.17343750258442014
0 0.6890625102678314 0.6520833673421293 0.1968750029336661 0.17187500256113708
0 0.42812500637955964 0.3572916853008792 0.14375000214204192 0.14218750211875886
0 0.33593750500585884 0.2593750135274604 0.14375000214204192 0.14218750211875886
0 0.07421875110594556 0.08750000456348062 0.14218750211875886 0.12812500190921128
0 0.10703125159488991 0.5645833627786487 0.16406250244472176 0.1312500019557774
0 0.09531250142026693 0.6562500342261046 0.16875000251457095 0.1625000024214387
0 0.6289062593714334 0.43020835577044636 0.1671875024912879 0.24843750370200723
0 0.7820312616531737 0.08125000423751771 0.19531250291038305 0.11875000176951289
0 0.4195312562515028 0.23020834533963352 0.12968750193249434 0.12343750183936208
1 0.6789062601164915 0.8635417117038742 0.06718750100117177 0.05781250086147338
1 0.5554687582771294 0.4770833582151681 0.06718750100117177 0.059375000884756446
1 0.30703125457512215 0.4020833543036133 0.051562500768341124 0.07500000111758709
1 0.15625000232830644 0.06875000358559191 0.06875000102445483 0.05625000083819032
1 0.30000000447034836 0.8052083753282204 0.3562500053085387 0.29218750435393304
0 0.8820312631432898 0.45416669035330415 0.14531250216532499 0.15625000232830644
0 0.7632812613737769 0.2968750154832378 0.19531250291038305 0.17343750258442014
0 0.8695312629570253 0.7385417051846161 0.17031250253785402 0.17656250263098627
0 0.4851562572293915 0.6270833660382777 0.1890625028172508 0.1750000026077032
0 0.17812500265426934 0.3322916839970276 0.1750000026077032 0.17343750258442014
0 0.6890625102678314 0.6520833673421293 0.1968750029336661 0.17187500256113708
0 0.42812500637955964 0.3572916853008792 0.14375000214204192 0.14218750211875886
0 0.33593750500585884 0.2593750135274604 0.14375000214204192 0.14218750211875886
0 0.07421875110594556 0.08750000456348062 0.14218750211875886 0.12812500190921128
0 0.10703125159488991 0.5645833627786487 0.16406250244472176 0.1312500019557774
0 0.09531250142026693 0.6562500342261046 0.16875000251457095 0.1625000024214387
0 0.6289062593714334 0.43020835577044636 0.1671875024912879 0.24843750370200723
0 0.7820312616531737 0.08125000423751771 0.19531250291038305 0.11875000176951289
0 0.4195312562515028 0.23020834533963352 0.12968750193249434 0.12343750183936208
1 0.6789062601164915 0.8635417117038742 0.06718750100117177 0.05781250086147338
1 0.5554687582771294 0.4770833582151681 0.06718750100117177 0.059375000884756446
1 0.30703125457512215 0.4020833543036133 0.051562500768341124 0.07500000111758709
1 0.15625000232830644 0.06875000358559191 0.06875000102445483 0.05625000083819032
1 0.30000000447034836 0.8052083753282204 0.3562500053085387 0.29218750435393304
0 0.8820312631432898 0.45416669035330415 0.14531250216532499 0.15625000232830644
0 0.7632812613737769 0.2968750154832378 0.19531250291038305 0.17343750258442014
0 0.8695312629570253 0.7385417051846161 0.17031250253785402 0.17656250263098627
0 0.4851562572293915 0.6270833660382777 0.1890625028172508 0.1750000026077032
0 0.17812500265426934 0.3322916839970276 0.1750000026077032 0.17343750258442014
0 0.6890625102678314 0.6520833673421293 0.1968750029336661 0.17187500256113708
0 0.42812500637955964 0.3572916853008792 0.14375000214204192 0.14218750211875886
0 0.33593750500585884 0.2593750135274604 0.14375000214204192 0.14218750211875886
0 0.07421875110594556 0.08750000456348062 0.14218750211875886 0.12812500190921128
0 0.10703125159488991 0.5645833627786487 0.16406250244472176 0.1312500019557774
0 0.09531250142026693 0.6562500342261046 0.16875000251457095 0.1625000024214387
0 0.6289062593714334 0.43020835577044636 0.1671875024912879 0.24843750370200723
0 0.7820312616531737 0.08125000423751771 0.19531250291038305 0.11875000176951289
0 0.4195312562515028 0.23020834533963352 0.12968750193249434 0.12343750183936208
1 0.6789062601164915 0.8635417117038742 0.06718750100117177 0.05781250086147338
1 0.5554687582771294 0.4770833582151681 0.06718750100117177 0.059375000884756446
1 0.30703125457512215 0.4020833543036133 0.051562500768341124 0.07500000111758709
1 0.15625000232830644 0.06875000358559191 0.06875000102445483 0.05625000083819032
1 0.30000000447034836 0.8052083753282204 0.3562500053085387 0.29218750435393304
0 0.8820312631432898 0.45416669035330415 0.14531250216532499 0.15625000232830644
0 0.7632812613737769 0.2968750154832378 0.19531250291038305 0.17343750258442014
0 0.8695312629570253 0.7385417051846161 0.17031250253785402 0.17656250263098627
0 0.4851562572293915 0.6270833660382777 0.1890625028172508 0.1750000026077032
0 0.17812500265426934 0.3322916839970276 0.1750000026077032 0.17343750258442014
0 0.6890625102678314 0.6520833673421293 0.1968750029336661 0.17187500256113708
0 0.42812500637955964 0.3572916853008792 0.14375000214204192 0.14218750211875886
0 0.33593750500585884 0.2593750135274604 0.14375000214204192 0.14218750211875886
0 0.07421875110594556 0.08750000456348062 0.14218750211875886 0.12812500190921128
0 0.10703125159488991 0.5645833627786487 0.16406250244472176 0.1312500019557774
0 0.09531250142026693 0.6562500342261046 0.16875000251457095 0.1625000024214387
0 0.6289062593714334 0.43020835577044636 0.1671875024912879 0.24843750370200723
0 0.7820312616531737 0.08125000423751771 0.19531250291038305 0.11875000176951289
0 0.4195312562515028 0.23020834533963352 0.12968750193249434 0.12343750183936208
1 0.6789062601164915 0.8635417117038742 0.06718750100117177 0.05781250086147338
1 0.5554687582771294 0.4770833582151681 0.06718750100117177 0.059375000884756446
1 0.30703125457512215 0.4020833543036133 0.051562500768341124 0.07500000111758709
1 0.15625000232830644 0.06875000358559191 0.06875000102445483 0.05625000083819032
1 0.30000000447034836 0.8052083753282204 0.3562500053085387 0.29218750435393304
0 0.8820312631432898 0.45416669035330415 0.14531250216532499 0.15625000232830644
0 0.7632812613737769 0.2968750154832378 0.19531250291038305 0.17343750258442014
0 0.8695312629570253 0.7385417051846161 0.17031250253785402 0.17656250263098627
0 0.4851562572293915 0.6270833660382777 0.1890625028172508 0.1750000026077032
0 0.17812500265426934 0.3322916839970276 0.1750000026077032 0.17343750258442014
0 0.6890625102678314 0.6520833673421293 0.1968750029336661 0.17187500256113708
0 0.42812500637955964 0.3572916853008792 0.14375000214204192 0.14218750211875886
0 0.33593750500585884 0.2593750135274604 0.14375000214204192 0.14218750211875886
0 0.07421875110594556 0.08750000456348062 0.14218750211875886 0.12812500190921128
0 0.10703125159488991 0.5645833627786487 0.16406250244472176 0.1312500019557774
0 0.09531250142026693 0.6562500342261046 0.16875000251457095 0.1625000024214387
0 0.6289062593714334 0.43020835577044636 0.1671875024912879 0.24843750370200723
0 0.7820312616531737 0.08125000423751771 0.19531250291038305 0.11875000176951289
0 0.4195312562515028 0.23020834533963352 0.12968750193249434 0.12343750183936208
1 0.6789062601164915 0.8635417117038742 0.06718750100117177 0.05781250086147338
1 0.5554687582771294 0.4770833582151681 0.06718750100117177 0.059375000884756446
1 0.30703125457512215 0.4020833543036133 0.051562500768341124 0.07500000111758709
1 0.15625000232830644 0.06875000358559191 0.06875000102445483 0.05625000083819032
1 0.30000000447034836 0.8052083753282204 0.3562500053085387 0.29218750435393304
0 0.8820312631432898 0.45416669035330415 0.14531250216532499 0.15625000232830644
0 0.7632812613737769 0.2968750154832378 0.19531250291038305 0.17343750258442014
0 0.8695312629570253 0.7385417051846161 0.17031250253785402 0.17656250263098627
0 0.4851562572293915 0.6270833660382777 0.1890625028172508 0.1750000026077032
0 0.17812500265426934 0.3322916839970276 0.1750000026077032 0.17343750258442014
0 0.6890625102678314 0.6520833673421293 0.1968750029336661 0.17187500256113708
0 0.42812500637955964 0.3572916853008792 0.14375000214204192 0.14218750211875886
0 0.33593750500585884 0.2593750135274604 0.14375000214204192 0.14218750211875886
0 0.07421875110594556 0.08750000456348062 0.14218750211875886 0.12812500190921128
0 0.10703125159488991 0.5645833627786487 0.16406250244472176 0.1312500019557774
0 0.09531250142026693 0.6562500342261046 0.16875000251457095 0.1625000024214387
0 0.6289062593714334 0.43020835577044636 0.1671875024912879 0.24843750370200723
0 0.7820312616531737 0.08125000423751771 0.19531250291038305 0.11875000176951289
0 0.4195312562515028 0.23020834533963352 0.12968750193249434 0.12343750183936208
1 0.6789062601164915 0.8635417117038742 0.06718750100117177 0.05781250086147338
1 0.5554687582771294 0.4770833582151681 0.06718750100117177 0.059375000884756446
1 0.30703125457512215 0.4020833543036133 0.051562500768341124 0.07500000111758709
1 0.15625000232830644 0.06875000358559191 0.06875000102445483 0.05625000083819032
1 0.30000000447034836 0.8052083753282204 0.3562500053085387 0.29218750435393304
0 0.8820312631432898 0.45416669035330415 0.14531250216532499 0.15625000232830644
0 0.7632812613737769 0.2968750154832378 0.19531250291038305 0.17343750258442014
0 0.8695312629570253 0.7385417051846161 0.17031250253785402 0.17656250263098627
0 0.4851562572293915 0.6270833660382777 0.1890625028172508 0.1750000026077032
0 0.17812500265426934 0.3322916839970276 0.1750000026077032 0.17343750258442014
0 0.6890625102678314 0.6520833673421293 0.1968750029336661 0.17187500256113708
0 0.42812500637955964 0.3572916853008792 0.14375000214204192 0.14218750211875886
0 0.33593750500585884 0.2593750135274604 0.14375000214204192 0.14218750211875886
0 0.07421875110594556 0.08750000456348062 0.14218750211875886 0.12812500190921128
0 0.10703125159488991 0.5645833627786487 0.16406250244472176 0.1312500019557774
0 0.09531250142026693 0.6562500342261046 0.16875000251457095 0.1625000024214387
0 0.6289062593714334 0.43020835577044636 0.1671875024912879 0.24843750370200723
0 0.7820312616531737 0.08125000423751771 0.19531250291038305 0.11875000176951289
0 0.4195312562515028 0.23020834533963352 0.12968750193249434 0.12343750183936208
1 0.6789062601164915 0.8635417117038742 0.06718750100117177 0.05781250086147338
1 0.5554687582771294 0.4770833582151681 0.06718750100117177 0.059375000884756446
1 0.30703125457512215 0.4020833543036133 0.051562500768341124 0.07500000111758709
1 0.15625000232830644 0.06875000358559191 0.06875000102445483 0.05625000083819032
1 0.30000000447034836 0.8052083753282204 0.3562500053085387 0.29218750435393304
0 0.8820312631432898 0.45416669035330415 0.14531250216532499 0.15625000232830644
0 0.7632812613737769 0.2968750154832378 0.19531250291038305 0.17343750258442014
0 0.8695312629570253 0.7385417051846161 0.17031250253785402 0.17656250263098627
0 0.4851562572293915 0.6270833660382777 0.1890625028172508 0.1750000026077032
0 0.17812500265426934 0.3322916839970276 0.1750000026077032 0.17343750258442014
0 0.6890625102678314 0.6520833673421293 0.1968750029336661 0.17187500256113708
0 0.42812500637955964 0.3572916853008792 0.14375000214204192 0.14218750211875886
0 0.33593750500585884 0.2593750135274604 0.14375000214204192 0.14218750211875886
0 0.07421875110594556 0.08750000456348062 0.14218750211875886 0.12812500190921128
0 0.10703125159488991 0.5645833627786487 0.16406250244472176 0.1312500019557774
0 0.09531250142026693 0.6562500342261046 0.16875000251457095 0.1625000024214387
0 0.6289062593714334 0.43020835577044636 0.1671875024912879 0.24843750370200723
0 0.7820312616531737 0.08125000423751771 0.19531250291038305 0.11875000176951289
0 0.4195312562515028 0.23020834533963352 0.12968750193249434 0.12343750183936208
1 0.6789062601164915 0.8635417117038742 0.06718750100117177 0.05781250086147338
1 0.5554687582771294 0.4770833582151681 0.06718750100117177 0.059375000884756446
1 0.30703125457512215 0.4020833543036133 0.051562500768341124 0.07500000111758709
1 0.15625000232830644 0.06875000358559191 0.06875000102445483 0.05625000083819032
1 0.30000000447034836 0.8052083753282204 0.3562500053085387 0.29218750435393304
0 0.8820312631432898 0.45416669035330415 0.14531250216532499 0.15625000232830644
0 0.7632812613737769 0.2968750154832378 0.19531250291038305 0.17343750258442014
0 0.8695312629570253 0.7385417051846161 0.17031250253785402 0.17656250263098627
0 0.4851562572293915 0.6270833660382777 0.1890625028172508 0.1750000026077032
0 0.17812500265426934 0.3322916839970276 0.1750000026077032 0.17343750258442014
0 0.6890625102678314 0.6520833673421293 0.1968750029336661 0.17187500256113708
0 0.42812500637955964 0.3572916853008792 0.14375000214204192 0.14218750211875886
0 0.33593750500585884 0.2593750135274604 0.14375000214204192 0.14218750211875886
0 0.07421875110594556 0.08750000456348062 0.14218750211875886 0.12812500190921128
0 0.10703125159488991 0.5645833627786487 0.16406250244472176 0.1312500019557774
0 0.09531250142026693 0.6562500342261046 0.16875000251457095 0.1625000024214387
0 0.6289062593714334 0.43020835577044636 0.1671875024912879 0.24843750370200723
0 0.7820312616531737 0.08125000423751771 0.19531250291038305 0.11875000176951289
0 0.4195312562515028 0.23020834533963352 0.12968750193249434 0.12343750183936208
1 0.6789062601164915 0.8635417117038742 0.06718750100117177 0.05781250086147338
1 0.5554687582771294 0.4770833582151681 0.06718750100117177 0.059375000884756446
1 0.30703125457512215 0.4020833543036133 0.051562500768341124 0.07500000111758709
1 0.15625000232830644 0.06875000358559191 0.06875000102445483 0.05625000083819032
1 0.30000000447034836 0.8052083753282204 0.3562500053085387 0.29218750435393304
0 0.8820312631432898 0.45416669035330415 0.14531250216532499 0.15625000232830644
0 0.7632812613737769 0.2968750154832378 0.19531250291038305 0.17343750258442014
0 0.8695312629570253 0.7385417051846161 0.17031250253785402 0.17656250263098627
0 0.4851562572293915 0.6270833660382777 0.1890625028172508 0.1750000026077032
0 0.17812500265426934 0.3322916839970276 0.1750000026077032 0.17343750258442014
0 0.6890625102678314 0.6520833673421293 0.1968750029336661 0.17187500256113708
0 0.42812500637955964 0.3572916853008792 0.14375000214204192 0.14218750211875886
0 0.33593750500585884 0.2593750135274604 0.14375000214204192 0.14218750211875886
0 0.07421875110594556 0.08750000456348062 0.14218750211875886 0.12812500190921128
0 0.10703125159488991 0.5645833627786487 0.16406250244472176 0.1312500019557774
0 0.09531250142026693 0.6562500342261046 0.16875000251457095 0.1625000024214387
0 0.6289062593714334 0.43020835577044636 0.1671875024912879 0.24843750370200723
0 0.7820312616531737 0.08125000423751771 0.19531250291038305 0.11875000176951289
0 0.4195312562515028 0.23020834533963352 0.12968750193249434 0.12343750183936208
1 0.6789062601164915 0.8635417117038742 0.06718750100117177 0.05781250086147338
1 0.5554687582771294 0.4770833582151681 0.06718750100117177 0.059375000884756446
1 0.30703125457512215 0.4020833543036133 0.051562500768341124 0.07500000111758709
1 0.15625000232830644 0.06875000358559191 0.06875000102445483 0.05625000083819032
1 0.30000000447034836 0.8052083753282204 0.3562500053085387 0.29218750435393304
0 0.8820312631432898 0.45416669035330415 0.14531250216532499 0.15625000232830644
0 0.7632812613737769 0.2968750154832378 0.19531250291038305 0.17343750258442014
0 0.8695312629570253 0.7385417051846161 0.17031250253785402 0.17656250263098627
0 0.4851562572293915 0.6270833660382777 0.1890625028172508 0.1750000026077032
0 0.17812500265426934 0.3322916839970276 0.1750000026077032 0.17343750258442014
0 0.6890625102678314 0.6520833673421293 0.1968750029336661 0.17187500256113708
0 0.42812500637955964 0.3572916853008792 0.14375000214204192 0.14218750211875886
0 0.33593750500585884 0.2593750135274604 0.14375000214204192 0.14218750211875886
0 0.07421875110594556 0.08750000456348062 0.14218750211875886 0.12812500190921128
0 0.10703125159488991 0.5645833627786487 0.16406250244472176 0.1312500019557774
0 0.09531250142026693 0.6562500342261046 0.16875000251457095 0.1625000024214387
0 0.6289062593714334 0.43020835577044636 0.1671875024912879 0.24843750370200723
0 0.7820312616531737 0.08125000423751771 0.19531250291038305 0.11875000176951289
0 0.4195312562515028 0.23020834533963352 0.12968750193249434 0.12343750183936208
1 0.6789062601164915 0.8635417117038742 0.06718750100117177 0.05781250086147338
1 0.5554687582771294 0.4770833582151681 0.06718750100117177 0.059375000884756446
1 0.30703125457512215 0.4020833543036133 0.051562500768341124 0.07500000111758709
1 0.15625000232830644 0.06875000358559191 0.06875000102445483 0.05625000083819032
1 0.30000000447034836 0.8052083753282204 0.3562500053085387 0.29218750435393304
0 0.8820312631432898 0.45416669035330415 0.14531250216532499 0.15625000232830644
0 0.7632812613737769 0.2968750154832378 0.19531250291038305 0.17343750258442014
0 0.8695312629570253 0.7385417051846161 0.17031250253785402 0.17656250263098627
0 0.4851562572293915 0.6270833660382777 0.1890625028172508 0.1750000026077032
0 0.17812500265426934 0.3322916839970276 0.1750000026077032 0.17343750258442014
0 0.6890625102678314 0.6520833673421293 0.1968750029336661 0.17187500256113708
0 0.42812500637955964 0.3572916853008792 0.14375000214204192 0.14218750211875886
0 0.33593750500585884 0.2593750135274604 0.14375000214204192 0.14218750211875886
0 0.07421875110594556 0.08750000456348062 0.14218750211875886 0.12812500190921128
0 0.10703125159488991 0.5645833627786487 0.16406250244472176 0.1312500019557774
0 0.09531250142026693 0.6562500342261046 0.16875000251457095 0.1625000024214387
0 0.6289062593714334 0.43020835577044636 0.1671875024912879 0.24843750370200723
0 0.7820312616531737 0.08125000423751771 0.19531250291038305 0.11875000176951289
0 0.4195312562515028 0.23020834533963352 0.12968750193249434 0.12343750183936208
2 0.6789062601164915 0.8635417117038742 0.06718750100117177 0.05781250086147338
2 0.5554687582771294 0.4770833582151681 0.06718750100117177 0.059375000884756446
2 0.30703125457512215 0.4020833543036133 0.051562500768341124 0.07500000111758709
2 0.15625000232830644 0.06875000358559191 0.06875000102445483 0.05625000083819032
1 0.30000000447034836 0.8052083753282204 0.3562500053085387 0.29218750435393304
0 0.8820312631432898 0.45416669035330415 0.14531250216532499 0.15625000232830644
0 0.7632812613737769 0.2968750154832378 0.19531250291038305 0.17343750258442014
0 0.8695312629570253 0.7385417051846161 0.17031250253785402 0.17656250263098627
0 0.4851562572293915 0.6270833660382777 0.1890625028172508 0.1750000026077032
0 0.17812500265426934 0.3322916839970276 0.1750000026077032 0.17343750258442014
0 0.6890625102678314 0.6520833673421293 0.1968750029336661 0.17187500256113708
0 0.42812500637955964 0.3572916853008792 0.14375000214204192 0.14218750211875886
0 0.33593750500585884 0.2593750135274604 0.14375000214204192 0.14218750211875886
0 0.07421875110594556 0.08750000456348062 0.14218750211875886 0.12812500190921128
0 0.10703125159488991 0.5645833627786487 0.16406250244472176 0.1312500019557774
0 0.09531250142026693 0.6562500342261046 0.16875000251457095 0.1625000024214387
0 0.6289062593714334 0.43020835577044636 0.1671875024912879 0.24843750370200723
0 0.7820312616531737 0.08125000423751771 0.19531250291038305 0.11875000176951289
0 0.4195312562515028 0.23020834533963352 0.12968750193249434 0.12343750183936208
2 0.6789062601164915 0.8635417117038742 0.06718750100117177 0.05781250086147338
2 0.5554687582771294 0.4770833582151681 0.06718750100117177 0.059375000884756446
2 0.30703125457512215 0.4020833543036133 0.051562500768341124 0.07500000111758709
2 0.15625000232830644 0.06875000358559191 0.06875000102445483 0.05625000083819032
1 0.30000000447034836 0.8052083753282204 0.3562500053085387 0.29218750435393304
0 0.882031261920929 0.4541666805744171 0.14531250298023224 0.15625
0 0.7632812857627869 0.2968750298023224 0.1953125 0.17343750596046448
0 0.8695312738418579 0.7385417222976685 0.17031250894069672 0.17656250298023224
0 0.48515626788139343 0.6270833611488342 0.18906250596046448 0.17499999701976776
0 0.17812500894069672 0.33229169249534607 0.17499999701976776 0.17343750596046448
0 0.6890625357627869 0.6520833969116211 0.19687500596046448 0.171875
0 0.4281249940395355 0.35729169845581055 0.14374999701976776 0.14218750596046448
0 0.3359375 0.2593750059604645 0.14374999701976776 0.14218750596046448
0 0.07421875 0.08750000596046448 0.14218750596046448 0.12812499701976776
0 0.10703124850988388 0.5645833611488342 0.1640625 0.13125000894069672
0 0.09531249850988388 0.6562500596046448 0.16875000298023224 0.16250000894069672
0 0.62890625 0.43020835518836975 0.16718749701976776 0.24843750894069672
0 0.782031238079071 0.08125000447034836 0.1953125 0.11874999850988388
0 0.4195312559604645 0.2302083522081375 0.12968750298023224 0.12343750149011612
2 0.678906261920929 0.8635417222976685 0.06718750298023224 0.05781250074505806
2 0.555468738079071 0.47708335518836975 0.06718750298023224 0.05937499925494194
2 0.3070312440395355 0.4020833671092987 0.05156249925494194 0.07500000298023224
2 0.15625 0.06875000149011612 0.06875000149011612 0.05625000223517418
1 0.30000001192092896 0.8052083849906921 0.35625001788139343 0.29218751192092896
0 0.882031261920929 0.4541666805744171 0.14531250298023224 0.15625
0 0.7632812857627869 0.2968750298023224 0.1953125 0.17343750596046448
0 0.8695312738418579 0.7385417222976685 0.17031250894069672 0.17656250298023224
0 0.48515626788139343 0.6270833611488342 0.18906250596046448 0.17499999701976776
0 0.17812500894069672 0.33229169249534607 0.17499999701976776 0.17343750596046448
0 0.6890625357627869 0.6520833969116211 0.19687500596046448 0.171875
0 0.4281249940395355 0.35729169845581055 0.14374999701976776 0.14218750596046448
0 0.3359375 0.2593750059604645 0.14374999701976776 0.14218750596046448
0 0.07421875 0.08750000596046448 0.14218750596046448 0.12812499701976776
0 0.10703124850988388 0.5645833611488342 0.1640625 0.13125000894069672
0 0.09531249850988388 0.6562500596046448 0.16875000298023224 0.16250000894069672
0 0.62890625 0.43020835518836975 0.16718749701976776 0.24843750894069672
0 0.782031238079071 0.08125000447034836 0.1953125 0.11874999850988388
0 0.4195312559604645 0.2302083522081375 0.12968750298023224 0.12343750149011612
2 0.678906261920929 0.8635417222976685 0.06718750298023224 0.05781250074505806
2 0.555468738079071 0.47708335518836975 0.06718750298023224 0.05937499925494194
2 0.3070312440395355 0.4020833671092987 0.05156249925494194 0.07500000298023224
2 0.15625 0.06875000149011612 0.06875000149011612 0.05625000223517418
1 0.30000001192092896 0.8052083849906921 0.35625001788139343 0.29218751192092896
0 0.882031261920929 0.4541666805744171 0.14531250298023224 0.15625
0 0.7632812857627869 0.2968750298023224 0.1953125 0.17343750596046448
0 0.8695312738418579 0.7385417222976685 0.17031250894069672 0.17656250298023224
0 0.48515626788139343 0.6270833611488342 0.18906250596046448 0.17499999701976776
0 0.17812500894069672 0.33229169249534607 0.17499999701976776 0.17343750596046448
0 0.6890625357627869 0.6520833969116211 0.19687500596046448 0.171875
0 0.4281249940395355 0.35729169845581055 0.14374999701976776 0.14218750596046448
0 0.3359375 0.2593750059604645 0.14374999701976776 0.14218750596046448
0 0.07421875 0.08750000596046448 0.14218750596046448 0.12812499701976776
0 0.10703124850988388 0.5645833611488342 0.1640625 0.13125000894069672
0 0.09531249850988388 0.6562500596046448 0.16875000298023224 0.16250000894069672
0 0.62890625 0.43020835518836975 0.16718749701976776 0.24843750894069672
0 0.782031238079071 0.08125000447034836 0.1953125 0.11874999850988388
0 0.4195312559604645 0.2302083522081375 0.12968750298023224 0.12343750149011612
2 0.678906261920929 0.8635417222976685 0.06718750298023224 0.05781250074505806
2 0.555468738079071 0.47708335518836975 0.06718750298023224 0.05937499925494194
2 0.3070312440395355 0.4020833671092987 0.05156249925494194 0.07500000298023224
2 0.15625 0.06875000149011612 0.06875000149011612 0.05625000223517418
1 0.30000001192092896 0.8052083849906921 0.35625001788139343 0.29218751192092896
0 0.882031261920929 0.4541666805744171 0.14531250298023224 0.15625
0 0.7632812857627869 0.2968750298023224 0.1953125 0.17343750596046448
0 0.8695312738418579 0.7385417222976685 0.17031250894069672 0.17656250298023224
0 0.48515626788139343 0.6270833611488342 0.18906250596046448 0.17499999701976776
0 0.17812500894069672 0.33229169249534607 0.17499999701976776 0.17343750596046448
0 0.6890625357627869 0.6520833969116211 0.19687500596046448 0.171875
0 0.4281249940395355 0.35729169845581055 0.14374999701976776 0.14218750596046448
0 0.3359375 0.2593750059604645 0.14374999701976776 0.14218750596046448
0 0.07421875 0.08750000596046448 0.14218750596046448 0.12812499701976776
0 0.10703124850988388 0.5645833611488342 0.1640625 0.13125000894069672
0 0.09531249850988388 0.6562500596046448 0.16875000298023224 0.16250000894069672
0 0.62890625 0.43020835518836975 0.16718749701976776 0.24843750894069672
0 0.782031238079071 0.08125000447034836 0.1953125 0.11874999850988388
0 0.4195312559604645 0.2302083522081375 0.12968750298023224 0.12343750149011612
2 0.678906261920929 0.8635417222976685 0.06718750298023224 0.05781250074505806
2 0.555468738079071 0.47708335518836975 0.06718750298023224 0.05937499925494194
2 0.3070312440395355 0.4020833671092987 0.05156249925494194 0.07500000298023224
2 0.15625 0.06875000149011612 0.06875000149011612 0.05625000223517418
1 0.30000001192092896 0.8052083849906921 0.35625001788139343 0.29218751192092896
0 0.882031261920929 0.4541666805744171 0.14531250298023224 0.15625
0 0.7632812857627869 0.2968750298023224 0.1953125 0.17343750596046448
0 0.8695312738418579 0.7385417222976685 0.17031250894069672 0.17656250298023224
0 0.48515626788139343 0.6270833611488342 0.18906250596046448 0.17499999701976776
0 0.17812500894069672 0.33229169249534607 0.17499999701976776 0.17343750596046448
0 0.6890625357627869 0.6520833969116211 0.19687500596046448 0.171875
0 0.4281249940395355 0.35729169845581055 0.14374999701976776 0.14218750596046448
0 0.3359375 0.2593750059604645 0.14374999701976776 0.14218750596046448
0 0.07421875 0.08750000596046448 0.14218750596046448 0.12812499701976776
0 0.10703124850988388 0.5645833611488342 0.1640625 0.13125000894069672
0 0.09531249850988388 0.6562500596046448 0.16875000298023224 0.16250000894069672
0 0.62890625 0.43020835518836975 0.16718749701976776 0.24843750894069672
0 0.782031238079071 0.08125000447034836 0.1953125 0.11874999850988388
0 0.4195312559604645 0.2302083522081375 0.12968750298023224 0.12343750149011612
2 0.678906261920929 0.8635417222976685 0.06718750298023224 0.05781250074505806
2 0.555468738079071 0.47708335518836975 0.06718750298023224 0.05937499925494194
2 0.3070312440395355 0.4020833671092987 0.05156249925494194 0.07500000298023224
2 0.15625 0.06875000149011612 0.06875000149011612 0.05625000223517418
1 0.30000001192092896 0.8052083849906921 0.35625001788139343 0.29218751192092896
0 0.882031261920929 0.4541666805744171 0.14531250298023224 0.15625
0 0.7632812857627869 0.2968750298023224 0.1953125 0.17343750596046448
0 0.8695312738418579 0.7385417222976685 0.17031250894069672 0.17656250298023224
0 0.48515626788139343 0.6270833611488342 0.18906250596046448 0.17499999701976776
0 0.17812500894069672 0.33229169249534607 0.17499999701976776 0.17343750596046448
0 0.6890625357627869 0.6520833969116211 0.19687500596046448 0.171875
0 0.4281249940395355 0.35729169845581055 0.14374999701976776 0.14218750596046448
0 0.3359375 0.2593750059604645 0.14374999701976776 0.14218750596046448
0 0.07421875 0.08750000596046448 0.14218750596046448 0.12812499701976776
0 0.10703124850988388 0.5645833611488342 0.1640625 0.13125000894069672
0 0.09531249850988388 0.6562500596046448 0.16875000298023224 0.16250000894069672
0 0.62890625 0.43020835518836975 0.16718749701976776 0.24843750894069672
0 0.782031238079071 0.08125000447034836 0.1953125 0.11874999850988388
0 0.4195312559604645 0.2302083522081375 0.12968750298023224 0.12343750149011612
2 0.678906261920929 0.8635417222976685 0.06718750298023224 0.05781250074505806
2 0.555468738079071 0.47708335518836975 0.06718750298023224 0.05937499925494194
2 0.3070312440395355 0.4020833671092987 0.05156249925494194 0.07500000298023224
2 0.15625 0.06875000149011612 0.06875000149011612 0.05625000223517418
1 0.30000001192092896 0.8052083849906921 0.35625001788139343 0.29218751192092896
0 0.882031261920929 0.4541666805744171 0.14531250298023224 0.15625
0 0.7632812857627869 0.2968750298023224 0.1953125 0.17343750596046448
0 0.8695312738418579 0.7385417222976685 0.17031250894069672 0.17656250298023224
0 0.48515626788139343 0.6270833611488342 0.18906250596046448 0.17499999701976776
0 0.17812500894069672 0.33229169249534607 0.17499999701976776 0.17343750596046448
0 0.6890625357627869 0.6520833969116211 0.19687500596046448 0.171875
0 0.4281249940395355 0.35729169845581055 0.14374999701976776 0.14218750596046448
0 0.3359375 0.2593750059604645 0.14374999701976776 0.14218750596046448
0 0.07421875 0.08750000596046448 0.14218750596046448 0.12812499701976776
0 0.10703124850988388 0.5645833611488342 0.1640625 0.13125000894069672
0 0.09531249850988388 0.6562500596046448 0.16875000298023224 0.16250000894069672
0 0.62890625 0.43020835518836975 0.16718749701976776 0.24843750894069672
0 0.782031238079071 0.08125000447034836 0.1953125 0.11874999850988388
0 0.4195312559604645 0.2302083522081375 0.12968750298023224 0.12343750149011612
2 0.678906261920929 0.8635417222976685 0.06718750298023224 0.05781250074505806
2 0.555468738079071 0.47708335518836975 0.06718750298023224 0.05937499925494194
2 0.3070312440395355 0.4020833671092987 0.05156249925494194 0.07500000298023224
2 0.15625 0.06875000149011612 0.06875000149011612 0.05625000223517418
1 0.30000001192092896 0.8052083849906921 0.35625001788139343 0.29218751192092896
