0 0.5679687584633939 0.8739583789138123 0.19843750295694917 0.17031250253785402
0 0.8601562628173269 0.1489583411021158 0.19843750295694917 0.17031250253785402
0 0.3320312549476512 0.5208333604969084 0.16406250244472176 0.15625000232830644
0 0.20468750305008143 0.12187500635627657 0.19375000288709998 0.1578125023515895
0 0.36484375543659553 0.29375001532025635 0.16406250244472176 0.15625000232830644
0 0.21328125317813829 0.7020833699498326 0.17031250253785402 0.17812500265426934
0 0.8804687631200068 0.6437500335741788 0.17031250253785402 0.17812500265426934
0 0.22656250337604433 0.3968750206986442 0.19375000288709998 0.19531250291038305
1 0.3742187555762939 0.8729167121928185 0.20781250309664756 0.19062500284053385
0 0.5679687584633939 0.8739583789138123 0.19843750295694917 0.17031250253785402
0 0.8601562628173269 0.1489583411021158 0.19843750295694917 0.17031250253785402
0 0.3320312549476512 0.5208333604969084 0.16406250244472176 0.15625000232830644
0 0.20468750305008143 0.12187500635627657 0.19375000288709998 0.1578125023515895
0 0.36484375543659553 0.29375001532025635 0.16406250244472176 0.15625000232830644
0 0.21328125317813829 0.7020833699498326 0.17031250253785402 0.17812500265426934
0 0.8804687631200068 0.6437500335741788 0.17031250253785402 0.17812500265426934
0 0.22656250337604433 0.3968750206986442 0.19375000288709998 0.19531250291038305
1 0.3742187555762939 0.8729167121928185 0.20781250309664756 0.19062500284053385
0 0.5679687584633939 0.8739583789138123 0.19843750295694917 0.17031250253785402
0 0.8601562628173269 0.1489583411021158 0.19843750295694917 0.17031250253785402
0 0.3320312549476512 0.5208333604969084 0.16406250244472176 0.15625000232830644
0 0.20468750305008143 0.12187500635627657 0.19375000288709998 0.1578125023515895
0 0.36484375543659553 0.29375001532025635 0.16406250244472176 0.15625000232830644
0 0.21328125317813829 0.7020833699498326 0.17031250253785402 0.17812500265426934
0 0.8804687631200068 0.6437500335741788 0.17031250253785402 0.17812500265426934
0 0.22656250337604433 0.3968750206986442 0.19375000288709998 0.19531250291038305
1 0.3742187555762939 0.8729167121928185 0.20781250309664756 0.19062500284053385
0 0.5679687584633939 0.8739583789138123 0.19843750295694917 0.17031250253785402
0 0.8601562628173269 0.1489583411021158 0.19843750295694917 0.17031250253785402
0 0.3320312549476512 0.5208333604969084 0.16406250244472176 0.15625000232830644
0 0.20468750305008143 0.12187500635627657 0.19375000288709998 0.1578125023515895
0 0.36484375543659553 0.29375001532025635 0.16406250244472176 0.15625000232830644
0 0.21328125317813829 0.7020833699498326 0.17031250253785402 0.17812500265426934
0 0.8804687631200068 0.6437500335741788 0.17031250253785402 0.17812500265426934
0 0.22656250337604433 0.3968750206986442 0.19375000288709998 0.19531250291038305
1 0.3742187555762939 0.8729167121928185 0.20781250309664756 0.19062500284053385
0 0.5679687584633939 0.8739583789138123 0.19843750295694917 0.17031250253785402
0 0.8601562628173269 0.1489583411021158 0.19843750295694917 0.17031250253785402
0 0.3320312549476512 0.5208333604969084 0.16406250244472176 0.15625000232830644
0 0.20468750305008143 0.12187500635627657 0.19375000288709998 0.1578125023515895
0 0.36484375543659553 0.29375001532025635 0.16406250244472176 0.15625000232830644
0 0.21328125317813829 0.7020833699498326 0.17031250253785402 0.17812500265426934
0 0.8804687631200068 0.6437500335741788 0.17031250253785402 0.17812500265426934
0 0.22656250337604433 0.3968750206986442 0.19375000288709998 0.19531250291038305
1 0.3742187555762939 0.8729167121928185 0.20781250309664756 0.19062500284053385
0 0.5679687584633939 0.8739583789138123 0.19843750295694917 0.17031250253785402
0 0.8601562628173269 0.1489583411021158 0.19843750295694917 0.17031250253785402
0 0.3320312549476512 0.5208333604969084 0.16406250244472176 0.15625000232830644
0 0.20468750305008143 0.12187500635627657 0.19375000288709998 0.1578125023515895
0 0.36484375543659553 0.29375001532025635 0.16406250244472176 0.15625000232830644
0 0.21328125317813829 0.7020833699498326 0.17031250253785402 0.17812500265426934
0 0.8804687631200068 0.6437500335741788 0.17031250253785402 0.17812500265426934
0 0.22656250337604433 0.3968750206986442 0.19375000288709998 0.19531250291038305
1 0.3742187555762939 0.8729167121928185 0.20781250309664756 0.19062500284053385
0 0.5679687584633939 0.8739583789138123 0.19843750295694917 0.17031250253785402
0 0.8601562628173269 0.1489583411021158 0.19843750295694917 0.17031250253785402
0 0.3320312549476512 0.5208333604969084 0.16406250244472176 0.15625000232830644
0 0.20468750305008143 0.12187500635627657 0.19375000288709998 0.1578125023515895
0 0.36484375543659553 0.29375001532025635 0.16406250244472176 0.15625000232830644
0 0.21328125317813829 0.7020833699498326 0.17031250253785402 0.17812500265426934
0 0.8804687631200068 0.6437500335741788 0.17031250253785402 0.17812500265426934
0 0.22656250337604433 0.3968750206986442 0.19375000288709998 0.19531250291038305
1 0.3742187555762939 0.8729167121928185 0.20781250309664756 0.19062500284053385
0 0.5679687584633939 0.8739583789138123 0.19843750295694917 0.17031250253785402
0 0.8601562628173269 0.1489583411021158 0.19843750295694917 0.17031250253785402
0 0.3320312549476512 0.5208333604969084 0.16406250244472176 0.15625000232830644
0 0.20468750305008143 0.12187500635627657 0.19375000288709998 0.1578125023515895
0 0.36484375543659553 0.29375001532025635 0.16406250244472176 0.15625000232830644
0 0.21328125317813829 0.7020833699498326 0.17031250253785402 0.17812500265426934
0 0.8804687631200068 0.6437500335741788 0.17031250253785402 0.17812500265426934
0 0.22656250337604433 0.3968750206986442 0.19375000288709998 0.19531250291038305
1 0.3742187555762939 0.8729167121928185 0.20781250309664756 0.19062500284053385
0 0.5679687584633939 0.8739583789138123 0.19843750295694917 0.17031250253785402
0 0.8601562628173269 0.1489583411021158 0.19843750295694917 0.17031250253785402
0 0.3320312549476512 0.5208333604969084 0.16406250244472176 0.15625000232830644
0 0.20468750305008143 0.12187500635627657 0.19375000288709998 0.1578125023515895
0 0.36484375543659553 0.29375001532025635 0.16406250244472176 0.15625000232830644
0 0.21328125317813829 0.7020833699498326 0.17031250253785402 0.17812500265426934
0 0.8804687631200068 0.6437500335741788 0.17031250253785402 0.17812500265426934
0 0.22656250337604433 0.3968750206986442 0.19375000288709998 0.19531250291038305
1 0.3742187555762939 0.8729167121928185 0.20781250309664756 0.19062500284053385
0 0.5679687584633939 0.8739583789138123 0.19843750295694917 0.17031250253785402
0 0.8601562628173269 0.1489583411021158 0.19843750295694917 0.17031250253785402
0 0.3320312549476512 0.5208333604969084 0.16406250244472176 0.15625000232830644
0 0.20468750305008143 0.12187500635627657 0.19375000288709998 0.1578125023515895
0 0.36484375543659553 0.29375001532025635 0.16406250244472176 0.15625000232830644
0 0.21328125317813829 0.7020833699498326 0.17031250253785402 0.17812500265426934
0 0.8804687631200068 0.6437500335741788 0.17031250253785402 0.17812500265426934
0 0.22656250337604433 0.3968750206986442 0.19375000288709998 0.19531250291038305
1 0.3742187555762939 0.8729167121928185 0.20781250309664756 0.19062500284053385
0 0.5679687584633939 0.8739583789138123 0.19843750295694917 0.17031250253785402
0 0.8601562628173269 0.1489583411021158 0.19843750295694917 0.17031250253785402
0 0.3320312549476512 0.5208333604969084 0.16406250244472176 0.15625000232830644
0 0.20468750305008143 0.12187500635627657 0.19375000288709998 0.1578125023515895
0 0.36484375543659553 0.29375001532025635 0.16406250244472176 0.15625000232830644
0 0.21328125317813829 0.7020833699498326 0.17031250253785402 0.17812500265426934
0 0.8804687631200068 0.6437500335741788 0.17031250253785402 0.17812500265426934
0 0.22656250337604433 0.3968750206986442 0.19375000288709998 0.19531250291038305
1 0.3742187555762939 0.8729167121928185 0.20781250309664756 0.19062500284053385
0 0.5679687584633939 0.8739583789138123 0.19843750295694917 0.17031250253785402
0 0.8601562628173269 0.1489583411021158 0.19843750295694917 0.17031250253785402
0 0.3320312549476512 0.5208333604969084 0.16406250244472176 0.15625000232830644
0 0.20468750305008143 0.12187500635627657 0.19375000288709998 0.1578125023515895
0 0.36484375543659553 0.29375001532025635 0.16406250244472176 0.15625000232830644
0 0.21328125317813829 0.7020833699498326 0.17031250253785402 0.17812500265426934
0 0.8804687631200068 0.6437500335741788 0.17031250253785402 0.17812500265426934
0 0.22656250337604433 0.3968750206986442 0.19375000288709998 0.19531250291038305
1 0.3742187555762939 0.8729167121928185 0.20781250309664756 0.19062500284053385
0 0.5679687584633939 0.8739583789138123 0.19843750295694917 0.17031250253785402
0 0.8601562628173269 0.1489583411021158 0.19843750295694917 0.17031250253785402
0 0.3320312549476512 0.5208333604969084 0.16406250244472176 0.15625000232830644
0 0.20468750305008143 0.12187500635627657 0.19375000288709998 0.1578125023515895
0 0.36484375543659553 0.29375001532025635 0.16406250244472176 0.15625000232830644
0 0.21328125317813829 0.7020833699498326 0.17031250253785402 0.17812500265426934
0 0.8804687631200068 0.6437500335741788 0.17031250253785402 0.17812500265426934
0 0.22656250337604433 0.3968750206986442 0.19375000288709998 0.19531250291038305
1 0.3742187555762939 0.8729167121928185 0.20781250309664756 0.19062500284053385
0 0.5679687584633939 0.8739583789138123 0.19843750295694917 0.17031250253785402
0 0.8601562628173269 0.1489583411021158 0.19843750295694917 0.17031250253785402
0 0.3320312549476512 0.5208333604969084 0.16406250244472176 0.15625000232830644
0 0.20468750305008143 0.12187500635627657 0.19375000288709998 0.1578125023515895
0 0.36484375543659553 0.29375001532025635 0.16406250244472176 0.15625000232830644
0 0.21328125317813829 0.7020833699498326 0.17031250253785402 0.17812500265426934
0 0.8804687631200068 0.6437500335741788 0.17031250253785402 0.17812500265426934
0 0.22656250337604433 0.3968750206986442 0.19375000288709998 0.19531250291038305
1 0.3742187555762939 0.8729167121928185 0.20781250309664756 0.19062500284053385
0 0.5679687584633939 0.8739583789138123 0.19843750295694917 0.17031250253785402
0 0.8601562628173269 0.1489583411021158 0.19843750295694917 0.17031250253785402
0 0.3320312549476512 0.5208333604969084 0.16406250244472176 0.15625000232830644
0 0.20468750305008143 0.12187500635627657 0.19375000288709998 0.1578125023515895
0 0.36484375543659553 0.29375001532025635 0.16406250244472176 0.15625000232830644
0 0.21328125317813829 0.7020833699498326 0.17031250253785402 0.17812500265426934
0 0.8804687631200068 0.6437500335741788 0.17031250253785402 0.17812500265426934
0 0.22656250337604433 0.3968750206986442 0.19375000288709998 0.19531250291038305
1 0.3742187555762939 0.8729167121928185 0.20781250309664756 0.19062500284053385
0 0.5679687857627869 0.8739583492279053 0.19843749701976776 0.17031250894069672
0 0.860156238079071 0.14895834028720856 0.19843749701976776 0.17031250894069672
0 0.33203125 0.5208333730697632 0.1640625 0.15625
0 0.20468750596046448 0.12187500298023224 0.19375000894069672 0.15781250596046448
0 0.3648437559604645 0.29375001788139343 0.1640625 0.15625
0 0.21328125894069672 0.7020833492279053 0.17031250894069672 0.17812500894069672
0 0.8804687857627869 0.643750011920929 0.17031250894069672 0.17812500894069672
0 0.2265625 0.3968750238418579 0.19375000894069672 0.1953125
1 0.37421876192092896 0.8729166984558105 0.20781250298023224 0.19062499701976776
0 0.5679687857627869 0.8739583492279053 0.19843749701976776 0.17031250894069672
0 0.860156238079071 0.14895834028720856 0.19843749701976776 0.17031250894069672
0 0.33203125 0.5208333730697632 0.1640625 0.15625
0 0.20468750596046448 0.12187500298023224 0.19375000894069672 0.15781250596046448
0 0.3648437559604645 0.29375001788139343 0.1640625 0.15625
0 0.21328125894069672 0.7020833492279053 0.17031250894069672 0.17812500894069672
0 0.8804687857627869 0.643750011920929 0.17031250894069672 0.17812500894069672
0 0.2265625 0.3968750238418579 0.19375000894069672 0.1953125
1 0.37421876192092896 0.8729166984558105 0.20781250298023224 0.19062499701976776
0 0.5679687857627869 0.8739583492279053 0.19843749701976776 0.17031250894069672
0 0.860156238079071 0.14895834028720856 0.19843749701976776 0.17031250894069672
0 0.33203125 0.5208333730697632 0.1640625 0.15625
0 0.20468750596046448 0.12187500298023224 0.19375000894069672 0.15781250596046448
0 0.3648437559604645 0.29375001788139343 0.1640625 0.15625
0 0.21328125894069672 0.7020833492279053 0.17031250894069672 0.17812500894069672
0 0.8804687857627869 0.643750011920929 0.17031250894069672 0.17812500894069672
0 0.2265625 0.3968750238418579 0.19375000894069672 0.1953125
1 0.37421876192092896 0.8729166984558105 0.20781250298023224 0.19062499701976776
0 0.5679687857627869 0.8739583492279053 0.19843749701976776 0.17031250894069672
0 0.860156238079071 0.14895834028720856 0.19843749701976776 0.17031250894069672
0 0.33203125 0.5208333730697632 0.1640625 0.15625
0 0.20468750596046448 0.12187500298023224 0.19375000894069672 0.15781250596046448
0 0.3648437559604645 0.29375001788139343 0.1640625 0.15625
0 0.21328125894069672 0.7020833492279053 0.17031250894069672 0.17812500894069672
0 0.8804687857627869 0.643750011920929 0.17031250894069672 0.17812500894069672
0 0.2265625 0.3968750238418579 0.19375000894069672 0.1953125
1 0.37421876192092896 0.8729166984558105 0.20781250298023224 0.19062499701976776
0 0.5679687857627869 0.8739583492279053 0.19843749701976776 0.17031250894069672
0 0.860156238079071 0.14895834028720856 0.19843749701976776 0.17031250894069672
0 0.33203125 0.5208333730697632 0.1640625 0.15625
0 0.20468750596046448 0.12187500298023224 0.19375000894069672 0.15781250596046448
0 0.3648437559604645 0.29375001788139343 0.1640625 0.15625
0 0.21328125894069672 0.7020833492279053 0.17031250894069672 0.17812500894069672
0 0.8804687857627869 0.643750011920929 0.17031250894069672 0.17812500894069672
0 0.2265625 0.3968750238418579 0.19375000894069672 0.1953125
1 0.37421876192092896 0.8729166984558105 0.20781250298023224 0.19062499701976776
0 0.5679687857627869 0.8739583492279053 0.19843749701976776 0.17031250894069672
0 0.860156238079071 0.14895834028720856 0.19843749701976776 0.17031250894069672
0 0.33203125 0.5208333730697632 0.1640625 0.15625
0 0.20468750596046448 0.12187500298023224 0.19375000894069672 0.15781250596046448
0 0.3648437559604645 0.29375001788139343 0.1640625 0.15625
0 0.21328125894069672 0.7020833492279053 0.17031250894069672 0.17812500894069672
0 0.8804687857627869 0.643750011920929 0.17031250894069672 0.17812500894069672
0 0.2265625 0.3968750238418579 0.19375000894069672 0.1953125
1 0.37421876192092896 0.8729166984558105 0.20781250298023224 0.19062499701976776
0 0.5679687857627869 0.8739583492279053 0.19843749701976776 0.17031250894069672
0 0.860156238079071 0.14895834028720856 0.19843749701976776 0.17031250894069672
0 0.33203125 0.5208333730697632 0.1640625 0.15625
0 0.20468750596046448 0.12187500298023224 0.19375000894069672 0.15781250596046448
0 0.3648437559604645 0.29375001788139343 0.1640625 0.15625
0 0.21328125894069672 0.7020833492279053 0.17031250894069672 0.17812500894069672
0 0.8804687857627869 0.643750011920929 0.17031250894069672 0.17812500894069672
0 0.2265625 0.3968750238418579 0.19375000894069672 0.1953125
1 0.37421876192092896 0.8729166984558105 0.20781250298023224 0.19062499701976776
