0 0.18593750277068466 0.6406250334111974 0.17187500256113708 0.1359375020256266
0 0.6898437602794729 0.3166666831821203 0.17031250253785402 0.18750000279396772
0 0.9007812634226866 0.5583333624526858 0.17031250253785402 0.18750000279396772
0 0.07265625108266249 0.21250001108273864 0.14218750211875886 0.18750000279396772
0 0.21015625313157216 0.2604166802484542 0.18281250272411853 0.18125000270083547
0 0.18046875268919393 0.4083333546295762 0.18281250272411853 0.18125000270083547
0 0.08203125122236088 0.8333333767950535 0.16093750239815563 0.16875000251457095
0 0.5687500084750354 0.09166667144745588 0.17187500256113708 0.13437500200234354
1 0.06953125103609636 0.5187500270549208 0.07968750118743628 0.07187500107102096
1 0.3234375048195943 0.48541669198311865 0.07812500116415322 0.06250000093132257
1 0.08125000121071935 0.03020833490882069 0.0656250009778887 0.04218750062864274
1 0.5906250088009983 0.7260417045326903 0.4781250071246177 0.41093750612344593
0 0.18593750277068466 0.6406250334111974 0.17187500256113708 0.1359375020256266
0 0.6898437602794729 0.3166666831821203 0.17031250253785402 0.18750000279396772
0 0.9007812634226866 0.5583333624526858 0.17031250253785402 0.18750000279396772
0 0.07265625108266249 0.21250001108273864 0.14218750211875886 0.18750000279396772
0 0.21015625313157216 0.2604166802484542 0.18281250272411853 0.18125000270083547
0 0.18046875268919393 0.4083333546295762 0.18281250272411853 0.18125000270083547
0 0.08203125122236088 0.8333333767950535 0.16093750239815563 0.16875000251457095
0 0.5687500084750354 0.09166667144745588 0.17187500256113708 0.13437500200234354
1 0.06953125103609636 0.5187500270549208 0.07968750118743628 0.07187500107102096
1 0.3234375048195943 0.48541669198311865 0.07812500116415322 0.06250000093132257
1 0.08125000121071935 0.03020833490882069 0.0656250009778887 0.04218750062864274
1 0.5906250088009983 0.7260417045326903 0.4781250071246177 0.41093750612344593
0 0.18593750277068466 0.6406250334111974 0.17187500256113708 0.1359375020256266
0 0.6898437602794729 0.3166666831821203 0.17031250253785402 0.18750000279396772
0 0.9007812634226866 0.5583333624526858 0.17031250253785402 0.18750000279396772
0 0.07265625108266249 0.21250001108273864 0.14218750211875886 0.18750000279396772
0 0.21015625313157216 0.2604166802484542 0.18281250272411853 0.18125000270083547
0 0.18046875268919393 0.4083333546295762 0.18281250272411853 0.18125000270083547
0 0.08203125122236088 0.8333333767950535 0.16093750239815563 0.16875000251457095
0 0.5687500084750354 0.09166667144745588 0.17187500256113708 0.13437500200234354
1 0.06953125103609636 0.5187500270549208 0.07968750118743628 0.07187500107102096
1 0.3234375048195943 0.48541669198311865 0.07812500116415322 0.06250000093132257
1 0.08125000121071935 0.03020833490882069 0.0656250009778887 0.04218750062864274
1 0.5906250088009983 0.7260417045326903 0.4781250071246177 0.41093750612344593
0 0.18593750277068466 0.6406250334111974 0.17187500256113708 0.1359375020256266
0 0.6898437602794729 0.3166666831821203 0.17031250253785402 0.18750000279396772
0 0.9007812634226866 0.5583333624526858 0.17031250253785402 0.18750000279396772
0 0.07265625108266249 0.21250001108273864 0.14218750211875886 0.18750000279396772
0 0.21015625313157216 0.2604166802484542 0.18281250272411853 0.18125000270083547
0 0.18046875268919393 0.4083333546295762 0.18281250272411853 0.18125000270083547
0 0.08203125122236088 0.8333333767950535 0.16093750239815563 0.16875000251457095
0 0.5687500084750354 0.09166667144745588 0.17187500256113708 0.13437500200234354
1 0.06953125103609636 0.5187500270549208 0.07968750118743628 0.07187500107102096
1 0.3234375048195943 0.48541669198311865 0.07812500116415322 0.06250000093132257
1 0.08125000121071935 0.03020833490882069 0.0656250009778887 0.04218750062864274
1 0.5906250088009983 0.7260417045326903 0.4781250071246177 0.41093750612344593
0 0.18593750277068466 0.6406250334111974 0.17187500256113708 0.1359375020256266
0 0.6898437602794729 0.3166666831821203 0.17031250253785402 0.18750000279396772
0 0.9007812634226866 0.5583333624526858 0.17031250253785402 0.18750000279396772
0 0.07265625108266249 0.21250001108273864 0.14218750211875886 0.18750000279396772
0 0.21015625313157216 0.2604166802484542 0.18281250272411853 0.18125000270083547
0 0.18046875268919393 0.4083333546295762 0.18281250272411853 0.18125000270083547
0 0.08203125122236088 0.8333333767950535 0.16093750239815563 0.16875000251457095
0 0.5687500084750354 0.09166667144745588 0.17187500256113708 0.13437500200234354
1 0.06953125103609636 0.5187500270549208 0.07968750118743628 0.07187500107102096
1 0.3234375048195943 0.48541669198311865 0.07812500116415322 0.06250000093132257
1 0.08125000121071935 0.03020833490882069 0.0656250009778887 0.04218750062864274
1 0.5906250088009983 0.7260417045326903 0.4781250071246177 0.41093750612344593
0 0.18593750277068466 0.6406250334111974 0.17187500256113708 0.1359375020256266
0 0.6898437602794729 0.3166666831821203 0.17031250253785402 0.18750000279396772
0 0.9007812634226866 0.5583333624526858 0.17031250253785402 0.18750000279396772
0 0.07265625108266249 0.21250001108273864 0.14218750211875886 0.18750000279396772
0 0.21015625313157216 0.2604166802484542 0.18281250272411853 0.18125000270083547
0 0.18046875268919393 0.4083333546295762 0.18281250272411853 0.18125000270083547
0 0.08203125122236088 0.8333333767950535 0.16093750239815563 0.16875000251457095
0 0.5687500084750354 0.09166667144745588 0.17187500256113708 0.13437500200234354
1 0.06953125103609636 0.5187500270549208 0.07968750118743628 0.07187500107102096
1 0.3234375048195943 0.48541669198311865 0.07812500116415322 0.06250000093132257
1 0.08125000121071935 0.03020833490882069 0.0656250009778887 0.04218750062864274
1 0.5906250088009983 0.7260417045326903 0.4781250071246177 0.41093750612344593
0 0.18593750277068466 0.6406250334111974 0.17187500256113708 0.1359375020256266
0 0.6898437602794729 0.3166666831821203 0.17031250253785402 0.18750000279396772
0 0.9007812634226866 0.5583333624526858 0.17031250253785402 0.18750000279396772
0 0.07265625108266249 0.21250001108273864 0.14218750211875886 0.18750000279396772
0 0.21015625313157216 0.2604166802484542 0.18281250272411853 0.18125000270083547
0 0.18046875268919393 0.4083333546295762 0.18281250272411853 0.18125000270083547
0 0.08203125122236088 0.8333333767950535 0.16093750239815563 0.16875000251457095
0 0.5687500084750354 0.09166667144745588 0.17187500256113708 0.13437500200234354
1 0.06953125103609636 0.5187500270549208 0.07968750118743628 0.07187500107102096
1 0.3234375048195943 0.48541669198311865 0.07812500116415322 0.06250000093132257
1 0.08125000121071935 0.03020833490882069 0.0656250009778887 0.04218750062864274
1 0.5906250088009983 0.7260417045326903 0.4781250071246177 0.41093750612344593
0 0.18593750277068466 0.6406250334111974 0.17187500256113708 0.1359375020256266
0 0.6898437602794729 0.3166666831821203 0.17031250253785402 0.18750000279396772
0 0.9007812634226866 0.5583333624526858 0.17031250253785402 0.18750000279396772
0 0.07265625108266249 0.21250001108273864 0.14218750211875886 0.18750000279396772
0 0.21015625313157216 0.2604166802484542 0.18281250272411853 0.18125000270083547
0 0.18046875268919393 0.4083333546295762 0.18281250272411853 0.18125000270083547
0 0.08203125122236088 0.8333333767950535 0.16093750239815563 0.16875000251457095
0 0.5687500084750354 0.09166667144745588 0.17187500256113708 0.13437500200234354
1 0.06953125103609636 0.5187500270549208 0.07968750118743628 0.07187500107102096
1 0.3234375048195943 0.48541669198311865 0.07812500116415322 0.06250000093132257
1 0.08125000121071935 0.03020833490882069 0.0656250009778887 0.04218750062864274
1 0.5906250088009983 0.7260417045326903 0.4781250071246177 0.41093750612344593
0 0.18593750277068466 0.6406250334111974 0.17187500256113708 0.1359375020256266
0 0.6898437602794729 0.3166666831821203 0.17031250253785402 0.18750000279396772
0 0.9007812634226866 0.5583333624526858 0.17031250253785402 0.18750000279396772
0 0.07265625108266249 0.21250001108273864 0.14218750211875886 0.18750000279396772
0 0.21015625313157216 0.2604166802484542 0.18281250272411853 0.18125000270083547
0 0.18046875268919393 0.4083333546295762 0.18281250272411853 0.18125000270083547
0 0.08203125122236088 0.8333333767950535 0.16093750239815563 0.16875000251457095
0 0.5687500084750354 0.09166667144745588 0.17187500256113708 0.13437500200234354
1 0.06953125103609636 0.5187500270549208 0.07968750118743628 0.07187500107102096
1 0.3234375048195943 0.48541669198311865 0.07812500116415322 0.06250000093132257
1 0.08125000121071935 0.03020833490882069 0.0656250009778887 0.04218750062864274
1 0.5906250088009983 0.7260417045326903 0.4781250071246177 0.41093750612344593
0 0.18593750277068466 0.6406250334111974 0.17187500256113708 0.1359375020256266
0 0.6898437602794729 0.3166666831821203 0.17031250253785402 0.18750000279396772
0 0.9007812634226866 0.5583333624526858 0.17031250253785402 0.18750000279396772
0 0.07265625108266249 0.21250001108273864 0.14218750211875886 0.18750000279396772
0 0.21015625313157216 0.2604166802484542 0.18281250272411853 0.18125000270083547
0 0.18046875268919393 0.4083333546295762 0.18281250272411853 0.18125000270083547
0 0.08203125122236088 0.8333333767950535 0.16093750239815563 0.16875000251457095
0 0.5687500084750354 0.09166667144745588 0.17187500256113708 0.13437500200234354
1 0.06953125103609636 0.5187500270549208 0.07968750118743628 0.07187500107102096
1 0.3234375048195943 0.48541669198311865 0.07812500116415322 0.06250000093132257
1 0.08125000121071935 0.03020833490882069 0.0656250009778887 0.04218750062864274
1 0.5906250088009983 0.7260417045326903 0.4781250071246177 0.41093750612344593
0 0.18593750277068466 0.6406250334111974 0.17187500256113708 0.1359375020256266
0 0.6898437602794729 0.3166666831821203 0.17031250253785402 0.18750000279396772
0 0.9007812634226866 0.5583333624526858 0.17031250253785402 0.18750000279396772
0 0.07265625108266249 0.21250001108273864 0.14218750211875886 0.18750000279396772
0 0.21015625313157216 0.2604166802484542 0.18281250272411853 0.18125000270083547
0 0.18046875268919393 0.4083333546295762 0.18281250272411853 0.18125000270083547
0 0.08203125122236088 0.8333333767950535 0.16093750239815563 0.16875000251457095
0 0.5687500084750354 0.09166667144745588 0.17187500256113708 0.13437500200234354
1 0.06953125103609636 0.5187500270549208 0.07968750118743628 0.07187500107102096
1 0.3234375048195943 0.48541669198311865 0.07812500116415322 0.06250000093132257
1 0.08125000121071935 0.03020833490882069 0.0656250009778887 0.04218750062864274
1 0.5906250088009983 0.7260417045326903 0.4781250071246177 0.41093750612344593
0 0.18593750277068466 0.6406250334111974 0.17187500256113708 0.1359375020256266
0 0.6898437602794729 0.3166666831821203 0.17031250253785402 0.18750000279396772
0 0.9007812634226866 0.5583333624526858 0.17031250253785402 0.18750000279396772
0 0.07265625108266249 0.21250001108273864 0.14218750211875886 0.18750000279396772
0 0.21015625313157216 0.2604166802484542 0.18281250272411853 0.18125000270083547
0 0.18046875268919393 0.4083333546295762 0.18281250272411853 0.18125000270083547
0 0.08203125122236088 0.8333333767950535 0.16093750239815563 0.16875000251457095
0 0.5687500084750354 0.09166667144745588 0.17187500256113708 0.13437500200234354
1 0.06953125103609636 0.5187500270549208 0.07968750118743628 0.07187500107102096
1 0.3234375048195943 0.48541669198311865 0.07812500116415322 0.06250000093132257
1 0.08125000121071935 0.03020833490882069 0.0656250009778887 0.04218750062864274
1 0.5906250088009983 0.7260417045326903 0.4781250071246177 0.41093750612344593
0 0.18593750277068466 0.6406250334111974 0.17187500256113708 0.1359375020256266
0 0.6898437602794729 0.3166666831821203 0.17031250253785402 0.18750000279396772
0 0.9007812634226866 0.5583333624526858 0.17031250253785402 0.18750000279396772
0 0.07265625108266249 0.21250001108273864 0.14218750211875886 0.18750000279396772
0 0.21015625313157216 0.2604166802484542 0.18281250272411853 0.18125000270083547
0 0.18046875268919393 0.4083333546295762 0.18281250272411853 0.18125000270083547
0 0.08203125122236088 0.8333333767950535 0.16093750239815563 0.16875000251457095
0 0.5687500084750354 0.09166667144745588 0.17187500256113708 0.13437500200234354
1 0.06953125103609636 0.5187500270549208 0.07968750118743628 0.07187500107102096
1 0.3234375048195943 0.48541669198311865 0.07812500116415322 0.06250000093132257
1 0.08125000121071935 0.03020833490882069 0.0656250009778887 0.04218750062864274
1 0.5906250088009983 0.7260417045326903 0.4781250071246177 0.41093750612344593
0 0.18593750277068466 0.6406250334111974 0.17187500256113708 0.1359375020256266
0 0.6898437602794729 0.3166666831821203 0.17031250253785402 0.18750000279396772
0 0.9007812634226866 0.5583333624526858 0.17031250253785402 0.18750000279396772
0 0.07265625108266249 0.21250001108273864 0.14218750211875886 0.18750000279396772
0 0.21015625313157216 0.2604166802484542 0.18281250272411853 0.18125000270083547
0 0.18046875268919393 0.4083333546295762 0.18281250272411853 0.18125000270083547
0 0.08203125122236088 0.8333333767950535 0.16093750239815563 0.16875000251457095
0 0.5687500084750354 0.09166667144745588 0.17187500256113708 0.13437500200234354
2 0.06953125103609636 0.5187500270549208 0.07968750118743628 0.07187500107102096
2 0.3234375048195943 0.48541669198311865 0.07812500116415322 0.06250000093132257
2 0.08125000121071935 0.03020833490882069 0.0656250009778887 0.04218750062864274
1 0.5906250088009983 0.7260417045326903 0.4781250071246177 0.41093750612344593
0 0.18593750277068466 0.6406250334111974 0.17187500256113708 0.1359375020256266
0 0.6898437602794729 0.3166666831821203 0.17031250253785402 0.18750000279396772
0 0.9007812634226866 0.5583333624526858 0.17031250253785402 0.18750000279396772
0 0.07265625108266249 0.21250001108273864 0.14218750211875886 0.18750000279396772
0 0.21015625313157216 0.2604166802484542 0.18281250272411853 0.18125000270083547
0 0.18046875268919393 0.4083333546295762 0.18281250272411853 0.18125000270083547
0 0.08203125122236088 0.8333333767950535 0.16093750239815563 0.16875000251457095
0 0.5687500084750354 0.09166667144745588 0.17187500256113708 0.13437500200234354
2 0.06953125103609636 0.5187500270549208 0.07968750118743628 0.07187500107102096
2 0.3234375048195943 0.48541669198311865 0.07812500116415322 0.06250000093132257
2 0.08125000121071935 0.03020833490882069 0.0656250009778887 0.04218750062864274
1 0.5906250088009983 0.7260417045326903 0.4781250071246177 0.41093750612344593
0 0.18593750894069672 0.6406250596046448 0.171875 0.13593749701976776
0 0.6898437738418579 0.31666669249534607 0.17031250894069672 0.1875
0 0.9007812738418579 0.5583333373069763 0.17031250894069672 0.1875
0 0.07265625149011612 0.21250000596046448 0.14218750596046448 0.1875
0 0.21015624701976776 0.2604166865348816 0.18281249701976776 0.18125000596046448
0 0.18046875298023224 0.40833336114883423 0.18281249701976776 0.18125000596046448
0 0.08203125 0.8333333730697632 0.16093750298023224 0.16875000298023224
0 0.5687500238418579 0.09166666865348816 0.171875 0.13437500596046448
2 0.06953125447034836 0.518750011920929 0.07968749850988388 0.07187499850988388
2 0.32343751192092896 0.4854166805744171 0.078125 0.0625
2 0.08125000447034836 0.03020833432674408 0.06562500447034836 0.04218750074505806
1 0.590624988079071 0.7260417342185974 0.4781250059604645 0.41093751788139343
0 0.18593750894069672 0.6406250596046448 0.171875 0.13593749701976776
0 0.6898437738418579 0.31666669249534607 0.17031250894069672 0.1875
0 0.9007812738418579 0.5583333373069763 0.17031250894069672 0.1875
0 0.07265625149011612 0.21250000596046448 0.14218750596046448 0.1875
0 0.21015624701976776 0.2604166865348816 0.18281249701976776 0.18125000596046448
0 0.18046875298023224 0.40833336114883423 0.18281249701976776 0.18125000596046448
0 0.08203125 0.8333333730697632 0.16093750298023224 0.16875000298023224
0 0.5687500238418579 0.09166666865348816 0.171875 0.13437500596046448
2 0.06953125447034836 0.518750011920929 0.07968749850988388 0.07187499850988388
2 0.32343751192092896 0.4854166805744171 0.078125 0.0625
2 0.08125000447034836 0.03020833432674408 0.06562500447034836 0.04218750074505806
1 0.590624988079071 0.7260417342185974 0.4781250059604645 0.41093751788139343
0 0.18593750894069672 0.6406250596046448 0.171875 0.13593749701976776
0 0.6898437738418579 0.31666669249534607 0.17031250894069672 0.1875
0 0.9007812738418579 0.5583333373069763 0.17031250894069672 0.1875
0 0.07265625149011612 0.21250000596046448 0.14218750596046448 0.1875
0 0.21015624701976776 0.2604166865348816 0.18281249701976776 0.18125000596046448
0 0.18046875298023224 0.40833336114883423 0.18281249701976776 0.18125000596046448
0 0.08203125 0.8333333730697632 0.16093750298023224 0.16875000298023224
0 0.5687500238418579 0.09166666865348816 0.171875 0.13437500596046448
2 0.06953125447034836 0.518750011920929 0.07968749850988388 0.07187499850988388
2 0.32343751192092896 0.4854166805744171 0.078125 0.0625
2 0.08125000447034836 0.03020833432674408 0.06562500447034836 0.04218750074505806
1 0.590624988079071 0.7260417342185974 0.4781250059604645 0.41093751788139343
0 0.18593750894069672 0.6406250596046448 0.171875 0.13593749701976776
0 0.6898437738418579 0.31666669249534607 0.17031250894069672 0.1875
0 0.9007812738418579 0.5583333373069763 0.17031250894069672 0.1875
0 0.07265625149011612 0.21250000596046448 0.14218750596046448 0.1875
0 0.21015624701976776 0.2604166865348816 0.18281249701976776 0.18125000596046448
0 0.18046875298023224 0.40833336114883423 0.18281249701976776 0.18125000596046448
0 0.08203125 0.8333333730697632 0.16093750298023224 0.16875000298023224
0 0.5687500238418579 0.09166666865348816 0.171875 0.13437500596046448
2 0.06953125447034836 0.518750011920929 0.07968749850988388 0.07187499850988388
2 0.32343751192092896 0.4854166805744171 0.078125 0.0625
2 0.08125000447034836 0.03020833432674408 0.06562500447034836 0.04218750074505806
1 0.590624988079071 0.7260417342185974 0.4781250059604645 0.41093751788139343
0 0.18593750894069672 0.6406250596046448 0.171875 0.13593749701976776
0 0.6898437738418579 0.31666669249534607 0.17031250894069672 0.1875
0 0.9007812738418579 0.5583333373069763 0.17031250894069672 0.1875
0 0.07265625149011612 0.21250000596046448 0.14218750596046448 0.1875
0 0.21015624701976776 0.2604166865348816 0.18281249701976776 0.18125000596046448
0 0.18046875298023224 0.40833336114883423 0.18281249701976776 0.18125000596046448
0 0.08203125 0.8333333730697632 0.16093750298023224 0.16875000298023224
0 0.5687500238418579 0.09166666865348816 0.171875 0.13437500596046448
2 0.06953125447034836 0.518750011920929 0.07968749850988388 0.07187499850988388
2 0.32343751192092896 0.4854166805744171 0.078125 0.0625
2 0.08125000447034836 0.03020833432674408 0.06562500447034836 0.04218750074505806
1 0.590624988079071 0.7260417342185974 0.4781250059604645 0.41093751788139343
0 0.18593750894069672 0.6406250596046448 0.171875 0.13593749701976776
0 0.6898437738418579 0.31666669249534607 0.17031250894069672 0.1875
0 0.9007812738418579 0.5583333373069763 0.17031250894069672 0.1875
0 0.07265625149011612 0.21250000596046448 0.14218750596046448 0.1875
0 0.21015624701976776 0.2604166865348816 0.18281249701976776 0.18125000596046448
0 0.18046875298023224 0.40833336114883423 0.18281249701976776 0.18125000596046448
0 0.08203125 0.8333333730697632 0.16093750298023224 0.16875000298023224
0 0.5687500238418579 0.09166666865348816 0.171875 0.13437500596046448
2 0.06953125447034836 0.518750011920929 0.07968749850988388 0.07187499850988388
2 0.32343751192092896 0.4854166805744171 0.078125 0.0625
2 0.08125000447034836 0.03020833432674408 0.06562500447034836 0.04218750074505806
1 0.590624988079071 0.7260417342185974 0.4781250059604645 0.41093751788139343
0 0.18593750894069672 0.6406250596046448 0.171875 0.13593749701976776
0 0.6898437738418579 0.31666669249534607 0.17031250894069672 0.1875
0 0.9007812738418579 0.5583333373069763 0.17031250894069672 0.1875
0 0.07265625149011612 0.21250000596046448 0.14218750596046448 0.1875
0 0.21015624701976776 0.2604166865348816 0.18281249701976776 0.18125000596046448
0 0.18046875298023224 0.40833336114883423 0.18281249701976776 0.18125000596046448
0 0.08203125 0.8333333730697632 0.16093750298023224 0.16875000298023224
0 0.5687500238418579 0.09166666865348816 0.171875 0.13437500596046448
2 0.06953125447034836 0.518750011920929 0.07968749850988388 0.07187499850988388
2 0.32343751192092896 0.4854166805744171 0.078125 0.0625
2 0.08125000447034836 0.03020833432674408 0.06562500447034836 0.04218750074505806
1 0.590624988079071 0.7260417342185974 0.4781250059604645 0.41093751788139343
