0 0.6687500099651515 0.49791669263504446 0.14687500218860805 0.15000000223517418
0 0.31171875464497134 0.4156250216765329 0.17343750258442014 0.15468750230502337
0 0.2664062539697625 0.568750029662624 0.17343750258442014 0.1843750027474016
0 0.7273437608382665 0.631250032922253 0.17343750258442014 0.1843750027474016
0 0.8664062629104592 0.3822916866047308 0.14531250216532499 0.17343750258442014
0 0.7554687612573616 0.13854167389217764 0.1578125023515895 0.17031250253785402
0 0.9210937637253664 0.8614583782618865 0.1578125023515895 0.17031250253785402
0 0.9257812637952156 0.6458333670161664 0.14843750221189111 0.14687500218860805
0 0.1554687523166649 0.7854167076293379 0.14843750221189111 0.14687500218860805
0 0.546093758137431 0.13958334061317146 0.18281250272411853 0.1406250020954758
0 0.4437500066123903 0.8552083779359236 0.1843750027474016 0.15468750230502337
0 0.6921875103143975 0.9177083811955526 0.1843750027474016 0.12343750183936208
0 0.13046875194413587 0.07083333702757955 0.17656250263098627 0.10312500153668225
0 0.9187500136904418 0.08125000423751771 0.1625000024214387 0.11875000176951289
0 0.2882812542957254 0.81875004270114 0.14843750221189111 0.17187500256113708
1 0.47500000707805157 0.5979166978504509 0.2500000037252903 0.18125000270083547
1 0.5500000081956387 0.35416668513789773 0.05000000074505806 0.0437500006519258
1 0.6273437593481503 0.16979167552199215 0.051562500768341124 0.048437500721774995
0 0.6687500099651515 0.49791669263504446 0.14687500218860805 0.15000000223517418
0 0.31171875464497134 0.4156250216765329 0.17343750258442014 0.15468750230502337
0 0.2664062539697625 0.568750029662624 0.17343750258442014 0.1843750027474016
0 0.7273437608382665 0.631250032922253 0.17343750258442014 0.1843750027474016
0 0.8664062629104592 0.3822916866047308 0.14531250216532499 0.17343750258442014
0 0.7554687612573616 0.13854167389217764 0.1578125023515895 0.17031250253785402
0 0.9210937637253664 0.8614583782618865 0.1578125023515895 0.17031250253785402
0 0.9257812637952156 0.6458333670161664 0.14843750221189111 0.14687500218860805
0 0.1554687523166649 0.7854167076293379 0.14843750221189111 0.14687500218860805
0 0.546093758137431 0.13958334061317146 0.18281250272411853 0.1406250020954758
0 0.4437500066123903 0.8552083779359236 0.1843750027474016 0.15468750230502337
0 0.6921875103143975 0.9177083811955526 0.1843750027474016 0.12343750183936208
0 0.13046875194413587 0.07083333702757955 0.17656250263098627 0.10312500153668225
0 0.9187500136904418 0.08125000423751771 0.1625000024214387 0.11875000176951289
0 0.2882812542957254 0.81875004270114 0.14843750221189111 0.17187500256113708
1 0.47500000707805157 0.5979166978504509 0.2500000037252903 0.18125000270083547
1 0.5500000081956387 0.35416668513789773 0.05000000074505806 0.0437500006519258
1 0.6273437593481503 0.16979167552199215 0.051562500768341124 0.048437500721774995
0 0.6687500099651515 0.49791669263504446 0.14687500218860805 0.15000000223517418
0 0.31171875464497134 0.4156250216765329 0.17343750258442014 0.15468750230502337
0 0.2664062539697625 0.568750029662624 0.17343750258442014 0.1843750027474016
0 0.7273437608382665 0.631250032922253 0.17343750258442014 0.1843750027474016
0 0.8664062629104592 0.3822916866047308 0.14531250216532499 0.17343750258442014
0 0.7554687612573616 0.13854167389217764 0.1578125023515895 0.17031250253785402
0 0.9210937637253664 0.8614583782618865 0.1578125023515895 0.17031250253785402
0 0.9257812637952156 0.6458333670161664 0.14843750221189111 0.14687500218860805
0 0.1554687523166649 0.7854167076293379 0.14843750221189111 0.14687500218860805
0 0.546093758137431 0.13958334061317146 0.18281250272411853 0.1406250020954758
0 0.4437500066123903 0.8552083779359236 0.1843750027474016 0.15468750230502337
0 0.6921875103143975 0.9177083811955526 0.1843750027474016 0.12343750183936208
0 0.13046875194413587 0.07083333702757955 0.17656250263098627 0.10312500153668225
0 0.9187500136904418 0.08125000423751771 0.1625000024214387 0.11875000176951289
0 0.2882812542957254 0.81875004270114 0.14843750221189111 0.17187500256113708
1 0.47500000707805157 0.5979166978504509 0.2500000037252903 0.18125000270083547
1 0.5500000081956387 0.35416668513789773 0.05000000074505806 0.0437500006519258
1 0.6273437593481503 0.16979167552199215 0.051562500768341124 0.048437500721774995
0 0.6687500099651515 0.49791669263504446 0.14687500218860805 0.15000000223517418
0 0.31171875464497134 0.4156250216765329 0.17343750258442014 0.15468750230502337
0 0.2664062539697625 0.568750029662624 0.17343750258442014 0.1843750027474016
0 0.7273437608382665 0.631250032922253 0.17343750258442014 0.1843750027474016
0 0.8664062629104592 0.3822916866047308 0.14531250216532499 0.17343750258442014
0 0.7554687612573616 0.13854167389217764 0.1578125023515895 0.17031250253785402
0 0.9210937637253664 0.8614583782618865 0.1578125023515895 0.17031250253785402
0 0.9257812637952156 0.6458333670161664 0.14843750221189111 0.14687500218860805
0 0.1554687523166649 0.7854167076293379 0.14843750221189111 0.14687500218860805
0 0.546093758137431 0.13958334061317146 0.18281250272411853 0.1406250020954758
0 0.4437500066123903 0.8552083779359236 0.1843750027474016 0.15468750230502337
0 0.6921875103143975 0.9177083811955526 0.1843750027474016 0.12343750183936208
0 0.13046875194413587 0.07083333702757955 0.17656250263098627 0.10312500153668225
0 0.9187500136904418 0.08125000423751771 0.1625000024214387 0.11875000176951289
0 0.2882812542957254 0.81875004270114 0.14843750221189111 0.17187500256113708
1 0.47500000707805157 0.5979166978504509 0.2500000037252903 0.18125000270083547
1 0.5500000081956387 0.35416668513789773 0.05000000074505806 0.0437500006519258
1 0.6273437593481503 0.16979167552199215 0.051562500768341124 0.048437500721774995
0 0.6687500099651515 0.49791669263504446 0.14687500218860805 0.15000000223517418
0 0.31171875464497134 0.4156250216765329 0.17343750258442014 0.15468750230502337
0 0.2664062539697625 0.568750029662624 0.17343750258442014 0.1843750027474016
0 0.7273437608382665 0.631250032922253 0.17343750258442014 0.1843750027474016
0 0.8664062629104592 0.3822916866047308 0.14531250216532499 0.17343750258442014
0 0.7554687612573616 0.13854167389217764 0.1578125023515895 0.17031250253785402
0 0.9210937637253664 0.8614583782618865 0.1578125023515895 0.17031250253785402
0 0.9257812637952156 0.6458333670161664 0.14843750221189111 0.14687500218860805
0 0.1554687523166649 0.7854167076293379 0.14843750221189111 0.14687500218860805
0 0.546093758137431 0.13958334061317146 0.18281250272411853 0.1406250020954758
0 0.4437500066123903 0.8552083779359236 0.1843750027474016 0.15468750230502337
0 0.6921875103143975 0.9177083811955526 0.1843750027474016 0.12343750183936208
0 0.13046875194413587 0.07083333702757955 0.17656250263098627 0.10312500153668225
0 0.9187500136904418 0.08125000423751771 0.1625000024214387 0.11875000176951289
0 0.2882812542957254 0.81875004270114 0.14843750221189111 0.17187500256113708
1 0.47500000707805157 0.5979166978504509 0.2500000037252903 0.18125000270083547
1 0.5500000081956387 0.35416668513789773 0.05000000074505806 0.0437500006519258
1 0.6273437593481503 0.16979167552199215 0.051562500768341124 0.048437500721774995
0 0.6687500099651515 0.49791669263504446 0.14687500218860805 0.15000000223517418
0 0.31171875464497134 0.4156250216765329 0.17343750258442014 0.15468750230502337
0 0.2664062539697625 0.568750029662624 0.17343750258442014 0.1843750027474016
0 0.7273437608382665 0.631250032922253 0.17343750258442014 0.1843750027474016
0 0.8664062629104592 0.3822916866047308 0.14531250216532499 0.17343750258442014
0 0.7554687612573616 0.13854167389217764 0.1578125023515895 0.17031250253785402
0 0.9210937637253664 0.8614583782618865 0.1578125023515895 0.17031250253785402
0 0.9257812637952156 0.6458333670161664 0.14843750221189111 0.14687500218860805
0 0.1554687523166649 0.7854167076293379 0.14843750221189111 0.14687500218860805
0 0.546093758137431 0.13958334061317146 0.18281250272411853 0.1406250020954758
0 0.4437500066123903 0.8552083779359236 0.1843750027474016 0.15468750230502337
0 0.6921875103143975 0.9177083811955526 0.1843750027474016 0.12343750183936208
0 0.13046875194413587 0.07083333702757955 0.17656250263098627 0.10312500153668225
0 0.9187500136904418 0.08125000423751771 0.1625000024214387 0.11875000176951289
0 0.2882812542957254 0.81875004270114 0.14843750221189111 0.17187500256113708
1 0.47500000707805157 0.5979166978504509 0.2500000037252903 0.18125000270083547
1 0.5500000081956387 0.35416668513789773 0.05000000074505806 0.0437500006519258
1 0.6273437593481503 0.16979167552199215 0.051562500768341124 0.048437500721774995
0 0.6687500099651515 0.49791669263504446 0.14687500218860805 0.15000000223517418
0 0.31171875464497134 0.4156250216765329 0.17343750258442014 0.15468750230502337
0 0.2664062539697625 0.568750029662624 0.17343750258442014 0.1843750027474016
0 0.7273437608382665 0.631250032922253 0.17343750258442014 0.1843750027474016
0 0.8664062629104592 0.3822916866047308 0.14531250216532499 0.17343750258442014
0 0.7554687612573616 0.13854167389217764 0.1578125023515895 0.17031250253785402
0 0.9210937637253664 0.8614583782618865 0.1578125023515895 0.17031250253785402
0 0.9257812637952156 0.6458333670161664 0.14843750221189111 0.14687500218860805
0 0.1554687523166649 0.7854167076293379 0.14843750221189111 0.14687500218860805
0 0.546093758137431 0.13958334061317146 0.18281250272411853 0.1406250020954758
0 0.4437500066123903 0.8552083779359236 0.1843750027474016 0.15468750230502337
0 0.6921875103143975 0.9177083811955526 0.1843750027474016 0.12343750183936208
0 0.13046875194413587 0.07083333702757955 0.17656250263098627 0.10312500153668225
0 0.9187500136904418 0.08125000423751771 0.1625000024214387 0.11875000176951289
0 0.2882812542957254 0.81875004270114 0.14843750221189111 0.17187500256113708
1 0.47500000707805157 0.5979166978504509 0.2500000037252903 0.18125000270083547
1 0.5500000081956387 0.35416668513789773 0.05000000074505806 0.0437500006519258
1 0.6273437593481503 0.16979167552199215 0.051562500768341124 0.048437500721774995
0 0.6687500099651515 0.49791669263504446 0.14687500218860805 0.15000000223517418
0 0.31171875464497134 0.4156250216765329 0.17343750258442014 0.15468750230502337
0 0.2664062539697625 0.568750029662624 0.17343750258442014 0.1843750027474016
0 0.7273437608382665 0.631250032922253 0.17343750258442014 0.1843750027474016
0 0.8664062629104592 0.3822916866047308 0.14531250216532499 0.17343750258442014
0 0.7554687612573616 0.13854167389217764 0.1578125023515895 0.17031250253785402
0 0.9210937637253664 0.8614583782618865 0.1578125023515895 0.17031250253785402
0 0.9257812637952156 0.6458333670161664 0.14843750221189111 0.14687500218860805
0 0.1554687523166649 0.7854167076293379 0.14843750221189111 0.14687500218860805
0 0.546093758137431 0.13958334061317146 0.18281250272411853 0.1406250020954758
0 0.4437500066123903 0.8552083779359236 0.1843750027474016 0.15468750230502337
0 0.6921875103143975 0.9177083811955526 0.1843750027474016 0.12343750183936208
0 0.13046875194413587 0.07083333702757955 0.17656250263098627 0.10312500153668225
0 0.9187500136904418 0.08125000423751771 0.1625000024214387 0.11875000176951289
0 0.2882812542957254 0.81875004270114 0.14843750221189111 0.17187500256113708
1 0.47500000707805157 0.5979166978504509 0.2500000037252903 0.18125000270083547
1 0.5500000081956387 0.35416668513789773 0.05000000074505806 0.0437500006519258
1 0.6273437593481503 0.16979167552199215 0.051562500768341124 0.048437500721774995
0 0.6687500099651515 0.49791669263504446 0.14687500218860805 0.15000000223517418
0 0.31171875464497134 0.4156250216765329 0.17343750258442014 0.15468750230502337
0 0.2664062539697625 0.568750029662624 0.17343750258442014 0.1843750027474016
0 0.7273437608382665 0.631250032922253 0.17343750258442014 0.1843750027474016
0 0.8664062629104592 0.3822916866047308 0.14531250216532499 0.17343750258442014
0 0.7554687612573616 0.13854167389217764 0.1578125023515895 0.17031250253785402
0 0.9210937637253664 0.8614583782618865 0.1578125023515895 0.17031250253785402
0 0.9257812637952156 0.6458333670161664 0.14843750221189111 0.14687500218860805
0 0.1554687523166649 0.7854167076293379 0.14843750221189111 0.14687500218860805
0 0.546093758137431 0.13958334061317146 0.18281250272411853 0.1406250020954758
0 0.4437500066123903 0.8552083779359236 0.1843750027474016 0.15468750230502337
0 0.6921875103143975 0.9177083811955526 0.1843750027474016 0.12343750183936208
0 0.13046875194413587 0.07083333702757955 0.17656250263098627 0.10312500153668225
0 0.9187500136904418 0.08125000423751771 0.1625000024214387 0.11875000176951289
0 0.2882812542957254 0.81875004270114 0.14843750221189111 0.17187500256113708
1 0.47500000707805157 0.5979166978504509 0.2500000037252903 0.18125000270083547
1 0.5500000081956387 0.35416668513789773 0.05000000074505806 0.0437500006519258
1 0.6273437593481503 0.16979167552199215 0.051562500768341124 0.048437500721774995
0 0.6687500099651515 0.49791669263504446 0.14687500218860805 0.15000000223517418
0 0.31171875464497134 0.4156250216765329 0.17343750258442014 0.15468750230502337
0 0.2664062539697625 0.568750029662624 0.17343750258442014 0.1843750027474016
0 0.7273437608382665 0.631250032922253 0.17343750258442014 0.1843750027474016
0 0.8664062629104592 0.3822916866047308 0.14531250216532499 0.17343750258442014
0 0.7554687612573616 0.13854167389217764 0.1578125023515895 0.17031250253785402
0 0.9210937637253664 0.8614583782618865 0.1578125023515895 0.17031250253785402
0 0.9257812637952156 0.6458333670161664 0.14843750221189111 0.14687500218860805
0 0.1554687523166649 0.7854167076293379 0.14843750221189111 0.14687500218860805
0 0.546093758137431 0.13958334061317146 0.18281250272411853 0.1406250020954758
0 0.4437500066123903 0.8552083779359236 0.1843750027474016 0.15468750230502337
0 0.6921875103143975 0.9177083811955526 0.1843750027474016 0.12343750183936208
0 0.13046875194413587 0.07083333702757955 0.17656250263098627 0.10312500153668225
0 0.9187500136904418 0.08125000423751771 0.1625000024214387 0.11875000176951289
0 0.2882812542957254 0.81875004270114 0.14843750221189111 0.17187500256113708
1 0.47500000707805157 0.5979166978504509 0.2500000037252903 0.18125000270083547
1 0.5500000081956387 0.35416668513789773 0.05000000074505806 0.0437500006519258
1 0.6273437593481503 0.16979167552199215 0.051562500768341124 0.048437500721774995
0 0.6687500099651515 0.49791669263504446 0.14687500218860805 0.15000000223517418
0 0.31171875464497134 0.4156250216765329 0.17343750258442014 0.15468750230502337
0 0.2664062539697625 0.568750029662624 0.17343750258442014 0.1843750027474016
0 0.7273437608382665 0.631250032922253 0.17343750258442014 0.1843750027474016
0 0.8664062629104592 0.3822916866047308 0.14531250216532499 0.17343750258442014
0 0.7554687612573616 0.13854167389217764 0.1578125023515895 0.17031250253785402
0 0.9210937637253664 0.8614583782618865 0.1578125023515895 0.17031250253785402
0 0.9257812637952156 0.6458333670161664 0.14843750221189111 0.14687500218860805
0 0.1554687523166649 0.7854167076293379 0.14843750221189111 0.14687500218860805
0 0.546093758137431 0.13958334061317146 0.18281250272411853 0.1406250020954758
0 0.4437500066123903 0.8552083779359236 0.1843750027474016 0.15468750230502337
0 0.6921875103143975 0.9177083811955526 0.1843750027474016 0.12343750183936208
0 0.13046875194413587 0.07083333702757955 0.17656250263098627 0.10312500153668225
0 0.9187500136904418 0.08125000423751771 0.1625000024214387 0.11875000176951289
0 0.2882812542957254 0.81875004270114 0.14843750221189111 0.17187500256113708
1 0.47500000707805157 0.5979166978504509 0.2500000037252903 0.18125000270083547
1 0.5500000081956387 0.35416668513789773 0.05000000074505806 0.0437500006519258
1 0.6273437593481503 0.16979167552199215 0.051562500768341124 0.048437500721774995
0 0.6687500099651515 0.49791669263504446 0.14687500218860805 0.15000000223517418
0 0.31171875464497134 0.4156250216765329 0.17343750258442014 0.15468750230502337
0 0.2664062539697625 0.568750029662624 0.17343750258442014 0.1843750027474016
0 0.7273437608382665 0.631250032922253 0.17343750258442014 0.1843750027474016
0 0.8664062629104592 0.3822916866047308 0.14531250216532499 0.17343750258442014
0 0.7554687612573616 0.13854167389217764 0.1578125023515895 0.17031250253785402
0 0.9210937637253664 0.8614583782618865 0.1578125023515895 0.17031250253785402
0 0.9257812637952156 0.6458333670161664 0.14843750221189111 0.14687500218860805
0 0.1554687523166649 0.7854167076293379 0.14843750221189111 0.14687500218860805
0 0.546093758137431 0.13958334061317146 0.18281250272411853 0.1406250020954758
0 0.4437500066123903 0.8552083779359236 0.1843750027474016 0.15468750230502337
0 0.6921875103143975 0.9177083811955526 0.1843750027474016 0.12343750183936208
0 0.13046875194413587 0.07083333702757955 0.17656250263098627 0.10312500153668225
0 0.9187500136904418 0.08125000423751771 0.1625000024214387 0.11875000176951289
0 0.2882812542957254 0.81875004270114 0.14843750221189111 0.17187500256113708
1 0.47500000707805157 0.5979166978504509 0.2500000037252903 0.18125000270083547
1 0.5500000081956387 0.35416668513789773 0.05000000074505806 0.0437500006519258
1 0.6273437593481503 0.16979167552199215 0.051562500768341124 0.048437500721774995
0 0.6687500099651515 0.49791669263504446 0.14687500218860805 0.15000000223517418
0 0.31171875464497134 0.4156250216765329 0.17343750258442014 0.15468750230502337
0 0.2664062539697625 0.568750029662624 0.17343750258442014 0.1843750027474016
0 0.7273437608382665 0.631250032922253 0.17343750258442014 0.1843750027474016
0 0.8664062629104592 0.3822916866047308 0.14531250216532499 0.17343750258442014
0 0.7554687612573616 0.13854167389217764 0.1578125023515895 0.17031250253785402
0 0.9210937637253664 0.8614583782618865 0.1578125023515895 0.17031250253785402
0 0.9257812637952156 0.6458333670161664 0.14843750221189111 0.14687500218860805
0 0.1554687523166649 0.7854167076293379 0.14843750221189111 0.14687500218860805
0 0.546093758137431 0.13958334061317146 0.18281250272411853 0.1406250020954758
0 0.4437500066123903 0.8552083779359236 0.1843750027474016 0.15468750230502337
0 0.6921875103143975 0.9177083811955526 0.1843750027474016 0.12343750183936208
0 0.13046875194413587 0.07083333702757955 0.17656250263098627 0.10312500153668225
0 0.9187500136904418 0.08125000423751771 0.1625000024214387 0.11875000176951289
0 0.2882812542957254 0.81875004270114 0.14843750221189111 0.17187500256113708
1 0.47500000707805157 0.5979166978504509 0.2500000037252903 0.18125000270083547
1 0.5500000081956387 0.35416668513789773 0.05000000074505806 0.0437500006519258
1 0.6273437593481503 0.16979167552199215 0.051562500768341124 0.048437500721774995
0 0.6687500099651515 0.49791669263504446 0.14687500218860805 0.15000000223517418
0 0.31171875464497134 0.4156250216765329 0.17343750258442014 0.15468750230502337
0 0.2664062539697625 0.568750029662624 0.17343750258442014 0.1843750027474016
0 0.7273437608382665 0.631250032922253 0.17343750258442014 0.1843750027474016
0 0.8664062629104592 0.3822916866047308 0.14531250216532499 0.17343750258442014
0 0.7554687612573616 0.13854167389217764 0.1578125023515895 0.17031250253785402
0 0.9210937637253664 0.8614583782618865 0.1578125023515895 0.17031250253785402
0 0.9257812637952156 0.6458333670161664 0.14843750221189111 0.14687500218860805
0 0.1554687523166649 0.7854167076293379 0.14843750221189111 0.14687500218860805
0 0.546093758137431 0.13958334061317146 0.18281250272411853 0.1406250020954758
0 0.4437500066123903 0.8552083779359236 0.1843750027474016 0.15468750230502337
0 0.6921875103143975 0.9177083811955526 0.1843750027474016 0.12343750183936208
0 0.13046875194413587 0.07083333702757955 0.17656250263098627 0.10312500153668225
0 0.9187500136904418 0.08125000423751771 0.1625000024214387 0.11875000176951289
0 0.2882812542957254 0.81875004270114 0.14843750221189111 0.17187500256113708
1 0.47500000707805157 0.5979166978504509 0.2500000037252903 0.18125000270083547
2 0.5500000081956387 0.35416668513789773 0.05000000074505806 0.0437500006519258
2 0.6273437593481503 0.16979167552199215 0.051562500768341124 0.048437500721774995
0 0.6687500099651515 0.49791669263504446 0.14687500218860805 0.15000000223517418
0 0.31171875464497134 0.4156250216765329 0.17343750258442014 0.15468750230502337
0 0.2664062539697625 0.568750029662624 0.17343750258442014 0.1843750027474016
0 0.7273437608382665 0.631250032922253 0.17343750258442014 0.1843750027474016
0 0.8664062629104592 0.3822916866047308 0.14531250216532499 0.17343750258442014
0 0.7554687612573616 0.13854167389217764 0.1578125023515895 0.17031250253785402
0 0.9210937637253664 0.8614583782618865 0.1578125023515895 0.17031250253785402
0 0.9257812637952156 0.6458333670161664 0.14843750221189111 0.14687500218860805
0 0.1554687523166649 0.7854167076293379 0.14843750221189111 0.14687500218860805
0 0.546093758137431 0.13958334061317146 0.18281250272411853 0.1406250020954758
0 0.4437500066123903 0.8552083779359236 0.1843750027474016 0.15468750230502337
0 0.6921875103143975 0.9177083811955526 0.1843750027474016 0.12343750183936208
0 0.13046875194413587 0.07083333702757955 0.17656250263098627 0.10312500153668225
0 0.9187500136904418 0.08125000423751771 0.1625000024214387 0.11875000176951289
0 0.2882812542957254 0.81875004270114 0.14843750221189111 0.17187500256113708
1 0.47500000707805157 0.5979166978504509 0.2500000037252903 0.18125000270083547
2 0.5500000081956387 0.35416668513789773 0.05000000074505806 0.0437500006519258
2 0.6273437593481503 0.16979167552199215 0.051562500768341124 0.048437500721774995
0 0.668749988079071 0.49791669845581055 0.14687500894069672 0.15000000596046448
0 0.31171876192092896 0.41562503576278687 0.17343750596046448 0.15468750894069672
0 0.26640626788139343 0.5687500238418579 0.17343750596046448 0.18437500298023224
0 0.727343738079071 0.6312500238418579 0.17343750596046448 0.18437500298023224
0 0.866406261920929 0.38229167461395264 0.14531250298023224 0.17343750596046448
0 0.7554687857627869 0.13854166865348816 0.15781250596046448 0.17031250894069672
0 0.921093761920929 0.8614583611488342 0.15781250596046448 0.17031250894069672
0 0.92578125 0.6458333730697632 0.1484375 0.14687500894069672
0 0.15546874701976776 0.7854167222976685 0.1484375 0.14687500894069672
0 0.546093761920929 0.13958333432674408 0.18281249701976776 0.140625
0 0.4437499940395355 0.8552083969116211 0.18437500298023224 0.15468750894069672
0 0.692187488079071 0.9177083969116211 0.18437500298023224 0.12343750149011612
0 0.13046875596046448 0.07083334028720856 0.17656250298023224 0.10312499850988388
0 0.918749988079071 0.08125000447034836 0.16250000894069672 0.11874999850988388
0 0.28828126192092896 0.8187500238418579 0.1484375 0.171875
1 0.4749999940395355 0.5979167222976685 0.25 0.18125000596046448
2 0.550000011920929 0.3541666865348816 0.05000000074505806 0.04374999925494194
2 0.6273437738418579 0.16979166865348816 0.05156249925494194 0.04843750223517418
0 0.668749988079071 0.49791669845581055 0.14687500894069672 0.15000000596046448
0 0.31171876192092896 0.41562503576278687 0.17343750596046448 0.15468750894069672
0 0.26640626788139343 0.5687500238418579 0.17343750596046448 0.18437500298023224
0 0.727343738079071 0.6312500238418579 0.17343750596046448 0.18437500298023224
0 0.866406261920929 0.38229167461395264 0.14531250298023224 0.17343750596046448
0 0.7554687857627869 0.13854166865348816 0.15781250596046448 0.17031250894069672
0 0.921093761920929 0.8614583611488342 0.15781250596046448 0.17031250894069672
0 0.92578125 0.6458333730697632 0.1484375 0.14687500894069672
0 0.15546874701976776 0.7854167222976685 0.1484375 0.14687500894069672
0 0.546093761920929 0.13958333432674408 0.18281249701976776 0.140625
0 0.4437499940395355 0.8552083969116211 0.18437500298023224 0.15468750894069672
0 0.692187488079071 0.9177083969116211 0.18437500298023224 0.12343750149011612
0 0.13046875596046448 0.07083334028720856 0.17656250298023224 0.10312499850988388
0 0.918749988079071 0.08125000447034836 0.16250000894069672 0.11874999850988388
0 0.28828126192092896 0.8187500238418579 0.1484375 0.171875
1 0.4749999940395355 0.5979167222976685 0.25 0.18125000596046448
2 0.550000011920929 0.3541666865348816 0.05000000074505806 0.04374999925494194
2 0.6273437738418579 0.16979166865348816 0.05156249925494194 0.04843750223517418
0 0.668749988079071 0.49791669845581055 0.14687500894069672 0.15000000596046448
0 0.31171876192092896 0.41562503576278687 0.17343750596046448 0.15468750894069672
0 0.26640626788139343 0.5687500238418579 0.17343750596046448 0.18437500298023224
0 0.727343738079071 0.6312500238418579 0.17343750596046448 0.18437500298023224
0 0.866406261920929 0.38229167461395264 0.14531250298023224 0.17343750596046448
0 0.7554687857627869 0.13854166865348816 0.15781250596046448 0.17031250894069672
0 0.921093761920929 0.8614583611488342 0.15781250596046448 0.17031250894069672
0 0.92578125 0.6458333730697632 0.1484375 0.14687500894069672
0 0.15546874701976776 0.7854167222976685 0.1484375 0.14687500894069672
0 0.546093761920929 0.13958333432674408 0.18281249701976776 0.140625
0 0.4437499940395355 0.8552083969116211 0.18437500298023224 0.15468750894069672
0 0.692187488079071 0.9177083969116211 0.18437500298023224 0.12343750149011612
0 0.13046875596046448 0.07083334028720856 0.17656250298023224 0.10312499850988388
0 0.918749988079071 0.08125000447034836 0.16250000894069672 0.11874999850988388
0 0.28828126192092896 0.8187500238418579 0.1484375 0.171875
1 0.4749999940395355 0.5979167222976685 0.25 0.18125000596046448
2 0.550000011920929 0.3541666865348816 0.05000000074505806 0.04374999925494194
2 0.6273437738418579 0.16979166865348816 0.05156249925494194 0.04843750223517418
0 0.668749988079071 0.49791669845581055 0.14687500894069672 0.15000000596046448
0 0.31171876192092896 0.41562503576278687 0.17343750596046448 0.15468750894069672
0 0.26640626788139343 0.5687500238418579 0.17343750596046448 0.18437500298023224
0 0.727343738079071 0.6312500238418579 0.17343750596046448 0.18437500298023224
0 0.866406261920929 0.38229167461395264 0.14531250298023224 0.17343750596046448
0 0.7554687857627869 0.13854166865348816 0.15781250596046448 0.17031250894069672
0 0.921093761920929 0.8614583611488342 0.15781250596046448 0.17031250894069672
0 0.92578125 0.6458333730697632 0.1484375 0.14687500894069672
0 0.15546874701976776 0.7854167222976685 0.1484375 0.14687500894069672
0 0.546093761920929 0.13958333432674408 0.18281249701976776 0.140625
0 0.4437499940395355 0.8552083969116211 0.18437500298023224 0.15468750894069672
0 0.692187488079071 0.9177083969116211 0.18437500298023224 0.12343750149011612
0 0.13046875596046448 0.07083334028720856 0.17656250298023224 0.10312499850988388
0 0.918749988079071 0.08125000447034836 0.16250000894069672 0.11874999850988388
0 0.28828126192092896 0.8187500238418579 0.1484375 0.171875
1 0.4749999940395355 0.5979167222976685 0.25 0.18125000596046448
2 0.550000011920929 0.3541666865348816 0.05000000074505806 0.04374999925494194
2 0.6273437738418579 0.16979166865348816 0.05156249925494194 0.04843750223517418
0 0.668749988079071 0.49791669845581055 0.14687500894069672 0.15000000596046448
0 0.31171876192092896 0.41562503576278687 0.17343750596046448 0.15468750894069672
0 0.26640626788139343 0.5687500238418579 0.17343750596046448 0.18437500298023224
0 0.727343738079071 0.6312500238418579 0.17343750596046448 0.18437500298023224
0 0.866406261920929 0.38229167461395264 0.14531250298023224 0.17343750596046448
0 0.7554687857627869 0.13854166865348816 0.15781250596046448 0.17031250894069672
0 0.921093761920929 0.8614583611488342 0.15781250596046448 0.17031250894069672
0 0.92578125 0.6458333730697632 0.1484375 0.14687500894069672
0 0.15546874701976776 0.7854167222976685 0.1484375 0.14687500894069672
0 0.546093761920929 0.13958333432674408 0.18281249701976776 0.140625
0 0.4437499940395355 0.8552083969116211 0.18437500298023224 0.15468750894069672
0 0.692187488079071 0.9177083969116211 0.18437500298023224 0.12343750149011612
0 0.13046875596046448 0.07083334028720856 0.17656250298023224 0.10312499850988388
0 0.918749988079071 0.08125000447034836 0.16250000894069672 0.11874999850988388
0 0.28828126192092896 0.8187500238418579 0.1484375 0.171875
1 0.4749999940395355 0.5979167222976685 0.25 0.18125000596046448
2 0.550000011920929 0.3541666865348816 0.05000000074505806 0.04374999925494194
2 0.6273437738418579 0.16979166865348816 0.05156249925494194 0.04843750223517418
0 0.668749988079071 0.49791669845581055 0.14687500894069672 0.15000000596046448
0 0.31171876192092896 0.41562503576278687 0.17343750596046448 0.15468750894069672
0 0.26640626788139343 0.5687500238418579 0.17343750596046448 0.18437500298023224
0 0.727343738079071 0.6312500238418579 0.17343750596046448 0.18437500298023224
0 0.866406261920929 0.38229167461395264 0.14531250298023224 0.17343750596046448
0 0.7554687857627869 0.13854166865348816 0.15781250596046448 0.17031250894069672
0 0.921093761920929 0.8614583611488342 0.15781250596046448 0.17031250894069672
0 0.92578125 0.6458333730697632 0.1484375 0.14687500894069672
0 0.15546874701976776 0.7854167222976685 0.1484375 0.14687500894069672
0 0.546093761920929 0.13958333432674408 0.18281249701976776 0.140625
0 0.4437499940395355 0.8552083969116211 0.18437500298023224 0.15468750894069672
0 0.692187488079071 0.9177083969116211 0.18437500298023224 0.12343750149011612
0 0.13046875596046448 0.07083334028720856 0.17656250298023224 0.10312499850988388
0 0.918749988079071 0.08125000447034836 0.16250000894069672 0.11874999850988388
0 0.28828126192092896 0.8187500238418579 0.1484375 0.171875
1 0.4749999940395355 0.5979167222976685 0.25 0.18125000596046448
2 0.550000011920929 0.3541666865348816 0.05000000074505806 0.04374999925494194
2 0.6273437738418579 0.16979166865348816 0.05156249925494194 0.04843750223517418
0 0.668749988079071 0.49791669845581055 0.14687500894069672 0.15000000596046448
0 0.31171876192092896 0.41562503576278687 0.17343750596046448 0.15468750894069672
0 0.26640626788139343 0.5687500238418579 0.17343750596046448 0.18437500298023224
0 0.727343738079071 0.6312500238418579 0.17343750596046448 0.18437500298023224
0 0.866406261920929 0.38229167461395264 0.14531250298023224 0.17343750596046448
0 0.7554687857627869 0.13854166865348816 0.15781250596046448 0.17031250894069672
0 0.921093761920929 0.8614583611488342 0.15781250596046448 0.17031250894069672
0 0.92578125 0.6458333730697632 0.1484375 0.14687500894069672
0 0.15546874701976776 0.7854167222976685 0.1484375 0.14687500894069672
0 0.546093761920929 0.13958333432674408 0.18281249701976776 0.140625
0 0.4437499940395355 0.8552083969116211 0.18437500298023224 0.15468750894069672
0 0.692187488079071 0.9177083969116211 0.18437500298023224 0.12343750149011612
0 0.13046875596046448 0.07083334028720856 0.17656250298023224 0.10312499850988388
0 0.918749988079071 0.08125000447034836 0.16250000894069672 0.11874999850988388
0 0.28828126192092896 0.8187500238418579 0.1484375 0.171875
1 0.4749999940395355 0.5979167222976685 0.25 0.18125000596046448
2 0.550000011920929 0.3541666865348816 0.05000000074505806 0.04374999925494194
2 0.6273437738418579 0.16979166865348816 0.05156249925494194 0.04843750223517418
