0 0.10234375152504072 0.5937500309664756 0.15156250225845724 0.15625000232830644
0 0.40390625601867214 0.670833368320018 0.15156250225845724 0.15625000232830644
0 0.6015625089639798 0.38750002020969987 0.18750000279396772 0.1625000024214387
0 0.5078125075669959 0.22395834501367062 0.17187500256113708 0.1578125023515895
0 0.34609375515719876 0.09062500472646207 0.19218750286381692 0.13281250197906047
0 0.3812500056810677 0.42291668872348964 0.16875000251457095 0.15625000232830644
0 0.753125011222437 0.8947917133336887 0.16875000251457095 0.1578125023515895
0 0.8296875123633072 0.5135416934499517 0.16875000251457095 0.1578125023515895
0 0.8296875123633072 0.11875000619329512 0.13750000204890966 0.12812500190921128
0 0.8890625132480636 0.3395833510439843 0.13750000204890966 0.12812500190921128
0 0.09062500135041773 0.7916667079553008 0.17812500265426934 0.1843750027474016
0 0.2625000039115548 0.7437500387895852 0.17812500265426934 0.1531250022817403
1 0.642968759580981 0.6718750350410119 0.22031250328291208 0.19531250291038305
1 0.5085937575786375 0.744791705510579 0.06093750090803951 0.048437500721774995
1 0.7125000106170774 0.4500000234693289 0.05625000083819032 0.05625000083819032
0 0.10234375152504072 0.5937500309664756 0.15156250225845724 0.15625000232830644
0 0.40390625601867214 0.670833368320018 0.15156250225845724 0.15625000232830644
0 0.6015625089639798 0.38750002020969987 0.18750000279396772 0.1625000024214387
0 0.5078125075669959 0.22395834501367062 0.17187500256113708 0.1578125023515895
0 0.34609375515719876 0.09062500472646207 0.19218750286381692 0.13281250197906047
0 0.3812500056810677 0.42291668872348964 0.16875000251457095 0.15625000232830644
0 0.753125011222437 0.8947917133336887 0.16875000251457095 0.1578125023515895
0 0.8296875123633072 0.5135416934499517 0.16875000251457095 0.1578125023515895
0 0.8296875123633072 0.11875000619329512 0.13750000204890966 0.12812500190921128
0 0.8890625132480636 0.3395833510439843 0.13750000204890966 0.12812500190921128
0 0.09062500135041773 0.7916667079553008 0.17812500265426934 0.1843750027474016
0 0.2625000039115548 0.7437500387895852 0.17812500265426934 0.1531250022817403
1 0.642968759580981 0.6718750350410119 0.22031250328291208 0.19531250291038305
1 0.5085937575786375 0.744791705510579 0.06093750090803951 0.048437500721774995
1 0.7125000106170774 0.4500000234693289 0.05625000083819032 0.05625000083819032
0 0.10234375152504072 0.5937500309664756 0.15156250225845724 0.15625000232830644
0 0.40390625601867214 0.670833368320018 0.15156250225845724 0.15625000232830644
0 0.6015625089639798 0.38750002020969987 0.18750000279396772 0.1625000024214387
0 0.5078125075669959 0.22395834501367062 0.17187500256113708 0.1578125023515895
0 0.34609375515719876 0.09062500472646207 0.19218750286381692 0.13281250197906047
0 0.3812500056810677 0.42291668872348964 0.16875000251457095 0.15625000232830644
0 0.753125011222437 0.8947917133336887 0.16875000251457095 0.1578125023515895
0 0.8296875123633072 0.5135416934499517 0.16875000251457095 0.1578125023515895
0 0.8296875123633072 0.11875000619329512 0.13750000204890966 0.12812500190921128
0 0.8890625132480636 0.3395833510439843 0.13750000204890966 0.12812500190921128
0 0.09062500135041773 0.7916667079553008 0.17812500265426934 0.1843750027474016
0 0.2625000039115548 0.7437500387895852 0.17812500265426934 0.1531250022817403
1 0.642968759580981 0.6718750350410119 0.22031250328291208 0.19531250291038305
1 0.5085937575786375 0.744791705510579 0.06093750090803951 0.048437500721774995
1 0.7125000106170774 0.4500000234693289 0.05625000083819032 0.05625000083819032
0 0.10234375152504072 0.5937500309664756 0.15156250225845724 0.15625000232830644
0 0.40390625601867214 0.670833368320018 0.15156250225845724 0.15625000232830644
0 0.6015625089639798 0.38750002020969987 0.18750000279396772 0.1625000024214387
0 0.5078125075669959 0.22395834501367062 0.17187500256113708 0.1578125023515895
0 0.34609375515719876 0.09062500472646207 0.19218750286381692 0.13281250197906047
0 0.3812500056810677 0.42291668872348964 0.16875000251457095 0.15625000232830644
0 0.753125011222437 0.8947917133336887 0.16875000251457095 0.1578125023515895
0 0.8296875123633072 0.5135416934499517 0.16875000251457095 0.1578125023515895
0 0.8296875123633072 0.11875000619329512 0.13750000204890966 0.12812500190921128
0 0.8890625132480636 0.3395833510439843 0.13750000204890966 0.12812500190921128
0 0.09062500135041773 0.7916667079553008 0.17812500265426934 0.1843750027474016
0 0.2625000039115548 0.7437500387895852 0.17812500265426934 0.1531250022817403
1 0.642968759580981 0.6718750350410119 0.22031250328291208 0.19531250291038305
1 0.5085937575786375 0.744791705510579 0.06093750090803951 0.048437500721774995
1 0.7125000106170774 0.4500000234693289 0.05625000083819032 0.05625000083819032
0 0.10234375152504072 0.5937500309664756 0.15156250225845724 0.15625000232830644
0 0.40390625601867214 0.670833368320018 0.15156250225845724 0.15625000232830644
0 0.6015625089639798 0.38750002020969987 0.18750000279396772 0.1625000024214387
0 0.5078125075669959 0.22395834501367062 0.17187500256113708 0.1578125023515895
0 0.34609375515719876 0.09062500472646207 0.19218750286381692 0.13281250197906047
0 0.3812500056810677 0.42291668872348964 0.16875000251457095 0.15625000232830644
0 0.753125011222437 0.8947917133336887 0.16875000251457095 0.1578125023515895
0 0.8296875123633072 0.5135416934499517 0.16875000251457095 0.1578125023515895
0 0.8296875123633072 0.11875000619329512 0.13750000204890966 0.12812500190921128
0 0.8890625132480636 0.3395833510439843 0.13750000204890966 0.12812500190921128
0 0.09062500135041773 0.7916667079553008 0.17812500265426934 0.1843750027474016
0 0.2625000039115548 0.7437500387895852 0.17812500265426934 0.1531250022817403
1 0.642968759580981 0.6718750350410119 0.22031250328291208 0.19531250291038305
1 0.5085937575786375 0.744791705510579 0.06093750090803951 0.048437500721774995
1 0.7125000106170774 0.4500000234693289 0.05625000083819032 0.05625000083819032
0 0.10234375152504072 0.5937500309664756 0.15156250225845724 0.15625000232830644
0 0.40390625601867214 0.670833368320018 0.15156250225845724 0.15625000232830644
0 0.6015625089639798 0.38750002020969987 0.18750000279396772 0.1625000024214387
0 0.5078125075669959 0.22395834501367062 0.17187500256113708 0.1578125023515895
0 0.34609375515719876 0.09062500472646207 0.19218750286381692 0.13281250197906047
0 0.3812500056810677 0.42291668872348964 0.16875000251457095 0.15625000232830644
0 0.753125011222437 0.8947917133336887 0.16875000251457095 0.1578125023515895
0 0.8296875123633072 0.5135416934499517 0.16875000251457095 0.1578125023515895
0 0.8296875123633072 0.11875000619329512 0.13750000204890966 0.12812500190921128
0 0.8890625132480636 0.3395833510439843 0.13750000204890966 0.12812500190921128
0 0.09062500135041773 0.7916667079553008 0.17812500265426934 0.1843750027474016
0 0.2625000039115548 0.7437500387895852 0.17812500265426934 0.1531250022817403
1 0.642968759580981 0.6718750350410119 0.22031250328291208 0.19531250291038305
1 0.5085937575786375 0.744791705510579 0.06093750090803951 0.048437500721774995
1 0.7125000106170774 0.4500000234693289 0.05625000083819032 0.05625000083819032
0 0.10234375152504072 0.5937500309664756 0.15156250225845724 0.15625000232830644
0 0.40390625601867214 0.670833368320018 0.15156250225845724 0.15625000232830644
0 0.6015625089639798 0.38750002020969987 0.18750000279396772 0.1625000024214387
0 0.5078125075669959 0.22395834501367062 0.17187500256113708 0.1578125023515895
0 0.34609375515719876 0.09062500472646207 0.19218750286381692 0.13281250197906047
0 0.3812500056810677 0.42291668872348964 0.16875000251457095 0.15625000232830644
0 0.753125011222437 0.8947917133336887 0.16875000251457095 0.1578125023515895
0 0.8296875123633072 0.5135416934499517 0.16875000251457095 0.1578125023515895
0 0.8296875123633072 0.11875000619329512 0.13750000204890966 0.12812500190921128
0 0.8890625132480636 0.3395833510439843 0.13750000204890966 0.12812500190921128
0 0.09062500135041773 0.7916667079553008 0.17812500265426934 0.1843750027474016
0 0.2625000039115548 0.7437500387895852 0.17812500265426934 0.1531250022817403
1 0.642968759580981 0.6718750350410119 0.22031250328291208 0.19531250291038305
1 0.5085937575786375 0.744791705510579 0.06093750090803951 0.048437500721774995
1 0.7125000106170774 0.4500000234693289 0.05625000083819032 0.05625000083819032
0 0.10234375152504072 0.5937500309664756 0.15156250225845724 0.15625000232830644
0 0.40390625601867214 0.670833368320018 0.15156250225845724 0.15625000232830644
0 0.6015625089639798 0.38750002020969987 0.18750000279396772 0.1625000024214387
0 0.5078125075669959 0.22395834501367062 0.17187500256113708 0.1578125023515895
0 0.34609375515719876 0.09062500472646207 0.19218750286381692 0.13281250197906047
0 0.3812500056810677 0.42291668872348964 0.16875000251457095 0.15625000232830644
0 0.753125011222437 0.8947917133336887 0.16875000251457095 0.1578125023515895
0 0.8296875123633072 0.5135416934499517 0.16875000251457095 0.1578125023515895
0 0.8296875123633072 0.11875000619329512 0.13750000204890966 0.12812500190921128
0 0.8890625132480636 0.3395833510439843 0.13750000204890966 0.12812500190921128
0 0.09062500135041773 0.7916667079553008 0.17812500265426934 0.1843750027474016
0 0.2625000039115548 0.7437500387895852 0.17812500265426934 0.1531250022817403
1 0.642968759580981 0.6718750350410119 0.22031250328291208 0.19531250291038305
1 0.5085937575786375 0.744791705510579 0.06093750090803951 0.048437500721774995
1 0.7125000106170774 0.4500000234693289 0.05625000083819032 0.05625000083819032
0 0.10234375152504072 0.5937500309664756 0.15156250225845724 0.15625000232830644
0 0.40390625601867214 0.670833368320018 0.15156250225845724 0.15625000232830644
0 0.6015625089639798 0.38750002020969987 0.18750000279396772 0.1625000024214387
0 0.5078125075669959 0.22395834501367062 0.17187500256113708 0.1578125023515895
0 0.34609375515719876 0.09062500472646207 0.19218750286381692 0.13281250197906047
0 0.3812500056810677 0.42291668872348964 0.16875000251457095 0.15625000232830644
0 0.753125011222437 0.8947917133336887 0.16875000251457095 0.1578125023515895
0 0.8296875123633072 0.5135416934499517 0.16875000251457095 0.1578125023515895
0 0.8296875123633072 0.11875000619329512 0.13750000204890966 0.12812500190921128
0 0.8890625132480636 0.3395833510439843 0.13750000204890966 0.12812500190921128
0 0.09062500135041773 0.7916667079553008 0.17812500265426934 0.1843750027474016
0 0.2625000039115548 0.7437500387895852 0.17812500265426934 0.1531250022817403
1 0.642968759580981 0.6718750350410119 0.22031250328291208 0.19531250291038305
1 0.5085937575786375 0.744791705510579 0.06093750090803951 0.048437500721774995
1 0.7125000106170774 0.4500000234693289 0.05625000083819032 0.05625000083819032
0 0.10234375152504072 0.5937500309664756 0.15156250225845724 0.15625000232830644
0 0.40390625601867214 0.670833368320018 0.15156250225845724 0.15625000232830644
0 0.6015625089639798 0.38750002020969987 0.18750000279396772 0.1625000024214387
0 0.5078125075669959 0.22395834501367062 0.17187500256113708 0.1578125023515895
0 0.34609375515719876 0.09062500472646207 0.19218750286381692 0.13281250197906047
0 0.3812500056810677 0.42291668872348964 0.16875000251457095 0.15625000232830644
0 0.753125011222437 0.8947917133336887 0.16875000251457095 0.1578125023515895
0 0.8296875123633072 0.5135416934499517 0.16875000251457095 0.1578125023515895
0 0.8296875123633072 0.11875000619329512 0.13750000204890966 0.12812500190921128
0 0.8890625132480636 0.3395833510439843 0.13750000204890966 0.12812500190921128
0 0.09062500135041773 0.7916667079553008 0.17812500265426934 0.1843750027474016
0 0.2625000039115548 0.7437500387895852 0.17812500265426934 0.1531250022817403
1 0.642968759580981 0.6718750350410119 0.22031250328291208 0.19531250291038305
1 0.5085937575786375 0.744791705510579 0.06093750090803951 0.048437500721774995
1 0.7125000106170774 0.4500000234693289 0.05625000083819032 0.05625000083819032
0 0.10234375152504072 0.5937500309664756 0.15156250225845724 0.15625000232830644
0 0.40390625601867214 0.670833368320018 0.15156250225845724 0.15625000232830644
0 0.6015625089639798 0.38750002020969987 0.18750000279396772 0.1625000024214387
0 0.5078125075669959 0.22395834501367062 0.17187500256113708 0.1578125023515895
0 0.34609375515719876 0.09062500472646207 0.19218750286381692 0.13281250197906047
0 0.3812500056810677 0.42291668872348964 0.16875000251457095 0.15625000232830644
0 0.753125011222437 0.8947917133336887 0.16875000251457095 0.1578125023515895
0 0.8296875123633072 0.5135416934499517 0.16875000251457095 0.1578125023515895
0 0.8296875123633072 0.11875000619329512 0.13750000204890966 0.12812500190921128
0 0.8890625132480636 0.3395833510439843 0.13750000204890966 0.12812500190921128
0 0.09062500135041773 0.7916667079553008 0.17812500265426934 0.1843750027474016
0 0.2625000039115548 0.7437500387895852 0.17812500265426934 0.1531250022817403
1 0.642968759580981 0.6718750350410119 0.22031250328291208 0.19531250291038305
1 0.5085937575786375 0.744791705510579 0.06093750090803951 0.048437500721774995
1 0.7125000106170774 0.4500000234693289 0.05625000083819032 0.05625000083819032
0 0.10234375152504072 0.5937500309664756 0.15156250225845724 0.15625000232830644
0 0.40390625601867214 0.670833368320018 0.15156250225845724 0.15625000232830644
0 0.6015625089639798 0.38750002020969987 0.18750000279396772 0.1625000024214387
0 0.5078125075669959 0.22395834501367062 0.17187500256113708 0.1578125023515895
0 0.34609375515719876 0.09062500472646207 0.19218750286381692 0.13281250197906047
0 0.3812500056810677 0.42291668872348964 0.16875000251457095 0.15625000232830644
0 0.753125011222437 0.8947917133336887 0.16875000251457095 0.1578125023515895
0 0.8296875123633072 0.5135416934499517 0.16875000251457095 0.1578125023515895
0 0.8296875123633072 0.11875000619329512 0.13750000204890966 0.12812500190921128
0 0.8890625132480636 0.3395833510439843 0.13750000204890966 0.12812500190921128
0 0.09062500135041773 0.7916667079553008 0.17812500265426934 0.1843750027474016
0 0.2625000039115548 0.7437500387895852 0.17812500265426934 0.1531250022817403
1 0.642968759580981 0.6718750350410119 0.22031250328291208 0.19531250291038305
1 0.5085937575786375 0.744791705510579 0.06093750090803951 0.048437500721774995
1 0.7125000106170774 0.4500000234693289 0.05625000083819032 0.05625000083819032
0 0.10234375152504072 0.5937500309664756 0.15156250225845724 0.15625000232830644
0 0.40390625601867214 0.670833368320018 0.15156250225845724 0.15625000232830644
0 0.6015625089639798 0.38750002020969987 0.18750000279396772 0.1625000024214387
0 0.5078125075669959 0.22395834501367062 0.17187500256113708 0.1578125023515895
0 0.34609375515719876 0.09062500472646207 0.19218750286381692 0.13281250197906047
0 0.3812500056810677 0.42291668872348964 0.16875000251457095 0.15625000232830644
0 0.753125011222437 0.8947917133336887 0.16875000251457095 0.1578125023515895
0 0.8296875123633072 0.5135416934499517 0.16875000251457095 0.1578125023515895
0 0.8296875123633072 0.11875000619329512 0.13750000204890966 0.12812500190921128
0 0.8890625132480636 0.3395833510439843 0.13750000204890966 0.12812500190921128
0 0.09062500135041773 0.7916667079553008 0.17812500265426934 0.1843750027474016
0 0.2625000039115548 0.7437500387895852 0.17812500265426934 0.1531250022817403
1 0.642968759580981 0.6718750350410119 0.22031250328291208 0.19531250291038305
1 0.5085937575786375 0.744791705510579 0.06093750090803951 0.048437500721774995
1 0.7125000106170774 0.4500000234693289 0.05625000083819032 0.05625000083819032
0 0.10234375152504072 0.5937500309664756 0.15156250225845724 0.15625000232830644
0 0.40390625601867214 0.670833368320018 0.15156250225845724 0.15625000232830644
0 0.6015625089639798 0.38750002020969987 0.18750000279396772 0.1625000024214387
0 0.5078125075669959 0.22395834501367062 0.17187500256113708 0.1578125023515895
0 0.34609375515719876 0.09062500472646207 0.19218750286381692 0.13281250197906047
0 0.3812500056810677 0.42291668872348964 0.16875000251457095 0.15625000232830644
0 0.753125011222437 0.8947917133336887 0.16875000251457095 0.1578125023515895
0 0.8296875123633072 0.5135416934499517 0.16875000251457095 0.1578125023515895
0 0.8296875123633072 0.11875000619329512 0.13750000204890966 0.12812500190921128
0 0.8890625132480636 0.3395833510439843 0.13750000204890966 0.12812500190921128
0 0.09062500135041773 0.7916667079553008 0.17812500265426934 0.1843750027474016
0 0.2625000039115548 0.7437500387895852 0.17812500265426934 0.1531250022817403
1 0.642968759580981 0.6718750350410119 0.22031250328291208 0.19531250291038305
2 0.5085937575786375 0.744791705510579 0.06093750090803951 0.048437500721774995
2 0.7125000106170774 0.4500000234693289 0.05625000083819032 0.05625000083819032
0 0.10234375152504072 0.5937500309664756 0.15156250225845724 0.15625000232830644
0 0.40390625601867214 0.670833368320018 0.15156250225845724 0.15625000232830644
0 0.6015625089639798 0.38750002020969987 0.18750000279396772 0.1625000024214387
0 0.5078125075669959 0.22395834501367062 0.17187500256113708 0.1578125023515895
0 0.34609375515719876 0.09062500472646207 0.19218750286381692 0.13281250197906047
0 0.3812500056810677 0.42291668872348964 0.16875000251457095 0.15625000232830644
0 0.753125011222437 0.8947917133336887 0.16875000251457095 0.1578125023515895
0 0.8296875123633072 0.5135416934499517 0.16875000251457095 0.1578125023515895
0 0.8296875123633072 0.11875000619329512 0.13750000204890966 0.12812500190921128
0 0.8890625132480636 0.3395833510439843 0.13750000204890966 0.12812500190921128
0 0.09062500135041773 0.7916667079553008 0.17812500265426934 0.1843750027474016
0 0.2625000039115548 0.7437500387895852 0.17812500265426934 0.1531250022817403
1 0.642968759580981 0.6718750350410119 0.22031250328291208 0.19531250291038305
2 0.5085937575786375 0.744791705510579 0.06093750090803951 0.048437500721774995
2 0.7125000106170774 0.4500000234693289 0.05625000083819032 0.05625000083819032
0 0.10234375298023224 0.5937500596046448 0.15156249701976776 0.15625
0 0.4039062559604645 0.6708333492279053 0.15156249701976776 0.15625
0 0.6015625 0.38750001788139343 0.1875 0.16250000894069672
0 0.5078125 0.2239583432674408 0.171875 0.15781250596046448
0 0.3460937440395355 0.09062500298023224 0.19218750298023224 0.1328125
0 0.3812499940395355 0.4229166805744171 0.16875000298023224 0.15625
0 0.753125011920929 0.8947917222976685 0.16875000298023224 0.15781250596046448
0 0.8296875357627869 0.5135416984558105 0.16875000298023224 0.15781250596046448
0 0.8296875357627869 0.11875000596046448 0.13750000298023224 0.12812499701976776
0 0.8890625238418579 0.3395833373069763 0.13750000298023224 0.12812499701976776
0 0.09062500298023224 0.7916666865348816 0.17812500894069672 0.18437500298023224
0 0.26250001788139343 0.7437500357627869 0.17812500894069672 0.15312500298023224
1 0.6429687738418579 0.6718750596046448 0.22031250596046448 0.1953125
2 0.508593738079071 0.7447916865348816 0.06093750149011612 0.04843750223517418
2 0.7125000357627869 0.45000001788139343 0.05625000223517418 0.05625000223517418
0 0.10234375298023224 0.5937500596046448 0.15156249701976776 0.15625
0 0.4039062559604645 0.6708333492279053 0.15156249701976776 0.15625
0 0.6015625 0.38750001788139343 0.1875 0.16250000894069672
0 0.5078125 0.2239583432674408 0.171875 0.15781250596046448
0 0.3460937440395355 0.09062500298023224 0.19218750298023224 0.1328125
0 0.3812499940395355 0.4229166805744171 0.16875000298023224 0.15625
0 0.753125011920929 0.8947917222976685 0.16875000298023224 0.15781250596046448
0 0.8296875357627869 0.5135416984558105 0.16875000298023224 0.15781250596046448
0 0.8296875357627869 0.11875000596046448 0.13750000298023224 0.12812499701976776
0 0.8890625238418579 0.3395833373069763 0.13750000298023224 0.12812499701976776
0 0.09062500298023224 0.7916666865348816 0.17812500894069672 0.18437500298023224
0 0.26250001788139343 0.7437500357627869 0.17812500894069672 0.15312500298023224
1 0.6429687738418579 0.6718750596046448 0.22031250596046448 0.1953125
2 0.508593738079071 0.7447916865348816 0.06093750149011612 0.04843750223517418
2 0.7125000357627869 0.45000001788139343 0.05625000223517418 0.05625000223517418
0 0.10234375298023224 0.5937500596046448 0.15156249701976776 0.15625
0 0.4039062559604645 0.6708333492279053 0.15156249701976776 0.15625
0 0.6015625 0.38750001788139343 0.1875 0.16250000894069672
0 0.5078125 0.2239583432674408 0.171875 0.15781250596046448
0 0.3460937440395355 0.09062500298023224 0.19218750298023224 0.1328125
0 0.3812499940395355 0.4229166805744171 0.16875000298023224 0.15625
0 0.753125011920929 0.8947917222976685 0.16875000298023224 0.15781250596046448
0 0.8296875357627869 0.5135416984558105 0.16875000298023224 0.15781250596046448
0 0.8296875357627869 0.11875000596046448 0.13750000298023224 0.12812499701976776
0 0.8890625238418579 0.3395833373069763 0.13750000298023224 0.12812499701976776
0 0.09062500298023224 0.7916666865348816 0.17812500894069672 0.18437500298023224
0 0.26250001788139343 0.7437500357627869 0.17812500894069672 0.15312500298023224
1 0.6429687738418579 0.6718750596046448 0.22031250596046448 0.1953125
2 0.508593738079071 0.7447916865348816 0.06093750149011612 0.04843750223517418
2 0.7125000357627869 0.45000001788139343 0.05625000223517418 0.05625000223517418
0 0.10234375298023224 0.5937500596046448 0.15156249701976776 0.15625
0 0.4039062559604645 0.6708333492279053 0.15156249701976776 0.15625
0 0.6015625 0.38750001788139343 0.1875 0.16250000894069672
0 0.5078125 0.2239583432674408 0.171875 0.15781250596046448
0 0.3460937440395355 0.09062500298023224 0.19218750298023224 0.1328125
0 0.3812499940395355 0.4229166805744171 0.16875000298023224 0.15625
0 0.753125011920929 0.8947917222976685 0.16875000298023224 0.15781250596046448
0 0.8296875357627869 0.5135416984558105 0.16875000298023224 0.15781250596046448
0 0.8296875357627869 0.11875000596046448 0.13750000298023224 0.12812499701976776
0 0.8890625238418579 0.3395833373069763 0.13750000298023224 0.12812499701976776
0 0.09062500298023224 0.7916666865348816 0.17812500894069672 0.18437500298023224
0 0.26250001788139343 0.7437500357627869 0.17812500894069672 0.15312500298023224
1 0.6429687738418579 0.6718750596046448 0.22031250596046448 0.1953125
2 0.508593738079071 0.7447916865348816 0.06093750149011612 0.04843750223517418
2 0.7125000357627869 0.45000001788139343 0.05625000223517418 0.05625000223517418
0 0.10234375298023224 0.5937500596046448 0.15156249701976776 0.15625
0 0.4039062559604645 0.6708333492279053 0.15156249701976776 0.15625
0 0.6015625 0.38750001788139343 0.1875 0.16250000894069672
0 0.5078125 0.2239583432674408 0.171875 0.15781250596046448
0 0.3460937440395355 0.09062500298023224 0.19218750298023224 0.1328125
0 0.3812499940395355 0.4229166805744171 0.16875000298023224 0.15625
0 0.753125011920929 0.8947917222976685 0.16875000298023224 0.15781250596046448
0 0.8296875357627869 0.5135416984558105 0.16875000298023224 0.15781250596046448
0 0.8296875357627869 0.11875000596046448 0.13750000298023224 0.12812499701976776
0 0.8890625238418579 0.3395833373069763 0.13750000298023224 0.12812499701976776
0 0.09062500298023224 0.7916666865348816 0.17812500894069672 0.18437500298023224
0 0.26250001788139343 0.7437500357627869 0.17812500894069672 0.15312500298023224
1 0.6429687738418579 0.6718750596046448 0.22031250596046448 0.1953125
2 0.508593738079071 0.7447916865348816 0.06093750149011612 0.04843750223517418
2 0.7125000357627869 0.45000001788139343 0.05625000223517418 0.05625000223517418
0 0.10234375298023224 0.5937500596046448 0.15156249701976776 0.15625
0 0.4039062559604645 0.6708333492279053 0.15156249701976776 0.15625
0 0.6015625 0.38750001788139343 0.1875 0.16250000894069672
0 0.5078125 0.2239583432674408 0.171875 0.15781250596046448
0 0.3460937440395355 0.09062500298023224 0.19218750298023224 0.1328125
0 0.3812499940395355 0.4229166805744171 0.16875000298023224 0.15625
0 0.753125011920929 0.8947917222976685 0.16875000298023224 0.15781250596046448
0 0.8296875357627869 0.5135416984558105 0.16875000298023224 0.15781250596046448
0 0.8296875357627869 0.11875000596046448 0.13750000298023224 0.12812499701976776
0 0.8890625238418579 0.3395833373069763 0.13750000298023224 0.12812499701976776
0 0.09062500298023224 0.7916666865348816 0.17812500894069672 0.18437500298023224
0 0.26250001788139343 0.7437500357627869 0.17812500894069672 0.15312500298023224
1 0.6429687738418579 0.6718750596046448 0.22031250596046448 0.1953125
2 0.508593738079071 0.7447916865348816 0.06093750149011612 0.04843750223517418
2 0.7125000357627869 0.45000001788139343 0.05625000223517418 0.05625000223517418
0 0.10234375298023224 0.5937500596046448 0.15156249701976776 0.15625
0 0.4039062559604645 0.6708333492279053 0.15156249701976776 0.15625
0 0.6015625 0.38750001788139343 0.1875 0.16250000894069672
0 0.5078125 0.2239583432674408 0.171875 0.15781250596046448
0 0.3460937440395355 0.09062500298023224 0.19218750298023224 0.1328125
0 0.3812499940395355 0.4229166805744171 0.16875000298023224 0.15625
0 0.753125011920929 0.8947917222976685 0.16875000298023224 0.15781250596046448
0 0.8296875357627869 0.5135416984558105 0.16875000298023224 0.15781250596046448
0 0.8296875357627869 0.11875000596046448 0.13750000298023224 0.12812499701976776
0 0.8890625238418579 0.3395833373069763 0.13750000298023224 0.12812499701976776
0 0.09062500298023224 0.7916666865348816 0.17812500894069672 0.18437500298023224
0 0.26250001788139343 0.7437500357627869 0.17812500894069672 0.15312500298023224
1 0.6429687738418579 0.6718750596046448 0.22031250596046448 0.1953125
2 0.508593738079071 0.7447916865348816 0.06093750149011612 0.04843750223517418
2 0.7125000357627869 0.45000001788139343 0.05625000223517418 0.05625000223517418
