0 0.5796875086380169 0.13750000717118382 0.17187500256113708 0.17187500256113708
0 0.8203125122236088 0.3229166835080832 0.17187500256113708 0.17187500256113708
0 0.1531250022817403 0.25729168008547276 0.12500000186264515 0.17031250253785402
0 0.7429687610710971 0.5708333631046116 0.1578125023515895 0.16875000251457095
0 0.20781250309664756 0.7770833738613874 0.1843750027474016 0.1531250022817403
0 0.39453125587897375 0.07604167063254863 0.15468750230502337 0.11093750165309757
0 0.8359375124564394 0.9302083818474784 0.13437500200234354 0.10468750155996531
0 0.5953125088708475 0.6479167004581541 0.1843750027474016 0.17187500256113708
1 0.4148437561816536 0.4875000254251063 0.4828125071944669 0.4000000059604645
0 0.5796875086380169 0.13750000717118382 0.17187500256113708 0.17187500256113708
0 0.8203125122236088 0.3229166835080832 0.17187500256113708 0.17187500256113708
0 0.1531250022817403 0.25729168008547276 0.12500000186264515 0.17031250253785402
0 0.7429687610710971 0.5708333631046116 0.1578125023515895 0.16875000251457095
0 0.20781250309664756 0.7770833738613874 0.1843750027474016 0.1531250022817403
0 0.39453125587897375 0.07604167063254863 0.15468750230502337 0.11093750165309757
0 0.8359375124564394 0.9302083818474784 0.13437500200234354 0.10468750155996531
0 0.5953125088708475 0.6479167004581541 0.1843750027474016 0.17187500256113708
1 0.4148437561816536 0.4875000254251063 0.4828125071944669 0.4000000059604645
0 0.5796875086380169 0.13750000717118382 0.17187500256113708 0.17187500256113708
0 0.8203125122236088 0.3229166835080832 0.17187500256113708 0.17187500256113708
0 0.1531250022817403 0.25729168008547276 0.12500000186264515 0.17031250253785402
0 0.7429687610710971 0.5708333631046116 0.1578125023515895 0.16875000251457095
0 0.20781250309664756 0.7770833738613874 0.1843750027474016 0.1531250022817403
0 0.39453125587897375 0.07604167063254863 0.15468750230502337 0.11093750165309757
0 0.8359375124564394 0.9302083818474784 0.13437500200234354 0.10468750155996531
0 0.5953125088708475 0.6479167004581541 0.1843750027474016 0.17187500256113708
1 0.4148437561816536 0.4875000254251063 0.4828125071944669 0.4000000059604645
0 0.5796875086380169 0.13750000717118382 0.17187500256113708 0.17187500256113708
0 0.8203125122236088 0.3229166835080832 0.17187500256113708 0.17187500256113708
0 0.1531250022817403 0.25729168008547276 0.12500000186264515 0.17031250253785402
0 0.7429687610710971 0.5708333631046116 0.1578125023515895 0.16875000251457095
0 0.20781250309664756 0.7770833738613874 0.1843750027474016 0.1531250022817403
0 0.39453125587897375 0.07604167063254863 0.15468750230502337 0.11093750165309757
0 0.8359375124564394 0.9302083818474784 0.13437500200234354 0.10468750155996531
0 0.5953125088708475 0.6479167004581541 0.1843750027474016 0.17187500256113708
1 0.4148437561816536 0.4875000254251063 0.4828125071944669 0.4000000059604645
0 0.5796875086380169 0.13750000717118382 0.17187500256113708 0.17187500256113708
0 0.8203125122236088 0.3229166835080832 0.17187500256113708 0.17187500256113708
0 0.1531250022817403 0.25729168008547276 0.12500000186264515 0.17031250253785402
0 0.7429687610710971 0.5708333631046116 0.1578125023515895 0.16875000251457095
0 0.20781250309664756 0.7770833738613874 0.1843750027474016 0.1531250022817403
0 0.39453125587897375 0.07604167063254863 0.15468750230502337 0.11093750165309757
0 0.8359375124564394 0.9302083818474784 0.13437500200234354 0.10468750155996531
0 0.5953125088708475 0.6479167004581541 0.1843750027474016 0.17187500256113708
1 0.4148437561816536 0.4875000254251063 0.4828125071944669 0.4000000059604645
0 0.5796875086380169 0.13750000717118382 0.17187500256113708 0.17187500256113708
0 0.8203125122236088 0.3229166835080832 0.17187500256113708 0.17187500256113708
0 0.1531250022817403 0.25729168008547276 0.12500000186264515 0.17031250253785402
0 0.7429687610710971 0.5708333631046116 0.1578125023515895 0.16875000251457095
0 0.20781250309664756 0.7770833738613874 0.1843750027474016 0.1531250022817403
0 0.39453125587897375 0.07604167063254863 0.15468750230502337 0.11093750165309757
0 0.8359375124564394 0.9302083818474784 0.13437500200234354 0.10468750155996531
0 0.5953125088708475 0.6479167004581541 0.1843750027474016 0.17187500256113708
1 0.4148437561816536 0.4875000254251063 0.4828125071944669 0.4000000059604645
0 0.5796875086380169 0.13750000717118382 0.17187500256113708 0.17187500256113708
0 0.8203125122236088 0.3229166835080832 0.17187500256113708 0.17187500256113708
0 0.1531250022817403 0.25729168008547276 0.12500000186264515 0.17031250253785402
0 0.7429687610710971 0.5708333631046116 0.1578125023515895 0.16875000251457095
0 0.20781250309664756 0.7770833738613874 0.1843750027474016 0.1531250022817403
0 0.39453125587897375 0.07604167063254863 0.15468750230502337 0.11093750165309757
0 0.8359375124564394 0.9302083818474784 0.13437500200234354 0.10468750155996531
0 0.5953125088708475 0.6479167004581541 0.1843750027474016 0.17187500256113708
1 0.4148437561816536 0.4875000254251063 0.4828125071944669 0.4000000059604645
0 0.5796875086380169 0.13750000717118382 0.17187500256113708 0.17187500256113708
0 0.8203125122236088 0.3229166835080832 0.17187500256113708 0.17187500256113708
0 0.1531250022817403 0.25729168008547276 0.12500000186264515 0.17031250253785402
0 0.7429687610710971 0.5708333631046116 0.1578125023515895 0.16875000251457095
0 0.20781250309664756 0.7770833738613874 0.1843750027474016 0.1531250022817403
0 0.39453125587897375 0.07604167063254863 0.15468750230502337 0.11093750165309757
0 0.8359375124564394 0.9302083818474784 0.13437500200234354 0.10468750155996531
0 0.5953125088708475 0.6479167004581541 0.1843750027474016 0.17187500256113708
1 0.4148437561816536 0.4875000254251063 0.4828125071944669 0.4000000059604645
0 0.5796875086380169 0.13750000717118382 0.17187500256113708 0.17187500256113708
0 0.8203125122236088 0.3229166835080832 0.17187500256113708 0.17187500256113708
0 0.1531250022817403 0.25729168008547276 0.12500000186264515 0.17031250253785402
0 0.7429687610710971 0.5708333631046116 0.1578125023515895 0.16875000251457095
0 0.20781250309664756 0.7770833738613874 0.1843750027474016 0.1531250022817403
0 0.39453125587897375 0.07604167063254863 0.15468750230502337 0.11093750165309757
0 0.8359375124564394 0.9302083818474784 0.13437500200234354 0.10468750155996531
0 0.5953125088708475 0.6479167004581541 0.1843750027474016 0.17187500256113708
1 0.4148437561816536 0.4875000254251063 0.4828125071944669 0.4000000059604645
0 0.5796875086380169 0.13750000717118382 0.17187500256113708 0.17187500256113708
0 0.8203125122236088 0.3229166835080832 0.17187500256113708 0.17187500256113708
0 0.1531250022817403 0.25729168008547276 0.12500000186264515 0.17031250253785402
0 0.7429687610710971 0.5708333631046116 0.1578125023515895 0.16875000251457095
0 0.20781250309664756 0.7770833738613874 0.1843750027474016 0.1531250022817403
0 0.39453125587897375 0.07604167063254863 0.15468750230502337 0.11093750165309757
0 0.8359375124564394 0.9302083818474784 0.13437500200234354 0.10468750155996531
0 0.5953125088708475 0.6479167004581541 0.1843750027474016 0.17187500256113708
1 0.4148437561816536 0.4875000254251063 0.4828125071944669 0.4000000059604645
0 0.5796875086380169 0.13750000717118382 0.17187500256113708 0.17187500256113708
0 0.8203125122236088 0.3229166835080832 0.17187500256113708 0.17187500256113708
0 0.1531250022817403 0.25729168008547276 0.12500000186264515 0.17031250253785402
0 0.7429687610710971 0.5708333631046116 0.1578125023515895 0.16875000251457095
0 0.20781250309664756 0.7770833738613874 0.1843750027474016 0.1531250022817403
0 0.39453125587897375 0.07604167063254863 0.15468750230502337 0.11093750165309757
0 0.8359375124564394 0.9302083818474784 0.13437500200234354 0.10468750155996531
0 0.5953125088708475 0.6479167004581541 0.1843750027474016 0.17187500256113708
1 0.4148437561816536 0.4875000254251063 0.4828125071944669 0.4000000059604645
0 0.5796875086380169 0.13750000717118382 0.17187500256113708 0.17187500256113708
0 0.8203125122236088 0.3229166835080832 0.17187500256113708 0.17187500256113708
0 0.1531250022817403 0.25729168008547276 0.12500000186264515 0.17031250253785402
0 0.7429687610710971 0.5708333631046116 0.1578125023515895 0.16875000251457095
0 0.20781250309664756 0.7770833738613874 0.1843750027474016 0.1531250022817403
0 0.39453125587897375 0.07604167063254863 0.15468750230502337 0.11093750165309757
0 0.8359375124564394 0.9302083818474784 0.13437500200234354 0.10468750155996531
0 0.5953125088708475 0.6479167004581541 0.1843750027474016 0.17187500256113708
1 0.4148437561816536 0.4875000254251063 0.4828125071944669 0.4000000059604645
0 0.5796875086380169 0.13750000717118382 0.17187500256113708 0.17187500256113708
0 0.8203125122236088 0.3229166835080832 0.17187500256113708 0.17187500256113708
0 0.1531250022817403 0.25729168008547276 0.12500000186264515 0.17031250253785402
0 0.7429687610710971 0.5708333631046116 0.1578125023515895 0.16875000251457095
0 0.20781250309664756 0.7770833738613874 0.1843750027474016 0.1531250022817403
0 0.39453125587897375 0.07604167063254863 0.15468750230502337 0.11093750165309757
0 0.8359375124564394 0.9302083818474784 0.13437500200234354 0.10468750155996531
0 0.5953125088708475 0.6479167004581541 0.1843750027474016 0.17187500256113708
1 0.4148437561816536 0.4875000254251063 0.4828125071944669 0.4000000059604645
0 0.5796875086380169 0.13750000717118382 0.17187500256113708 0.17187500256113708
0 0.8203125122236088 0.3229166835080832 0.17187500256113708 0.17187500256113708
0 0.1531250022817403 0.25729168008547276 0.12500000186264515 0.17031250253785402
0 0.7429687610710971 0.5708333631046116 0.1578125023515895 0.16875000251457095
0 0.20781250309664756 0.7770833738613874 0.1843750027474016 0.1531250022817403
0 0.39453125587897375 0.07604167063254863 0.15468750230502337 0.11093750165309757
0 0.8359375124564394 0.9302083818474784 0.13437500200234354 0.10468750155996531
0 0.5953125088708475 0.6479167004581541 0.1843750027474016 0.17187500256113708
1 0.4148437561816536 0.4875000254251063 0.4828125071944669 0.4000000059604645
0 0.5796875086380169 0.13750000717118382 0.17187500256113708 0.17187500256113708
0 0.8203125122236088 0.3229166835080832 0.17187500256113708 0.17187500256113708
0 0.1531250022817403 0.25729168008547276 0.12500000186264515 0.17031250253785402
0 0.7429687610710971 0.5708333631046116 0.1578125023515895 0.16875000251457095
0 0.20781250309664756 0.7770833738613874 0.1843750027474016 0.1531250022817403
0 0.39453125587897375 0.07604167063254863 0.15468750230502337 0.11093750165309757
0 0.8359375124564394 0.9302083818474784 0.13437500200234354 0.10468750155996531
0 0.5953125088708475 0.6479167004581541 0.1843750027474016 0.17187500256113708
1 0.4148437561816536 0.4875000254251063 0.4828125071944669 0.4000000059604645
0 0.5796875357627869 0.13750000298023224 0.171875 0.171875
0 0.8203125 0.3229166865348816 0.171875 0.171875
0 0.15312500298023224 0.25729167461395264 0.125 0.17031250894069672
0 0.742968738079071 0.5708333849906921 0.15781250596046448 0.16875000298023224
0 0.20781250298023224 0.7770833969116211 0.18437500298023224 0.15312500298023224
0 0.39453125 0.07604166865348816 0.15468750894069672 0.11093749850988388
0 0.8359375 0.9302083849906921 0.13437500596046448 0.10468750447034836
0 0.5953125357627869 0.6479166746139526 0.18437500298023224 0.171875
1 0.41484376788139343 0.48750001192092896 0.4828124940395355 0.4000000059604645
0 0.5796875357627869 0.13750000298023224 0.171875 0.171875
0 0.8203125 0.3229166865348816 0.171875 0.171875
0 0.15312500298023224 0.25729167461395264 0.125 0.17031250894069672
0 0.742968738079071 0.5708333849906921 0.15781250596046448 0.16875000298023224
0 0.20781250298023224 0.7770833969116211 0.18437500298023224 0.15312500298023224
0 0.39453125 0.07604166865348816 0.15468750894069672 0.11093749850988388
0 0.8359375 0.9302083849906921 0.13437500596046448 0.10468750447034836
0 0.5953125357627869 0.6479166746139526 0.18437500298023224 0.171875
1 0.41484376788139343 0.48750001192092896 0.4828124940395355 0.4000000059604645
0 0.5796875357627869 0.13750000298023224 0.171875 0.171875
0 0.8203125 0.3229166865348816 0.171875 0.171875
0 0.15312500298023224 0.25729167461395264 0.125 0.17031250894069672
0 0.742968738079071 0.5708333849906921 0.15781250596046448 0.16875000298023224
0 0.20781250298023224 0.7770833969116211 0.18437500298023224 0.15312500298023224
0 0.39453125 0.07604166865348816 0.15468750894069672 0.11093749850988388
0 0.8359375 0.9302083849906921 0.13437500596046448 0.10468750447034836
0 0.5953125357627869 0.6479166746139526 0.18437500298023224 0.171875
1 0.41484376788139343 0.48750001192092896 0.4828124940395355 0.4000000059604645
0 0.5796875357627869 0.13750000298023224 0.171875 0.171875
0 0.8203125 0.3229166865348816 0.171875 0.171875
0 0.15312500298023224 0.25729167461395264 0.125 0.17031250894069672
0 0.742968738079071 0.5708333849906921 0.15781250596046448 0.16875000298023224
0 0.20781250298023224 0.7770833969116211 0.18437500298023224 0.15312500298023224
0 0.39453125 0.07604166865348816 0.15468750894069672 0.11093749850988388
0 0.8359375 0.9302083849906921 0.13437500596046448 0.10468750447034836
0 0.5953125357627869 0.6479166746139526 0.18437500298023224 0.171875
1 0.41484376788139343 0.48750001192092896 0.4828124940395355 0.4000000059604645
0 0.5796875357627869 0.13750000298023224 0.171875 0.171875
0 0.8203125 0.3229166865348816 0.171875 0.171875
0 0.15312500298023224 0.25729167461395264 0.125 0.17031250894069672
0 0.742968738079071 0.5708333849906921 0.15781250596046448 0.16875000298023224
0 0.20781250298023224 0.7770833969116211 0.18437500298023224 0.15312500298023224
0 0.39453125 0.07604166865348816 0.15468750894069672 0.11093749850988388
0 0.8359375 0.9302083849906921 0.13437500596046448 0.10468750447034836
0 0.5953125357627869 0.6479166746139526 0.18437500298023224 0.171875
1 0.41484376788139343 0.48750001192092896 0.4828124940395355 0.4000000059604645
0 0.5796875357627869 0.13750000298023224 0.171875 0.171875
0 0.8203125 0.3229166865348816 0.171875 0.171875
0 0.15312500298023224 0.25729167461395264 0.125 0.17031250894069672
0 0.742968738079071 0.5708333849906921 0.15781250596046448 0.16875000298023224
0 0.20781250298023224 0.7770833969116211 0.18437500298023224 0.15312500298023224
0 0.39453125 0.07604166865348816 0.15468750894069672 0.11093749850988388
0 0.8359375 0.9302083849906921 0.13437500596046448 0.10468750447034836
0 0.5953125357627869 0.6479166746139526 0.18437500298023224 0.171875
1 0.41484376788139343 0.48750001192092896 0.4828124940395355 0.4000000059604645
0 0.5796875357627869 0.13750000298023224 0.171875 0.171875
0 0.8203125 0.3229166865348816 0.171875 0.171875
0 0.15312500298023224 0.25729167461395264 0.125 0.17031250894069672
0 0.742968738079071 0.5708333849906921 0.15781250596046448 0.16875000298023224
0 0.20781250298023224 0.7770833969116211 0.18437500298023224 0.15312500298023224
0 0.39453125 0.07604166865348816 0.15468750894069672 0.11093749850988388
0 0.8359375 0.9302083849906921 0.13437500596046448 0.10468750447034836
0 0.5953125357627869 0.6479166746139526 0.18437500298023224 0.171875
1 0.41484376788139343 0.48750001192092896 0.4828124940395355 0.4000000059604645
