0 0.42109375627478585 0.3760416862787679 0.19843750295694917 0.17343750258442014
0 0.21328125317813829 0.5208333604969084 0.15468750230502337 0.1531250022817403
0 0.07812500116415322 0.10104167193640023 0.15000000223517418 0.14843750221189111
0 0.14531250216532499 0.30520834925118834 0.19375000288709998 0.15156250225845724
0 0.5187500077299774 0.6270833660382777 0.15000000223517418 0.13437500200234354
0 0.47500000707805157 0.7541667059995234 0.1625000024214387 0.1750000026077032
0 0.4515625067288056 0.8687500453088433 0.1625000024214387 0.1750000026077032
0 0.7015625104540959 0.5593750291736796 0.1843750027474016 0.13281250197906047
0 0.8492187626543455 0.9250000482425094 0.17656250263098627 0.11250000167638063
0 0.7804687616298907 0.751041705836542 0.22031250328291208 0.18593750277068466
0 0.6132812591386028 0.887500046286732 0.16406250244472176 0.16875000251457095
0 0.8953125133411959 0.10312500537838787 0.18750000279396772 0.15156250225845724
0 0.3085937545984052 0.8197917094221339 0.16093750239815563 0.16406250244472176
0 0.5601562583469786 0.13229167356621474 0.16093750239815563 0.16406250244472176
0 0.13046875194413587 0.6760417019249871 0.16093750239815563 0.16406250244472176
1 0.4273437563679181 0.14687500766012818 0.06406250095460564 0.07343750109430403
1 0.027343750407453626 0.20625001075677574 0.051562500768341124 0.07500000111758709
1 0.7257812608149834 0.3083333494141698 0.3109375046333298 0.2625000039115548
0 0.42109375627478585 0.3760416862787679 0.19843750295694917 0.17343750258442014
0 0.21328125317813829 0.5208333604969084 0.15468750230502337 0.1531250022817403
0 0.07812500116415322 0.10104167193640023 0.15000000223517418 0.14843750221189111
0 0.14531250216532499 0.30520834925118834 0.19375000288709998 0.15156250225845724
0 0.5187500077299774 0.6270833660382777 0.15000000223517418 0.13437500200234354
0 0.47500000707805157 0.7541667059995234 0.1625000024214387 0.1750000026077032
0 0.4515625067288056 0.8687500453088433 0.1625000024214387 0.1750000026077032
0 0.7015625104540959 0.5593750291736796 0.1843750027474016 0.13281250197906047
0 0.8492187626543455 0.9250000482425094 0.17656250263098627 0.11250000167638063
0 0.7804687616298907 0.751041705836542 0.22031250328291208 0.18593750277068466
0 0.6132812591386028 0.887500046286732 0.16406250244472176 0.16875000251457095
0 0.8953125133411959 0.10312500537838787 0.18750000279396772 0.15156250225845724
0 0.3085937545984052 0.8197917094221339 0.16093750239815563 0.16406250244472176
0 0.5601562583469786 0.13229167356621474 0.16093750239815563 0.16406250244472176
0 0.13046875194413587 0.6760417019249871 0.16093750239815563 0.16406250244472176
1 0.4273437563679181 0.14687500766012818 0.06406250095460564 0.07343750109430403
1 0.027343750407453626 0.20625001075677574 0.051562500768341124 0.07500000111758709
1 0.7257812608149834 0.3083333494141698 0.3109375046333298 0.2625000039115548
0 0.42109375627478585 0.3760416862787679 0.19843750295694917 0.17343750258442014
0 0.21328125317813829 0.5208333604969084 0.15468750230502337 0.1531250022817403
0 0.07812500116415322 0.10104167193640023 0.15000000223517418 0.14843750221189111
0 0.14531250216532499 0.30520834925118834 0.19375000288709998 0.15156250225845724
0 0.5187500077299774 0.6270833660382777 0.15000000223517418 0.13437500200234354
0 0.47500000707805157 0.7541667059995234 0.1625000024214387 0.1750000026077032
0 0.4515625067288056 0.8687500453088433 0.1625000024214387 0.1750000026077032
0 0.7015625104540959 0.5593750291736796 0.1843750027474016 0.13281250197906047
0 0.8492187626543455 0.9250000482425094 0.17656250263098627 0.11250000167638063
0 0.7804687616298907 0.751041705836542 0.22031250328291208 0.18593750277068466
0 0.6132812591386028 0.887500046286732 0.16406250244472176 0.16875000251457095
0 0.8953125133411959 0.10312500537838787 0.18750000279396772 0.15156250225845724
0 0.3085937545984052 0.8197917094221339 0.16093750239815563 0.16406250244472176
0 0.5601562583469786 0.13229167356621474 0.16093750239815563 0.16406250244472176
0 0.13046875194413587 0.6760417019249871 0.16093750239815563 0.16406250244472176
1 0.4273437563679181 0.14687500766012818 0.06406250095460564 0.07343750109430403
1 0.027343750407453626 0.20625001075677574 0.051562500768341124 0.07500000111758709
1 0.7257812608149834 0.3083333494141698 0.3109375046333298 0.2625000039115548
0 0.42109375627478585 0.3760416862787679 0.19843750295694917 0.17343750258442014
0 0.21328125317813829 0.5208333604969084 0.15468750230502337 0.1531250022817403
0 0.07812500116415322 0.10104167193640023 0.15000000223517418 0.14843750221189111
0 0.14531250216532499 0.30520834925118834 0.19375000288709998 0.15156250225845724
0 0.5187500077299774 0.6270833660382777 0.15000000223517418 0.13437500200234354
0 0.47500000707805157 0.7541667059995234 0.1625000024214387 0.1750000026077032
0 0.4515625067288056 0.8687500453088433 0.1625000024214387 0.1750000026077032
0 0.7015625104540959 0.5593750291736796 0.1843750027474016 0.13281250197906047
0 0.8492187626543455 0.9250000482425094 0.17656250263098627 0.11250000167638063
0 0.7804687616298907 0.751041705836542 0.22031250328291208 0.18593750277068466
0 0.6132812591386028 0.887500046286732 0.16406250244472176 0.16875000251457095
0 0.8953125133411959 0.10312500537838787 0.18750000279396772 0.15156250225845724
0 0.3085937545984052 0.8197917094221339 0.16093750239815563 0.16406250244472176
0 0.5601562583469786 0.13229167356621474 0.16093750239815563 0.16406250244472176
0 0.13046875194413587 0.6760417019249871 0.16093750239815563 0.16406250244472176
1 0.4273437563679181 0.14687500766012818 0.06406250095460564 0.07343750109430403
1 0.027343750407453626 0.20625001075677574 0.051562500768341124 0.07500000111758709
1 0.7257812608149834 0.3083333494141698 0.3109375046333298 0.2625000039115548
0 0.42109375627478585 0.3760416862787679 0.19843750295694917 0.17343750258442014
0 0.21328125317813829 0.5208333604969084 0.15468750230502337 0.1531250022817403
0 0.07812500116415322 0.10104167193640023 0.15000000223517418 0.14843750221189111
0 0.14531250216532499 0.30520834925118834 0.19375000288709998 0.15156250225845724
0 0.5187500077299774 0.6270833660382777 0.15000000223517418 0.13437500200234354
0 0.47500000707805157 0.7541667059995234 0.1625000024214387 0.1750000026077032
0 0.4515625067288056 0.8687500453088433 0.1625000024214387 0.1750000026077032
0 0.7015625104540959 0.5593750291736796 0.1843750027474016 0.13281250197906047
0 0.8492187626543455 0.9250000482425094 0.17656250263098627 0.11250000167638063
0 0.7804687616298907 0.751041705836542 0.22031250328291208 0.18593750277068466
0 0.6132812591386028 0.887500046286732 0.16406250244472176 0.16875000251457095
0 0.8953125133411959 0.10312500537838787 0.18750000279396772 0.15156250225845724
0 0.3085937545984052 0.8197917094221339 0.16093750239815563 0.16406250244472176
0 0.5601562583469786 0.13229167356621474 0.16093750239815563 0.16406250244472176
0 0.13046875194413587 0.6760417019249871 0.16093750239815563 0.16406250244472176
1 0.4273437563679181 0.14687500766012818 0.06406250095460564 0.07343750109430403
1 0.027343750407453626 0.20625001075677574 0.051562500768341124 0.07500000111758709
1 0.7257812608149834 0.3083333494141698 0.3109375046333298 0.2625000039115548
0 0.42109375627478585 0.3760416862787679 0.19843750295694917 0.17343750258442014
0 0.21328125317813829 0.5208333604969084 0.15468750230502337 0.1531250022817403
0 0.07812500116415322 0.10104167193640023 0.15000000223517418 0.14843750221189111
0 0.14531250216532499 0.30520834925118834 0.19375000288709998 0.15156250225845724
0 0.5187500077299774 0.6270833660382777 0.15000000223517418 0.13437500200234354
0 0.47500000707805157 0.7541667059995234 0.1625000024214387 0.1750000026077032
0 0.4515625067288056 0.8687500453088433 0.1625000024214387 0.1750000026077032
0 0.7015625104540959 0.5593750291736796 0.1843750027474016 0.13281250197906047
0 0.8492187626543455 0.9250000482425094 0.17656250263098627 0.11250000167638063
0 0.7804687616298907 0.751041705836542 0.22031250328291208 0.18593750277068466
0 0.6132812591386028 0.887500046286732 0.16406250244472176 0.16875000251457095
0 0.8953125133411959 0.10312500537838787 0.18750000279396772 0.15156250225845724
0 0.3085937545984052 0.8197917094221339 0.16093750239815563 0.16406250244472176
0 0.5601562583469786 0.13229167356621474 0.16093750239815563 0.16406250244472176
0 0.13046875194413587 0.6760417019249871 0.16093750239815563 0.16406250244472176
1 0.4273437563679181 0.14687500766012818 0.06406250095460564 0.07343750109430403
1 0.027343750407453626 0.20625001075677574 0.051562500768341124 0.07500000111758709
1 0.7257812608149834 0.3083333494141698 0.3109375046333298 0.2625000039115548
0 0.42109375627478585 0.3760416862787679 0.19843750295694917 0.17343750258442014
0 0.21328125317813829 0.5208333604969084 0.15468750230502337 0.1531250022817403
0 0.07812500116415322 0.10104167193640023 0.15000000223517418 0.14843750221189111
0 0.14531250216532499 0.30520834925118834 0.19375000288709998 0.15156250225845724
0 0.5187500077299774 0.6270833660382777 0.15000000223517418 0.13437500200234354
0 0.47500000707805157 0.7541667059995234 0.1625000024214387 0.1750000026077032
0 0.4515625067288056 0.8687500453088433 0.1625000024214387 0.1750000026077032
0 0.7015625104540959 0.5593750291736796 0.1843750027474016 0.13281250197906047
0 0.8492187626543455 0.9250000482425094 0.17656250263098627 0.11250000167638063
0 0.7804687616298907 0.751041705836542 0.22031250328291208 0.18593750277068466
0 0.6132812591386028 0.887500046286732 0.16406250244472176 0.16875000251457095
0 0.8953125133411959 0.10312500537838787 0.18750000279396772 0.15156250225845724
0 0.3085937545984052 0.8197917094221339 0.16093750239815563 0.16406250244472176
0 0.5601562583469786 0.13229167356621474 0.16093750239815563 0.16406250244472176
0 0.13046875194413587 0.6760417019249871 0.16093750239815563 0.16406250244472176
1 0.4273437563679181 0.14687500766012818 0.06406250095460564 0.07343750109430403
1 0.027343750407453626 0.20625001075677574 0.051562500768341124 0.07500000111758709
1 0.7257812608149834 0.3083333494141698 0.3109375046333298 0.2625000039115548
0 0.42109375627478585 0.3760416862787679 0.19843750295694917 0.17343750258442014
0 0.21328125317813829 0.5208333604969084 0.15468750230502337 0.1531250022817403
0 0.07812500116415322 0.10104167193640023 0.15000000223517418 0.14843750221189111
0 0.14531250216532499 0.30520834925118834 0.19375000288709998 0.15156250225845724
0 0.5187500077299774 0.6270833660382777 0.15000000223517418 0.13437500200234354
0 0.47500000707805157 0.7541667059995234 0.1625000024214387 0.1750000026077032
0 0.4515625067288056 0.8687500453088433 0.1625000024214387 0.1750000026077032
0 0.7015625104540959 0.5593750291736796 0.1843750027474016 0.13281250197906047
0 0.8492187626543455 0.9250000482425094 0.17656250263098627 0.11250000167638063
0 0.7804687616298907 0.751041705836542 0.22031250328291208 0.18593750277068466
0 0.6132812591386028 0.887500046286732 0.16406250244472176 0.16875000251457095
0 0.8953125133411959 0.10312500537838787 0.18750000279396772 0.15156250225845724
0 0.3085937545984052 0.8197917094221339 0.16093750239815563 0.16406250244472176
0 0.5601562583469786 0.13229167356621474 0.16093750239815563 0.16406250244472176
0 0.13046875194413587 0.6760417019249871 0.16093750239815563 0.16406250244472176
1 0.4273437563679181 0.14687500766012818 0.06406250095460564 0.07343750109430403
1 0.027343750407453626 0.20625001075677574 0.051562500768341124 0.07500000111758709
1 0.7257812608149834 0.3083333494141698 0.3109375046333298 0.2625000039115548
0 0.42109375627478585 0.3760416862787679 0.19843750295694917 0.17343750258442014
0 0.21328125317813829 0.5208333604969084 0.15468750230502337 0.1531250022817403
0 0.07812500116415322 0.10104167193640023 0.15000000223517418 0.14843750221189111
0 0.14531250216532499 0.30520834925118834 0.19375000288709998 0.15156250225845724
0 0.5187500077299774 0.6270833660382777 0.15000000223517418 0.13437500200234354
0 0.47500000707805157 0.7541667059995234 0.1625000024214387 0.1750000026077032
0 0.4515625067288056 0.8687500453088433 0.1625000024214387 0.1750000026077032
0 0.7015625104540959 0.5593750291736796 0.1843750027474016 0.13281250197906047
0 0.8492187626543455 0.9250000482425094 0.17656250263098627 0.11250000167638063
0 0.7804687616298907 0.751041705836542 0.22031250328291208 0.18593750277068466
0 0.6132812591386028 0.887500046286732 0.16406250244472176 0.16875000251457095
0 0.8953125133411959 0.10312500537838787 0.18750000279396772 0.15156250225845724
0 0.3085937545984052 0.8197917094221339 0.16093750239815563 0.16406250244472176
0 0.5601562583469786 0.13229167356621474 0.16093750239815563 0.16406250244472176
0 0.13046875194413587 0.6760417019249871 0.16093750239815563 0.16406250244472176
1 0.4273437563679181 0.14687500766012818 0.06406250095460564 0.07343750109430403
1 0.027343750407453626 0.20625001075677574 0.051562500768341124 0.07500000111758709
1 0.7257812608149834 0.3083333494141698 0.3109375046333298 0.2625000039115548
0 0.42109375627478585 0.3760416862787679 0.19843750295694917 0.17343750258442014
0 0.21328125317813829 0.5208333604969084 0.15468750230502337 0.1531250022817403
0 0.07812500116415322 0.10104167193640023 0.15000000223517418 0.14843750221189111
0 0.14531250216532499 0.30520834925118834 0.19375000288709998 0.15156250225845724
0 0.5187500077299774 0.6270833660382777 0.15000000223517418 0.13437500200234354
0 0.47500000707805157 0.7541667059995234 0.1625000024214387 0.1750000026077032
0 0.4515625067288056 0.8687500453088433 0.1625000024214387 0.1750000026077032
0 0.7015625104540959 0.5593750291736796 0.1843750027474016 0.13281250197906047
0 0.8492187626543455 0.9250000482425094 0.17656250263098627 0.11250000167638063
0 0.7804687616298907 0.751041705836542 0.22031250328291208 0.18593750277068466
0 0.6132812591386028 0.887500046286732 0.16406250244472176 0.16875000251457095
0 0.8953125133411959 0.10312500537838787 0.18750000279396772 0.15156250225845724
0 0.3085937545984052 0.8197917094221339 0.16093750239815563 0.16406250244472176
0 0.5601562583469786 0.13229167356621474 0.16093750239815563 0.16406250244472176
0 0.13046875194413587 0.6760417019249871 0.16093750239815563 0.16406250244472176
1 0.4273437563679181 0.14687500766012818 0.06406250095460564 0.07343750109430403
1 0.027343750407453626 0.20625001075677574 0.051562500768341124 0.07500000111758709
1 0.7257812608149834 0.3083333494141698 0.3109375046333298 0.2625000039115548
0 0.42109375627478585 0.3760416862787679 0.19843750295694917 0.17343750258442014
0 0.21328125317813829 0.5208333604969084 0.15468750230502337 0.1531250022817403
0 0.07812500116415322 0.10104167193640023 0.15000000223517418 0.14843750221189111
0 0.14531250216532499 0.30520834925118834 0.19375000288709998 0.15156250225845724
0 0.5187500077299774 0.6270833660382777 0.15000000223517418 0.13437500200234354
0 0.47500000707805157 0.7541667059995234 0.1625000024214387 0.1750000026077032
0 0.4515625067288056 0.8687500453088433 0.1625000024214387 0.1750000026077032
0 0.7015625104540959 0.5593750291736796 0.1843750027474016 0.13281250197906047
0 0.8492187626543455 0.9250000482425094 0.17656250263098627 0.11250000167638063
0 0.7804687616298907 0.751041705836542 0.22031250328291208 0.18593750277068466
0 0.6132812591386028 0.887500046286732 0.16406250244472176 0.16875000251457095
0 0.8953125133411959 0.10312500537838787 0.18750000279396772 0.15156250225845724
0 0.3085937545984052 0.8197917094221339 0.16093750239815563 0.16406250244472176
0 0.5601562583469786 0.13229167356621474 0.16093750239815563 0.16406250244472176
0 0.13046875194413587 0.6760417019249871 0.16093750239815563 0.16406250244472176
1 0.4273437563679181 0.14687500766012818 0.06406250095460564 0.07343750109430403
1 0.027343750407453626 0.20625001075677574 0.051562500768341124 0.07500000111758709
1 0.7257812608149834 0.3083333494141698 0.3109375046333298 0.2625000039115548
0 0.42109375627478585 0.3760416862787679 0.19843750295694917 0.17343750258442014
0 0.21328125317813829 0.5208333604969084 0.15468750230502337 0.1531250022817403
0 0.07812500116415322 0.10104167193640023 0.15000000223517418 0.14843750221189111
0 0.14531250216532499 0.30520834925118834 0.19375000288709998 0.15156250225845724
0 0.5187500077299774 0.6270833660382777 0.15000000223517418 0.13437500200234354
0 0.47500000707805157 0.7541667059995234 0.1625000024214387 0.1750000026077032
0 0.4515625067288056 0.8687500453088433 0.1625000024214387 0.1750000026077032
0 0.7015625104540959 0.5593750291736796 0.1843750027474016 0.13281250197906047
0 0.8492187626543455 0.9250000482425094 0.17656250263098627 0.11250000167638063
0 0.7804687616298907 0.751041705836542 0.22031250328291208 0.18593750277068466
0 0.6132812591386028 0.887500046286732 0.16406250244472176 0.16875000251457095
0 0.8953125133411959 0.10312500537838787 0.18750000279396772 0.15156250225845724
0 0.3085937545984052 0.8197917094221339 0.16093750239815563 0.16406250244472176
0 0.5601562583469786 0.13229167356621474 0.16093750239815563 0.16406250244472176
0 0.13046875194413587 0.6760417019249871 0.16093750239815563 0.16406250244472176
1 0.4273437563679181 0.14687500766012818 0.06406250095460564 0.07343750109430403
1 0.027343750407453626 0.20625001075677574 0.051562500768341124 0.07500000111758709
1 0.7257812608149834 0.3083333494141698 0.3109375046333298 0.2625000039115548
0 0.42109375627478585 0.3760416862787679 0.19843750295694917 0.17343750258442014
0 0.21328125317813829 0.5208333604969084 0.15468750230502337 0.1531250022817403
0 0.07812500116415322 0.10104167193640023 0.15000000223517418 0.14843750221189111
0 0.14531250216532499 0.30520834925118834 0.19375000288709998 0.15156250225845724
0 0.5187500077299774 0.6270833660382777 0.15000000223517418 0.13437500200234354
0 0.47500000707805157 0.7541667059995234 0.1625000024214387 0.1750000026077032
0 0.4515625067288056 0.8687500453088433 0.1625000024214387 0.1750000026077032
0 0.7015625104540959 0.5593750291736796 0.1843750027474016 0.13281250197906047
0 0.8492187626543455 0.9250000482425094 0.17656250263098627 0.11250000167638063
0 0.7804687616298907 0.751041705836542 0.22031250328291208 0.18593750277068466
0 0.6132812591386028 0.887500046286732 0.16406250244472176 0.16875000251457095
0 0.8953125133411959 0.10312500537838787 0.18750000279396772 0.15156250225845724
0 0.3085937545984052 0.8197917094221339 0.16093750239815563 0.16406250244472176
0 0.5601562583469786 0.13229167356621474 0.16093750239815563 0.16406250244472176
0 0.13046875194413587 0.6760417019249871 0.16093750239815563 0.16406250244472176
1 0.4273437563679181 0.14687500766012818 0.06406250095460564 0.07343750109430403
1 0.027343750407453626 0.20625001075677574 0.051562500768341124 0.07500000111758709
1 0.7257812608149834 0.3083333494141698 0.3109375046333298 0.2625000039115548
0 0.42109375627478585 0.3760416862787679 0.19843750295694917 0.17343750258442014
0 0.21328125317813829 0.5208333604969084 0.15468750230502337 0.1531250022817403
0 0.07812500116415322 0.10104167193640023 0.15000000223517418 0.14843750221189111
0 0.14531250216532499 0.30520834925118834 0.19375000288709998 0.15156250225845724
0 0.5187500077299774 0.6270833660382777 0.15000000223517418 0.13437500200234354
0 0.47500000707805157 0.7541667059995234 0.1625000024214387 0.1750000026077032
0 0.4515625067288056 0.8687500453088433 0.1625000024214387 0.1750000026077032
0 0.7015625104540959 0.5593750291736796 0.1843750027474016 0.13281250197906047
0 0.8492187626543455 0.9250000482425094 0.17656250263098627 0.11250000167638063
0 0.7804687616298907 0.751041705836542 0.22031250328291208 0.18593750277068466
0 0.6132812591386028 0.887500046286732 0.16406250244472176 0.16875000251457095
0 0.8953125133411959 0.10312500537838787 0.18750000279396772 0.15156250225845724
0 0.3085937545984052 0.8197917094221339 0.16093750239815563 0.16406250244472176
0 0.5601562583469786 0.13229167356621474 0.16093750239815563 0.16406250244472176
0 0.13046875194413587 0.6760417019249871 0.16093750239815563 0.16406250244472176
2 0.4273437563679181 0.14687500766012818 0.06406250095460564 0.07343750109430403
2 0.027343750407453626 0.20625001075677574 0.051562500768341124 0.07500000111758709
1 0.7257812608149834 0.3083333494141698 0.3109375046333298 0.2625000039115548
0 0.42109375627478585 0.3760416862787679 0.19843750295694917 0.17343750258442014
0 0.21328125317813829 0.5208333604969084 0.15468750230502337 0.1531250022817403
0 0.07812500116415322 0.10104167193640023 0.15000000223517418 0.14843750221189111
0 0.14531250216532499 0.30520834925118834 0.19375000288709998 0.15156250225845724
0 0.5187500077299774 0.6270833660382777 0.15000000223517418 0.13437500200234354
0 0.47500000707805157 0.7541667059995234 0.1625000024214387 0.1750000026077032
0 0.4515625067288056 0.8687500453088433 0.1625000024214387 0.1750000026077032
0 0.7015625104540959 0.5593750291736796 0.1843750027474016 0.13281250197906047
0 0.8492187626543455 0.9250000482425094 0.17656250263098627 0.11250000167638063
0 0.7804687616298907 0.751041705836542 0.22031250328291208 0.18593750277068466
0 0.6132812591386028 0.887500046286732 0.16406250244472176 0.16875000251457095
0 0.8953125133411959 0.10312500537838787 0.18750000279396772 0.15156250225845724
0 0.3085937545984052 0.8197917094221339 0.16093750239815563 0.16406250244472176
0 0.5601562583469786 0.13229167356621474 0.16093750239815563 0.16406250244472176
0 0.13046875194413587 0.6760417019249871 0.16093750239815563 0.16406250244472176
2 0.4273437563679181 0.14687500766012818 0.06406250095460564 0.07343750109430403
2 0.027343750407453626 0.20625001075677574 0.051562500768341124 0.07500000111758709
1 0.7257812608149834 0.3083333494141698 0.3109375046333298 0.2625000039115548
0 0.42109376192092896 0.3760416805744171 0.19843749701976776 0.17343750596046448
0 0.21328125894069672 0.5208333730697632 0.15468750894069672 0.15312500298023224
0 0.078125 0.10104167461395264 0.15000000596046448 0.1484375
0 0.14531250298023224 0.30520835518836975 0.19375000894069672 0.15156249701976776
0 0.518750011920929 0.6270833611488342 0.15000000596046448 0.13437500596046448
0 0.4749999940395355 0.7541667222976685 0.16250000894069672 0.17499999701976776
0 0.4515624940395355 0.8687500357627869 0.16250000894069672 0.17499999701976776
0 0.7015625238418579 0.5593750476837158 0.18437500298023224 0.1328125
0 0.8492187857627869 0.9250000715255737 0.17656250298023224 0.11250000447034836
0 0.780468761920929 0.7510417103767395 0.22031250596046448 0.18593750894069672
0 0.61328125 0.8875000476837158 0.1640625 0.16875000298023224
0 0.895312488079071 0.10312500596046448 0.1875 0.15156249701976776
0 0.30859375 0.8197917342185974 0.16093750298023224 0.1640625
0 0.5601562857627869 0.13229167461395264 0.16093750298023224 0.1640625
0 0.13046875596046448 0.6760417222976685 0.16093750298023224 0.1640625
2 0.4273437559604645 0.14687500894069672 0.06406249850988388 0.07343750447034836
2 0.02734375 0.20625001192092896 0.05156249925494194 0.07500000298023224
1 0.725781261920929 0.3083333373069763 0.3109374940395355 0.26250001788139343
0 0.42109376192092896 0.3760416805744171 0.19843749701976776 0.17343750596046448
0 0.21328125894069672 0.5208333730697632 0.15468750894069672 0.15312500298023224
0 0.078125 0.10104167461395264 0.15000000596046448 0.1484375
0 0.14531250298023224 0.30520835518836975 0.19375000894069672 0.15156249701976776
0 0.518750011920929 0.6270833611488342 0.15000000596046448 0.13437500596046448
0 0.4749999940395355 0.7541667222976685 0.16250000894069672 0.17499999701976776
0 0.4515624940395355 0.8687500357627869 0.16250000894069672 0.17499999701976776
0 0.7015625238418579 0.5593750476837158 0.18437500298023224 0.1328125
0 0.8492187857627869 0.9250000715255737 0.17656250298023224 0.11250000447034836
0 0.780468761920929 0.7510417103767395 0.22031250596046448 0.18593750894069672
0 0.61328125 0.8875000476837158 0.1640625 0.16875000298023224
0 0.895312488079071 0.10312500596046448 0.1875 0.15156249701976776
0 0.30859375 0.8197917342185974 0.16093750298023224 0.1640625
0 0.5601562857627869 0.13229167461395264 0.16093750298023224 0.1640625
0 0.13046875596046448 0.6760417222976685 0.16093750298023224 0.1640625
2 0.4273437559604645 0.14687500894069672 0.06406249850988388 0.07343750447034836
2 0.02734375 0.20625001192092896 0.05156249925494194 0.07500000298023224
1 0.725781261920929 0.3083333373069763 0.3109374940395355 0.26250001788139343
0 0.42109376192092896 0.3760416805744171 0.19843749701976776 0.17343750596046448
0 0.21328125894069672 0.5208333730697632 0.15468750894069672 0.15312500298023224
0 0.078125 0.10104167461395264 0.15000000596046448 0.1484375
0 0.14531250298023224 0.30520835518836975 0.19375000894069672 0.15156249701976776
0 0.518750011920929 0.6270833611488342 0.15000000596046448 0.13437500596046448
0 0.4749999940395355 0.7541667222976685 0.16250000894069672 0.17499999701976776
0 0.4515624940395355 0.8687500357627869 0.16250000894069672 0.17499999701976776
0 0.7015625238418579 0.5593750476837158 0.18437500298023224 0.1328125
0 0.8492187857627869 0.9250000715255737 0.17656250298023224 0.11250000447034836
0 0.780468761920929 0.7510417103767395 0.22031250596046448 0.18593750894069672
0 0.61328125 0.8875000476837158 0.1640625 0.16875000298023224
0 0.895312488079071 0.10312500596046448 0.1875 0.15156249701976776
0 0.30859375 0.8197917342185974 0.16093750298023224 0.1640625
0 0.5601562857627869 0.13229167461395264 0.16093750298023224 0.1640625
0 0.13046875596046448 0.6760417222976685 0.16093750298023224 0.1640625
2 0.4273437559604645 0.14687500894069672 0.06406249850988388 0.07343750447034836
2 0.02734375 0.20625001192092896 0.05156249925494194 0.07500000298023224
1 0.725781261920929 0.3083333373069763 0.3109374940395355 0.26250001788139343
0 0.42109376192092896 0.3760416805744171 0.19843749701976776 0.17343750596046448
0 0.21328125894069672 0.5208333730697632 0.15468750894069672 0.15312500298023224
0 0.078125 0.10104167461395264 0.15000000596046448 0.1484375
0 0.14531250298023224 0.30520835518836975 0.19375000894069672 0.15156249701976776
0 0.518750011920929 0.6270833611488342 0.15000000596046448 0.13437500596046448
0 0.4749999940395355 0.7541667222976685 0.16250000894069672 0.17499999701976776
0 0.4515624940395355 0.8687500357627869 0.16250000894069672 0.17499999701976776
0 0.7015625238418579 0.5593750476837158 0.18437500298023224 0.1328125
0 0.8492187857627869 0.9250000715255737 0.17656250298023224 0.11250000447034836
0 0.780468761920929 0.7510417103767395 0.22031250596046448 0.18593750894069672
0 0.61328125 0.8875000476837158 0.1640625 0.16875000298023224
0 0.895312488079071 0.10312500596046448 0.1875 0.15156249701976776
0 0.30859375 0.8197917342185974 0.16093750298023224 0.1640625
0 0.5601562857627869 0.13229167461395264 0.16093750298023224 0.1640625
0 0.13046875596046448 0.6760417222976685 0.16093750298023224 0.1640625
2 0.4273437559604645 0.14687500894069672 0.06406249850988388 0.07343750447034836
2 0.02734375 0.20625001192092896 0.05156249925494194 0.07500000298023224
1 0.725781261920929 0.3083333373069763 0.3109374940395355 0.26250001788139343
0 0.42109376192092896 0.3760416805744171 0.19843749701976776 0.17343750596046448
0 0.21328125894069672 0.5208333730697632 0.15468750894069672 0.15312500298023224
0 0.078125 0.10104167461395264 0.15000000596046448 0.1484375
0 0.14531250298023224 0.30520835518836975 0.19375000894069672 0.15156249701976776
0 0.518750011920929 0.6270833611488342 0.15000000596046448 0.13437500596046448
0 0.4749999940395355 0.7541667222976685 0.16250000894069672 0.17499999701976776
0 0.4515624940395355 0.8687500357627869 0.16250000894069672 0.17499999701976776
0 0.7015625238418579 0.5593750476837158 0.18437500298023224 0.1328125
0 0.8492187857627869 0.9250000715255737 0.17656250298023224 0.11250000447034836
0 0.780468761920929 0.7510417103767395 0.22031250596046448 0.18593750894069672
0 0.61328125 0.8875000476837158 0.1640625 0.16875000298023224
0 0.895312488079071 0.10312500596046448 0.1875 0.15156249701976776
0 0.30859375 0.8197917342185974 0.16093750298023224 0.1640625
0 0.5601562857627869 0.13229167461395264 0.16093750298023224 0.1640625
0 0.13046875596046448 0.6760417222976685 0.16093750298023224 0.1640625
2 0.4273437559604645 0.14687500894069672 0.06406249850988388 0.07343750447034836
2 0.02734375 0.20625001192092896 0.05156249925494194 0.07500000298023224
1 0.725781261920929 0.3083333373069763 0.3109374940395355 0.26250001788139343
0 0.42109376192092896 0.3760416805744171 0.19843749701976776 0.17343750596046448
0 0.21328125894069672 0.5208333730697632 0.15468750894069672 0.15312500298023224
0 0.078125 0.10104167461395264 0.15000000596046448 0.1484375
0 0.14531250298023224 0.30520835518836975 0.19375000894069672 0.15156249701976776
0 0.518750011920929 0.6270833611488342 0.15000000596046448 0.13437500596046448
0 0.4749999940395355 0.7541667222976685 0.16250000894069672 0.17499999701976776
0 0.4515624940395355 0.8687500357627869 0.16250000894069672 0.17499999701976776
0 0.7015625238418579 0.5593750476837158 0.18437500298023224 0.1328125
0 0.8492187857627869 0.9250000715255737 0.17656250298023224 0.11250000447034836
0 0.780468761920929 0.7510417103767395 0.22031250596046448 0.18593750894069672
0 0.61328125 0.8875000476837158 0.1640625 0.16875000298023224
0 0.895312488079071 0.10312500596046448 0.1875 0.15156249701976776
0 0.30859375 0.8197917342185974 0.16093750298023224 0.1640625
0 0.5601562857627869 0.13229167461395264 0.16093750298023224 0.1640625
0 0.13046875596046448 0.6760417222976685 0.16093750298023224 0.1640625
2 0.4273437559604645 0.14687500894069672 0.06406249850988388 0.07343750447034836
2 0.02734375 0.20625001192092896 0.05156249925494194 0.07500000298023224
1 0.725781261920929 0.3083333373069763 0.3109374940395355 0.26250001788139343
0 0.42109376192092896 0.3760416805744171 0.19843749701976776 0.17343750596046448
0 0.21328125894069672 0.5208333730697632 0.15468750894069672 0.15312500298023224
0 0.078125 0.10104167461395264 0.15000000596046448 0.1484375
0 0.14531250298023224 0.30520835518836975 0.19375000894069672 0.15156249701976776
0 0.518750011920929 0.6270833611488342 0.15000000596046448 0.13437500596046448
0 0.4749999940395355 0.7541667222976685 0.16250000894069672 0.17499999701976776
0 0.4515624940395355 0.8687500357627869 0.16250000894069672 0.17499999701976776
0 0.7015625238418579 0.5593750476837158 0.18437500298023224 0.1328125
0 0.8492187857627869 0.9250000715255737 0.17656250298023224 0.11250000447034836
0 0.780468761920929 0.7510417103767395 0.22031250596046448 0.18593750894069672
0 0.61328125 0.8875000476837158 0.1640625 0.16875000298023224
0 0.895312488079071 0.10312500596046448 0.1875 0.15156249701976776
0 0.30859375 0.8197917342185974 0.16093750298023224 0.1640625
0 0.5601562857627869 0.13229167461395264 0.16093750298023224 0.1640625
0 0.13046875596046448 0.6760417222976685 0.16093750298023224 0.1640625
2 0.4273437559604645 0.14687500894069672 0.06406249850988388 0.07343750447034836
2 0.02734375 0.20625001192092896 0.05156249925494194 0.07500000298023224
1 0.725781261920929 0.3083333373069763 0.3109374940395355 0.26250001788139343
