1 0.1773437526426278 0.677083368645981 0.28281250421423465 0.30000000447034836
1 0.5851562587195076 0.7531250392785296 0.42343750630971044 0.33906250505242497
0 0.34062500507570803 0.5656250294996426 0.15937500237487257 0.18593750277068466
0 0.1867187527823262 0.3968750206986442 0.1578125023515895 0.16406250244472176
0 0.13203125196741894 0.2656250138534233 0.12968750193249434 0.1359375020256266
0 0.49453125736908987 0.43645835609640926 0.12968750193249434 0.1359375020256266
0 0.5507812582072802 0.4635416908422485 0.12968750193249434 0.1359375020256266
0 0.48203125718282536 0.2343750122236088 0.12968750193249434 0.1359375020256266
0 0.5445312581141479 0.2468750128755346 0.12968750193249434 0.1359375020256266
0 0.594531258859206 0.25729168008547276 0.12968750193249434 0.1359375020256266
0 0.7859375117113814 0.07187500374857336 0.14687500218860805 0.10468750155996531
0 0.5804687586496584 0.07291667046956718 0.1796875026775524 0.10625000158324838
0 0.3984375059371814 0.04583333572372794 0.17187500256113708 0.0656250009778887
0 0.09062500135041773 0.08333333767950535 0.1312500019557774 0.12187500181607902
0 0.7375000109896064 0.27604168106336147 0.2062500030733645 0.16406250244472176
0 0.9375000139698386 0.6052083648974076 0.12500000186264515 0.17031250253785402
0 0.9460937640978955 0.4520833569113165 0.10781250160653144 0.13437500200234354
0 0.9421875140396878 0.24583334615454078 0.11562500172294676 0.1312500019557774
1 0.1773437526426278 0.677083368645981 0.28281250421423465 0.30000000447034836
1 0.5851562587195076 0.7531250392785296 0.42343750630971044 0.33906250505242497
0 0.34062500507570803 0.5656250294996426 0.15937500237487257 0.18593750277068466
0 0.1867187527823262 0.3968750206986442 0.1578125023515895 0.16406250244472176
0 0.13203125196741894 0.2656250138534233 0.12968750193249434 0.1359375020256266
0 0.49453125736908987 0.43645835609640926 0.12968750193249434 0.1359375020256266
0 0.5507812582072802 0.4635416908422485 0.12968750193249434 0.1359375020256266
0 0.48203125718282536 0.2343750122236088 0.12968750193249434 0.1359375020256266
0 0.5445312581141479 0.2468750128755346 0.12968750193249434 0.1359375020256266
0 0.594531258859206 0.25729168008547276 0.12968750193249434 0.1359375020256266
0 0.7859375117113814 0.07187500374857336 0.14687500218860805 0.10468750155996531
0 0.5804687586496584 0.07291667046956718 0.1796875026775524 0.10625000158324838
0 0.3984375059371814 0.04583333572372794 0.17187500256113708 0.0656250009778887
0 0.09062500135041773 0.08333333767950535 0.1312500019557774 0.12187500181607902
0 0.7375000109896064 0.27604168106336147 0.2062500030733645 0.16406250244472176
0 0.9375000139698386 0.6052083648974076 0.12500000186264515 0.17031250253785402
0 0.9460937640978955 0.4520833569113165 0.10781250160653144 0.13437500200234354
0 0.9421875140396878 0.24583334615454078 0.11562500172294676 0.1312500019557774
1 0.1773437526426278 0.677083368645981 0.28281250421423465 0.30000000447034836
1 0.5851562587195076 0.7531250392785296 0.42343750630971044 0.33906250505242497
0 0.34062500507570803 0.5656250294996426 0.15937500237487257 0.18593750277068466
0 0.1867187527823262 0.3968750206986442 0.1578125023515895 0.16406250244472176
0 0.13203125196741894 0.2656250138534233 0.12968750193249434 0.1359375020256266
0 0.49453125736908987 0.43645835609640926 0.12968750193249434 0.1359375020256266
0 0.5507812582072802 0.4635416908422485 0.12968750193249434 0.1359375020256266
0 0.48203125718282536 0.2343750122236088 0.12968750193249434 0.1359375020256266
0 0.5445312581141479 0.2468750128755346 0.12968750193249434 0.1359375020256266
0 0.594531258859206 0.25729168008547276 0.12968750193249434 0.1359375020256266
0 0.7859375117113814 0.07187500374857336 0.14687500218860805 0.10468750155996531
0 0.5804687586496584 0.07291667046956718 0.1796875026775524 0.10625000158324838
0 0.3984375059371814 0.04583333572372794 0.17187500256113708 0.0656250009778887
0 0.09062500135041773 0.08333333767950535 0.1312500019557774 0.12187500181607902
0 0.7375000109896064 0.27604168106336147 0.2062500030733645 0.16406250244472176
0 0.9375000139698386 0.6052083648974076 0.12500000186264515 0.17031250253785402
0 0.9460937640978955 0.4520833569113165 0.10781250160653144 0.13437500200234354
0 0.9421875140396878 0.24583334615454078 0.11562500172294676 0.1312500019557774
1 0.1773437526426278 0.677083368645981 0.28281250421423465 0.30000000447034836
1 0.5851562587195076 0.7531250392785296 0.42343750630971044 0.33906250505242497
0 0.34062500507570803 0.5656250294996426 0.15937500237487257 0.18593750277068466
0 0.1867187527823262 0.3968750206986442 0.1578125023515895 0.16406250244472176
0 0.13203125196741894 0.2656250138534233 0.12968750193249434 0.1359375020256266
0 0.49453125736908987 0.43645835609640926 0.12968750193249434 0.1359375020256266
0 0.5507812582072802 0.4635416908422485 0.12968750193249434 0.1359375020256266
0 0.48203125718282536 0.2343750122236088 0.12968750193249434 0.1359375020256266
0 0.5445312581141479 0.2468750128755346 0.12968750193249434 0.1359375020256266
0 0.594531258859206 0.25729168008547276 0.12968750193249434 0.1359375020256266
0 0.7859375117113814 0.07187500374857336 0.14687500218860805 0.10468750155996531
0 0.5804687586496584 0.07291667046956718 0.1796875026775524 0.10625000158324838
0 0.3984375059371814 0.04583333572372794 0.17187500256113708 0.0656250009778887
0 0.09062500135041773 0.08333333767950535 0.1312500019557774 0.12187500181607902
0 0.7375000109896064 0.27604168106336147 0.2062500030733645 0.16406250244472176
0 0.9375000139698386 0.6052083648974076 0.12500000186264515 0.17031250253785402
0 0.9460937640978955 0.4520833569113165 0.10781250160653144 0.13437500200234354
0 0.9421875140396878 0.24583334615454078 0.11562500172294676 0.1312500019557774
1 0.1773437526426278 0.677083368645981 0.28281250421423465 0.30000000447034836
1 0.5851562587195076 0.7531250392785296 0.42343750630971044 0.33906250505242497
0 0.34062500507570803 0.5656250294996426 0.15937500237487257 0.18593750277068466
0 0.1867187527823262 0.3968750206986442 0.1578125023515895 0.16406250244472176
0 0.13203125196741894 0.2656250138534233 0.12968750193249434 0.1359375020256266
0 0.49453125736908987 0.43645835609640926 0.12968750193249434 0.1359375020256266
0 0.5507812582072802 0.4635416908422485 0.12968750193249434 0.1359375020256266
0 0.48203125718282536 0.2343750122236088 0.12968750193249434 0.1359375020256266
0 0.5445312581141479 0.2468750128755346 0.12968750193249434 0.1359375020256266
0 0.594531258859206 0.25729168008547276 0.12968750193249434 0.1359375020256266
0 0.7859375117113814 0.07187500374857336 0.14687500218860805 0.10468750155996531
0 0.5804687586496584 0.07291667046956718 0.1796875026775524 0.10625000158324838
0 0.3984375059371814 0.04583333572372794 0.17187500256113708 0.0656250009778887
0 0.09062500135041773 0.08333333767950535 0.1312500019557774 0.12187500181607902
0 0.7375000109896064 0.27604168106336147 0.2062500030733645 0.16406250244472176
0 0.9375000139698386 0.6052083648974076 0.12500000186264515 0.17031250253785402
0 0.9460937640978955 0.4520833569113165 0.10781250160653144 0.13437500200234354
0 0.9421875140396878 0.24583334615454078 0.11562500172294676 0.1312500019557774
1 0.1773437526426278 0.677083368645981 0.28281250421423465 0.30000000447034836
1 0.5851562587195076 0.7531250392785296 0.42343750630971044 0.33906250505242497
0 0.34062500507570803 0.5656250294996426 0.15937500237487257 0.18593750277068466
0 0.1867187527823262 0.3968750206986442 0.1578125023515895 0.16406250244472176
0 0.13203125196741894 0.2656250138534233 0.12968750193249434 0.1359375020256266
0 0.49453125736908987 0.43645835609640926 0.12968750193249434 0.1359375020256266
0 0.5507812582072802 0.4635416908422485 0.12968750193249434 0.1359375020256266
0 0.48203125718282536 0.2343750122236088 0.12968750193249434 0.1359375020256266
0 0.5445312581141479 0.2468750128755346 0.12968750193249434 0.1359375020256266
0 0.594531258859206 0.25729168008547276 0.12968750193249434 0.1359375020256266
0 0.7859375117113814 0.07187500374857336 0.14687500218860805 0.10468750155996531
0 0.5804687586496584 0.07291667046956718 0.1796875026775524 0.10625000158324838
0 0.3984375059371814 0.04583333572372794 0.17187500256113708 0.0656250009778887
0 0.09062500135041773 0.08333333767950535 0.1312500019557774 0.12187500181607902
0 0.7375000109896064 0.27604168106336147 0.2062500030733645 0.16406250244472176
0 0.9375000139698386 0.6052083648974076 0.12500000186264515 0.17031250253785402
0 0.9460937640978955 0.4520833569113165 0.10781250160653144 0.13437500200234354
0 0.9421875140396878 0.24583334615454078 0.11562500172294676 0.1312500019557774
1 0.1773437526426278 0.677083368645981 0.28281250421423465 0.30000000447034836
1 0.5851562587195076 0.7531250392785296 0.42343750630971044 0.33906250505242497
0 0.34062500507570803 0.5656250294996426 0.15937500237487257 0.18593750277068466
0 0.1867187527823262 0.3968750206986442 0.1578125023515895 0.16406250244472176
0 0.13203125196741894 0.2656250138534233 0.12968750193249434 0.1359375020256266
0 0.49453125736908987 0.43645835609640926 0.12968750193249434 0.1359375020256266
0 0.5507812582072802 0.4635416908422485 0.12968750193249434 0.1359375020256266
0 0.48203125718282536 0.2343750122236088 0.12968750193249434 0.1359375020256266
0 0.5445312581141479 0.2468750128755346 0.12968750193249434 0.1359375020256266
0 0.594531258859206 0.25729168008547276 0.12968750193249434 0.1359375020256266
0 0.7859375117113814 0.07187500374857336 0.14687500218860805 0.10468750155996531
0 0.5804687586496584 0.07291667046956718 0.1796875026775524 0.10625000158324838
0 0.3984375059371814 0.04583333572372794 0.17187500256113708 0.0656250009778887
0 0.09062500135041773 0.08333333767950535 0.1312500019557774 0.12187500181607902
0 0.7375000109896064 0.27604168106336147 0.2062500030733645 0.16406250244472176
0 0.9375000139698386 0.6052083648974076 0.12500000186264515 0.17031250253785402
0 0.9460937640978955 0.4520833569113165 0.10781250160653144 0.13437500200234354
0 0.9421875140396878 0.24583334615454078 0.11562500172294676 0.1312500019557774
1 0.1773437526426278 0.677083368645981 0.28281250421423465 0.30000000447034836
1 0.5851562587195076 0.7531250392785296 0.42343750630971044 0.33906250505242497
0 0.34062500507570803 0.5656250294996426 0.15937500237487257 0.18593750277068466
0 0.1867187527823262 0.3968750206986442 0.1578125023515895 0.16406250244472176
0 0.13203125196741894 0.2656250138534233 0.12968750193249434 0.1359375020256266
0 0.49453125736908987 0.43645835609640926 0.12968750193249434 0.1359375020256266
0 0.5507812582072802 0.4635416908422485 0.12968750193249434 0.1359375020256266
0 0.48203125718282536 0.2343750122236088 0.12968750193249434 0.1359375020256266
0 0.5445312581141479 0.2468750128755346 0.12968750193249434 0.1359375020256266
0 0.594531258859206 0.25729168008547276 0.12968750193249434 0.1359375020256266
0 0.7859375117113814 0.07187500374857336 0.14687500218860805 0.10468750155996531
0 0.5804687586496584 0.07291667046956718 0.1796875026775524 0.10625000158324838
0 0.3984375059371814 0.04583333572372794 0.17187500256113708 0.0656250009778887
0 0.09062500135041773 0.08333333767950535 0.1312500019557774 0.12187500181607902
0 0.7375000109896064 0.27604168106336147 0.2062500030733645 0.16406250244472176
0 0.9375000139698386 0.6052083648974076 0.12500000186264515 0.17031250253785402
0 0.9460937640978955 0.4520833569113165 0.10781250160653144 0.13437500200234354
0 0.9421875140396878 0.24583334615454078 0.11562500172294676 0.1312500019557774
1 0.1773437526426278 0.677083368645981 0.28281250421423465 0.30000000447034836
1 0.5851562587195076 0.7531250392785296 0.42343750630971044 0.33906250505242497
0 0.34062500507570803 0.5656250294996426 0.15937500237487257 0.18593750277068466
0 0.1867187527823262 0.3968750206986442 0.1578125023515895 0.16406250244472176
0 0.13203125196741894 0.2656250138534233 0.12968750193249434 0.1359375020256266
0 0.49453125736908987 0.43645835609640926 0.12968750193249434 0.1359375020256266
0 0.5507812582072802 0.4635416908422485 0.12968750193249434 0.1359375020256266
0 0.48203125718282536 0.2343750122236088 0.12968750193249434 0.1359375020256266
0 0.5445312581141479 0.2468750128755346 0.12968750193249434 0.1359375020256266
0 0.594531258859206 0.25729168008547276 0.12968750193249434 0.1359375020256266
0 0.7859375117113814 0.07187500374857336 0.14687500218860805 0.10468750155996531
0 0.5804687586496584 0.07291667046956718 0.1796875026775524 0.10625000158324838
0 0.3984375059371814 0.04583333572372794 0.17187500256113708 0.0656250009778887
0 0.09062500135041773 0.08333333767950535 0.1312500019557774 0.12187500181607902
0 0.7375000109896064 0.27604168106336147 0.2062500030733645 0.16406250244472176
0 0.9375000139698386 0.6052083648974076 0.12500000186264515 0.17031250253785402
0 0.9460937640978955 0.4520833569113165 0.10781250160653144 0.13437500200234354
0 0.9421875140396878 0.24583334615454078 0.11562500172294676 0.1312500019557774
1 0.1773437526426278 0.677083368645981 0.28281250421423465 0.30000000447034836
1 0.5851562587195076 0.7531250392785296 0.42343750630971044 0.33906250505242497
0 0.34062500507570803 0.5656250294996426 0.15937500237487257 0.18593750277068466
0 0.1867187527823262 0.3968750206986442 0.1578125023515895 0.16406250244472176
0 0.13203125196741894 0.2656250138534233 0.12968750193249434 0.1359375020256266
0 0.49453125736908987 0.43645835609640926 0.12968750193249434 0.1359375020256266
0 0.5507812582072802 0.4635416908422485 0.12968750193249434 0.1359375020256266
0 0.48203125718282536 0.2343750122236088 0.12968750193249434 0.1359375020256266
0 0.5445312581141479 0.2468750128755346 0.12968750193249434 0.1359375020256266
0 0.594531258859206 0.25729168008547276 0.12968750193249434 0.1359375020256266
0 0.7859375117113814 0.07187500374857336 0.14687500218860805 0.10468750155996531
0 0.5804687586496584 0.07291667046956718 0.1796875026775524 0.10625000158324838
0 0.3984375059371814 0.04583333572372794 0.17187500256113708 0.0656250009778887
0 0.09062500135041773 0.08333333767950535 0.1312500019557774 0.12187500181607902
0 0.7375000109896064 0.27604168106336147 0.2062500030733645 0.16406250244472176
0 0.9375000139698386 0.6052083648974076 0.12500000186264515 0.17031250253785402
0 0.9460937640978955 0.4520833569113165 0.10781250160653144 0.13437500200234354
0 0.9421875140396878 0.24583334615454078 0.11562500172294676 0.1312500019557774
1 0.1773437526426278 0.677083368645981 0.28281250421423465 0.30000000447034836
1 0.5851562587195076 0.7531250392785296 0.42343750630971044 0.33906250505242497
0 0.34062500507570803 0.5656250294996426 0.15937500237487257 0.18593750277068466
0 0.1867187527823262 0.3968750206986442 0.1578125023515895 0.16406250244472176
0 0.13203125196741894 0.2656250138534233 0.12968750193249434 0.1359375020256266
0 0.49453125736908987 0.43645835609640926 0.12968750193249434 0.1359375020256266
0 0.5507812582072802 0.4635416908422485 0.12968750193249434 0.1359375020256266
0 0.48203125718282536 0.2343750122236088 0.12968750193249434 0.1359375020256266
0 0.5445312581141479 0.2468750128755346 0.12968750193249434 0.1359375020256266
0 0.594531258859206 0.25729168008547276 0.12968750193249434 0.1359375020256266
0 0.7859375117113814 0.07187500374857336 0.14687500218860805 0.10468750155996531
0 0.5804687586496584 0.07291667046956718 0.1796875026775524 0.10625000158324838
0 0.3984375059371814 0.04583333572372794 0.17187500256113708 0.0656250009778887
0 0.09062500135041773 0.08333333767950535 0.1312500019557774 0.12187500181607902
0 0.7375000109896064 0.27604168106336147 0.2062500030733645 0.16406250244472176
0 0.9375000139698386 0.6052083648974076 0.12500000186264515 0.17031250253785402
0 0.9460937640978955 0.4520833569113165 0.10781250160653144 0.13437500200234354
0 0.9421875140396878 0.24583334615454078 0.11562500172294676 0.1312500019557774
1 0.1773437526426278 0.677083368645981 0.28281250421423465 0.30000000447034836
1 0.5851562587195076 0.7531250392785296 0.42343750630971044 0.33906250505242497
0 0.34062500507570803 0.5656250294996426 0.15937500237487257 0.18593750277068466
0 0.1867187527823262 0.3968750206986442 0.1578125023515895 0.16406250244472176
0 0.13203125196741894 0.2656250138534233 0.12968750193249434 0.1359375020256266
0 0.49453125736908987 0.43645835609640926 0.12968750193249434 0.1359375020256266
0 0.5507812582072802 0.4635416908422485 0.12968750193249434 0.1359375020256266
0 0.48203125718282536 0.2343750122236088 0.12968750193249434 0.1359375020256266
0 0.5445312581141479 0.2468750128755346 0.12968750193249434 0.1359375020256266
0 0.594531258859206 0.25729168008547276 0.12968750193249434 0.1359375020256266
0 0.7859375117113814 0.07187500374857336 0.14687500218860805 0.10468750155996531
0 0.5804687586496584 0.07291667046956718 0.1796875026775524 0.10625000158324838
0 0.3984375059371814 0.04583333572372794 0.17187500256113708 0.0656250009778887
0 0.09062500135041773 0.08333333767950535 0.1312500019557774 0.12187500181607902
0 0.7375000109896064 0.27604168106336147 0.2062500030733645 0.16406250244472176
0 0.9375000139698386 0.6052083648974076 0.12500000186264515 0.17031250253785402
0 0.9460937640978955 0.4520833569113165 0.10781250160653144 0.13437500200234354
0 0.9421875140396878 0.24583334615454078 0.11562500172294676 0.1312500019557774
1 0.1773437526426278 0.677083368645981 0.28281250421423465 0.30000000447034836
1 0.5851562587195076 0.7531250392785296 0.42343750630971044 0.33906250505242497
0 0.34062500507570803 0.5656250294996426 0.15937500237487257 0.18593750277068466
0 0.1867187527823262 0.3968750206986442 0.1578125023515895 0.16406250244472176
0 0.13203125196741894 0.2656250138534233 0.12968750193249434 0.1359375020256266
0 0.49453125736908987 0.43645835609640926 0.12968750193249434 0.1359375020256266
0 0.5507812582072802 0.4635416908422485 0.12968750193249434 0.1359375020256266
0 0.48203125718282536 0.2343750122236088 0.12968750193249434 0.1359375020256266
0 0.5445312581141479 0.2468750128755346 0.12968750193249434 0.1359375020256266
0 0.594531258859206 0.25729168008547276 0.12968750193249434 0.1359375020256266
0 0.7859375117113814 0.07187500374857336 0.14687500218860805 0.10468750155996531
0 0.5804687586496584 0.07291667046956718 0.1796875026775524 0.10625000158324838
0 0.3984375059371814 0.04583333572372794 0.17187500256113708 0.0656250009778887
0 0.09062500135041773 0.08333333767950535 0.1312500019557774 0.12187500181607902
0 0.7375000109896064 0.27604168106336147 0.2062500030733645 0.16406250244472176
0 0.9375000139698386 0.6052083648974076 0.12500000186264515 0.17031250253785402
0 0.9460937640978955 0.4520833569113165 0.10781250160653144 0.13437500200234354
0 0.9421875140396878 0.24583334615454078 0.11562500172294676 0.1312500019557774
1 0.1773437526426278 0.677083368645981 0.28281250421423465 0.30000000447034836
1 0.5851562587195076 0.7531250392785296 0.42343750630971044 0.33906250505242497
0 0.34062500507570803 0.5656250294996426 0.15937500237487257 0.18593750277068466
0 0.1867187527823262 0.3968750206986442 0.1578125023515895 0.16406250244472176
0 0.13203125196741894 0.2656250138534233 0.12968750193249434 0.1359375020256266
0 0.49453125736908987 0.43645835609640926 0.12968750193249434 0.1359375020256266
0 0.5507812582072802 0.4635416908422485 0.12968750193249434 0.1359375020256266
0 0.48203125718282536 0.2343750122236088 0.12968750193249434 0.1359375020256266
0 0.5445312581141479 0.2468750128755346 0.12968750193249434 0.1359375020256266
0 0.594531258859206 0.25729168008547276 0.12968750193249434 0.1359375020256266
0 0.7859375117113814 0.07187500374857336 0.14687500218860805 0.10468750155996531
0 0.5804687586496584 0.07291667046956718 0.1796875026775524 0.10625000158324838
0 0.3984375059371814 0.04583333572372794 0.17187500256113708 0.0656250009778887
0 0.09062500135041773 0.08333333767950535 0.1312500019557774 0.12187500181607902
0 0.7375000109896064 0.27604168106336147 0.2062500030733645 0.16406250244472176
0 0.9375000139698386 0.6052083648974076 0.12500000186264515 0.17031250253785402
0 0.9460937640978955 0.4520833569113165 0.10781250160653144 0.13437500200234354
0 0.9421875140396878 0.24583334615454078 0.11562500172294676 0.1312500019557774
1 0.1773437526426278 0.677083368645981 0.28281250421423465 0.30000000447034836
1 0.5851562587195076 0.7531250392785296 0.42343750630971044 0.33906250505242497
0 0.34062500507570803 0.5656250294996426 0.15937500237487257 0.18593750277068466
0 0.1867187527823262 0.3968750206986442 0.1578125023515895 0.16406250244472176
0 0.13203125196741894 0.2656250138534233 0.12968750193249434 0.1359375020256266
0 0.49453125736908987 0.43645835609640926 0.12968750193249434 0.1359375020256266
0 0.5507812582072802 0.4635416908422485 0.12968750193249434 0.1359375020256266
0 0.48203125718282536 0.2343750122236088 0.12968750193249434 0.1359375020256266
0 0.5445312581141479 0.2468750128755346 0.12968750193249434 0.1359375020256266
0 0.594531258859206 0.25729168008547276 0.12968750193249434 0.1359375020256266
0 0.7859375117113814 0.07187500374857336 0.14687500218860805 0.10468750155996531
0 0.5804687586496584 0.07291667046956718 0.1796875026775524 0.10625000158324838
0 0.3984375059371814 0.04583333572372794 0.17187500256113708 0.0656250009778887
0 0.09062500135041773 0.08333333767950535 0.1312500019557774 0.12187500181607902
0 0.7375000109896064 0.27604168106336147 0.2062500030733645 0.16406250244472176
0 0.9375000139698386 0.6052083648974076 0.12500000186264515 0.17031250253785402
0 0.9460937640978955 0.4520833569113165 0.10781250160653144 0.13437500200234354
0 0.9421875140396878 0.24583334615454078 0.11562500172294676 0.1312500019557774
1 0.17734375596046448 0.6770833730697632 0.2828125059604645 0.30000001192092896
1 0.585156261920929 0.753125011920929 0.4234375059604645 0.33906251192092896
0 0.34062501788139343 0.565625011920929 0.15937499701976776 0.18593750894069672
0 0.18671874701976776 0.3968750238418579 0.15781250596046448 0.1640625
0 0.13203124701976776 0.265625 0.12968750298023224 0.13593749701976776
0 0.4945312440395355 0.4364583492279053 0.12968750298023224 0.13593749701976776
0 0.55078125 0.4635416865348816 0.12968750298023224 0.13593749701976776
0 0.4820312559604645 0.2343750149011612 0.12968750298023224 0.13593749701976776
0 0.5445312857627869 0.24687501788139343 0.12968750298023224 0.13593749701976776
0 0.594531238079071 0.25729167461395264 0.12968750298023224 0.13593749701976776
0 0.785937488079071 0.07187500596046448 0.14687500894069672 0.10468750447034836
0 0.5804687738418579 0.0729166716337204 0.1796875 0.10625000298023224
0 0.3984375 0.04583333432674408 0.171875 0.06562500447034836
0 0.09062500298023224 0.0833333358168602 0.13125000894069672 0.12187500298023224
0 0.737500011920929 0.2760416865348816 0.20624999701976776 0.1640625
0 0.9375 0.6052083373069763 0.125 0.17031250894069672
0 0.946093738079071 0.4520833492279053 0.10781250149011612 0.13437500596046448
0 0.942187488079071 0.2458333522081375 0.11562500149011612 0.13125000894069672
1 0.17734375596046448 0.6770833730697632 0.2828125059604645 0.30000001192092896
1 0.585156261920929 0.753125011920929 0.4234375059604645 0.33906251192092896
0 0.34062501788139343 0.565625011920929 0.15937499701976776 0.18593750894069672
0 0.18671874701976776 0.3968750238418579 0.15781250596046448 0.1640625
0 0.13203124701976776 0.265625 0.12968750298023224 0.13593749701976776
0 0.4945312440395355 0.4364583492279053 0.12968750298023224 0.13593749701976776
0 0.55078125 0.4635416865348816 0.12968750298023224 0.13593749701976776
0 0.4820312559604645 0.2343750149011612 0.12968750298023224 0.13593749701976776
0 0.5445312857627869 0.24687501788139343 0.12968750298023224 0.13593749701976776
0 0.594531238079071 0.25729167461395264 0.12968750298023224 0.13593749701976776
0 0.785937488079071 0.07187500596046448 0.14687500894069672 0.10468750447034836
0 0.5804687738418579 0.0729166716337204 0.1796875 0.10625000298023224
0 0.3984375 0.04583333432674408 0.171875 0.06562500447034836
0 0.09062500298023224 0.0833333358168602 0.13125000894069672 0.12187500298023224
0 0.737500011920929 0.2760416865348816 0.20624999701976776 0.1640625
0 0.9375 0.6052083373069763 0.125 0.17031250894069672
0 0.946093738079071 0.4520833492279053 0.10781250149011612 0.13437500596046448
0 0.942187488079071 0.2458333522081375 0.11562500149011612 0.13125000894069672
1 0.17734375596046448 0.6770833730697632 0.2828125059604645 0.30000001192092896
1 0.585156261920929 0.753125011920929 0.4234375059604645 0.33906251192092896
0 0.34062501788139343 0.565625011920929 0.15937499701976776 0.18593750894069672
0 0.18671874701976776 0.3968750238418579 0.15781250596046448 0.1640625
0 0.13203124701976776 0.265625 0.12968750298023224 0.13593749701976776
0 0.4945312440395355 0.4364583492279053 0.12968750298023224 0.13593749701976776
0 0.55078125 0.4635416865348816 0.12968750298023224 0.13593749701976776
0 0.4820312559604645 0.2343750149011612 0.12968750298023224 0.13593749701976776
0 0.5445312857627869 0.24687501788139343 0.12968750298023224 0.13593749701976776
0 0.594531238079071 0.25729167461395264 0.12968750298023224 0.13593749701976776
0 0.785937488079071 0.07187500596046448 0.14687500894069672 0.10468750447034836
0 0.5804687738418579 0.0729166716337204 0.1796875 0.10625000298023224
0 0.3984375 0.04583333432674408 0.171875 0.06562500447034836
0 0.09062500298023224 0.0833333358168602 0.13125000894069672 0.12187500298023224
0 0.737500011920929 0.2760416865348816 0.20624999701976776 0.1640625
0 0.9375 0.6052083373069763 0.125 0.17031250894069672
0 0.946093738079071 0.4520833492279053 0.10781250149011612 0.13437500596046448
0 0.942187488079071 0.2458333522081375 0.11562500149011612 0.13125000894069672
1 0.17734375596046448 0.6770833730697632 0.2828125059604645 0.30000001192092896
1 0.585156261920929 0.753125011920929 0.4234375059604645 0.33906251192092896
0 0.34062501788139343 0.565625011920929 0.15937499701976776 0.18593750894069672
0 0.18671874701976776 0.3968750238418579 0.15781250596046448 0.1640625
0 0.13203124701976776 0.265625 0.12968750298023224 0.13593749701976776
0 0.4945312440395355 0.4364583492279053 0.12968750298023224 0.13593749701976776
0 0.55078125 0.4635416865348816 0.12968750298023224 0.13593749701976776
0 0.4820312559604645 0.2343750149011612 0.12968750298023224 0.13593749701976776
0 0.5445312857627869 0.24687501788139343 0.12968750298023224 0.13593749701976776
0 0.594531238079071 0.25729167461395264 0.12968750298023224 0.13593749701976776
0 0.785937488079071 0.07187500596046448 0.14687500894069672 0.10468750447034836
0 0.5804687738418579 0.0729166716337204 0.1796875 0.10625000298023224
0 0.3984375 0.04583333432674408 0.171875 0.06562500447034836
0 0.09062500298023224 0.0833333358168602 0.13125000894069672 0.12187500298023224
0 0.737500011920929 0.2760416865348816 0.20624999701976776 0.1640625
0 0.9375 0.6052083373069763 0.125 0.17031250894069672
0 0.946093738079071 0.4520833492279053 0.10781250149011612 0.13437500596046448
0 0.942187488079071 0.2458333522081375 0.11562500149011612 0.13125000894069672
1 0.17734375596046448 0.6770833730697632 0.2828125059604645 0.30000001192092896
1 0.585156261920929 0.753125011920929 0.4234375059604645 0.33906251192092896
0 0.34062501788139343 0.565625011920929 0.15937499701976776 0.18593750894069672
0 0.18671874701976776 0.3968750238418579 0.15781250596046448 0.1640625
0 0.13203124701976776 0.265625 0.12968750298023224 0.13593749701976776
0 0.4945312440395355 0.4364583492279053 0.12968750298023224 0.13593749701976776
0 0.55078125 0.4635416865348816 0.12968750298023224 0.13593749701976776
0 0.4820312559604645 0.2343750149011612 0.12968750298023224 0.13593749701976776
0 0.5445312857627869 0.24687501788139343 0.12968750298023224 0.13593749701976776
0 0.594531238079071 0.25729167461395264 0.12968750298023224 0.13593749701976776
0 0.785937488079071 0.07187500596046448 0.14687500894069672 0.10468750447034836
0 0.5804687738418579 0.0729166716337204 0.1796875 0.10625000298023224
0 0.3984375 0.04583333432674408 0.171875 0.06562500447034836
0 0.09062500298023224 0.0833333358168602 0.13125000894069672 0.12187500298023224
0 0.737500011920929 0.2760416865348816 0.20624999701976776 0.1640625
0 0.9375 0.6052083373069763 0.125 0.17031250894069672
0 0.946093738079071 0.4520833492279053 0.10781250149011612 0.13437500596046448
0 0.942187488079071 0.2458333522081375 0.11562500149011612 0.13125000894069672
1 0.17734375596046448 0.6770833730697632 0.2828125059604645 0.30000001192092896
1 0.585156261920929 0.753125011920929 0.4234375059604645 0.33906251192092896
0 0.34062501788139343 0.565625011920929 0.15937499701976776 0.18593750894069672
0 0.18671874701976776 0.3968750238418579 0.15781250596046448 0.1640625
0 0.13203124701976776 0.265625 0.12968750298023224 0.13593749701976776
0 0.4945312440395355 0.4364583492279053 0.12968750298023224 0.13593749701976776
0 0.55078125 0.4635416865348816 0.12968750298023224 0.13593749701976776
0 0.4820312559604645 0.2343750149011612 0.12968750298023224 0.13593749701976776
0 0.5445312857627869 0.24687501788139343 0.12968750298023224 0.13593749701976776
0 0.594531238079071 0.25729167461395264 0.12968750298023224 0.13593749701976776
0 0.785937488079071 0.07187500596046448 0.14687500894069672 0.10468750447034836
0 0.5804687738418579 0.0729166716337204 0.1796875 0.10625000298023224
0 0.3984375 0.04583333432674408 0.171875 0.06562500447034836
0 0.09062500298023224 0.0833333358168602 0.13125000894069672 0.12187500298023224
0 0.737500011920929 0.2760416865348816 0.20624999701976776 0.1640625
0 0.9375 0.6052083373069763 0.125 0.17031250894069672
0 0.946093738079071 0.4520833492279053 0.10781250149011612 0.13437500596046448
0 0.942187488079071 0.2458333522081375 0.11562500149011612 0.13125000894069672
1 0.17734375596046448 0.6770833730697632 0.2828125059604645 0.30000001192092896
1 0.585156261920929 0.753125011920929 0.4234375059604645 0.33906251192092896
0 0.34062501788139343 0.565625011920929 0.15937499701976776 0.18593750894069672
0 0.18671874701976776 0.3968750238418579 0.15781250596046448 0.1640625
0 0.13203124701976776 0.265625 0.12968750298023224 0.13593749701976776
0 0.4945312440395355 0.4364583492279053 0.12968750298023224 0.13593749701976776
0 0.55078125 0.4635416865348816 0.12968750298023224 0.13593749701976776
0 0.4820312559604645 0.2343750149011612 0.12968750298023224 0.13593749701976776
0 0.5445312857627869 0.24687501788139343 0.12968750298023224 0.13593749701976776
0 0.594531238079071 0.25729167461395264 0.12968750298023224 0.13593749701976776
0 0.785937488079071 0.07187500596046448 0.14687500894069672 0.10468750447034836
0 0.5804687738418579 0.0729166716337204 0.1796875 0.10625000298023224
0 0.3984375 0.04583333432674408 0.171875 0.06562500447034836
0 0.09062500298023224 0.0833333358168602 0.13125000894069672 0.12187500298023224
0 0.737500011920929 0.2760416865348816 0.20624999701976776 0.1640625
0 0.9375 0.6052083373069763 0.125 0.17031250894069672
0 0.946093738079071 0.4520833492279053 0.10781250149011612 0.13437500596046448
0 0.942187488079071 0.2458333522081375 0.11562500149011612 0.13125000894069672
