0 0.5031250074971467 0.5072916931239888 0.13750000204890966 0.14843750221189111
0 0.6296875093830749 0.5968750311294571 0.13750000204890966 0.14843750221189111
0 0.8859375132014975 0.3281250171130523 0.13750000204890966 0.14843750221189111
0 0.7929687618161552 0.5281250275438651 0.1890625028172508 0.17343750258442014
0 0.3804687556694262 0.3135416830191389 0.1890625028172508 0.17343750258442014
0 0.3375000050291419 0.529166694264859 0.1625000024214387 0.16562500246800482
0 0.37968750565778464 0.11041667242534459 0.1625000024214387 0.1625000024214387
0 0.22187500330619514 0.46666669100522995 0.1625000024214387 0.16562500246800482
0 0.8562500127591193 0.7437500387895852 0.1625000024214387 0.16562500246800482
0 0.5046875075204298 0.8145833758171648 0.1625000024214387 0.16562500246800482
0 0.32656250486616045 0.8812500459607691 0.1625000024214387 0.16562500246800482
0 0.08203125122236088 0.7583333728834987 0.16093750239815563 0.16562500246800482
0 0.24375000363215804 0.7041667033918202 0.1625000024214387 0.16562500246800482
1 0.6453125096159056 0.23645834566559643 0.3375000050291419 0.31406250467989594
1 0.9546875142259523 0.6156250321073458 0.059375000884756446 0.05781250086147338
0 0.5031250074971467 0.5072916931239888 0.13750000204890966 0.14843750221189111
0 0.6296875093830749 0.5968750311294571 0.13750000204890966 0.14843750221189111
0 0.8859375132014975 0.3281250171130523 0.13750000204890966 0.14843750221189111
0 0.7929687618161552 0.5281250275438651 0.1890625028172508 0.17343750258442014
0 0.3804687556694262 0.3135416830191389 0.1890625028172508 0.17343750258442014
0 0.3375000050291419 0.529166694264859 0.1625000024214387 0.16562500246800482
0 0.37968750565778464 0.11041667242534459 0.1625000024214387 0.1625000024214387
0 0.22187500330619514 0.46666669100522995 0.1625000024214387 0.16562500246800482
0 0.8562500127591193 0.7437500387895852 0.1625000024214387 0.16562500246800482
0 0.5046875075204298 0.8145833758171648 0.1625000024214387 0.16562500246800482
0 0.32656250486616045 0.8812500459607691 0.1625000024214387 0.16562500246800482
0 0.08203125122236088 0.7583333728834987 0.16093750239815563 0.16562500246800482
0 0.24375000363215804 0.7041667033918202 0.1625000024214387 0.16562500246800482
1 0.6453125096159056 0.23645834566559643 0.3375000050291419 0.31406250467989594
1 0.9546875142259523 0.6156250321073458 0.059375000884756446 0.05781250086147338
0 0.5031250074971467 0.5072916931239888 0.13750000204890966 0.14843750221189111
0 0.6296875093830749 0.5968750311294571 0.13750000204890966 0.14843750221189111
0 0.8859375132014975 0.3281250171130523 0.13750000204890966 0.14843750221189111
0 0.7929687618161552 0.5281250275438651 0.1890625028172508 0.17343750258442014
0 0.3804687556694262 0.3135416830191389 0.1890625028172508 0.17343750258442014
0 0.3375000050291419 0.529166694264859 0.1625000024214387 0.16562500246800482
0 0.37968750565778464 0.11041667242534459 0.1625000024214387 0.1625000024214387
0 0.22187500330619514 0.46666669100522995 0.1625000024214387 0.16562500246800482
0 0.8562500127591193 0.7437500387895852 0.1625000024214387 0.16562500246800482
0 0.5046875075204298 0.8145833758171648 0.1625000024214387 0.16562500246800482
0 0.32656250486616045 0.8812500459607691 0.1625000024214387 0.16562500246800482
0 0.08203125122236088 0.7583333728834987 0.16093750239815563 0.16562500246800482
0 0.24375000363215804 0.7041667033918202 0.1625000024214387 0.16562500246800482
1 0.6453125096159056 0.23645834566559643 0.3375000050291419 0.31406250467989594
1 0.9546875142259523 0.6156250321073458 0.059375000884756446 0.05781250086147338
0 0.5031250074971467 0.5072916931239888 0.13750000204890966 0.14843750221189111
0 0.6296875093830749 0.5968750311294571 0.13750000204890966 0.14843750221189111
0 0.8859375132014975 0.3281250171130523 0.13750000204890966 0.14843750221189111
0 0.7929687618161552 0.5281250275438651 0.1890625028172508 0.17343750258442014
0 0.3804687556694262 0.3135416830191389 0.1890625028172508 0.17343750258442014
0 0.3375000050291419 0.529166694264859 0.1625000024214387 0.16562500246800482
0 0.37968750565778464 0.11041667242534459 0.1625000024214387 0.1625000024214387
0 0.22187500330619514 0.46666669100522995 0.1625000024214387 0.16562500246800482
0 0.8562500127591193 0.7437500387895852 0.1625000024214387 0.16562500246800482
0 0.5046875075204298 0.8145833758171648 0.1625000024214387 0.16562500246800482
0 0.32656250486616045 0.8812500459607691 0.1625000024214387 0.16562500246800482
0 0.08203125122236088 0.7583333728834987 0.16093750239815563 0.16562500246800482
0 0.24375000363215804 0.7041667033918202 0.1625000024214387 0.16562500246800482
1 0.6453125096159056 0.23645834566559643 0.3375000050291419 0.31406250467989594
1 0.9546875142259523 0.6156250321073458 0.059375000884756446 0.05781250086147338
0 0.5031250074971467 0.5072916931239888 0.13750000204890966 0.14843750221189111
0 0.6296875093830749 0.5968750311294571 0.13750000204890966 0.14843750221189111
0 0.8859375132014975 0.3281250171130523 0.13750000204890966 0.14843750221189111
0 0.7929687618161552 0.5281250275438651 0.1890625028172508 0.17343750258442014
0 0.3804687556694262 0.3135416830191389 0.1890625028172508 0.17343750258442014
0 0.3375000050291419 0.529166694264859 0.1625000024214387 0.16562500246800482
0 0.37968750565778464 0.11041667242534459 0.1625000024214387 0.1625000024214387
0 0.22187500330619514 0.46666669100522995 0.1625000024214387 0.16562500246800482
0 0.8562500127591193 0.7437500387895852 0.1625000024214387 0.16562500246800482
0 0.5046875075204298 0.8145833758171648 0.1625000024214387 0.16562500246800482
0 0.32656250486616045 0.8812500459607691 0.1625000024214387 0.16562500246800482
0 0.08203125122236088 0.7583333728834987 0.16093750239815563 0.16562500246800482
0 0.24375000363215804 0.7041667033918202 0.1625000024214387 0.16562500246800482
1 0.6453125096159056 0.23645834566559643 0.3375000050291419 0.31406250467989594
1 0.9546875142259523 0.6156250321073458 0.059375000884756446 0.05781250086147338
0 0.5031250074971467 0.5072916931239888 0.13750000204890966 0.14843750221189111
0 0.6296875093830749 0.5968750311294571 0.13750000204890966 0.14843750221189111
0 0.8859375132014975 0.3281250171130523 0.13750000204890966 0.14843750221189111
0 0.7929687618161552 0.5281250275438651 0.1890625028172508 0.17343750258442014
0 0.3804687556694262 0.3135416830191389 0.1890625028172508 0.17343750258442014
0 0.3375000050291419 0.529166694264859 0.1625000024214387 0.16562500246800482
0 0.37968750565778464 0.11041667242534459 0.1625000024214387 0.1625000024214387
0 0.22187500330619514 0.46666669100522995 0.1625000024214387 0.16562500246800482
0 0.8562500127591193 0.7437500387895852 0.1625000024214387 0.16562500246800482
0 0.5046875075204298 0.8145833758171648 0.1625000024214387 0.16562500246800482
0 0.32656250486616045 0.8812500459607691 0.1625000024214387 0.16562500246800482
0 0.08203125122236088 0.7583333728834987 0.16093750239815563 0.16562500246800482
0 0.24375000363215804 0.7041667033918202 0.1625000024214387 0.16562500246800482
1 0.6453125096159056 0.23645834566559643 0.3375000050291419 0.31406250467989594
1 0.9546875142259523 0.6156250321073458 0.059375000884756446 0.05781250086147338
0 0.5031250074971467 0.5072916931239888 0.13750000204890966 0.14843750221189111
0 0.6296875093830749 0.5968750311294571 0.13750000204890966 0.14843750221189111
0 0.8859375132014975 0.3281250171130523 0.13750000204890966 0.14843750221189111
0 0.7929687618161552 0.5281250275438651 0.1890625028172508 0.17343750258442014
0 0.3804687556694262 0.3135416830191389 0.1890625028172508 0.17343750258442014
0 0.3375000050291419 0.529166694264859 0.1625000024214387 0.16562500246800482
0 0.37968750565778464 0.11041667242534459 0.1625000024214387 0.1625000024214387
0 0.22187500330619514 0.46666669100522995 0.1625000024214387 0.16562500246800482
0 0.8562500127591193 0.7437500387895852 0.1625000024214387 0.16562500246800482
0 0.5046875075204298 0.8145833758171648 0.1625000024214387 0.16562500246800482
0 0.32656250486616045 0.8812500459607691 0.1625000024214387 0.16562500246800482
0 0.08203125122236088 0.7583333728834987 0.16093750239815563 0.16562500246800482
0 0.24375000363215804 0.7041667033918202 0.1625000024214387 0.16562500246800482
1 0.6453125096159056 0.23645834566559643 0.3375000050291419 0.31406250467989594
1 0.9546875142259523 0.6156250321073458 0.059375000884756446 0.05781250086147338
0 0.5031250074971467 0.5072916931239888 0.13750000204890966 0.14843750221189111
0 0.6296875093830749 0.5968750311294571 0.13750000204890966 0.14843750221189111
0 0.8859375132014975 0.3281250171130523 0.13750000204890966 0.14843750221189111
0 0.7929687618161552 0.5281250275438651 0.1890625028172508 0.17343750258442014
0 0.3804687556694262 0.3135416830191389 0.1890625028172508 0.17343750258442014
0 0.3375000050291419 0.529166694264859 0.1625000024214387 0.16562500246800482
0 0.37968750565778464 0.11041667242534459 0.1625000024214387 0.1625000024214387
0 0.22187500330619514 0.46666669100522995 0.1625000024214387 0.16562500246800482
0 0.8562500127591193 0.7437500387895852 0.1625000024214387 0.16562500246800482
0 0.5046875075204298 0.8145833758171648 0.1625000024214387 0.16562500246800482
0 0.32656250486616045 0.8812500459607691 0.1625000024214387 0.16562500246800482
0 0.08203125122236088 0.7583333728834987 0.16093750239815563 0.16562500246800482
0 0.24375000363215804 0.7041667033918202 0.1625000024214387 0.16562500246800482
1 0.6453125096159056 0.23645834566559643 0.3375000050291419 0.31406250467989594
1 0.9546875142259523 0.6156250321073458 0.059375000884756446 0.05781250086147338
0 0.5031250074971467 0.5072916931239888 0.13750000204890966 0.14843750221189111
0 0.6296875093830749 0.5968750311294571 0.13750000204890966 0.14843750221189111
0 0.8859375132014975 0.3281250171130523 0.13750000204890966 0.14843750221189111
0 0.7929687618161552 0.5281250275438651 0.1890625028172508 0.17343750258442014
0 0.3804687556694262 0.3135416830191389 0.1890625028172508 0.17343750258442014
0 0.3375000050291419 0.529166694264859 0.1625000024214387 0.16562500246800482
0 0.37968750565778464 0.11041667242534459 0.1625000024214387 0.1625000024214387
0 0.22187500330619514 0.46666669100522995 0.1625000024214387 0.16562500246800482
0 0.8562500127591193 0.7437500387895852 0.1625000024214387 0.16562500246800482
0 0.5046875075204298 0.8145833758171648 0.1625000024214387 0.16562500246800482
0 0.32656250486616045 0.8812500459607691 0.1625000024214387 0.16562500246800482
0 0.08203125122236088 0.7583333728834987 0.16093750239815563 0.16562500246800482
0 0.24375000363215804 0.7041667033918202 0.1625000024214387 0.16562500246800482
1 0.6453125096159056 0.23645834566559643 0.3375000050291419 0.31406250467989594
1 0.9546875142259523 0.6156250321073458 0.059375000884756446 0.05781250086147338
0 0.5031250074971467 0.5072916931239888 0.13750000204890966 0.14843750221189111
0 0.6296875093830749 0.5968750311294571 0.13750000204890966 0.14843750221189111
0 0.8859375132014975 0.3281250171130523 0.13750000204890966 0.14843750221189111
0 0.7929687618161552 0.5281250275438651 0.1890625028172508 0.17343750258442014
0 0.3804687556694262 0.3135416830191389 0.1890625028172508 0.17343750258442014
0 0.3375000050291419 0.529166694264859 0.1625000024214387 0.16562500246800482
0 0.37968750565778464 0.11041667242534459 0.1625000024214387 0.1625000024214387
0 0.22187500330619514 0.46666669100522995 0.1625000024214387 0.16562500246800482
0 0.8562500127591193 0.7437500387895852 0.1625000024214387 0.16562500246800482
0 0.5046875075204298 0.8145833758171648 0.1625000024214387 0.16562500246800482
0 0.32656250486616045 0.8812500459607691 0.1625000024214387 0.16562500246800482
0 0.08203125122236088 0.7583333728834987 0.16093750239815563 0.16562500246800482
0 0.24375000363215804 0.7041667033918202 0.1625000024214387 0.16562500246800482
1 0.6453125096159056 0.23645834566559643 0.3375000050291419 0.31406250467989594
1 0.9546875142259523 0.6156250321073458 0.059375000884756446 0.05781250086147338
0 0.5031250074971467 0.5072916931239888 0.13750000204890966 0.14843750221189111
0 0.6296875093830749 0.5968750311294571 0.13750000204890966 0.14843750221189111
0 0.8859375132014975 0.3281250171130523 0.13750000204890966 0.14843750221189111
0 0.7929687618161552 0.5281250275438651 0.1890625028172508 0.17343750258442014
0 0.3804687556694262 0.3135416830191389 0.1890625028172508 0.17343750258442014
0 0.3375000050291419 0.529166694264859 0.1625000024214387 0.16562500246800482
0 0.37968750565778464 0.11041667242534459 0.1625000024214387 0.1625000024214387
0 0.22187500330619514 0.46666669100522995 0.1625000024214387 0.16562500246800482
0 0.8562500127591193 0.7437500387895852 0.1625000024214387 0.16562500246800482
0 0.5046875075204298 0.8145833758171648 0.1625000024214387 0.16562500246800482
0 0.32656250486616045 0.8812500459607691 0.1625000024214387 0.16562500246800482
0 0.08203125122236088 0.7583333728834987 0.16093750239815563 0.16562500246800482
0 0.24375000363215804 0.7041667033918202 0.1625000024214387 0.16562500246800482
1 0.6453125096159056 0.23645834566559643 0.3375000050291419 0.31406250467989594
1 0.9546875142259523 0.6156250321073458 0.059375000884756446 0.05781250086147338
0 0.5031250074971467 0.5072916931239888 0.13750000204890966 0.14843750221189111
0 0.6296875093830749 0.5968750311294571 0.13750000204890966 0.14843750221189111
0 0.8859375132014975 0.3281250171130523 0.13750000204890966 0.14843750221189111
0 0.7929687618161552 0.5281250275438651 0.1890625028172508 0.17343750258442014
0 0.3804687556694262 0.3135416830191389 0.1890625028172508 0.17343750258442014
0 0.3375000050291419 0.529166694264859 0.1625000024214387 0.16562500246800482
0 0.37968750565778464 0.11041667242534459 0.1625000024214387 0.1625000024214387
0 0.22187500330619514 0.46666669100522995 0.1625000024214387 0.16562500246800482
0 0.8562500127591193 0.7437500387895852 0.1625000024214387 0.16562500246800482
0 0.5046875075204298 0.8145833758171648 0.1625000024214387 0.16562500246800482
0 0.32656250486616045 0.8812500459607691 0.1625000024214387 0.16562500246800482
0 0.08203125122236088 0.7583333728834987 0.16093750239815563 0.16562500246800482
0 0.24375000363215804 0.7041667033918202 0.1625000024214387 0.16562500246800482
1 0.6453125096159056 0.23645834566559643 0.3375000050291419 0.31406250467989594
1 0.9546875142259523 0.6156250321073458 0.059375000884756446 0.05781250086147338
0 0.5031250074971467 0.5072916931239888 0.13750000204890966 0.14843750221189111
0 0.6296875093830749 0.5968750311294571 0.13750000204890966 0.14843750221189111
0 0.8859375132014975 0.3281250171130523 0.13750000204890966 0.14843750221189111
0 0.7929687618161552 0.5281250275438651 0.1890625028172508 0.17343750258442014
0 0.3804687556694262 0.3135416830191389 0.1890625028172508 0.17343750258442014
0 0.3375000050291419 0.529166694264859 0.1625000024214387 0.16562500246800482
0 0.37968750565778464 0.11041667242534459 0.1625000024214387 0.1625000024214387
0 0.22187500330619514 0.46666669100522995 0.1625000024214387 0.16562500246800482
0 0.8562500127591193 0.7437500387895852 0.1625000024214387 0.16562500246800482
0 0.5046875075204298 0.8145833758171648 0.1625000024214387 0.16562500246800482
0 0.32656250486616045 0.8812500459607691 0.1625000024214387 0.16562500246800482
0 0.08203125122236088 0.7583333728834987 0.16093750239815563 0.16562500246800482
0 0.24375000363215804 0.7041667033918202 0.1625000024214387 0.16562500246800482
1 0.6453125096159056 0.23645834566559643 0.3375000050291419 0.31406250467989594
1 0.9546875142259523 0.6156250321073458 0.059375000884756446 0.05781250086147338
0 0.5031250074971467 0.5072916931239888 0.13750000204890966 0.14843750221189111
0 0.6296875093830749 0.5968750311294571 0.13750000204890966 0.14843750221189111
0 0.8859375132014975 0.3281250171130523 0.13750000204890966 0.14843750221189111
0 0.7929687618161552 0.5281250275438651 0.1890625028172508 0.17343750258442014
0 0.3804687556694262 0.3135416830191389 0.1890625028172508 0.17343750258442014
0 0.3375000050291419 0.529166694264859 0.1625000024214387 0.16562500246800482
0 0.37968750565778464 0.11041667242534459 0.1625000024214387 0.1625000024214387
0 0.22187500330619514 0.46666669100522995 0.1625000024214387 0.16562500246800482
0 0.8562500127591193 0.7437500387895852 0.1625000024214387 0.16562500246800482
0 0.5046875075204298 0.8145833758171648 0.1625000024214387 0.16562500246800482
0 0.32656250486616045 0.8812500459607691 0.1625000024214387 0.16562500246800482
0 0.08203125122236088 0.7583333728834987 0.16093750239815563 0.16562500246800482
0 0.24375000363215804 0.7041667033918202 0.1625000024214387 0.16562500246800482
1 0.6453125096159056 0.23645834566559643 0.3375000050291419 0.31406250467989594
2 0.9546875142259523 0.6156250321073458 0.059375000884756446 0.05781250086147338
0 0.5031250074971467 0.5072916931239888 0.13750000204890966 0.14843750221189111
0 0.6296875093830749 0.5968750311294571 0.13750000204890966 0.14843750221189111
0 0.8859375132014975 0.3281250171130523 0.13750000204890966 0.14843750221189111
0 0.7929687618161552 0.5281250275438651 0.1890625028172508 0.17343750258442014
0 0.3804687556694262 0.3135416830191389 0.1890625028172508 0.17343750258442014
0 0.3375000050291419 0.529166694264859 0.1625000024214387 0.16562500246800482
0 0.37968750565778464 0.11041667242534459 0.1625000024214387 0.1625000024214387
0 0.22187500330619514 0.46666669100522995 0.1625000024214387 0.16562500246800482
0 0.8562500127591193 0.7437500387895852 0.1625000024214387 0.16562500246800482
0 0.5046875075204298 0.8145833758171648 0.1625000024214387 0.16562500246800482
0 0.32656250486616045 0.8812500459607691 0.1625000024214387 0.16562500246800482
0 0.08203125122236088 0.7583333728834987 0.16093750239815563 0.16562500246800482
0 0.24375000363215804 0.7041667033918202 0.1625000024214387 0.16562500246800482
1 0.6453125096159056 0.23645834566559643 0.3375000050291419 0.31406250467989594
2 0.9546875142259523 0.6156250321073458 0.059375000884756446 0.05781250086147338
0 0.503125011920929 0.5072916746139526 0.13750000298023224 0.1484375
0 0.629687488079071 0.596875011920929 0.13750000298023224 0.1484375
0 0.885937511920929 0.3281250298023224 0.13750000298023224 0.1484375
0 0.79296875 0.5281250476837158 0.18906250596046448 0.17343750596046448
0 0.3804687559604645 0.3135416805744171 0.18906250596046448 0.17343750596046448
0 0.3375000059604645 0.5291666984558105 0.16250000894069672 0.16562500596046448
0 0.37968751788139343 0.11041667312383652 0.16250000894069672 0.16250000894069672
0 0.22187499701976776 0.46666669845581055 0.16250000894069672 0.16562500596046448
0 0.856249988079071 0.7437500357627869 0.16250000894069672 0.16562500596046448
0 0.504687488079071 0.8145833611488342 0.16250000894069672 0.16562500596046448
0 0.3265624940395355 0.8812500238418579 0.16250000894069672 0.16562500596046448
0 0.08203125 0.7583333849906921 0.16093750298023224 0.16562500596046448
0 0.24375000596046448 0.7041667103767395 0.16250000894069672 0.16562500596046448
1 0.645312488079071 0.23645834624767303 0.3375000059604645 0.3140625059604645
2 0.9546875357627869 0.6156250238418579 0.05937499925494194 0.05781250074505806
0 0.503125011920929 0.5072916746139526 0.13750000298023224 0.1484375
0 0.629687488079071 0.596875011920929 0.13750000298023224 0.1484375
0 0.885937511920929 0.3281250298023224 0.13750000298023224 0.1484375
0 0.79296875 0.5281250476837158 0.18906250596046448 0.17343750596046448
0 0.3804687559604645 0.3135416805744171 0.18906250596046448 0.17343750596046448
0 0.3375000059604645 0.5291666984558105 0.16250000894069672 0.16562500596046448
0 0.37968751788139343 0.11041667312383652 0.16250000894069672 0.16250000894069672
0 0.22187499701976776 0.46666669845581055 0.16250000894069672 0.16562500596046448
0 0.856249988079071 0.7437500357627869 0.16250000894069672 0.16562500596046448
0 0.504687488079071 0.8145833611488342 0.16250000894069672 0.16562500596046448
0 0.3265624940395355 0.8812500238418579 0.16250000894069672 0.16562500596046448
0 0.08203125 0.7583333849906921 0.16093750298023224 0.16562500596046448
0 0.24375000596046448 0.7041667103767395 0.16250000894069672 0.16562500596046448
1 0.645312488079071 0.23645834624767303 0.3375000059604645 0.3140625059604645
2 0.9546875357627869 0.6156250238418579 0.05937499925494194 0.05781250074505806
0 0.503125011920929 0.5072916746139526 0.13750000298023224 0.1484375
0 0.629687488079071 0.596875011920929 0.13750000298023224 0.1484375
0 0.885937511920929 0.3281250298023224 0.13750000298023224 0.1484375
0 0.79296875 0.5281250476837158 0.18906250596046448 0.17343750596046448
0 0.3804687559604645 0.3135416805744171 0.18906250596046448 0.17343750596046448
0 0.3375000059604645 0.5291666984558105 0.16250000894069672 0.16562500596046448
0 0.37968751788139343 0.11041667312383652 0.16250000894069672 0.16250000894069672
0 0.22187499701976776 0.46666669845581055 0.16250000894069672 0.16562500596046448
0 0.856249988079071 0.7437500357627869 0.16250000894069672 0.16562500596046448
0 0.504687488079071 0.8145833611488342 0.16250000894069672 0.16562500596046448
0 0.3265624940395355 0.8812500238418579 0.16250000894069672 0.16562500596046448
0 0.08203125 0.7583333849906921 0.16093750298023224 0.16562500596046448
0 0.24375000596046448 0.7041667103767395 0.16250000894069672 0.16562500596046448
1 0.645312488079071 0.23645834624767303 0.3375000059604645 0.3140625059604645
2 0.9546875357627869 0.6156250238418579 0.05937499925494194 0.05781250074505806
0 0.503125011920929 0.5072916746139526 0.13750000298023224 0.1484375
0 0.629687488079071 0.596875011920929 0.13750000298023224 0.1484375
0 0.885937511920929 0.3281250298023224 0.13750000298023224 0.1484375
0 0.79296875 0.5281250476837158 0.18906250596046448 0.17343750596046448
0 0.3804687559604645 0.3135416805744171 0.18906250596046448 0.17343750596046448
0 0.3375000059604645 0.5291666984558105 0.16250000894069672 0.16562500596046448
0 0.37968751788139343 0.11041667312383652 0.16250000894069672 0.16250000894069672
0 0.22187499701976776 0.46666669845581055 0.16250000894069672 0.16562500596046448
0 0.856249988079071 0.7437500357627869 0.16250000894069672 0.16562500596046448
0 0.504687488079071 0.8145833611488342 0.16250000894069672 0.16562500596046448
0 0.3265624940395355 0.8812500238418579 0.16250000894069672 0.16562500596046448
0 0.08203125 0.7583333849906921 0.16093750298023224 0.16562500596046448
0 0.24375000596046448 0.7041667103767395 0.16250000894069672 0.16562500596046448
1 0.645312488079071 0.23645834624767303 0.3375000059604645 0.3140625059604645
2 0.9546875357627869 0.6156250238418579 0.05937499925494194 0.05781250074505806
0 0.503125011920929 0.5072916746139526 0.13750000298023224 0.1484375
0 0.629687488079071 0.596875011920929 0.13750000298023224 0.1484375
0 0.885937511920929 0.3281250298023224 0.13750000298023224 0.1484375
0 0.79296875 0.5281250476837158 0.18906250596046448 0.17343750596046448
0 0.3804687559604645 0.3135416805744171 0.18906250596046448 0.17343750596046448
0 0.3375000059604645 0.5291666984558105 0.16250000894069672 0.16562500596046448
0 0.37968751788139343 0.11041667312383652 0.16250000894069672 0.16250000894069672
0 0.22187499701976776 0.46666669845581055 0.16250000894069672 0.16562500596046448
0 0.856249988079071 0.7437500357627869 0.16250000894069672 0.16562500596046448
0 0.504687488079071 0.8145833611488342 0.16250000894069672 0.16562500596046448
0 0.3265624940395355 0.8812500238418579 0.16250000894069672 0.16562500596046448
0 0.08203125 0.7583333849906921 0.16093750298023224 0.16562500596046448
0 0.24375000596046448 0.7041667103767395 0.16250000894069672 0.16562500596046448
1 0.645312488079071 0.23645834624767303 0.3375000059604645 0.3140625059604645
2 0.9546875357627869 0.6156250238418579 0.05937499925494194 0.05781250074505806
0 0.503125011920929 0.5072916746139526 0.13750000298023224 0.1484375
0 0.629687488079071 0.596875011920929 0.13750000298023224 0.1484375
0 0.885937511920929 0.3281250298023224 0.13750000298023224 0.1484375
0 0.79296875 0.5281250476837158 0.18906250596046448 0.17343750596046448
0 0.3804687559604645 0.3135416805744171 0.18906250596046448 0.17343750596046448
0 0.3375000059604645 0.5291666984558105 0.16250000894069672 0.16562500596046448
0 0.37968751788139343 0.11041667312383652 0.16250000894069672 0.16250000894069672
0 0.22187499701976776 0.46666669845581055 0.16250000894069672 0.16562500596046448
0 0.856249988079071 0.7437500357627869 0.16250000894069672 0.16562500596046448
0 0.504687488079071 0.8145833611488342 0.16250000894069672 0.16562500596046448
0 0.3265624940395355 0.8812500238418579 0.16250000894069672 0.16562500596046448
0 0.08203125 0.7583333849906921 0.16093750298023224 0.16562500596046448
0 0.24375000596046448 0.7041667103767395 0.16250000894069672 0.16562500596046448
1 0.645312488079071 0.23645834624767303 0.3375000059604645 0.3140625059604645
2 0.9546875357627869 0.6156250238418579 0.05937499925494194 0.05781250074505806
0 0.503125011920929 0.5072916746139526 0.13750000298023224 0.1484375
0 0.629687488079071 0.596875011920929 0.13750000298023224 0.1484375
0 0.885937511920929 0.3281250298023224 0.13750000298023224 0.1484375
0 0.79296875 0.5281250476837158 0.18906250596046448 0.17343750596046448
0 0.3804687559604645 0.3135416805744171 0.18906250596046448 0.17343750596046448
0 0.3375000059604645 0.5291666984558105 0.16250000894069672 0.16562500596046448
0 0.37968751788139343 0.11041667312383652 0.16250000894069672 0.16250000894069672
0 0.22187499701976776 0.46666669845581055 0.16250000894069672 0.16562500596046448
0 0.856249988079071 0.7437500357627869 0.16250000894069672 0.16562500596046448
0 0.504687488079071 0.8145833611488342 0.16250000894069672 0.16562500596046448
0 0.3265624940395355 0.8812500238418579 0.16250000894069672 0.16562500596046448
0 0.08203125 0.7583333849906921 0.16093750298023224 0.16562500596046448
0 0.24375000596046448 0.7041667103767395 0.16250000894069672 0.16562500596046448
1 0.645312488079071 0.23645834624767303 0.3375000059604645 0.3140625059604645
2 0.9546875357627869 0.6156250238418579 0.05937499925494194 0.05781250074505806
