0 0.0703125010477379 0.46770835772622377 0.13750000204890966 0.18281250272411853
0 0.3109375046333298 0.5552083622897044 0.1625000024214387 0.18593750277068466
0 0.8468750126194209 0.8447917107259855 0.19375000288709998 0.19531250291038305
1 0.5476562581607141 0.4562500237952918 0.37031250551808625 0.36562500544823706
0 0.0703125010477379 0.46770835772622377 0.13750000204890966 0.18281250272411853
0 0.3109375046333298 0.5552083622897044 0.1625000024214387 0.18593750277068466
0 0.8468750126194209 0.8447917107259855 0.19375000288709998 0.19531250291038305
1 0.5476562581607141 0.4562500237952918 0.37031250551808625 0.36562500544823706
0 0.0703125010477379 0.46770835772622377 0.13750000204890966 0.18281250272411853
0 0.3109375046333298 0.5552083622897044 0.1625000024214387 0.18593750277068466
0 0.8468750126194209 0.8447917107259855 0.19375000288709998 0.19531250291038305
1 0.5476562581607141 0.4562500237952918 0.37031250551808625 0.36562500544823706
0 0.0703125010477379 0.46770835772622377 0.13750000204890966 0.18281250272411853
0 0.3109375046333298 0.5552083622897044 0.1625000024214387 0.18593750277068466
0 0.8468750126194209 0.8447917107259855 0.19375000288709998 0.19531250291038305
1 0.5476562581607141 0.4562500237952918 0.37031250551808625 0.36562500544823706
0 0.0703125010477379 0.46770835772622377 0.13750000204890966 0.18281250272411853
0 0.3109375046333298 0.5552083622897044 0.1625000024214387 0.18593750277068466
0 0.8468750126194209 0.8447917107259855 0.19375000288709998 0.19531250291038305
1 0.5476562581607141 0.4562500237952918 0.37031250551808625 0.36562500544823706
0 0.0703125010477379 0.46770835772622377 0.13750000204890966 0.18281250272411853
0 0.3109375046333298 0.5552083622897044 0.1625000024214387 0.18593750277068466
0 0.8468750126194209 0.8447917107259855 0.19375000288709998 0.19531250291038305
1 0.5476562581607141 0.4562500237952918 0.37031250551808625 0.36562500544823706
0 0.0703125010477379 0.46770835772622377 0.13750000204890966 0.18281250272411853
0 0.3109375046333298 0.5552083622897044 0.1625000024214387 0.18593750277068466
0 0.8468750126194209 0.8447917107259855 0.19375000288709998 0.19531250291038305
1 0.5476562581607141 0.4562500237952918 0.37031250551808625 0.36562500544823706
0 0.0703125010477379 0.46770835772622377 0.13750000204890966 0.18281250272411853
0 0.3109375046333298 0.5552083622897044 0.1625000024214387 0.18593750277068466
0 0.8468750126194209 0.8447917107259855 0.19375000288709998 0.19531250291038305
1 0.5476562581607141 0.4562500237952918 0.37031250551808625 0.36562500544823706
0 0.0703125010477379 0.46770835772622377 0.13750000204890966 0.18281250272411853
0 0.3109375046333298 0.5552083622897044 0.1625000024214387 0.18593750277068466
0 0.8468750126194209 0.8447917107259855 0.19375000288709998 0.19531250291038305
1 0.5476562581607141 0.4562500237952918 0.37031250551808625 0.36562500544823706
0 0.0703125010477379 0.46770835772622377 0.13750000204890966 0.18281250272411853
0 0.3109375046333298 0.5552083622897044 0.1625000024214387 0.18593750277068466
0 0.8468750126194209 0.8447917107259855 0.19375000288709998 0.19531250291038305
1 0.5476562581607141 0.4562500237952918 0.37031250551808625 0.36562500544823706
0 0.0703125010477379 0.46770835772622377 0.13750000204890966 0.18281250272411853
0 0.3109375046333298 0.5552083622897044 0.1625000024214387 0.18593750277068466
0 0.8468750126194209 0.8447917107259855 0.19375000288709998 0.19531250291038305
1 0.5476562581607141 0.4562500237952918 0.37031250551808625 0.36562500544823706
0 0.0703125010477379 0.46770835772622377 0.13750000204890966 0.18281250272411853
0 0.3109375046333298 0.5552083622897044 0.1625000024214387 0.18593750277068466
0 0.8468750126194209 0.8447917107259855 0.19375000288709998 0.19531250291038305
1 0.5476562581607141 0.4562500237952918 0.37031250551808625 0.36562500544823706
0 0.0703125010477379 0.46770835772622377 0.13750000204890966 0.18281250272411853
0 0.3109375046333298 0.5552083622897044 0.1625000024214387 0.18593750277068466
0 0.8468750126194209 0.8447917107259855 0.19375000288709998 0.19531250291038305
1 0.5476562581607141 0.4562500237952918 0.37031250551808625 0.36562500544823706
0 0.0703125010477379 0.46770835772622377 0.13750000204890966 0.18281250272411853
0 0.3109375046333298 0.5552083622897044 0.1625000024214387 0.18593750277068466
0 0.8468750126194209 0.8447917107259855 0.19375000288709998 0.19531250291038305
1 0.5476562581607141 0.4562500237952918 0.37031250551808625 0.36562500544823706
0 0.0703125010477379 0.46770835772622377 0.13750000204890966 0.18281250272411853
0 0.3109375046333298 0.5552083622897044 0.1625000024214387 0.18593750277068466
0 0.8468750126194209 0.8447917107259855 0.19375000288709998 0.19531250291038305
1 0.5476562581607141 0.4562500237952918 0.37031250551808625 0.36562500544823706
0 0.0703125 0.4677083492279053 0.13750000298023224 0.18281249701976776
0 0.3109374940395355 0.5552083849906921 0.16250000894069672 0.18593750894069672
0 0.846875011920929 0.8447917103767395 0.19375000894069672 0.1953125
1 0.547656238079071 0.45625001192092896 0.37031251192092896 0.3656249940395355
0 0.0703125 0.4677083492279053 0.13750000298023224 0.18281249701976776
0 0.3109374940395355 0.5552083849906921 0.16250000894069672 0.18593750894069672
0 0.846875011920929 0.8447917103767395 0.19375000894069672 0.1953125
1 0.547656238079071 0.45625001192092896 0.37031251192092896 0.3656249940395355
0 0.0703125 0.4677083492279053 0.13750000298023224 0.18281249701976776
0 0.3109374940395355 0.5552083849906921 0.16250000894069672 0.18593750894069672
0 0.846875011920929 0.8447917103767395 0.19375000894069672 0.1953125
1 0.547656238079071 0.45625001192092896 0.37031251192092896 0.3656249940395355
0 0.0703125 0.4677083492279053 0.13750000298023224 0.18281249701976776
0 0.3109374940395355 0.5552083849906921 0.16250000894069672 0.18593750894069672
0 0.846875011920929 0.8447917103767395 0.19375000894069672 0.1953125
1 0.547656238079071 0.45625001192092896 0.37031251192092896 0.3656249940395355
0 0.0703125 0.4677083492279053 0.13750000298023224 0.18281249701976776
0 0.3109374940395355 0.5552083849906921 0.16250000894069672 0.18593750894069672
0 0.846875011920929 0.8447917103767395 0.19375000894069672 0.1953125
1 0.547656238079071 0.45625001192092896 0.37031251192092896 0.3656249940395355
0 0.0703125 0.4677083492279053 0.13750000298023224 0.18281249701976776
0 0.3109374940395355 0.5552083849906921 0.16250000894069672 0.18593750894069672
0 0.846875011920929 0.8447917103767395 0.19375000894069672 0.1953125
1 0.547656238079071 0.45625001192092896 0.37031251192092896 0.3656249940395355
0 0.0703125 0.4677083492279053 0.13750000298023224 0.18281249701976776
0 0.3109374940395355 0.5552083849906921 0.16250000894069672 0.18593750894069672
0 0.846875011920929 0.8447917103767395 0.19375000894069672 0.1953125
1 0.547656238079071 0.45625001192092896 0.37031251192092896 0.3656249940395355
