1 0.7429687610710971 0.10729167226236314 0.2765625041211024 0.1578125023515895
0 0.36328125541331246 0.11979167291428894 0.17031250253785402 0.17343750258442014
0 0.26328125392319635 0.43645835609640926 0.17031250253785402 0.17343750258442014
0 0.24453125364379957 0.2406250125495717 0.17031250253785402 0.17343750258442014
0 0.1507812522468157 0.26145834696944803 0.17031250253785402 0.17343750258442014
0 0.07421875110594556 0.3531250184169039 0.14531250216532499 0.1796875026775524
0 0.0898437513387762 0.4770833582151681 0.17343750258442014 0.18125000270083547
0 0.7492187611642294 0.6833333689719439 0.17343750258442014 0.18125000270083547
0 0.35546875529689714 0.8562500446569175 0.17031250253785402 0.1531250022817403
0 0.21953125327127054 0.8479167108889669 0.17031250253785402 0.1531250022817403
0 0.4710937570198439 0.4125000215135515 0.15156250225845724 0.14687500218860805
0 0.8632812628638931 0.5104166932869703 0.17343750258442014 0.1531250022817403
0 0.5804687586496584 0.8562500446569175 0.17031250253785402 0.18750000279396772
0 0.4148437561816536 0.7020833699498326 0.19843750295694917 0.17812500265426934
0 0.5601562583469786 0.5395833614747971 0.19843750295694917 0.17812500265426934
0 0.7890625117579475 0.3166666831821203 0.21562500321306288 0.18125000270083547
0 0.5476562581607141 0.2833333481103182 0.17656250263098627 0.18125000270083547
1 0.2593750038649887 0.5968750311294571 0.06250000093132257 0.05468750081490725
1 0.47187500703148544 0.9218750480795279 0.06250000093132257 0.05468750081490725
1 0.7429687610710971 0.10729167226236314 0.2765625041211024 0.1578125023515895
0 0.36328125541331246 0.11979167291428894 0.17031250253785402 0.17343750258442014
0 0.26328125392319635 0.43645835609640926 0.17031250253785402 0.17343750258442014
0 0.24453125364379957 0.2406250125495717 0.17031250253785402 0.17343750258442014
0 0.1507812522468157 0.26145834696944803 0.17031250253785402 0.17343750258442014
0 0.07421875110594556 0.3531250184169039 0.14531250216532499 0.1796875026775524
0 0.0898437513387762 0.4770833582151681 0.17343750258442014 0.18125000270083547
0 0.7492187611642294 0.6833333689719439 0.17343750258442014 0.18125000270083547
0 0.35546875529689714 0.8562500446569175 0.17031250253785402 0.1531250022817403
0 0.21953125327127054 0.8479167108889669 0.17031250253785402 0.1531250022817403
0 0.4710937570198439 0.4125000215135515 0.15156250225845724 0.14687500218860805
0 0.8632812628638931 0.5104166932869703 0.17343750258442014 0.1531250022817403
0 0.5804687586496584 0.8562500446569175 0.17031250253785402 0.18750000279396772
0 0.4148437561816536 0.7020833699498326 0.19843750295694917 0.17812500265426934
0 0.5601562583469786 0.5395833614747971 0.19843750295694917 0.17812500265426934
0 0.7890625117579475 0.3166666831821203 0.21562500321306288 0.18125000270083547
0 0.5476562581607141 0.2833333481103182 0.17656250263098627 0.18125000270083547
1 0.2593750038649887 0.5968750311294571 0.06250000093132257 0.05468750081490725
1 0.47187500703148544 0.9218750480795279 0.06250000093132257 0.05468750081490725
1 0.7429687610710971 0.10729167226236314 0.2765625041211024 0.1578125023515895
0 0.36328125541331246 0.11979167291428894 0.17031250253785402 0.17343750258442014
0 0.26328125392319635 0.43645835609640926 0.17031250253785402 0.17343750258442014
0 0.24453125364379957 0.2406250125495717 0.17031250253785402 0.17343750258442014
0 0.1507812522468157 0.26145834696944803 0.17031250253785402 0.17343750258442014
0 0.07421875110594556 0.3531250184169039 0.14531250216532499 0.1796875026775524
0 0.0898437513387762 0.4770833582151681 0.17343750258442014 0.18125000270083547
0 0.7492187611642294 0.6833333689719439 0.17343750258442014 0.18125000270083547
0 0.35546875529689714 0.8562500446569175 0.17031250253785402 0.1531250022817403
0 0.21953125327127054 0.8479167108889669 0.17031250253785402 0.1531250022817403
0 0.4710937570198439 0.4125000215135515 0.15156250225845724 0.14687500218860805
0 0.8632812628638931 0.5104166932869703 0.17343750258442014 0.1531250022817403
0 0.5804687586496584 0.8562500446569175 0.17031250253785402 0.18750000279396772
0 0.4148437561816536 0.7020833699498326 0.19843750295694917 0.17812500265426934
0 0.5601562583469786 0.5395833614747971 0.19843750295694917 0.17812500265426934
0 0.7890625117579475 0.3166666831821203 0.21562500321306288 0.18125000270083547
0 0.5476562581607141 0.2833333481103182 0.17656250263098627 0.18125000270083547
1 0.2593750038649887 0.5968750311294571 0.06250000093132257 0.05468750081490725
1 0.47187500703148544 0.9218750480795279 0.06250000093132257 0.05468750081490725
1 0.7429687610710971 0.10729167226236314 0.2765625041211024 0.1578125023515895
0 0.36328125541331246 0.11979167291428894 0.17031250253785402 0.17343750258442014
0 0.26328125392319635 0.43645835609640926 0.17031250253785402 0.17343750258442014
0 0.24453125364379957 0.2406250125495717 0.17031250253785402 0.17343750258442014
0 0.1507812522468157 0.26145834696944803 0.17031250253785402 0.17343750258442014
0 0.07421875110594556 0.3531250184169039 0.14531250216532499 0.1796875026775524
0 0.0898437513387762 0.4770833582151681 0.17343750258442014 0.18125000270083547
0 0.7492187611642294 0.6833333689719439 0.17343750258442014 0.18125000270083547
0 0.35546875529689714 0.8562500446569175 0.17031250253785402 0.1531250022817403
0 0.21953125327127054 0.8479167108889669 0.17031250253785402 0.1531250022817403
0 0.4710937570198439 0.4125000215135515 0.15156250225845724 0.14687500218860805
0 0.8632812628638931 0.5104166932869703 0.17343750258442014 0.1531250022817403
0 0.5804687586496584 0.8562500446569175 0.17031250253785402 0.18750000279396772
0 0.4148437561816536 0.7020833699498326 0.19843750295694917 0.17812500265426934
0 0.5601562583469786 0.5395833614747971 0.19843750295694917 0.17812500265426934
0 0.7890625117579475 0.3166666831821203 0.21562500321306288 0.18125000270083547
0 0.5476562581607141 0.2833333481103182 0.17656250263098627 0.18125000270083547
1 0.2593750038649887 0.5968750311294571 0.06250000093132257 0.05468750081490725
1 0.47187500703148544 0.9218750480795279 0.06250000093132257 0.05468750081490725
1 0.7429687610710971 0.10729167226236314 0.2765625041211024 0.1578125023515895
0 0.36328125541331246 0.11979167291428894 0.17031250253785402 0.17343750258442014
0 0.26328125392319635 0.43645835609640926 0.17031250253785402 0.17343750258442014
0 0.24453125364379957 0.2406250125495717 0.17031250253785402 0.17343750258442014
0 0.1507812522468157 0.26145834696944803 0.17031250253785402 0.17343750258442014
0 0.07421875110594556 0.3531250184169039 0.14531250216532499 0.1796875026775524
0 0.0898437513387762 0.4770833582151681 0.17343750258442014 0.18125000270083547
0 0.7492187611642294 0.6833333689719439 0.17343750258442014 0.18125000270083547
0 0.35546875529689714 0.8562500446569175 0.17031250253785402 0.1531250022817403
0 0.21953125327127054 0.8479167108889669 0.17031250253785402 0.1531250022817403
0 0.4710937570198439 0.4125000215135515 0.15156250225845724 0.14687500218860805
0 0.8632812628638931 0.5104166932869703 0.17343750258442014 0.1531250022817403
0 0.5804687586496584 0.8562500446569175 0.17031250253785402 0.18750000279396772
0 0.4148437561816536 0.7020833699498326 0.19843750295694917 0.17812500265426934
0 0.5601562583469786 0.5395833614747971 0.19843750295694917 0.17812500265426934
0 0.7890625117579475 0.3166666831821203 0.21562500321306288 0.18125000270083547
0 0.5476562581607141 0.2833333481103182 0.17656250263098627 0.18125000270083547
1 0.2593750038649887 0.5968750311294571 0.06250000093132257 0.05468750081490725
1 0.47187500703148544 0.9218750480795279 0.06250000093132257 0.05468750081490725
1 0.7429687610710971 0.10729167226236314 0.2765625041211024 0.1578125023515895
0 0.36328125541331246 0.11979167291428894 0.17031250253785402 0.17343750258442014
0 0.26328125392319635 0.43645835609640926 0.17031250253785402 0.17343750258442014
0 0.24453125364379957 0.2406250125495717 0.17031250253785402 0.17343750258442014
0 0.1507812522468157 0.26145834696944803 0.17031250253785402 0.17343750258442014
0 0.07421875110594556 0.3531250184169039 0.14531250216532499 0.1796875026775524
0 0.0898437513387762 0.4770833582151681 0.17343750258442014 0.18125000270083547
0 0.7492187611642294 0.6833333689719439 0.17343750258442014 0.18125000270083547
0 0.35546875529689714 0.8562500446569175 0.17031250253785402 0.1531250022817403
0 0.21953125327127054 0.8479167108889669 0.17031250253785402 0.1531250022817403
0 0.4710937570198439 0.4125000215135515 0.15156250225845724 0.14687500218860805
0 0.8632812628638931 0.5104166932869703 0.17343750258442014 0.1531250022817403
0 0.5804687586496584 0.8562500446569175 0.17031250253785402 0.18750000279396772
0 0.4148437561816536 0.7020833699498326 0.19843750295694917 0.17812500265426934
0 0.5601562583469786 0.5395833614747971 0.19843750295694917 0.17812500265426934
0 0.7890625117579475 0.3166666831821203 0.21562500321306288 0.18125000270083547
0 0.5476562581607141 0.2833333481103182 0.17656250263098627 0.18125000270083547
1 0.2593750038649887 0.5968750311294571 0.06250000093132257 0.05468750081490725
1 0.47187500703148544 0.9218750480795279 0.06250000093132257 0.05468750081490725
1 0.7429687610710971 0.10729167226236314 0.2765625041211024 0.1578125023515895
0 0.36328125541331246 0.11979167291428894 0.17031250253785402 0.17343750258442014
0 0.26328125392319635 0.43645835609640926 0.17031250253785402 0.17343750258442014
0 0.24453125364379957 0.2406250125495717 0.17031250253785402 0.17343750258442014
0 0.1507812522468157 0.26145834696944803 0.17031250253785402 0.17343750258442014
0 0.07421875110594556 0.3531250184169039 0.14531250216532499 0.1796875026775524
0 0.0898437513387762 0.4770833582151681 0.17343750258442014 0.18125000270083547
0 0.7492187611642294 0.6833333689719439 0.17343750258442014 0.18125000270083547
0 0.35546875529689714 0.8562500446569175 0.17031250253785402 0.1531250022817403
0 0.21953125327127054 0.8479167108889669 0.17031250253785402 0.1531250022817403
0 0.4710937570198439 0.4125000215135515 0.15156250225845724 0.14687500218860805
0 0.8632812628638931 0.5104166932869703 0.17343750258442014 0.1531250022817403
0 0.5804687586496584 0.8562500446569175 0.17031250253785402 0.18750000279396772
0 0.4148437561816536 0.7020833699498326 0.19843750295694917 0.17812500265426934
0 0.5601562583469786 0.5395833614747971 0.19843750295694917 0.17812500265426934
0 0.7890625117579475 0.3166666831821203 0.21562500321306288 0.18125000270083547
0 0.5476562581607141 0.2833333481103182 0.17656250263098627 0.18125000270083547
1 0.2593750038649887 0.5968750311294571 0.06250000093132257 0.05468750081490725
1 0.47187500703148544 0.9218750480795279 0.06250000093132257 0.05468750081490725
1 0.7429687610710971 0.10729167226236314 0.2765625041211024 0.1578125023515895
0 0.36328125541331246 0.11979167291428894 0.17031250253785402 0.17343750258442014
0 0.26328125392319635 0.43645835609640926 0.17031250253785402 0.17343750258442014
0 0.24453125364379957 0.2406250125495717 0.17031250253785402 0.17343750258442014
0 0.1507812522468157 0.26145834696944803 0.17031250253785402 0.17343750258442014
0 0.07421875110594556 0.3531250184169039 0.14531250216532499 0.1796875026775524
0 0.0898437513387762 0.4770833582151681 0.17343750258442014 0.18125000270083547
0 0.7492187611642294 0.6833333689719439 0.17343750258442014 0.18125000270083547
0 0.35546875529689714 0.8562500446569175 0.17031250253785402 0.1531250022817403
0 0.21953125327127054 0.8479167108889669 0.17031250253785402 0.1531250022817403
0 0.4710937570198439 0.4125000215135515 0.15156250225845724 0.14687500218860805
0 0.8632812628638931 0.5104166932869703 0.17343750258442014 0.1531250022817403
0 0.5804687586496584 0.8562500446569175 0.17031250253785402 0.18750000279396772
0 0.4148437561816536 0.7020833699498326 0.19843750295694917 0.17812500265426934
0 0.5601562583469786 0.5395833614747971 0.19843750295694917 0.17812500265426934
0 0.7890625117579475 0.3166666831821203 0.21562500321306288 0.18125000270083547
0 0.5476562581607141 0.2833333481103182 0.17656250263098627 0.18125000270083547
1 0.2593750038649887 0.5968750311294571 0.06250000093132257 0.05468750081490725
1 0.47187500703148544 0.9218750480795279 0.06250000093132257 0.05468750081490725
1 0.7429687610710971 0.10729167226236314 0.2765625041211024 0.1578125023515895
0 0.36328125541331246 0.11979167291428894 0.17031250253785402 0.17343750258442014
0 0.26328125392319635 0.43645835609640926 0.17031250253785402 0.17343750258442014
0 0.24453125364379957 0.2406250125495717 0.17031250253785402 0.17343750258442014
0 0.1507812522468157 0.26145834696944803 0.17031250253785402 0.17343750258442014
0 0.07421875110594556 0.3531250184169039 0.14531250216532499 0.1796875026775524
0 0.0898437513387762 0.4770833582151681 0.17343750258442014 0.18125000270083547
0 0.7492187611642294 0.6833333689719439 0.17343750258442014 0.18125000270083547
0 0.35546875529689714 0.8562500446569175 0.17031250253785402 0.1531250022817403
0 0.21953125327127054 0.8479167108889669 0.17031250253785402 0.1531250022817403
0 0.4710937570198439 0.4125000215135515 0.15156250225845724 0.14687500218860805
0 0.8632812628638931 0.5104166932869703 0.17343750258442014 0.1531250022817403
0 0.5804687586496584 0.8562500446569175 0.17031250253785402 0.18750000279396772
0 0.4148437561816536 0.7020833699498326 0.19843750295694917 0.17812500265426934
0 0.5601562583469786 0.5395833614747971 0.19843750295694917 0.17812500265426934
0 0.7890625117579475 0.3166666831821203 0.21562500321306288 0.18125000270083547
0 0.5476562581607141 0.2833333481103182 0.17656250263098627 0.18125000270083547
1 0.2593750038649887 0.5968750311294571 0.06250000093132257 0.05468750081490725
1 0.47187500703148544 0.9218750480795279 0.06250000093132257 0.05468750081490725
1 0.7429687610710971 0.10729167226236314 0.2765625041211024 0.1578125023515895
0 0.36328125541331246 0.11979167291428894 0.17031250253785402 0.17343750258442014
0 0.26328125392319635 0.43645835609640926 0.17031250253785402 0.17343750258442014
0 0.24453125364379957 0.2406250125495717 0.17031250253785402 0.17343750258442014
0 0.1507812522468157 0.26145834696944803 0.17031250253785402 0.17343750258442014
0 0.07421875110594556 0.3531250184169039 0.14531250216532499 0.1796875026775524
0 0.0898437513387762 0.4770833582151681 0.17343750258442014 0.18125000270083547
0 0.7492187611642294 0.6833333689719439 0.17343750258442014 0.18125000270083547
0 0.35546875529689714 0.8562500446569175 0.17031250253785402 0.1531250022817403
0 0.21953125327127054 0.8479167108889669 0.17031250253785402 0.1531250022817403
0 0.4710937570198439 0.4125000215135515 0.15156250225845724 0.14687500218860805
0 0.8632812628638931 0.5104166932869703 0.17343750258442014 0.1531250022817403
0 0.5804687586496584 0.8562500446569175 0.17031250253785402 0.18750000279396772
0 0.4148437561816536 0.7020833699498326 0.19843750295694917 0.17812500265426934
0 0.5601562583469786 0.5395833614747971 0.19843750295694917 0.17812500265426934
0 0.7890625117579475 0.3166666831821203 0.21562500321306288 0.18125000270083547
0 0.5476562581607141 0.2833333481103182 0.17656250263098627 0.18125000270083547
1 0.2593750038649887 0.5968750311294571 0.06250000093132257 0.05468750081490725
1 0.47187500703148544 0.9218750480795279 0.06250000093132257 0.05468750081490725
1 0.7429687610710971 0.10729167226236314 0.2765625041211024 0.1578125023515895
0 0.36328125541331246 0.11979167291428894 0.17031250253785402 0.17343750258442014
0 0.26328125392319635 0.43645835609640926 0.17031250253785402 0.17343750258442014
0 0.24453125364379957 0.2406250125495717 0.17031250253785402 0.17343750258442014
0 0.1507812522468157 0.26145834696944803 0.17031250253785402 0.17343750258442014
0 0.07421875110594556 0.3531250184169039 0.14531250216532499 0.1796875026775524
0 0.0898437513387762 0.4770833582151681 0.17343750258442014 0.18125000270083547
0 0.7492187611642294 0.6833333689719439 0.17343750258442014 0.18125000270083547
0 0.35546875529689714 0.8562500446569175 0.17031250253785402 0.1531250022817403
0 0.21953125327127054 0.8479167108889669 0.17031250253785402 0.1531250022817403
0 0.4710937570198439 0.4125000215135515 0.15156250225845724 0.14687500218860805
0 0.8632812628638931 0.5104166932869703 0.17343750258442014 0.1531250022817403
0 0.5804687586496584 0.8562500446569175 0.17031250253785402 0.18750000279396772
0 0.4148437561816536 0.7020833699498326 0.19843750295694917 0.17812500265426934
0 0.5601562583469786 0.5395833614747971 0.19843750295694917 0.17812500265426934
0 0.7890625117579475 0.3166666831821203 0.21562500321306288 0.18125000270083547
0 0.5476562581607141 0.2833333481103182 0.17656250263098627 0.18125000270083547
1 0.2593750038649887 0.5968750311294571 0.06250000093132257 0.05468750081490725
1 0.47187500703148544 0.9218750480795279 0.06250000093132257 0.05468750081490725
1 0.7429687610710971 0.10729167226236314 0.2765625041211024 0.1578125023515895
0 0.36328125541331246 0.11979167291428894 0.17031250253785402 0.17343750258442014
0 0.26328125392319635 0.43645835609640926 0.17031250253785402 0.17343750258442014
0 0.24453125364379957 0.2406250125495717 0.17031250253785402 0.17343750258442014
0 0.1507812522468157 0.26145834696944803 0.17031250253785402 0.17343750258442014
0 0.07421875110594556 0.3531250184169039 0.14531250216532499 0.1796875026775524
0 0.0898437513387762 0.4770833582151681 0.17343750258442014 0.18125000270083547
0 0.7492187611642294 0.6833333689719439 0.17343750258442014 0.18125000270083547
0 0.35546875529689714 0.8562500446569175 0.17031250253785402 0.1531250022817403
0 0.21953125327127054 0.8479167108889669 0.17031250253785402 0.1531250022817403
0 0.4710937570198439 0.4125000215135515 0.15156250225845724 0.14687500218860805
0 0.8632812628638931 0.5104166932869703 0.17343750258442014 0.1531250022817403
0 0.5804687586496584 0.8562500446569175 0.17031250253785402 0.18750000279396772
0 0.4148437561816536 0.7020833699498326 0.19843750295694917 0.17812500265426934
0 0.5601562583469786 0.5395833614747971 0.19843750295694917 0.17812500265426934
0 0.7890625117579475 0.3166666831821203 0.21562500321306288 0.18125000270083547
0 0.5476562581607141 0.2833333481103182 0.17656250263098627 0.18125000270083547
1 0.2593750038649887 0.5968750311294571 0.06250000093132257 0.05468750081490725
1 0.47187500703148544 0.9218750480795279 0.06250000093132257 0.05468750081490725
1 0.7429687610710971 0.10729167226236314 0.2765625041211024 0.1578125023515895
0 0.36328125541331246 0.11979167291428894 0.17031250253785402 0.17343750258442014
0 0.26328125392319635 0.43645835609640926 0.17031250253785402 0.17343750258442014
0 0.24453125364379957 0.2406250125495717 0.17031250253785402 0.17343750258442014
0 0.1507812522468157 0.26145834696944803 0.17031250253785402 0.17343750258442014
0 0.07421875110594556 0.3531250184169039 0.14531250216532499 0.1796875026775524
0 0.0898437513387762 0.4770833582151681 0.17343750258442014 0.18125000270083547
0 0.7492187611642294 0.6833333689719439 0.17343750258442014 0.18125000270083547
0 0.35546875529689714 0.8562500446569175 0.17031250253785402 0.1531250022817403
0 0.21953125327127054 0.8479167108889669 0.17031250253785402 0.1531250022817403
0 0.4710937570198439 0.4125000215135515 0.15156250225845724 0.14687500218860805
0 0.8632812628638931 0.5104166932869703 0.17343750258442014 0.1531250022817403
0 0.5804687586496584 0.8562500446569175 0.17031250253785402 0.18750000279396772
0 0.4148437561816536 0.7020833699498326 0.19843750295694917 0.17812500265426934
0 0.5601562583469786 0.5395833614747971 0.19843750295694917 0.17812500265426934
0 0.7890625117579475 0.3166666831821203 0.21562500321306288 0.18125000270083547
0 0.5476562581607141 0.2833333481103182 0.17656250263098627 0.18125000270083547
1 0.2593750038649887 0.5968750311294571 0.06250000093132257 0.05468750081490725
1 0.47187500703148544 0.9218750480795279 0.06250000093132257 0.05468750081490725
1 0.7429687610710971 0.10729167226236314 0.2765625041211024 0.1578125023515895
0 0.36328125541331246 0.11979167291428894 0.17031250253785402 0.17343750258442014
0 0.26328125392319635 0.43645835609640926 0.17031250253785402 0.17343750258442014
0 0.24453125364379957 0.2406250125495717 0.17031250253785402 0.17343750258442014
0 0.1507812522468157 0.26145834696944803 0.17031250253785402 0.17343750258442014
0 0.07421875110594556 0.3531250184169039 0.14531250216532499 0.1796875026775524
0 0.0898437513387762 0.4770833582151681 0.17343750258442014 0.18125000270083547
0 0.7492187611642294 0.6833333689719439 0.17343750258442014 0.18125000270083547
0 0.35546875529689714 0.8562500446569175 0.17031250253785402 0.1531250022817403
0 0.21953125327127054 0.8479167108889669 0.17031250253785402 0.1531250022817403
0 0.4710937570198439 0.4125000215135515 0.15156250225845724 0.14687500218860805
0 0.8632812628638931 0.5104166932869703 0.17343750258442014 0.1531250022817403
0 0.5804687586496584 0.8562500446569175 0.17031250253785402 0.18750000279396772
0 0.4148437561816536 0.7020833699498326 0.19843750295694917 0.17812500265426934
0 0.5601562583469786 0.5395833614747971 0.19843750295694917 0.17812500265426934
0 0.7890625117579475 0.3166666831821203 0.21562500321306288 0.18125000270083547
0 0.5476562581607141 0.2833333481103182 0.17656250263098627 0.18125000270083547
2 0.2593750038649887 0.5968750311294571 0.06250000093132257 0.05468750081490725
2 0.47187500703148544 0.9218750480795279 0.06250000093132257 0.05468750081490725
1 0.7429687610710971 0.10729167226236314 0.2765625041211024 0.1578125023515895
0 0.36328125541331246 0.11979167291428894 0.17031250253785402 0.17343750258442014
0 0.26328125392319635 0.43645835609640926 0.17031250253785402 0.17343750258442014
0 0.24453125364379957 0.2406250125495717 0.17031250253785402 0.17343750258442014
0 0.1507812522468157 0.26145834696944803 0.17031250253785402 0.17343750258442014
0 0.07421875110594556 0.3531250184169039 0.14531250216532499 0.1796875026775524
0 0.0898437513387762 0.4770833582151681 0.17343750258442014 0.18125000270083547
0 0.7492187611642294 0.6833333689719439 0.17343750258442014 0.18125000270083547
0 0.35546875529689714 0.8562500446569175 0.17031250253785402 0.1531250022817403
0 0.21953125327127054 0.8479167108889669 0.17031250253785402 0.1531250022817403
0 0.4710937570198439 0.4125000215135515 0.15156250225845724 0.14687500218860805
0 0.8632812628638931 0.5104166932869703 0.17343750258442014 0.1531250022817403
0 0.5804687586496584 0.8562500446569175 0.17031250253785402 0.18750000279396772
0 0.4148437561816536 0.7020833699498326 0.19843750295694917 0.17812500265426934
0 0.5601562583469786 0.5395833614747971 0.19843750295694917 0.17812500265426934
0 0.7890625117579475 0.3166666831821203 0.21562500321306288 0.18125000270083547
0 0.5476562581607141 0.2833333481103182 0.17656250263098627 0.18125000270083547
2 0.2593750038649887 0.5968750311294571 0.06250000093132257 0.05468750081490725
2 0.47187500703148544 0.9218750480795279 0.06250000093132257 0.05468750081490725
1 0.742968738079071 0.10729166865348816 0.27656251192092896 0.15781250596046448
0 0.36328125 0.1197916716337204 0.17031250894069672 0.17343750596046448
0 0.2632812559604645 0.4364583492279053 0.17031250894069672 0.17343750596046448
0 0.24453125894069672 0.24062500894069672 0.17031250894069672 0.17343750596046448
0 0.15078125894069672 0.2614583373069763 0.17031250894069672 0.17343750596046448
0 0.07421875 0.3531250059604645 0.14531250298023224 0.1796875
0 0.08984375 0.47708335518836975 0.17343750596046448 0.18125000596046448
0 0.749218761920929 0.6833333969116211 0.17343750596046448 0.18125000596046448
0 0.35546875 0.8562500476837158 0.17031250894069672 0.15312500298023224
0 0.21953125298023224 0.8479167222976685 0.17031250894069672 0.15312500298023224
0 0.4710937440395355 0.4125000238418579 0.15156249701976776 0.14687500894069672
0 0.86328125 0.5104166865348816 0.17343750596046448 0.15312500298023224
0 0.5804687738418579 0.8562500476837158 0.17031250894069672 0.1875
0 0.41484376788139343 0.7020833492279053 0.19843749701976776 0.17812500894069672
0 0.5601562857627869 0.5395833849906921 0.19843749701976776 0.17812500894069672
0 0.7890625 0.31666669249534607 0.21562500298023224 0.18125000596046448
0 0.547656238079071 0.28333336114883423 0.17656250298023224 0.18125000596046448
2 0.2593750059604645 0.596875011920929 0.0625 0.0546875
2 0.47187501192092896 0.9218750596046448 0.0625 0.0546875
1 0.742968738079071 0.10729166865348816 0.27656251192092896 0.15781250596046448
0 0.36328125 0.1197916716337204 0.17031250894069672 0.17343750596046448
0 0.2632812559604645 0.4364583492279053 0.17031250894069672 0.17343750596046448
0 0.24453125894069672 0.24062500894069672 0.17031250894069672 0.17343750596046448
0 0.15078125894069672 0.2614583373069763 0.17031250894069672 0.17343750596046448
0 0.07421875 0.3531250059604645 0.14531250298023224 0.1796875
0 0.08984375 0.47708335518836975 0.17343750596046448 0.18125000596046448
0 0.749218761920929 0.6833333969116211 0.17343750596046448 0.18125000596046448
0 0.35546875 0.8562500476837158 0.17031250894069672 0.15312500298023224
0 0.21953125298023224 0.8479167222976685 0.17031250894069672 0.15312500298023224
0 0.4710937440395355 0.4125000238418579 0.15156249701976776 0.14687500894069672
0 0.86328125 0.5104166865348816 0.17343750596046448 0.15312500298023224
0 0.5804687738418579 0.8562500476837158 0.17031250894069672 0.1875
0 0.41484376788139343 0.7020833492279053 0.19843749701976776 0.17812500894069672
0 0.5601562857627869 0.5395833849906921 0.19843749701976776 0.17812500894069672
0 0.7890625 0.31666669249534607 0.21562500298023224 0.18125000596046448
0 0.547656238079071 0.28333336114883423 0.17656250298023224 0.18125000596046448
2 0.2593750059604645 0.596875011920929 0.0625 0.0546875
2 0.47187501192092896 0.9218750596046448 0.0625 0.0546875
1 0.742968738079071 0.10729166865348816 0.27656251192092896 0.15781250596046448
0 0.36328125 0.1197916716337204 0.17031250894069672 0.17343750596046448
0 0.2632812559604645 0.4364583492279053 0.17031250894069672 0.17343750596046448
0 0.24453125894069672 0.24062500894069672 0.17031250894069672 0.17343750596046448
0 0.15078125894069672 0.2614583373069763 0.17031250894069672 0.17343750596046448
0 0.07421875 0.3531250059604645 0.14531250298023224 0.1796875
0 0.08984375 0.47708335518836975 0.17343750596046448 0.18125000596046448
0 0.749218761920929 0.6833333969116211 0.17343750596046448 0.18125000596046448
0 0.35546875 0.8562500476837158 0.17031250894069672 0.15312500298023224
0 0.21953125298023224 0.8479167222976685 0.17031250894069672 0.15312500298023224
0 0.4710937440395355 0.4125000238418579 0.15156249701976776 0.14687500894069672
0 0.86328125 0.5104166865348816 0.17343750596046448 0.15312500298023224
0 0.5804687738418579 0.8562500476837158 0.17031250894069672 0.1875
0 0.41484376788139343 0.7020833492279053 0.19843749701976776 0.17812500894069672
0 0.5601562857627869 0.5395833849906921 0.19843749701976776 0.17812500894069672
0 0.7890625 0.31666669249534607 0.21562500298023224 0.18125000596046448
0 0.547656238079071 0.28333336114883423 0.17656250298023224 0.18125000596046448
2 0.2593750059604645 0.596875011920929 0.0625 0.0546875
2 0.47187501192092896 0.9218750596046448 0.0625 0.0546875
1 0.742968738079071 0.10729166865348816 0.27656251192092896 0.15781250596046448
0 0.36328125 0.1197916716337204 0.17031250894069672 0.17343750596046448
0 0.2632812559604645 0.4364583492279053 0.17031250894069672 0.17343750596046448
0 0.24453125894069672 0.24062500894069672 0.17031250894069672 0.17343750596046448
0 0.15078125894069672 0.2614583373069763 0.17031250894069672 0.17343750596046448
0 0.07421875 0.3531250059604645 0.14531250298023224 0.1796875
0 0.08984375 0.47708335518836975 0.17343750596046448 0.18125000596046448
0 0.749218761920929 0.6833333969116211 0.17343750596046448 0.18125000596046448
0 0.35546875 0.8562500476837158 0.17031250894069672 0.15312500298023224
0 0.21953125298023224 0.8479167222976685 0.17031250894069672 0.15312500298023224
0 0.4710937440395355 0.4125000238418579 0.15156249701976776 0.14687500894069672
0 0.86328125 0.5104166865348816 0.17343750596046448 0.15312500298023224
0 0.5804687738418579 0.8562500476837158 0.17031250894069672 0.1875
0 0.41484376788139343 0.7020833492279053 0.19843749701976776 0.17812500894069672
0 0.5601562857627869 0.5395833849906921 0.19843749701976776 0.17812500894069672
0 0.7890625 0.31666669249534607 0.21562500298023224 0.18125000596046448
0 0.547656238079071 0.28333336114883423 0.17656250298023224 0.18125000596046448
2 0.2593750059604645 0.596875011920929 0.0625 0.0546875
2 0.47187501192092896 0.9218750596046448 0.0625 0.0546875
1 0.742968738079071 0.10729166865348816 0.27656251192092896 0.15781250596046448
0 0.36328125 0.1197916716337204 0.17031250894069672 0.17343750596046448
0 0.2632812559604645 0.4364583492279053 0.17031250894069672 0.17343750596046448
0 0.24453125894069672 0.24062500894069672 0.17031250894069672 0.17343750596046448
0 0.15078125894069672 0.2614583373069763 0.17031250894069672 0.17343750596046448
0 0.07421875 0.3531250059604645 0.14531250298023224 0.1796875
0 0.08984375 0.47708335518836975 0.17343750596046448 0.18125000596046448
0 0.749218761920929 0.6833333969116211 0.17343750596046448 0.18125000596046448
0 0.35546875 0.8562500476837158 0.17031250894069672 0.15312500298023224
0 0.21953125298023224 0.8479167222976685 0.17031250894069672 0.15312500298023224
0 0.4710937440395355 0.4125000238418579 0.15156249701976776 0.14687500894069672
0 0.86328125 0.5104166865348816 0.17343750596046448 0.15312500298023224
0 0.5804687738418579 0.8562500476837158 0.17031250894069672 0.1875
0 0.41484376788139343 0.7020833492279053 0.19843749701976776 0.17812500894069672
0 0.5601562857627869 0.5395833849906921 0.19843749701976776 0.17812500894069672
0 0.7890625 0.31666669249534607 0.21562500298023224 0.18125000596046448
0 0.547656238079071 0.28333336114883423 0.17656250298023224 0.18125000596046448
2 0.2593750059604645 0.596875011920929 0.0625 0.0546875
2 0.47187501192092896 0.9218750596046448 0.0625 0.0546875
1 0.742968738079071 0.10729166865348816 0.27656251192092896 0.15781250596046448
0 0.36328125 0.1197916716337204 0.17031250894069672 0.17343750596046448
0 0.2632812559604645 0.4364583492279053 0.17031250894069672 0.17343750596046448
0 0.24453125894069672 0.24062500894069672 0.17031250894069672 0.17343750596046448
0 0.15078125894069672 0.2614583373069763 0.17031250894069672 0.17343750596046448
0 0.07421875 0.3531250059604645 0.14531250298023224 0.1796875
0 0.08984375 0.47708335518836975 0.17343750596046448 0.18125000596046448
0 0.749218761920929 0.6833333969116211 0.17343750596046448 0.18125000596046448
0 0.35546875 0.8562500476837158 0.17031250894069672 0.15312500298023224
0 0.21953125298023224 0.8479167222976685 0.17031250894069672 0.15312500298023224
0 0.4710937440395355 0.4125000238418579 0.15156249701976776 0.14687500894069672
0 0.86328125 0.5104166865348816 0.17343750596046448 0.15312500298023224
0 0.5804687738418579 0.8562500476837158 0.17031250894069672 0.1875
0 0.41484376788139343 0.7020833492279053 0.19843749701976776 0.17812500894069672
0 0.5601562857627869 0.5395833849906921 0.19843749701976776 0.17812500894069672
0 0.7890625 0.31666669249534607 0.21562500298023224 0.18125000596046448
0 0.547656238079071 0.28333336114883423 0.17656250298023224 0.18125000596046448
2 0.2593750059604645 0.596875011920929 0.0625 0.0546875
2 0.47187501192092896 0.9218750596046448 0.0625 0.0546875
1 0.742968738079071 0.10729166865348816 0.27656251192092896 0.15781250596046448
0 0.36328125 0.1197916716337204 0.17031250894069672 0.17343750596046448
0 0.2632812559604645 0.4364583492279053 0.17031250894069672 0.17343750596046448
0 0.24453125894069672 0.24062500894069672 0.17031250894069672 0.17343750596046448
0 0.15078125894069672 0.2614583373069763 0.17031250894069672 0.17343750596046448
0 0.07421875 0.3531250059604645 0.14531250298023224 0.1796875
0 0.08984375 0.47708335518836975 0.17343750596046448 0.18125000596046448
0 0.749218761920929 0.6833333969116211 0.17343750596046448 0.18125000596046448
0 0.35546875 0.8562500476837158 0.17031250894069672 0.15312500298023224
0 0.21953125298023224 0.8479167222976685 0.17031250894069672 0.15312500298023224
0 0.4710937440395355 0.4125000238418579 0.15156249701976776 0.14687500894069672
0 0.86328125 0.5104166865348816 0.17343750596046448 0.15312500298023224
0 0.5804687738418579 0.8562500476837158 0.17031250894069672 0.1875
0 0.41484376788139343 0.7020833492279053 0.19843749701976776 0.17812500894069672
0 0.5601562857627869 0.5395833849906921 0.19843749701976776 0.17812500894069672
0 0.7890625 0.31666669249534607 0.21562500298023224 0.18125000596046448
0 0.547656238079071 0.28333336114883423 0.17656250298023224 0.18125000596046448
2 0.2593750059604645 0.596875011920929 0.0625 0.0546875
2 0.47187501192092896 0.9218750596046448 0.0625 0.0546875
