0 0.12109375180443749 0.3083333494141698 0.1671875024912879 0.16875000251457095
0 0.7242187607917003 0.6343750330852345 0.19218750286381692 0.1671875024912879
0 0.7382812610012479 0.8885417130077258 0.19218750286381692 0.1671875024912879
0 0.9179687636788003 0.1114583391463384 0.15468750230502337 0.16406250244472176
0 0.606250009033829 0.4197916885605082 0.14375000214204192 0.14843750221189111
0 0.789843761769589 0.25520834664348513 0.1671875024912879 0.15468750230502337
0 0.23828125355066732 0.5781250301515684 0.1671875024912879 0.15468750230502337
0 0.15000000223517418 0.6072916983393952 0.18750000279396772 0.16406250244472176
0 0.3250000048428774 0.2406250125495717 0.1625000024214387 0.16406250244472176
0 0.6750000100582838 0.432291689212434 0.13750000204890966 0.13281250197906047
1 0.2890625043073669 0.8885417130077258 0.2625000039115548 0.1671875024912879
1 0.4562500067986548 0.7000000365078449 0.3500000052154064 0.3781250056345016
0 0.12109375180443749 0.3083333494141698 0.1671875024912879 0.16875000251457095
0 0.7242187607917003 0.6343750330852345 0.19218750286381692 0.1671875024912879
0 0.7382812610012479 0.8885417130077258 0.19218750286381692 0.1671875024912879
0 0.9179687636788003 0.1114583391463384 0.15468750230502337 0.16406250244472176
0 0.606250009033829 0.4197916885605082 0.14375000214204192 0.14843750221189111
0 0.789843761769589 0.25520834664348513 0.1671875024912879 0.15468750230502337
0 0.23828125355066732 0.5781250301515684 0.1671875024912879 0.15468750230502337
0 0.15000000223517418 0.6072916983393952 0.18750000279396772 0.16406250244472176
0 0.3250000048428774 0.2406250125495717 0.1625000024214387 0.16406250244472176
0 0.6750000100582838 0.432291689212434 0.13750000204890966 0.13281250197906047
1 0.2890625043073669 0.8885417130077258 0.2625000039115548 0.1671875024912879
1 0.4562500067986548 0.7000000365078449 0.3500000052154064 0.3781250056345016
0 0.12109375180443749 0.3083333494141698 0.1671875024912879 0.16875000251457095
0 0.7242187607917003 0.6343750330852345 0.19218750286381692 0.1671875024912879
0 0.7382812610012479 0.8885417130077258 0.19218750286381692 0.1671875024912879
0 0.9179687636788003 0.1114583391463384 0.15468750230502337 0.16406250244472176
0 0.606250009033829 0.4197916885605082 0.14375000214204192 0.14843750221189111
0 0.789843761769589 0.25520834664348513 0.1671875024912879 0.15468750230502337
0 0.23828125355066732 0.5781250301515684 0.1671875024912879 0.15468750230502337
0 0.15000000223517418 0.6072916983393952 0.18750000279396772 0.16406250244472176
0 0.3250000048428774 0.2406250125495717 0.1625000024214387 0.16406250244472176
0 0.6750000100582838 0.432291689212434 0.13750000204890966 0.13281250197906047
1 0.2890625043073669 0.8885417130077258 0.2625000039115548 0.1671875024912879
1 0.4562500067986548 0.7000000365078449 0.3500000052154064 0.3781250056345016
0 0.12109375180443749 0.3083333494141698 0.1671875024912879 0.16875000251457095
0 0.7242187607917003 0.6343750330852345 0.19218750286381692 0.1671875024912879
0 0.7382812610012479 0.8885417130077258 0.19218750286381692 0.1671875024912879
0 0.9179687636788003 0.1114583391463384 0.15468750230502337 0.16406250244472176
0 0.606250009033829 0.4197916885605082 0.14375000214204192 0.14843750221189111
0 0.789843761769589 0.25520834664348513 0.1671875024912879 0.15468750230502337
0 0.23828125355066732 0.5781250301515684 0.1671875024912879 0.15468750230502337
0 0.15000000223517418 0.6072916983393952 0.18750000279396772 0.16406250244472176
0 0.3250000048428774 0.2406250125495717 0.1625000024214387 0.16406250244472176
0 0.6750000100582838 0.432291689212434 0.13750000204890966 0.13281250197906047
1 0.2890625043073669 0.8885417130077258 0.2625000039115548 0.1671875024912879
1 0.4562500067986548 0.7000000365078449 0.3500000052154064 0.3781250056345016
0 0.12109375180443749 0.3083333494141698 0.1671875024912879 0.16875000251457095
0 0.7242187607917003 0.6343750330852345 0.19218750286381692 0.1671875024912879
0 0.7382812610012479 0.8885417130077258 0.19218750286381692 0.1671875024912879
0 0.9179687636788003 0.1114583391463384 0.15468750230502337 0.16406250244472176
0 0.606250009033829 0.4197916885605082 0.14375000214204192 0.14843750221189111
0 0.789843761769589 0.25520834664348513 0.1671875024912879 0.15468750230502337
0 0.23828125355066732 0.5781250301515684 0.1671875024912879 0.15468750230502337
0 0.15000000223517418 0.6072916983393952 0.18750000279396772 0.16406250244472176
0 0.3250000048428774 0.2406250125495717 0.1625000024214387 0.16406250244472176
0 0.6750000100582838 0.432291689212434 0.13750000204890966 0.13281250197906047
1 0.2890625043073669 0.8885417130077258 0.2625000039115548 0.1671875024912879
1 0.4562500067986548 0.7000000365078449 0.3500000052154064 0.3781250056345016
0 0.12109375180443749 0.3083333494141698 0.1671875024912879 0.16875000251457095
0 0.7242187607917003 0.6343750330852345 0.19218750286381692 0.1671875024912879
0 0.7382812610012479 0.8885417130077258 0.19218750286381692 0.1671875024912879
0 0.9179687636788003 0.1114583391463384 0.15468750230502337 0.16406250244472176
0 0.606250009033829 0.4197916885605082 0.14375000214204192 0.14843750221189111
0 0.789843761769589 0.25520834664348513 0.1671875024912879 0.15468750230502337
0 0.23828125355066732 0.5781250301515684 0.1671875024912879 0.15468750230502337
0 0.15000000223517418 0.6072916983393952 0.18750000279396772 0.16406250244472176
0 0.3250000048428774 0.2406250125495717 0.1625000024214387 0.16406250244472176
0 0.6750000100582838 0.432291689212434 0.13750000204890966 0.13281250197906047
1 0.2890625043073669 0.8885417130077258 0.2625000039115548 0.1671875024912879
1 0.4562500067986548 0.7000000365078449 0.3500000052154064 0.3781250056345016
0 0.12109375180443749 0.3083333494141698 0.1671875024912879 0.16875000251457095
0 0.7242187607917003 0.6343750330852345 0.19218750286381692 0.1671875024912879
0 0.7382812610012479 0.8885417130077258 0.19218750286381692 0.1671875024912879
0 0.9179687636788003 0.1114583391463384 0.15468750230502337 0.16406250244472176
0 0.606250009033829 0.4197916885605082 0.14375000214204192 0.14843750221189111
0 0.789843761769589 0.25520834664348513 0.1671875024912879 0.15468750230502337
0 0.23828125355066732 0.5781250301515684 0.1671875024912879 0.15468750230502337
0 0.15000000223517418 0.6072916983393952 0.18750000279396772 0.16406250244472176
0 0.3250000048428774 0.2406250125495717 0.1625000024214387 0.16406250244472176
0 0.6750000100582838 0.432291689212434 0.13750000204890966 0.13281250197906047
1 0.2890625043073669 0.8885417130077258 0.2625000039115548 0.1671875024912879
1 0.4562500067986548 0.7000000365078449 0.3500000052154064 0.3781250056345016
0 0.12109375180443749 0.3083333494141698 0.1671875024912879 0.16875000251457095
0 0.7242187607917003 0.6343750330852345 0.19218750286381692 0.1671875024912879
0 0.7382812610012479 0.8885417130077258 0.19218750286381692 0.1671875024912879
0 0.9179687636788003 0.1114583391463384 0.15468750230502337 0.16406250244472176
0 0.606250009033829 0.4197916885605082 0.14375000214204192 0.14843750221189111
0 0.789843761769589 0.25520834664348513 0.1671875024912879 0.15468750230502337
0 0.23828125355066732 0.5781250301515684 0.1671875024912879 0.15468750230502337
0 0.15000000223517418 0.6072916983393952 0.18750000279396772 0.16406250244472176
0 0.3250000048428774 0.2406250125495717 0.1625000024214387 0.16406250244472176
0 0.6750000100582838 0.432291689212434 0.13750000204890966 0.13281250197906047
1 0.2890625043073669 0.8885417130077258 0.2625000039115548 0.1671875024912879
1 0.4562500067986548 0.7000000365078449 0.3500000052154064 0.3781250056345016
0 0.12109375180443749 0.3083333494141698 0.1671875024912879 0.16875000251457095
0 0.7242187607917003 0.6343750330852345 0.19218750286381692 0.1671875024912879
0 0.7382812610012479 0.8885417130077258 0.19218750286381692 0.1671875024912879
0 0.9179687636788003 0.1114583391463384 0.15468750230502337 0.16406250244472176
0 0.606250009033829 0.4197916885605082 0.14375000214204192 0.14843750221189111
0 0.789843761769589 0.25520834664348513 0.1671875024912879 0.15468750230502337
0 0.23828125355066732 0.5781250301515684 0.1671875024912879 0.15468750230502337
0 0.15000000223517418 0.6072916983393952 0.18750000279396772 0.16406250244472176
0 0.3250000048428774 0.2406250125495717 0.1625000024214387 0.16406250244472176
0 0.6750000100582838 0.432291689212434 0.13750000204890966 0.13281250197906047
1 0.2890625043073669 0.8885417130077258 0.2625000039115548 0.1671875024912879
1 0.4562500067986548 0.7000000365078449 0.3500000052154064 0.3781250056345016
0 0.12109375180443749 0.3083333494141698 0.1671875024912879 0.16875000251457095
0 0.7242187607917003 0.6343750330852345 0.19218750286381692 0.1671875024912879
0 0.7382812610012479 0.8885417130077258 0.19218750286381692 0.1671875024912879
0 0.9179687636788003 0.1114583391463384 0.15468750230502337 0.16406250244472176
0 0.606250009033829 0.4197916885605082 0.14375000214204192 0.14843750221189111
0 0.789843761769589 0.25520834664348513 0.1671875024912879 0.15468750230502337
0 0.23828125355066732 0.5781250301515684 0.1671875024912879 0.15468750230502337
0 0.15000000223517418 0.6072916983393952 0.18750000279396772 0.16406250244472176
0 0.3250000048428774 0.2406250125495717 0.1625000024214387 0.16406250244472176
0 0.6750000100582838 0.432291689212434 0.13750000204890966 0.13281250197906047
1 0.2890625043073669 0.8885417130077258 0.2625000039115548 0.1671875024912879
1 0.4562500067986548 0.7000000365078449 0.3500000052154064 0.3781250056345016
0 0.12109375180443749 0.3083333494141698 0.1671875024912879 0.16875000251457095
0 0.7242187607917003 0.6343750330852345 0.19218750286381692 0.1671875024912879
0 0.7382812610012479 0.8885417130077258 0.19218750286381692 0.1671875024912879
0 0.9179687636788003 0.1114583391463384 0.15468750230502337 0.16406250244472176
0 0.606250009033829 0.4197916885605082 0.14375000214204192 0.14843750221189111
0 0.789843761769589 0.25520834664348513 0.1671875024912879 0.15468750230502337
0 0.23828125355066732 0.5781250301515684 0.1671875024912879 0.15468750230502337
0 0.15000000223517418 0.6072916983393952 0.18750000279396772 0.16406250244472176
0 0.3250000048428774 0.2406250125495717 0.1625000024214387 0.16406250244472176
0 0.6750000100582838 0.432291689212434 0.13750000204890966 0.13281250197906047
1 0.2890625043073669 0.8885417130077258 0.2625000039115548 0.1671875024912879
1 0.4562500067986548 0.7000000365078449 0.3500000052154064 0.3781250056345016
0 0.12109375180443749 0.3083333494141698 0.1671875024912879 0.16875000251457095
0 0.7242187607917003 0.6343750330852345 0.19218750286381692 0.1671875024912879
0 0.7382812610012479 0.8885417130077258 0.19218750286381692 0.1671875024912879
0 0.9179687636788003 0.1114583391463384 0.15468750230502337 0.16406250244472176
0 0.606250009033829 0.4197916885605082 0.14375000214204192 0.14843750221189111
0 0.789843761769589 0.25520834664348513 0.1671875024912879 0.15468750230502337
0 0.23828125355066732 0.5781250301515684 0.1671875024912879 0.15468750230502337
0 0.15000000223517418 0.6072916983393952 0.18750000279396772 0.16406250244472176
0 0.3250000048428774 0.2406250125495717 0.1625000024214387 0.16406250244472176
0 0.6750000100582838 0.432291689212434 0.13750000204890966 0.13281250197906047
1 0.2890625043073669 0.8885417130077258 0.2625000039115548 0.1671875024912879
1 0.4562500067986548 0.7000000365078449 0.3500000052154064 0.3781250056345016
0 0.12109375180443749 0.3083333494141698 0.1671875024912879 0.16875000251457095
0 0.7242187607917003 0.6343750330852345 0.19218750286381692 0.1671875024912879
0 0.7382812610012479 0.8885417130077258 0.19218750286381692 0.1671875024912879
0 0.9179687636788003 0.1114583391463384 0.15468750230502337 0.16406250244472176
0 0.606250009033829 0.4197916885605082 0.14375000214204192 0.14843750221189111
0 0.789843761769589 0.25520834664348513 0.1671875024912879 0.15468750230502337
0 0.23828125355066732 0.5781250301515684 0.1671875024912879 0.15468750230502337
0 0.15000000223517418 0.6072916983393952 0.18750000279396772 0.16406250244472176
0 0.3250000048428774 0.2406250125495717 0.1625000024214387 0.16406250244472176
0 0.6750000100582838 0.432291689212434 0.13750000204890966 0.13281250197906047
1 0.2890625043073669 0.8885417130077258 0.2625000039115548 0.1671875024912879
1 0.4562500067986548 0.7000000365078449 0.3500000052154064 0.3781250056345016
0 0.12109375180443749 0.3083333494141698 0.1671875024912879 0.16875000251457095
0 0.7242187607917003 0.6343750330852345 0.19218750286381692 0.1671875024912879
0 0.7382812610012479 0.8885417130077258 0.19218750286381692 0.1671875024912879
0 0.9179687636788003 0.1114583391463384 0.15468750230502337 0.16406250244472176
0 0.606250009033829 0.4197916885605082 0.14375000214204192 0.14843750221189111
0 0.789843761769589 0.25520834664348513 0.1671875024912879 0.15468750230502337
0 0.23828125355066732 0.5781250301515684 0.1671875024912879 0.15468750230502337
0 0.15000000223517418 0.6072916983393952 0.18750000279396772 0.16406250244472176
0 0.3250000048428774 0.2406250125495717 0.1625000024214387 0.16406250244472176
0 0.6750000100582838 0.432291689212434 0.13750000204890966 0.13281250197906047
1 0.2890625043073669 0.8885417130077258 0.2625000039115548 0.1671875024912879
1 0.4562500067986548 0.7000000365078449 0.3500000052154064 0.3781250056345016
0 0.12109375180443749 0.3083333494141698 0.1671875024912879 0.16875000251457095
0 0.7242187607917003 0.6343750330852345 0.19218750286381692 0.1671875024912879
0 0.7382812610012479 0.8885417130077258 0.19218750286381692 0.1671875024912879
0 0.9179687636788003 0.1114583391463384 0.15468750230502337 0.16406250244472176
0 0.606250009033829 0.4197916885605082 0.14375000214204192 0.14843750221189111
0 0.789843761769589 0.25520834664348513 0.1671875024912879 0.15468750230502337
0 0.23828125355066732 0.5781250301515684 0.1671875024912879 0.15468750230502337
0 0.15000000223517418 0.6072916983393952 0.18750000279396772 0.16406250244472176
0 0.3250000048428774 0.2406250125495717 0.1625000024214387 0.16406250244472176
0 0.6750000100582838 0.432291689212434 0.13750000204890966 0.13281250197906047
1 0.2890625043073669 0.8885417130077258 0.2625000039115548 0.1671875024912879
1 0.4562500067986548 0.7000000365078449 0.3500000052154064 0.3781250056345016
0 0.12109375 0.3083333373069763 0.16718749701976776 0.16875000298023224
0 0.7242187857627869 0.6343750357627869 0.19218750298023224 0.16718749701976776
0 0.73828125 0.8885416984558105 0.19218750298023224 0.16718749701976776
0 0.91796875 0.11145833879709244 0.15468750894069672 0.1640625
0 0.606249988079071 0.41979169845581055 0.14374999701976776 0.1484375
0 0.789843738079071 0.2552083432674408 0.16718749701976776 0.15468750894069672
0 0.23828125 0.5781250596046448 0.16718749701976776 0.15468750894069672
0 0.15000000596046448 0.6072916984558105 0.1875 0.1640625
0 0.32500001788139343 0.24062500894069672 0.16250000894069672 0.1640625
0 0.675000011920929 0.4322916865348816 0.13750000298023224 0.1328125
1 0.2890625 0.8885416984558105 0.26250001788139343 0.16718749701976776
1 0.45625001192092896 0.7000000476837158 0.3499999940395355 0.37812501192092896
0 0.12109375 0.3083333373069763 0.16718749701976776 0.16875000298023224
0 0.7242187857627869 0.6343750357627869 0.19218750298023224 0.16718749701976776
0 0.73828125 0.8885416984558105 0.19218750298023224 0.16718749701976776
0 0.91796875 0.11145833879709244 0.15468750894069672 0.1640625
0 0.606249988079071 0.41979169845581055 0.14374999701976776 0.1484375
0 0.789843738079071 0.2552083432674408 0.16718749701976776 0.15468750894069672
0 0.23828125 0.5781250596046448 0.16718749701976776 0.15468750894069672
0 0.15000000596046448 0.6072916984558105 0.1875 0.1640625
0 0.32500001788139343 0.24062500894069672 0.16250000894069672 0.1640625
0 0.675000011920929 0.4322916865348816 0.13750000298023224 0.1328125
1 0.2890625 0.8885416984558105 0.26250001788139343 0.16718749701976776
1 0.45625001192092896 0.7000000476837158 0.3499999940395355 0.37812501192092896
0 0.12109375 0.3083333373069763 0.16718749701976776 0.16875000298023224
0 0.7242187857627869 0.6343750357627869 0.19218750298023224 0.16718749701976776
0 0.73828125 0.8885416984558105 0.19218750298023224 0.16718749701976776
0 0.91796875 0.11145833879709244 0.15468750894069672 0.1640625
0 0.606249988079071 0.41979169845581055 0.14374999701976776 0.1484375
0 0.789843738079071 0.2552083432674408 0.16718749701976776 0.15468750894069672
0 0.23828125 0.5781250596046448 0.16718749701976776 0.15468750894069672
0 0.15000000596046448 0.6072916984558105 0.1875 0.1640625
0 0.32500001788139343 0.24062500894069672 0.16250000894069672 0.1640625
0 0.675000011920929 0.4322916865348816 0.13750000298023224 0.1328125
1 0.2890625 0.8885416984558105 0.26250001788139343 0.16718749701976776
1 0.45625001192092896 0.7000000476837158 0.3499999940395355 0.37812501192092896
0 0.12109375 0.3083333373069763 0.16718749701976776 0.16875000298023224
0 0.7242187857627869 0.6343750357627869 0.19218750298023224 0.16718749701976776
0 0.73828125 0.8885416984558105 0.19218750298023224 0.16718749701976776
0 0.91796875 0.11145833879709244 0.15468750894069672 0.1640625
0 0.606249988079071 0.41979169845581055 0.14374999701976776 0.1484375
0 0.789843738079071 0.2552083432674408 0.16718749701976776 0.15468750894069672
0 0.23828125 0.5781250596046448 0.16718749701976776 0.15468750894069672
0 0.15000000596046448 0.6072916984558105 0.1875 0.1640625
0 0.32500001788139343 0.24062500894069672 0.16250000894069672 0.1640625
0 0.675000011920929 0.4322916865348816 0.13750000298023224 0.1328125
1 0.2890625 0.8885416984558105 0.26250001788139343 0.16718749701976776
1 0.45625001192092896 0.7000000476837158 0.3499999940395355 0.37812501192092896
0 0.12109375 0.3083333373069763 0.16718749701976776 0.16875000298023224
0 0.7242187857627869 0.6343750357627869 0.19218750298023224 0.16718749701976776
0 0.73828125 0.8885416984558105 0.19218750298023224 0.16718749701976776
0 0.91796875 0.11145833879709244 0.15468750894069672 0.1640625
0 0.606249988079071 0.41979169845581055 0.14374999701976776 0.1484375
0 0.789843738079071 0.2552083432674408 0.16718749701976776 0.15468750894069672
0 0.23828125 0.5781250596046448 0.16718749701976776 0.15468750894069672
0 0.15000000596046448 0.6072916984558105 0.1875 0.1640625
0 0.32500001788139343 0.24062500894069672 0.16250000894069672 0.1640625
0 0.675000011920929 0.4322916865348816 0.13750000298023224 0.1328125
1 0.2890625 0.8885416984558105 0.26250001788139343 0.16718749701976776
1 0.45625001192092896 0.7000000476837158 0.3499999940395355 0.37812501192092896
0 0.12109375 0.3083333373069763 0.16718749701976776 0.16875000298023224
0 0.7242187857627869 0.6343750357627869 0.19218750298023224 0.16718749701976776
0 0.73828125 0.8885416984558105 0.19218750298023224 0.16718749701976776
0 0.91796875 0.11145833879709244 0.15468750894069672 0.1640625
0 0.606249988079071 0.41979169845581055 0.14374999701976776 0.1484375
0 0.789843738079071 0.2552083432674408 0.16718749701976776 0.15468750894069672
0 0.23828125 0.5781250596046448 0.16718749701976776 0.15468750894069672
0 0.15000000596046448 0.6072916984558105 0.1875 0.1640625
0 0.32500001788139343 0.24062500894069672 0.16250000894069672 0.1640625
0 0.675000011920929 0.4322916865348816 0.13750000298023224 0.1328125
1 0.2890625 0.8885416984558105 0.26250001788139343 0.16718749701976776
1 0.45625001192092896 0.7000000476837158 0.3499999940395355 0.37812501192092896
0 0.12109375 0.3083333373069763 0.16718749701976776 0.16875000298023224
0 0.7242187857627869 0.6343750357627869 0.19218750298023224 0.16718749701976776
0 0.73828125 0.8885416984558105 0.19218750298023224 0.16718749701976776
0 0.91796875 0.11145833879709244 0.15468750894069672 0.1640625
0 0.606249988079071 0.41979169845581055 0.14374999701976776 0.1484375
0 0.789843738079071 0.2552083432674408 0.16718749701976776 0.15468750894069672
0 0.23828125 0.5781250596046448 0.16718749701976776 0.15468750894069672
0 0.15000000596046448 0.6072916984558105 0.1875 0.1640625
0 0.32500001788139343 0.24062500894069672 0.16250000894069672 0.1640625
0 0.675000011920929 0.4322916865348816 0.13750000298023224 0.1328125
1 0.2890625 0.8885416984558105 0.26250001788139343 0.16718749701976776
1 0.45625001192092896 0.7000000476837158 0.3499999940395355 0.37812501192092896
