0 0.3515625052386895 0.49166669230908155 0.17187500256113708 0.15937500237487257
0 0.7140625106403604 0.5541666955687106 0.17187500256113708 0.15937500237487257
0 0.8687500129453838 0.7375000384636223 0.17187500256113708 0.15937500237487257
0 0.8546875127358362 0.23750001238659024 0.17187500256113708 0.15937500237487257
0 0.0875000013038516 0.17395834240596741 0.17187500256113708 0.16406250244472176
0 0.32656250486616045 0.7260417045326903 0.19062500284053385 0.16093750239815563
0 0.5062500075437129 0.26979168073739856 0.19062500284053385 0.16093750239815563
0 0.7460937611176632 0.3958333539776504 0.16093750239815563 0.13437500200234354
0 0.2992187544587068 0.09062500472646207 0.16093750239815563 0.13281250197906047
1 0.1382812520605512 0.3458333513699472 0.0703125010477379 0.06875000102445483
1 0.5812500086612999 0.8041667086072266 0.3500000052154064 0.2937500043772161
0 0.3515625052386895 0.49166669230908155 0.17187500256113708 0.15937500237487257
0 0.7140625106403604 0.5541666955687106 0.17187500256113708 0.15937500237487257
0 0.8687500129453838 0.7375000384636223 0.17187500256113708 0.15937500237487257
0 0.8546875127358362 0.23750001238659024 0.17187500256113708 0.15937500237487257
0 0.0875000013038516 0.17395834240596741 0.17187500256113708 0.16406250244472176
0 0.32656250486616045 0.7260417045326903 0.19062500284053385 0.16093750239815563
0 0.5062500075437129 0.26979168073739856 0.19062500284053385 0.16093750239815563
0 0.7460937611176632 0.3958333539776504 0.16093750239815563 0.13437500200234354
0 0.2992187544587068 0.09062500472646207 0.16093750239815563 0.13281250197906047
1 0.1382812520605512 0.3458333513699472 0.0703125010477379 0.06875000102445483
1 0.5812500086612999 0.8041667086072266 0.3500000052154064 0.2937500043772161
0 0.3515625052386895 0.49166669230908155 0.17187500256113708 0.15937500237487257
0 0.7140625106403604 0.5541666955687106 0.17187500256113708 0.15937500237487257
0 0.8687500129453838 0.7375000384636223 0.17187500256113708 0.15937500237487257
0 0.8546875127358362 0.23750001238659024 0.17187500256113708 0.15937500237487257
0 0.0875000013038516 0.17395834240596741 0.17187500256113708 0.16406250244472176
0 0.32656250486616045 0.7260417045326903 0.19062500284053385 0.16093750239815563
0 0.5062500075437129 0.26979168073739856 0.19062500284053385 0.16093750239815563
0 0.7460937611176632 0.3958333539776504 0.16093750239815563 0.13437500200234354
0 0.2992187544587068 0.09062500472646207 0.16093750239815563 0.13281250197906047
1 0.1382812520605512 0.3458333513699472 0.0703125010477379 0.06875000102445483
1 0.5812500086612999 0.8041667086072266 0.3500000052154064 0.2937500043772161
0 0.3515625052386895 0.49166669230908155 0.17187500256113708 0.15937500237487257
0 0.7140625106403604 0.5541666955687106 0.17187500256113708 0.15937500237487257
0 0.8687500129453838 0.7375000384636223 0.17187500256113708 0.15937500237487257
0 0.8546875127358362 0.23750001238659024 0.17187500256113708 0.15937500237487257
0 0.0875000013038516 0.17395834240596741 0.17187500256113708 0.16406250244472176
0 0.32656250486616045 0.7260417045326903 0.19062500284053385 0.16093750239815563
0 0.5062500075437129 0.26979168073739856 0.19062500284053385 0.16093750239815563
0 0.7460937611176632 0.3958333539776504 0.16093750239815563 0.13437500200234354
0 0.2992187544587068 0.09062500472646207 0.16093750239815563 0.13281250197906047
1 0.1382812520605512 0.3458333513699472 0.0703125010477379 0.06875000102445483
1 0.5812500086612999 0.8041667086072266 0.3500000052154064 0.2937500043772161
0 0.3515625052386895 0.49166669230908155 0.17187500256113708 0.15937500237487257
0 0.7140625106403604 0.5541666955687106 0.17187500256113708 0.15937500237487257
0 0.8687500129453838 0.7375000384636223 0.17187500256113708 0.15937500237487257
0 0.8546875127358362 0.23750001238659024 0.17187500256113708 0.15937500237487257
0 0.0875000013038516 0.17395834240596741 0.17187500256113708 0.16406250244472176
0 0.32656250486616045 0.7260417045326903 0.19062500284053385 0.16093750239815563
0 0.5062500075437129 0.26979168073739856 0.19062500284053385 0.16093750239815563
0 0.7460937611176632 0.3958333539776504 0.16093750239815563 0.13437500200234354
0 0.2992187544587068 0.09062500472646207 0.16093750239815563 0.13281250197906047
1 0.1382812520605512 0.3458333513699472 0.0703125010477379 0.06875000102445483
1 0.5812500086612999 0.8041667086072266 0.3500000052154064 0.2937500043772161
0 0.3515625052386895 0.49166669230908155 0.17187500256113708 0.15937500237487257
0 0.7140625106403604 0.5541666955687106 0.17187500256113708 0.15937500237487257
0 0.8687500129453838 0.7375000384636223 0.17187500256113708 0.15937500237487257
0 0.8546875127358362 0.23750001238659024 0.17187500256113708 0.15937500237487257
0 0.0875000013038516 0.17395834240596741 0.17187500256113708 0.16406250244472176
0 0.32656250486616045 0.7260417045326903 0.19062500284053385 0.16093750239815563
0 0.5062500075437129 0.26979168073739856 0.19062500284053385 0.16093750239815563
0 0.7460937611176632 0.3958333539776504 0.16093750239815563 0.13437500200234354
0 0.2992187544587068 0.09062500472646207 0.16093750239815563 0.13281250197906047
1 0.1382812520605512 0.3458333513699472 0.0703125010477379 0.06875000102445483
1 0.5812500086612999 0.8041667086072266 0.3500000052154064 0.2937500043772161
0 0.3515625052386895 0.49166669230908155 0.17187500256113708 0.15937500237487257
0 0.7140625106403604 0.5541666955687106 0.17187500256113708 0.15937500237487257
0 0.8687500129453838 0.7375000384636223 0.17187500256113708 0.15937500237487257
0 0.8546875127358362 0.23750001238659024 0.17187500256113708 0.15937500237487257
0 0.0875000013038516 0.17395834240596741 0.17187500256113708 0.16406250244472176
0 0.32656250486616045 0.7260417045326903 0.19062500284053385 0.16093750239815563
0 0.5062500075437129 0.26979168073739856 0.19062500284053385 0.16093750239815563
0 0.7460937611176632 0.3958333539776504 0.16093750239815563 0.13437500200234354
0 0.2992187544587068 0.09062500472646207 0.16093750239815563 0.13281250197906047
1 0.1382812520605512 0.3458333513699472 0.0703125010477379 0.06875000102445483
1 0.5812500086612999 0.8041667086072266 0.3500000052154064 0.2937500043772161
0 0.3515625052386895 0.49166669230908155 0.17187500256113708 0.15937500237487257
0 0.7140625106403604 0.5541666955687106 0.17187500256113708 0.15937500237487257
0 0.8687500129453838 0.7375000384636223 0.17187500256113708 0.15937500237487257
0 0.8546875127358362 0.23750001238659024 0.17187500256113708 0.15937500237487257
0 0.0875000013038516 0.17395834240596741 0.17187500256113708 0.16406250244472176
0 0.32656250486616045 0.7260417045326903 0.19062500284053385 0.16093750239815563
0 0.5062500075437129 0.26979168073739856 0.19062500284053385 0.16093750239815563
0 0.7460937611176632 0.3958333539776504 0.16093750239815563 0.13437500200234354
0 0.2992187544587068 0.09062500472646207 0.16093750239815563 0.13281250197906047
1 0.1382812520605512 0.3458333513699472 0.0703125010477379 0.06875000102445483
1 0.5812500086612999 0.8041667086072266 0.3500000052154064 0.2937500043772161
0 0.3515625052386895 0.49166669230908155 0.17187500256113708 0.15937500237487257
0 0.7140625106403604 0.5541666955687106 0.17187500256113708 0.15937500237487257
0 0.8687500129453838 0.7375000384636223 0.17187500256113708 0.15937500237487257
0 0.8546875127358362 0.23750001238659024 0.17187500256113708 0.15937500237487257
0 0.0875000013038516 0.17395834240596741 0.17187500256113708 0.16406250244472176
0 0.32656250486616045 0.7260417045326903 0.19062500284053385 0.16093750239815563
0 0.5062500075437129 0.26979168073739856 0.19062500284053385 0.16093750239815563
0 0.7460937611176632 0.3958333539776504 0.16093750239815563 0.13437500200234354
0 0.2992187544587068 0.09062500472646207 0.16093750239815563 0.13281250197906047
1 0.1382812520605512 0.3458333513699472 0.0703125010477379 0.06875000102445483
1 0.5812500086612999 0.8041667086072266 0.3500000052154064 0.2937500043772161
0 0.3515625052386895 0.49166669230908155 0.17187500256113708 0.15937500237487257
0 0.7140625106403604 0.5541666955687106 0.17187500256113708 0.15937500237487257
0 0.8687500129453838 0.7375000384636223 0.17187500256113708 0.15937500237487257
0 0.8546875127358362 0.23750001238659024 0.17187500256113708 0.15937500237487257
0 0.0875000013038516 0.17395834240596741 0.17187500256113708 0.16406250244472176
0 0.32656250486616045 0.7260417045326903 0.19062500284053385 0.16093750239815563
0 0.5062500075437129 0.26979168073739856 0.19062500284053385 0.16093750239815563
0 0.7460937611176632 0.3958333539776504 0.16093750239815563 0.13437500200234354
0 0.2992187544587068 0.09062500472646207 0.16093750239815563 0.13281250197906047
1 0.1382812520605512 0.3458333513699472 0.0703125010477379 0.06875000102445483
1 0.5812500086612999 0.8041667086072266 0.3500000052154064 0.2937500043772161
0 0.3515625052386895 0.49166669230908155 0.17187500256113708 0.15937500237487257
0 0.7140625106403604 0.5541666955687106 0.17187500256113708 0.15937500237487257
0 0.8687500129453838 0.7375000384636223 0.17187500256113708 0.15937500237487257
0 0.8546875127358362 0.23750001238659024 0.17187500256113708 0.15937500237487257
0 0.0875000013038516 0.17395834240596741 0.17187500256113708 0.16406250244472176
0 0.32656250486616045 0.7260417045326903 0.19062500284053385 0.16093750239815563
0 0.5062500075437129 0.26979168073739856 0.19062500284053385 0.16093750239815563
0 0.7460937611176632 0.3958333539776504 0.16093750239815563 0.13437500200234354
0 0.2992187544587068 0.09062500472646207 0.16093750239815563 0.13281250197906047
1 0.1382812520605512 0.3458333513699472 0.0703125010477379 0.06875000102445483
1 0.5812500086612999 0.8041667086072266 0.3500000052154064 0.2937500043772161
0 0.3515625052386895 0.49166669230908155 0.17187500256113708 0.15937500237487257
0 0.7140625106403604 0.5541666955687106 0.17187500256113708 0.15937500237487257
0 0.8687500129453838 0.7375000384636223 0.17187500256113708 0.15937500237487257
0 0.8546875127358362 0.23750001238659024 0.17187500256113708 0.15937500237487257
0 0.0875000013038516 0.17395834240596741 0.17187500256113708 0.16406250244472176
0 0.32656250486616045 0.7260417045326903 0.19062500284053385 0.16093750239815563
0 0.5062500075437129 0.26979168073739856 0.19062500284053385 0.16093750239815563
0 0.7460937611176632 0.3958333539776504 0.16093750239815563 0.13437500200234354
0 0.2992187544587068 0.09062500472646207 0.16093750239815563 0.13281250197906047
1 0.1382812520605512 0.3458333513699472 0.0703125010477379 0.06875000102445483
1 0.5812500086612999 0.8041667086072266 0.3500000052154064 0.2937500043772161
0 0.3515625052386895 0.49166669230908155 0.17187500256113708 0.15937500237487257
0 0.7140625106403604 0.5541666955687106 0.17187500256113708 0.15937500237487257
0 0.8687500129453838 0.7375000384636223 0.17187500256113708 0.15937500237487257
0 0.8546875127358362 0.23750001238659024 0.17187500256113708 0.15937500237487257
0 0.0875000013038516 0.17395834240596741 0.17187500256113708 0.16406250244472176
0 0.32656250486616045 0.7260417045326903 0.19062500284053385 0.16093750239815563
0 0.5062500075437129 0.26979168073739856 0.19062500284053385 0.16093750239815563
0 0.7460937611176632 0.3958333539776504 0.16093750239815563 0.13437500200234354
0 0.2992187544587068 0.09062500472646207 0.16093750239815563 0.13281250197906047
1 0.1382812520605512 0.3458333513699472 0.0703125010477379 0.06875000102445483
1 0.5812500086612999 0.8041667086072266 0.3500000052154064 0.2937500043772161
0 0.3515625052386895 0.49166669230908155 0.17187500256113708 0.15937500237487257
0 0.7140625106403604 0.5541666955687106 0.17187500256113708 0.15937500237487257
0 0.8687500129453838 0.7375000384636223 0.17187500256113708 0.15937500237487257
0 0.8546875127358362 0.23750001238659024 0.17187500256113708 0.15937500237487257
0 0.0875000013038516 0.17395834240596741 0.17187500256113708 0.16406250244472176
0 0.32656250486616045 0.7260417045326903 0.19062500284053385 0.16093750239815563
0 0.5062500075437129 0.26979168073739856 0.19062500284053385 0.16093750239815563
0 0.7460937611176632 0.3958333539776504 0.16093750239815563 0.13437500200234354
0 0.2992187544587068 0.09062500472646207 0.16093750239815563 0.13281250197906047
2 0.1382812520605512 0.3458333513699472 0.0703125010477379 0.06875000102445483
1 0.5812500086612999 0.8041667086072266 0.3500000052154064 0.2937500043772161
0 0.3515625052386895 0.49166669230908155 0.17187500256113708 0.15937500237487257
0 0.7140625106403604 0.5541666955687106 0.17187500256113708 0.15937500237487257
0 0.8687500129453838 0.7375000384636223 0.17187500256113708 0.15937500237487257
0 0.8546875127358362 0.23750001238659024 0.17187500256113708 0.15937500237487257
0 0.0875000013038516 0.17395834240596741 0.17187500256113708 0.16406250244472176
0 0.32656250486616045 0.7260417045326903 0.19062500284053385 0.16093750239815563
0 0.5062500075437129 0.26979168073739856 0.19062500284053385 0.16093750239815563
0 0.7460937611176632 0.3958333539776504 0.16093750239815563 0.13437500200234354
0 0.2992187544587068 0.09062500472646207 0.16093750239815563 0.13281250197906047
2 0.1382812520605512 0.3458333513699472 0.0703125010477379 0.06875000102445483
1 0.5812500086612999 0.8041667086072266 0.3500000052154064 0.2937500043772161
0 0.3515625 0.491666704416275 0.171875 0.15937499701976776
0 0.714062511920929 0.5541666746139526 0.171875 0.15937499701976776
0 0.8687500357627869 0.737500011920929 0.171875 0.15937499701976776
0 0.854687511920929 0.23750001192092896 0.171875 0.15937499701976776
0 0.08749999850988388 0.17395834624767303 0.171875 0.1640625
0 0.3265624940395355 0.7260417342185974 0.19062499701976776 0.16093750298023224
0 0.5062500238418579 0.26979169249534607 0.19062499701976776 0.16093750298023224
0 0.74609375 0.3958333432674408 0.16093750298023224 0.13437500596046448
0 0.2992187440395355 0.09062500298023224 0.16093750298023224 0.1328125
2 0.13828125596046448 0.34583336114883423 0.0703125 0.06875000149011612
1 0.581250011920929 0.8041667342185974 0.3499999940395355 0.29375001788139343
0 0.3515625 0.491666704416275 0.171875 0.15937499701976776
0 0.714062511920929 0.5541666746139526 0.171875 0.15937499701976776
0 0.8687500357627869 0.737500011920929 0.171875 0.15937499701976776
0 0.854687511920929 0.23750001192092896 0.171875 0.15937499701976776
0 0.08749999850988388 0.17395834624767303 0.171875 0.1640625
0 0.3265624940395355 0.7260417342185974 0.19062499701976776 0.16093750298023224
0 0.5062500238418579 0.26979169249534607 0.19062499701976776 0.16093750298023224
0 0.74609375 0.3958333432674408 0.16093750298023224 0.13437500596046448
0 0.2992187440395355 0.09062500298023224 0.16093750298023224 0.1328125
2 0.13828125596046448 0.34583336114883423 0.0703125 0.06875000149011612
1 0.581250011920929 0.8041667342185974 0.3499999940395355 0.29375001788139343
0 0.3515625 0.491666704416275 0.171875 0.15937499701976776
0 0.714062511920929 0.5541666746139526 0.171875 0.15937499701976776
0 0.8687500357627869 0.737500011920929 0.171875 0.15937499701976776
0 0.854687511920929 0.23750001192092896 0.171875 0.15937499701976776
0 0.08749999850988388 0.17395834624767303 0.171875 0.1640625
0 0.3265624940395355 0.7260417342185974 0.19062499701976776 0.16093750298023224
0 0.5062500238418579 0.26979169249534607 0.19062499701976776 0.16093750298023224
0 0.74609375 0.3958333432674408 0.16093750298023224 0.13437500596046448
0 0.2992187440395355 0.09062500298023224 0.16093750298023224 0.1328125
2 0.13828125596046448 0.34583336114883423 0.0703125 0.06875000149011612
1 0.581250011920929 0.8041667342185974 0.3499999940395355 0.29375001788139343
0 0.3515625 0.491666704416275 0.171875 0.15937499701976776
0 0.714062511920929 0.5541666746139526 0.171875 0.15937499701976776
0 0.8687500357627869 0.737500011920929 0.171875 0.15937499701976776
0 0.854687511920929 0.23750001192092896 0.171875 0.15937499701976776
0 0.08749999850988388 0.17395834624767303 0.171875 0.1640625
0 0.3265624940395355 0.7260417342185974 0.19062499701976776 0.16093750298023224
0 0.5062500238418579 0.26979169249534607 0.19062499701976776 0.16093750298023224
0 0.74609375 0.3958333432674408 0.16093750298023224 0.13437500596046448
0 0.2992187440395355 0.09062500298023224 0.16093750298023224 0.1328125
2 0.13828125596046448 0.34583336114883423 0.0703125 0.06875000149011612
1 0.581250011920929 0.8041667342185974 0.3499999940395355 0.29375001788139343
0 0.3515625 0.491666704416275 0.171875 0.15937499701976776
0 0.714062511920929 0.5541666746139526 0.171875 0.15937499701976776
0 0.8687500357627869 0.737500011920929 0.171875 0.15937499701976776
0 0.854687511920929 0.23750001192092896 0.171875 0.15937499701976776
0 0.08749999850988388 0.17395834624767303 0.171875 0.1640625
0 0.3265624940395355 0.7260417342185974 0.19062499701976776 0.16093750298023224
0 0.5062500238418579 0.26979169249534607 0.19062499701976776 0.16093750298023224
0 0.74609375 0.3958333432674408 0.16093750298023224 0.13437500596046448
0 0.2992187440395355 0.09062500298023224 0.16093750298023224 0.1328125
2 0.13828125596046448 0.34583336114883423 0.0703125 0.06875000149011612
1 0.581250011920929 0.8041667342185974 0.3499999940395355 0.29375001788139343
0 0.3515625 0.491666704416275 0.171875 0.15937499701976776
0 0.714062511920929 0.5541666746139526 0.171875 0.15937499701976776
0 0.8687500357627869 0.737500011920929 0.171875 0.15937499701976776
0 0.854687511920929 0.23750001192092896 0.171875 0.15937499701976776
0 0.08749999850988388 0.17395834624767303 0.171875 0.1640625
0 0.3265624940395355 0.7260417342185974 0.19062499701976776 0.16093750298023224
0 0.5062500238418579 0.26979169249534607 0.19062499701976776 0.16093750298023224
0 0.74609375 0.3958333432674408 0.16093750298023224 0.13437500596046448
0 0.2992187440395355 0.09062500298023224 0.16093750298023224 0.1328125
2 0.13828125596046448 0.34583336114883423 0.0703125 0.06875000149011612
1 0.581250011920929 0.8041667342185974 0.3499999940395355 0.29375001788139343
0 0.3515625 0.491666704416275 0.171875 0.15937499701976776
0 0.714062511920929 0.5541666746139526 0.171875 0.15937499701976776
0 0.8687500357627869 0.737500011920929 0.171875 0.15937499701976776
0 0.854687511920929 0.23750001192092896 0.171875 0.15937499701976776
0 0.08749999850988388 0.17395834624767303 0.171875 0.1640625
0 0.3265624940395355 0.7260417342185974 0.19062499701976776 0.16093750298023224
0 0.5062500238418579 0.26979169249534607 0.19062499701976776 0.16093750298023224
0 0.74609375 0.3958333432674408 0.16093750298023224 0.13437500596046448
0 0.2992187440395355 0.09062500298023224 0.16093750298023224 0.1328125
2 0.13828125596046448 0.34583336114883423 0.0703125 0.06875000149011612
1 0.581250011920929 0.8041667342185974 0.3499999940395355 0.29375001788139343
