0 0.16796875250292942 0.7479167056735605 0.17031250253785402 0.16562500246800482
0 0.05390625080326572 0.5468750285217538 0.10468750155996531 0.18593750277068466
0 0.33828125504078344 0.34791668481193483 0.17031250253785402 0.16562500246800482
0 0.25859375385334715 0.2906250151572749 0.17343750258442014 0.1796875026775524
0 0.30937500461004674 0.09375000488944352 0.14687500218860805 0.13750000204890966
0 0.45312500675208867 0.09375000488944352 0.14687500218860805 0.13750000204890966
0 0.8765625130617991 0.5302083609858528 0.1625000024214387 0.15156250225845724
0 0.8296875123633072 0.3197916833451018 0.1625000024214387 0.15156250225845724
0 0.6687500099651515 0.3968750206986442 0.1625000024214387 0.15156250225845724
0 0.46718750696163625 0.5968750311294571 0.19062500284053385 0.16093750239815563
0 0.36484375543659553 0.5489583619637415 0.1796875026775524 0.16093750239815563
0 0.3234375048195943 0.8010417084442452 0.1531250022817403 0.2015625030035153
0 0.5351562579744495 0.8239583763061091 0.11093750165309757 0.18593750277068466
0 0.5992187589290552 0.1604166750330478 0.2109375031432137 0.23750000353902578
1 0.703125010477379 0.7270833712536842 0.3500000052154064 0.315625004703179
0 0.16796875250292942 0.7479167056735605 0.17031250253785402 0.16562500246800482
0 0.05390625080326572 0.5468750285217538 0.10468750155996531 0.18593750277068466
0 0.33828125504078344 0.34791668481193483 0.17031250253785402 0.16562500246800482
0 0.25859375385334715 0.2906250151572749 0.17343750258442014 0.1796875026775524
0 0.30937500461004674 0.09375000488944352 0.14687500218860805 0.13750000204890966
0 0.45312500675208867 0.09375000488944352 0.14687500218860805 0.13750000204890966
0 0.8765625130617991 0.5302083609858528 0.1625000024214387 0.15156250225845724
0 0.8296875123633072 0.3197916833451018 0.1625000024214387 0.15156250225845724
0 0.6687500099651515 0.3968750206986442 0.1625000024214387 0.15156250225845724
0 0.46718750696163625 0.5968750311294571 0.19062500284053385 0.16093750239815563
0 0.36484375543659553 0.5489583619637415 0.1796875026775524 0.16093750239815563
0 0.3234375048195943 0.8010417084442452 0.1531250022817403 0.2015625030035153
0 0.5351562579744495 0.8239583763061091 0.11093750165309757 0.18593750277068466
0 0.5992187589290552 0.1604166750330478 0.2109375031432137 0.23750000353902578
1 0.703125010477379 0.7270833712536842 0.3500000052154064 0.315625004703179
0 0.16796875250292942 0.7479167056735605 0.17031250253785402 0.16562500246800482
0 0.05390625080326572 0.5468750285217538 0.10468750155996531 0.18593750277068466
0 0.33828125504078344 0.34791668481193483 0.17031250253785402 0.16562500246800482
0 0.25859375385334715 0.2906250151572749 0.17343750258442014 0.1796875026775524
0 0.30937500461004674 0.09375000488944352 0.14687500218860805 0.13750000204890966
0 0.45312500675208867 0.09375000488944352 0.14687500218860805 0.13750000204890966
0 0.8765625130617991 0.5302083609858528 0.1625000024214387 0.15156250225845724
0 0.8296875123633072 0.3197916833451018 0.1625000024214387 0.15156250225845724
0 0.6687500099651515 0.3968750206986442 0.1625000024214387 0.15156250225845724
0 0.46718750696163625 0.5968750311294571 0.19062500284053385 0.16093750239815563
0 0.36484375543659553 0.5489583619637415 0.1796875026775524 0.16093750239815563
0 0.3234375048195943 0.8010417084442452 0.1531250022817403 0.2015625030035153
0 0.5351562579744495 0.8239583763061091 0.11093750165309757 0.18593750277068466
0 0.5992187589290552 0.1604166750330478 0.2109375031432137 0.23750000353902578
1 0.703125010477379 0.7270833712536842 0.3500000052154064 0.315625004703179
0 0.16796875250292942 0.7479167056735605 0.17031250253785402 0.16562500246800482
0 0.05390625080326572 0.5468750285217538 0.10468750155996531 0.18593750277068466
0 0.33828125504078344 0.34791668481193483 0.17031250253785402 0.16562500246800482
0 0.25859375385334715 0.2906250151572749 0.17343750258442014 0.1796875026775524
0 0.30937500461004674 0.09375000488944352 0.14687500218860805 0.13750000204890966
0 0.45312500675208867 0.09375000488944352 0.14687500218860805 0.13750000204890966
0 0.8765625130617991 0.5302083609858528 0.1625000024214387 0.15156250225845724
0 0.8296875123633072 0.3197916833451018 0.1625000024214387 0.15156250225845724
0 0.6687500099651515 0.3968750206986442 0.1625000024214387 0.15156250225845724
0 0.46718750696163625 0.5968750311294571 0.19062500284053385 0.16093750239815563
0 0.36484375543659553 0.5489583619637415 0.1796875026775524 0.16093750239815563
0 0.3234375048195943 0.8010417084442452 0.1531250022817403 0.2015625030035153
0 0.5351562579744495 0.8239583763061091 0.11093750165309757 0.18593750277068466
0 0.5992187589290552 0.1604166750330478 0.2109375031432137 0.23750000353902578
1 0.703125010477379 0.7270833712536842 0.3500000052154064 0.315625004703179
0 0.16796875250292942 0.7479167056735605 0.17031250253785402 0.16562500246800482
0 0.05390625080326572 0.5468750285217538 0.10468750155996531 0.18593750277068466
0 0.33828125504078344 0.34791668481193483 0.17031250253785402 0.16562500246800482
0 0.25859375385334715 0.2906250151572749 0.17343750258442014 0.1796875026775524
0 0.30937500461004674 0.09375000488944352 0.14687500218860805 0.13750000204890966
0 0.45312500675208867 0.09375000488944352 0.14687500218860805 0.13750000204890966
0 0.8765625130617991 0.5302083609858528 0.1625000024214387 0.15156250225845724
0 0.8296875123633072 0.3197916833451018 0.1625000024214387 0.15156250225845724
0 0.6687500099651515 0.3968750206986442 0.1625000024214387 0.15156250225845724
0 0.46718750696163625 0.5968750311294571 0.19062500284053385 0.16093750239815563
0 0.36484375543659553 0.5489583619637415 0.1796875026775524 0.16093750239815563
0 0.3234375048195943 0.8010417084442452 0.1531250022817403 0.2015625030035153
0 0.5351562579744495 0.8239583763061091 0.11093750165309757 0.18593750277068466
0 0.5992187589290552 0.1604166750330478 0.2109375031432137 0.23750000353902578
1 0.703125010477379 0.7270833712536842 0.3500000052154064 0.315625004703179
0 0.16796875250292942 0.7479167056735605 0.17031250253785402 0.16562500246800482
0 0.05390625080326572 0.5468750285217538 0.10468750155996531 0.18593750277068466
0 0.33828125504078344 0.34791668481193483 0.17031250253785402 0.16562500246800482
0 0.25859375385334715 0.2906250151572749 0.17343750258442014 0.1796875026775524
0 0.30937500461004674 0.09375000488944352 0.14687500218860805 0.13750000204890966
0 0.45312500675208867 0.09375000488944352 0.14687500218860805 0.13750000204890966
0 0.8765625130617991 0.5302083609858528 0.1625000024214387 0.15156250225845724
0 0.8296875123633072 0.3197916833451018 0.1625000024214387 0.15156250225845724
0 0.6687500099651515 0.3968750206986442 0.1625000024214387 0.15156250225845724
0 0.46718750696163625 0.5968750311294571 0.19062500284053385 0.16093750239815563
0 0.36484375543659553 0.5489583619637415 0.1796875026775524 0.16093750239815563
0 0.3234375048195943 0.8010417084442452 0.1531250022817403 0.2015625030035153
0 0.5351562579744495 0.8239583763061091 0.11093750165309757 0.18593750277068466
0 0.5992187589290552 0.1604166750330478 0.2109375031432137 0.23750000353902578
1 0.703125010477379 0.7270833712536842 0.3500000052154064 0.315625004703179
0 0.16796875250292942 0.7479167056735605 0.17031250253785402 0.16562500246800482
0 0.05390625080326572 0.5468750285217538 0.10468750155996531 0.18593750277068466
0 0.33828125504078344 0.34791668481193483 0.17031250253785402 0.16562500246800482
0 0.25859375385334715 0.2906250151572749 0.17343750258442014 0.1796875026775524
0 0.30937500461004674 0.09375000488944352 0.14687500218860805 0.13750000204890966
0 0.45312500675208867 0.09375000488944352 0.14687500218860805 0.13750000204890966
0 0.8765625130617991 0.5302083609858528 0.1625000024214387 0.15156250225845724
0 0.8296875123633072 0.3197916833451018 0.1625000024214387 0.15156250225845724
0 0.6687500099651515 0.3968750206986442 0.1625000024214387 0.15156250225845724
0 0.46718750696163625 0.5968750311294571 0.19062500284053385 0.16093750239815563
0 0.36484375543659553 0.5489583619637415 0.1796875026775524 0.16093750239815563
0 0.3234375048195943 0.8010417084442452 0.1531250022817403 0.2015625030035153
0 0.5351562579744495 0.8239583763061091 0.11093750165309757 0.18593750277068466
0 0.5992187589290552 0.1604166750330478 0.2109375031432137 0.23750000353902578
1 0.703125010477379 0.7270833712536842 0.3500000052154064 0.315625004703179
0 0.16796875250292942 0.7479167056735605 0.17031250253785402 0.16562500246800482
0 0.05390625080326572 0.5468750285217538 0.10468750155996531 0.18593750277068466
0 0.33828125504078344 0.34791668481193483 0.17031250253785402 0.16562500246800482
0 0.25859375385334715 0.2906250151572749 0.17343750258442014 0.1796875026775524
0 0.30937500461004674 0.09375000488944352 0.14687500218860805 0.13750000204890966
0 0.45312500675208867 0.09375000488944352 0.14687500218860805 0.13750000204890966
0 0.8765625130617991 0.5302083609858528 0.1625000024214387 0.15156250225845724
0 0.8296875123633072 0.3197916833451018 0.1625000024214387 0.15156250225845724
0 0.6687500099651515 0.3968750206986442 0.1625000024214387 0.15156250225845724
0 0.46718750696163625 0.5968750311294571 0.19062500284053385 0.16093750239815563
0 0.36484375543659553 0.5489583619637415 0.1796875026775524 0.16093750239815563
0 0.3234375048195943 0.8010417084442452 0.1531250022817403 0.2015625030035153
0 0.5351562579744495 0.8239583763061091 0.11093750165309757 0.18593750277068466
0 0.5992187589290552 0.1604166750330478 0.2109375031432137 0.23750000353902578
1 0.703125010477379 0.7270833712536842 0.3500000052154064 0.315625004703179
0 0.16796875250292942 0.7479167056735605 0.17031250253785402 0.16562500246800482
0 0.05390625080326572 0.5468750285217538 0.10468750155996531 0.18593750277068466
0 0.33828125504078344 0.34791668481193483 0.17031250253785402 0.16562500246800482
0 0.25859375385334715 0.2906250151572749 0.17343750258442014 0.1796875026775524
0 0.30937500461004674 0.09375000488944352 0.14687500218860805 0.13750000204890966
0 0.45312500675208867 0.09375000488944352 0.14687500218860805 0.13750000204890966
0 0.8765625130617991 0.5302083609858528 0.1625000024214387 0.15156250225845724
0 0.8296875123633072 0.3197916833451018 0.1625000024214387 0.15156250225845724
0 0.6687500099651515 0.3968750206986442 0.1625000024214387 0.15156250225845724
0 0.46718750696163625 0.5968750311294571 0.19062500284053385 0.16093750239815563
0 0.36484375543659553 0.5489583619637415 0.1796875026775524 0.16093750239815563
0 0.3234375048195943 0.8010417084442452 0.1531250022817403 0.2015625030035153
0 0.5351562579744495 0.8239583763061091 0.11093750165309757 0.18593750277068466
0 0.5992187589290552 0.1604166750330478 0.2109375031432137 0.23750000353902578
1 0.703125010477379 0.7270833712536842 0.3500000052154064 0.315625004703179
0 0.16796875250292942 0.7479167056735605 0.17031250253785402 0.16562500246800482
0 0.05390625080326572 0.5468750285217538 0.10468750155996531 0.18593750277068466
0 0.33828125504078344 0.34791668481193483 0.17031250253785402 0.16562500246800482
0 0.25859375385334715 0.2906250151572749 0.17343750258442014 0.1796875026775524
0 0.30937500461004674 0.09375000488944352 0.14687500218860805 0.13750000204890966
0 0.45312500675208867 0.09375000488944352 0.14687500218860805 0.13750000204890966
0 0.8765625130617991 0.5302083609858528 0.1625000024214387 0.15156250225845724
0 0.8296875123633072 0.3197916833451018 0.1625000024214387 0.15156250225845724
0 0.6687500099651515 0.3968750206986442 0.1625000024214387 0.15156250225845724
0 0.46718750696163625 0.5968750311294571 0.19062500284053385 0.16093750239815563
0 0.36484375543659553 0.5489583619637415 0.1796875026775524 0.16093750239815563
0 0.3234375048195943 0.8010417084442452 0.1531250022817403 0.2015625030035153
0 0.5351562579744495 0.8239583763061091 0.11093750165309757 0.18593750277068466
0 0.5992187589290552 0.1604166750330478 0.2109375031432137 0.23750000353902578
1 0.703125010477379 0.7270833712536842 0.3500000052154064 0.315625004703179
0 0.16796875250292942 0.7479167056735605 0.17031250253785402 0.16562500246800482
0 0.05390625080326572 0.5468750285217538 0.10468750155996531 0.18593750277068466
0 0.33828125504078344 0.34791668481193483 0.17031250253785402 0.16562500246800482
0 0.25859375385334715 0.2906250151572749 0.17343750258442014 0.1796875026775524
0 0.30937500461004674 0.09375000488944352 0.14687500218860805 0.13750000204890966
0 0.45312500675208867 0.09375000488944352 0.14687500218860805 0.13750000204890966
0 0.8765625130617991 0.5302083609858528 0.1625000024214387 0.15156250225845724
0 0.8296875123633072 0.3197916833451018 0.1625000024214387 0.15156250225845724
0 0.6687500099651515 0.3968750206986442 0.1625000024214387 0.15156250225845724
0 0.46718750696163625 0.5968750311294571 0.19062500284053385 0.16093750239815563
0 0.36484375543659553 0.5489583619637415 0.1796875026775524 0.16093750239815563
0 0.3234375048195943 0.8010417084442452 0.1531250022817403 0.2015625030035153
0 0.5351562579744495 0.8239583763061091 0.11093750165309757 0.18593750277068466
0 0.5992187589290552 0.1604166750330478 0.2109375031432137 0.23750000353902578
1 0.703125010477379 0.7270833712536842 0.3500000052154064 0.315625004703179
0 0.16796875250292942 0.7479167056735605 0.17031250253785402 0.16562500246800482
0 0.05390625080326572 0.5468750285217538 0.10468750155996531 0.18593750277068466
0 0.33828125504078344 0.34791668481193483 0.17031250253785402 0.16562500246800482
0 0.25859375385334715 0.2906250151572749 0.17343750258442014 0.1796875026775524
0 0.30937500461004674 0.09375000488944352 0.14687500218860805 0.13750000204890966
0 0.45312500675208867 0.09375000488944352 0.14687500218860805 0.13750000204890966
0 0.8765625130617991 0.5302083609858528 0.1625000024214387 0.15156250225845724
0 0.8296875123633072 0.3197916833451018 0.1625000024214387 0.15156250225845724
0 0.6687500099651515 0.3968750206986442 0.1625000024214387 0.15156250225845724
0 0.46718750696163625 0.5968750311294571 0.19062500284053385 0.16093750239815563
0 0.36484375543659553 0.5489583619637415 0.1796875026775524 0.16093750239815563
0 0.3234375048195943 0.8010417084442452 0.1531250022817403 0.2015625030035153
0 0.5351562579744495 0.8239583763061091 0.11093750165309757 0.18593750277068466
0 0.5992187589290552 0.1604166750330478 0.2109375031432137 0.23750000353902578
1 0.703125010477379 0.7270833712536842 0.3500000052154064 0.315625004703179
0 0.16796875250292942 0.7479167056735605 0.17031250253785402 0.16562500246800482
0 0.05390625080326572 0.5468750285217538 0.10468750155996531 0.18593750277068466
0 0.33828125504078344 0.34791668481193483 0.17031250253785402 0.16562500246800482
0 0.25859375385334715 0.2906250151572749 0.17343750258442014 0.1796875026775524
0 0.30937500461004674 0.09375000488944352 0.14687500218860805 0.13750000204890966
0 0.45312500675208867 0.09375000488944352 0.14687500218860805 0.13750000204890966
0 0.8765625130617991 0.5302083609858528 0.1625000024214387 0.15156250225845724
0 0.8296875123633072 0.3197916833451018 0.1625000024214387 0.15156250225845724
0 0.6687500099651515 0.3968750206986442 0.1625000024214387 0.15156250225845724
0 0.46718750696163625 0.5968750311294571 0.19062500284053385 0.16093750239815563
0 0.36484375543659553 0.5489583619637415 0.1796875026775524 0.16093750239815563
0 0.3234375048195943 0.8010417084442452 0.1531250022817403 0.2015625030035153
0 0.5351562579744495 0.8239583763061091 0.11093750165309757 0.18593750277068466
0 0.5992187589290552 0.1604166750330478 0.2109375031432137 0.23750000353902578
1 0.703125010477379 0.7270833712536842 0.3500000052154064 0.315625004703179
0 0.16796875250292942 0.7479167056735605 0.17031250253785402 0.16562500246800482
0 0.05390625080326572 0.5468750285217538 0.10468750155996531 0.18593750277068466
0 0.33828125504078344 0.34791668481193483 0.17031250253785402 0.16562500246800482
0 0.25859375385334715 0.2906250151572749 0.17343750258442014 0.1796875026775524
0 0.30937500461004674 0.09375000488944352 0.14687500218860805 0.13750000204890966
0 0.45312500675208867 0.09375000488944352 0.14687500218860805 0.13750000204890966
0 0.8765625130617991 0.5302083609858528 0.1625000024214387 0.15156250225845724
0 0.8296875123633072 0.3197916833451018 0.1625000024214387 0.15156250225845724
0 0.6687500099651515 0.3968750206986442 0.1625000024214387 0.15156250225845724
0 0.46718750696163625 0.5968750311294571 0.19062500284053385 0.16093750239815563
0 0.36484375543659553 0.5489583619637415 0.1796875026775524 0.16093750239815563
0 0.3234375048195943 0.8010417084442452 0.1531250022817403 0.2015625030035153
0 0.5351562579744495 0.8239583763061091 0.11093750165309757 0.18593750277068466
0 0.5992187589290552 0.1604166750330478 0.2109375031432137 0.23750000353902578
1 0.703125010477379 0.7270833712536842 0.3500000052154064 0.315625004703179
0 0.16796875250292942 0.7479167056735605 0.17031250253785402 0.16562500246800482
0 0.05390625080326572 0.5468750285217538 0.10468750155996531 0.18593750277068466
0 0.33828125504078344 0.34791668481193483 0.17031250253785402 0.16562500246800482
0 0.25859375385334715 0.2906250151572749 0.17343750258442014 0.1796875026775524
0 0.30937500461004674 0.09375000488944352 0.14687500218860805 0.13750000204890966
0 0.45312500675208867 0.09375000488944352 0.14687500218860805 0.13750000204890966
0 0.8765625130617991 0.5302083609858528 0.1625000024214387 0.15156250225845724
0 0.8296875123633072 0.3197916833451018 0.1625000024214387 0.15156250225845724
0 0.6687500099651515 0.3968750206986442 0.1625000024214387 0.15156250225845724
0 0.46718750696163625 0.5968750311294571 0.19062500284053385 0.16093750239815563
0 0.36484375543659553 0.5489583619637415 0.1796875026775524 0.16093750239815563
0 0.3234375048195943 0.8010417084442452 0.1531250022817403 0.2015625030035153
0 0.5351562579744495 0.8239583763061091 0.11093750165309757 0.18593750277068466
0 0.5992187589290552 0.1604166750330478 0.2109375031432137 0.23750000353902578
1 0.703125010477379 0.7270833712536842 0.3500000052154064 0.315625004703179
0 0.16796875 0.7479166984558105 0.17031250894069672 0.16562500596046448
0 0.05390625074505806 0.546875 0.10468750447034836 0.18593750894069672
0 0.3382812440395355 0.34791669249534607 0.17031250894069672 0.16562500596046448
0 0.25859376788139343 0.2906250059604645 0.17343750596046448 0.1796875
0 0.30937501788139343 0.0937500074505806 0.14687500894069672 0.13750000298023224
0 0.453125 0.0937500074505806 0.14687500894069672 0.13750000298023224
0 0.8765625357627869 0.5302083492279053 0.16250000894069672 0.15156249701976776
0 0.8296875357627869 0.31979167461395264 0.16250000894069672 0.15156249701976776
0 0.668749988079071 0.3968750238418579 0.16250000894069672 0.15156249701976776
0 0.4671874940395355 0.596875011920929 0.19062499701976776 0.16093750298023224
0 0.3648437559604645 0.5489583611488342 0.1796875 0.16093750298023224
0 0.32343751192092896 0.8010417222976685 0.15312500298023224 0.20156250894069672
0 0.53515625 0.8239583969116211 0.11093749850988388 0.18593750894069672
0 0.5992187857627869 0.16041667759418488 0.2109375 0.23749999701976776
1 0.703125 0.7270833849906921 0.3499999940395355 0.31562501192092896
0 0.16796875 0.7479166984558105 0.17031250894069672 0.16562500596046448
0 0.05390625074505806 0.546875 0.10468750447034836 0.18593750894069672
0 0.3382812440395355 0.34791669249534607 0.17031250894069672 0.16562500596046448
0 0.25859376788139343 0.2906250059604645 0.17343750596046448 0.1796875
0 0.30937501788139343 0.0937500074505806 0.14687500894069672 0.13750000298023224
0 0.453125 0.0937500074505806 0.14687500894069672 0.13750000298023224
0 0.8765625357627869 0.5302083492279053 0.16250000894069672 0.15156249701976776
0 0.8296875357627869 0.31979167461395264 0.16250000894069672 0.15156249701976776
0 0.668749988079071 0.3968750238418579 0.16250000894069672 0.15156249701976776
0 0.4671874940395355 0.596875011920929 0.19062499701976776 0.16093750298023224
0 0.3648437559604645 0.5489583611488342 0.1796875 0.16093750298023224
0 0.32343751192092896 0.8010417222976685 0.15312500298023224 0.20156250894069672
0 0.53515625 0.8239583969116211 0.11093749850988388 0.18593750894069672
0 0.5992187857627869 0.16041667759418488 0.2109375 0.23749999701976776
1 0.703125 0.7270833849906921 0.3499999940395355 0.31562501192092896
0 0.16796875 0.7479166984558105 0.17031250894069672 0.16562500596046448
0 0.05390625074505806 0.546875 0.10468750447034836 0.18593750894069672
0 0.3382812440395355 0.34791669249534607 0.17031250894069672 0.16562500596046448
0 0.25859376788139343 0.2906250059604645 0.17343750596046448 0.1796875
0 0.30937501788139343 0.0937500074505806 0.14687500894069672 0.13750000298023224
0 0.453125 0.0937500074505806 0.14687500894069672 0.13750000298023224
0 0.8765625357627869 0.5302083492279053 0.16250000894069672 0.15156249701976776
0 0.8296875357627869 0.31979167461395264 0.16250000894069672 0.15156249701976776
0 0.668749988079071 0.3968750238418579 0.16250000894069672 0.15156249701976776
0 0.4671874940395355 0.596875011920929 0.19062499701976776 0.16093750298023224
0 0.3648437559604645 0.5489583611488342 0.1796875 0.16093750298023224
0 0.32343751192092896 0.8010417222976685 0.15312500298023224 0.20156250894069672
0 0.53515625 0.8239583969116211 0.11093749850988388 0.18593750894069672
0 0.5992187857627869 0.16041667759418488 0.2109375 0.23749999701976776
1 0.703125 0.7270833849906921 0.3499999940395355 0.31562501192092896
0 0.16796875 0.7479166984558105 0.17031250894069672 0.16562500596046448
0 0.05390625074505806 0.546875 0.10468750447034836 0.18593750894069672
0 0.3382812440395355 0.34791669249534607 0.17031250894069672 0.16562500596046448
0 0.25859376788139343 0.2906250059604645 0.17343750596046448 0.1796875
0 0.30937501788139343 0.0937500074505806 0.14687500894069672 0.13750000298023224
0 0.453125 0.0937500074505806 0.14687500894069672 0.13750000298023224
0 0.8765625357627869 0.5302083492279053 0.16250000894069672 0.15156249701976776
0 0.8296875357627869 0.31979167461395264 0.16250000894069672 0.15156249701976776
0 0.668749988079071 0.3968750238418579 0.16250000894069672 0.15156249701976776
0 0.4671874940395355 0.596875011920929 0.19062499701976776 0.16093750298023224
0 0.3648437559604645 0.5489583611488342 0.1796875 0.16093750298023224
0 0.32343751192092896 0.8010417222976685 0.15312500298023224 0.20156250894069672
0 0.53515625 0.8239583969116211 0.11093749850988388 0.18593750894069672
0 0.5992187857627869 0.16041667759418488 0.2109375 0.23749999701976776
1 0.703125 0.7270833849906921 0.3499999940395355 0.31562501192092896
0 0.16796875 0.7479166984558105 0.17031250894069672 0.16562500596046448
0 0.05390625074505806 0.546875 0.10468750447034836 0.18593750894069672
0 0.3382812440395355 0.34791669249534607 0.17031250894069672 0.16562500596046448
0 0.25859376788139343 0.2906250059604645 0.17343750596046448 0.1796875
0 0.30937501788139343 0.0937500074505806 0.14687500894069672 0.13750000298023224
0 0.453125 0.0937500074505806 0.14687500894069672 0.13750000298023224
0 0.8765625357627869 0.5302083492279053 0.16250000894069672 0.15156249701976776
0 0.8296875357627869 0.31979167461395264 0.16250000894069672 0.15156249701976776
0 0.668749988079071 0.3968750238418579 0.16250000894069672 0.15156249701976776
0 0.4671874940395355 0.596875011920929 0.19062499701976776 0.16093750298023224
0 0.3648437559604645 0.5489583611488342 0.1796875 0.16093750298023224
0 0.32343751192092896 0.8010417222976685 0.15312500298023224 0.20156250894069672
0 0.53515625 0.8239583969116211 0.11093749850988388 0.18593750894069672
0 0.5992187857627869 0.16041667759418488 0.2109375 0.23749999701976776
1 0.703125 0.7270833849906921 0.3499999940395355 0.31562501192092896
0 0.16796875 0.7479166984558105 0.17031250894069672 0.16562500596046448
0 0.05390625074505806 0.546875 0.10468750447034836 0.18593750894069672
0 0.3382812440395355 0.34791669249534607 0.17031250894069672 0.16562500596046448
0 0.25859376788139343 0.2906250059604645 0.17343750596046448 0.1796875
0 0.30937501788139343 0.0937500074505806 0.14687500894069672 0.13750000298023224
0 0.453125 0.0937500074505806 0.14687500894069672 0.13750000298023224
0 0.8765625357627869 0.5302083492279053 0.16250000894069672 0.15156249701976776
0 0.8296875357627869 0.31979167461395264 0.16250000894069672 0.15156249701976776
0 0.668749988079071 0.3968750238418579 0.16250000894069672 0.15156249701976776
0 0.4671874940395355 0.596875011920929 0.19062499701976776 0.16093750298023224
0 0.3648437559604645 0.5489583611488342 0.1796875 0.16093750298023224
0 0.32343751192092896 0.8010417222976685 0.15312500298023224 0.20156250894069672
0 0.53515625 0.8239583969116211 0.11093749850988388 0.18593750894069672
0 0.5992187857627869 0.16041667759418488 0.2109375 0.23749999701976776
1 0.703125 0.7270833849906921 0.3499999940395355 0.31562501192092896
0 0.16796875 0.7479166984558105 0.17031250894069672 0.16562500596046448
0 0.05390625074505806 0.546875 0.10468750447034836 0.18593750894069672
0 0.3382812440395355 0.34791669249534607 0.17031250894069672 0.16562500596046448
0 0.25859376788139343 0.2906250059604645 0.17343750596046448 0.1796875
0 0.30937501788139343 0.0937500074505806 0.14687500894069672 0.13750000298023224
0 0.453125 0.0937500074505806 0.14687500894069672 0.13750000298023224
0 0.8765625357627869 0.5302083492279053 0.16250000894069672 0.15156249701976776
0 0.8296875357627869 0.31979167461395264 0.16250000894069672 0.15156249701976776
0 0.668749988079071 0.3968750238418579 0.16250000894069672 0.15156249701976776
0 0.4671874940395355 0.596875011920929 0.19062499701976776 0.16093750298023224
0 0.3648437559604645 0.5489583611488342 0.1796875 0.16093750298023224
0 0.32343751192092896 0.8010417222976685 0.15312500298023224 0.20156250894069672
0 0.53515625 0.8239583969116211 0.11093749850988388 0.18593750894069672
0 0.5992187857627869 0.16041667759418488 0.2109375 0.23749999701976776
1 0.703125 0.7270833849906921 0.3499999940395355 0.31562501192092896
