0 0.3742187555762939 0.3895833536516875 0.17031250253785402 0.1531250022817403
0 0.5117187576252036 0.4250000221654773 0.17031250253785402 0.1531250022817403
0 0.7570312612806447 0.5750000299885869 0.17031250253785402 0.1531250022817403
0 0.9007812634226866 0.420833355281502 0.17031250253785402 0.1531250022817403
0 0.5929687588359229 0.631250032922253 0.17031250253785402 0.1531250022817403
0 0.5445312581141479 0.7375000384636223 0.17031250253785402 0.1531250022817403
0 0.6273437593481503 0.1604166750330478 0.17031250253785402 0.1531250022817403
0 0.8023437619558536 0.2916666818782687 0.17031250253785402 0.1531250022817403
0 0.6007812589523382 0.8770833790767938 0.17031250253785402 0.1531250022817403
1 0.43125000642612576 0.12291667307727039 0.2062500030733645 0.1750000026077032
0 0.3742187555762939 0.3895833536516875 0.17031250253785402 0.1531250022817403
0 0.5117187576252036 0.4250000221654773 0.17031250253785402 0.1531250022817403
0 0.7570312612806447 0.5750000299885869 0.17031250253785402 0.1531250022817403
0 0.9007812634226866 0.420833355281502 0.17031250253785402 0.1531250022817403
0 0.5929687588359229 0.631250032922253 0.17031250253785402 0.1531250022817403
0 0.5445312581141479 0.7375000384636223 0.17031250253785402 0.1531250022817403
0 0.6273437593481503 0.1604166750330478 0.17031250253785402 0.1531250022817403
0 0.8023437619558536 0.2916666818782687 0.17031250253785402 0.1531250022817403
0 0.6007812589523382 0.8770833790767938 0.17031250253785402 0.1531250022817403
1 0.43125000642612576 0.12291667307727039 0.2062500030733645 0.1750000026077032
0 0.3742187555762939 0.3895833536516875 0.17031250253785402 0.1531250022817403
0 0.5117187576252036 0.4250000221654773 0.17031250253785402 0.1531250022817403
0 0.7570312612806447 0.5750000299885869 0.17031250253785402 0.1531250022817403
0 0.9007812634226866 0.420833355281502 0.17031250253785402 0.1531250022817403
0 0.5929687588359229 0.631250032922253 0.17031250253785402 0.1531250022817403
0 0.5445312581141479 0.7375000384636223 0.17031250253785402 0.1531250022817403
0 0.6273437593481503 0.1604166750330478 0.17031250253785402 0.1531250022817403
0 0.8023437619558536 0.2916666818782687 0.17031250253785402 0.1531250022817403
0 0.6007812589523382 0.8770833790767938 0.17031250253785402 0.1531250022817403
1 0.43125000642612576 0.12291667307727039 0.2062500030733645 0.1750000026077032
0 0.3742187555762939 0.3895833536516875 0.17031250253785402 0.1531250022817403
0 0.5117187576252036 0.4250000221654773 0.17031250253785402 0.1531250022817403
0 0.7570312612806447 0.5750000299885869 0.17031250253785402 0.1531250022817403
0 0.9007812634226866 0.420833355281502 0.17031250253785402 0.1531250022817403
0 0.5929687588359229 0.631250032922253 0.17031250253785402 0.1531250022817403
0 0.5445312581141479 0.7375000384636223 0.17031250253785402 0.1531250022817403
0 0.6273437593481503 0.1604166750330478 0.17031250253785402 0.1531250022817403
0 0.8023437619558536 0.2916666818782687 0.17031250253785402 0.1531250022817403
0 0.6007812589523382 0.8770833790767938 0.17031250253785402 0.1531250022817403
1 0.43125000642612576 0.12291667307727039 0.2062500030733645 0.1750000026077032
0 0.3742187555762939 0.3895833536516875 0.17031250253785402 0.1531250022817403
0 0.5117187576252036 0.4250000221654773 0.17031250253785402 0.1531250022817403
0 0.7570312612806447 0.5750000299885869 0.17031250253785402 0.1531250022817403
0 0.9007812634226866 0.420833355281502 0.17031250253785402 0.1531250022817403
0 0.5929687588359229 0.631250032922253 0.17031250253785402 0.1531250022817403
0 0.5445312581141479 0.7375000384636223 0.17031250253785402 0.1531250022817403
0 0.6273437593481503 0.1604166750330478 0.17031250253785402 0.1531250022817403
0 0.8023437619558536 0.2916666818782687 0.17031250253785402 0.1531250022817403
0 0.6007812589523382 0.8770833790767938 0.17031250253785402 0.1531250022817403
1 0.43125000642612576 0.12291667307727039 0.2062500030733645 0.1750000026077032
0 0.3742187555762939 0.3895833536516875 0.17031250253785402 0.1531250022817403
0 0.5117187576252036 0.4250000221654773 0.17031250253785402 0.1531250022817403
0 0.7570312612806447 0.5750000299885869 0.17031250253785402 0.1531250022817403
0 0.9007812634226866 0.420833355281502 0.17031250253785402 0.1531250022817403
0 0.5929687588359229 0.631250032922253 0.17031250253785402 0.1531250022817403
0 0.5445312581141479 0.7375000384636223 0.17031250253785402 0.1531250022817403
0 0.6273437593481503 0.1604166750330478 0.17031250253785402 0.1531250022817403
0 0.8023437619558536 0.2916666818782687 0.17031250253785402 0.1531250022817403
0 0.6007812589523382 0.8770833790767938 0.17031250253785402 0.1531250022817403
1 0.43125000642612576 0.12291667307727039 0.2062500030733645 0.1750000026077032
0 0.3742187555762939 0.3895833536516875 0.17031250253785402 0.1531250022817403
0 0.5117187576252036 0.4250000221654773 0.17031250253785402 0.1531250022817403
0 0.7570312612806447 0.5750000299885869 0.17031250253785402 0.1531250022817403
0 0.9007812634226866 0.420833355281502 0.17031250253785402 0.1531250022817403
0 0.5929687588359229 0.631250032922253 0.17031250253785402 0.1531250022817403
0 0.5445312581141479 0.7375000384636223 0.17031250253785402 0.1531250022817403
0 0.6273437593481503 0.1604166750330478 0.17031250253785402 0.1531250022817403
0 0.8023437619558536 0.2916666818782687 0.17031250253785402 0.1531250022817403
0 0.6007812589523382 0.8770833790767938 0.17031250253785402 0.1531250022817403
1 0.43125000642612576 0.12291667307727039 0.2062500030733645 0.1750000026077032
0 0.3742187555762939 0.3895833536516875 0.17031250253785402 0.1531250022817403
0 0.5117187576252036 0.4250000221654773 0.17031250253785402 0.1531250022817403
0 0.7570312612806447 0.5750000299885869 0.17031250253785402 0.1531250022817403
0 0.9007812634226866 0.420833355281502 0.17031250253785402 0.1531250022817403
0 0.5929687588359229 0.631250032922253 0.17031250253785402 0.1531250022817403
0 0.5445312581141479 0.7375000384636223 0.17031250253785402 0.1531250022817403
0 0.6273437593481503 0.1604166750330478 0.17031250253785402 0.1531250022817403
0 0.8023437619558536 0.2916666818782687 0.17031250253785402 0.1531250022817403
0 0.6007812589523382 0.8770833790767938 0.17031250253785402 0.1531250022817403
1 0.43125000642612576 0.12291667307727039 0.2062500030733645 0.1750000026077032
0 0.3742187555762939 0.3895833536516875 0.17031250253785402 0.1531250022817403
0 0.5117187576252036 0.4250000221654773 0.17031250253785402 0.1531250022817403
0 0.7570312612806447 0.5750000299885869 0.17031250253785402 0.1531250022817403
0 0.9007812634226866 0.420833355281502 0.17031250253785402 0.1531250022817403
0 0.5929687588359229 0.631250032922253 0.17031250253785402 0.1531250022817403
0 0.5445312581141479 0.7375000384636223 0.17031250253785402 0.1531250022817403
0 0.6273437593481503 0.1604166750330478 0.17031250253785402 0.1531250022817403
0 0.8023437619558536 0.2916666818782687 0.17031250253785402 0.1531250022817403
0 0.6007812589523382 0.8770833790767938 0.17031250253785402 0.1531250022817403
1 0.43125000642612576 0.12291667307727039 0.2062500030733645 0.1750000026077032
0 0.3742187555762939 0.3895833536516875 0.17031250253785402 0.1531250022817403
0 0.5117187576252036 0.4250000221654773 0.17031250253785402 0.1531250022817403
0 0.7570312612806447 0.5750000299885869 0.17031250253785402 0.1531250022817403
0 0.9007812634226866 0.420833355281502 0.17031250253785402 0.1531250022817403
0 0.5929687588359229 0.631250032922253 0.17031250253785402 0.1531250022817403
0 0.5445312581141479 0.7375000384636223 0.17031250253785402 0.1531250022817403
0 0.6273437593481503 0.1604166750330478 0.17031250253785402 0.1531250022817403
0 0.8023437619558536 0.2916666818782687 0.17031250253785402 0.1531250022817403
0 0.6007812589523382 0.8770833790767938 0.17031250253785402 0.1531250022817403
1 0.43125000642612576 0.12291667307727039 0.2062500030733645 0.1750000026077032
0 0.3742187555762939 0.3895833536516875 0.17031250253785402 0.1531250022817403
0 0.5117187576252036 0.4250000221654773 0.17031250253785402 0.1531250022817403
0 0.7570312612806447 0.5750000299885869 0.17031250253785402 0.1531250022817403
0 0.9007812634226866 0.420833355281502 0.17031250253785402 0.1531250022817403
0 0.5929687588359229 0.631250032922253 0.17031250253785402 0.1531250022817403
0 0.5445312581141479 0.7375000384636223 0.17031250253785402 0.1531250022817403
0 0.6273437593481503 0.1604166750330478 0.17031250253785402 0.1531250022817403
0 0.8023437619558536 0.2916666818782687 0.17031250253785402 0.1531250022817403
0 0.6007812589523382 0.8770833790767938 0.17031250253785402 0.1531250022817403
1 0.43125000642612576 0.12291667307727039 0.2062500030733645 0.1750000026077032
0 0.3742187555762939 0.3895833536516875 0.17031250253785402 0.1531250022817403
0 0.5117187576252036 0.4250000221654773 0.17031250253785402 0.1531250022817403
0 0.7570312612806447 0.5750000299885869 0.17031250253785402 0.1531250022817403
0 0.9007812634226866 0.420833355281502 0.17031250253785402 0.1531250022817403
0 0.5929687588359229 0.631250032922253 0.17031250253785402 0.1531250022817403
0 0.5445312581141479 0.7375000384636223 0.17031250253785402 0.1531250022817403
0 0.6273437593481503 0.1604166750330478 0.17031250253785402 0.1531250022817403
0 0.8023437619558536 0.2916666818782687 0.17031250253785402 0.1531250022817403
0 0.6007812589523382 0.8770833790767938 0.17031250253785402 0.1531250022817403
1 0.43125000642612576 0.12291667307727039 0.2062500030733645 0.1750000026077032
0 0.3742187555762939 0.3895833536516875 0.17031250253785402 0.1531250022817403
0 0.5117187576252036 0.4250000221654773 0.17031250253785402 0.1531250022817403
0 0.7570312612806447 0.5750000299885869 0.17031250253785402 0.1531250022817403
0 0.9007812634226866 0.420833355281502 0.17031250253785402 0.1531250022817403
0 0.5929687588359229 0.631250032922253 0.17031250253785402 0.1531250022817403
0 0.5445312581141479 0.7375000384636223 0.17031250253785402 0.1531250022817403
0 0.6273437593481503 0.1604166750330478 0.17031250253785402 0.1531250022817403
0 0.8023437619558536 0.2916666818782687 0.17031250253785402 0.1531250022817403
0 0.6007812589523382 0.8770833790767938 0.17031250253785402 0.1531250022817403
1 0.43125000642612576 0.12291667307727039 0.2062500030733645 0.1750000026077032
0 0.3742187555762939 0.3895833536516875 0.17031250253785402 0.1531250022817403
0 0.5117187576252036 0.4250000221654773 0.17031250253785402 0.1531250022817403
0 0.7570312612806447 0.5750000299885869 0.17031250253785402 0.1531250022817403
0 0.9007812634226866 0.420833355281502 0.17031250253785402 0.1531250022817403
0 0.5929687588359229 0.631250032922253 0.17031250253785402 0.1531250022817403
0 0.5445312581141479 0.7375000384636223 0.17031250253785402 0.1531250022817403
0 0.6273437593481503 0.1604166750330478 0.17031250253785402 0.1531250022817403
0 0.8023437619558536 0.2916666818782687 0.17031250253785402 0.1531250022817403
0 0.6007812589523382 0.8770833790767938 0.17031250253785402 0.1531250022817403
1 0.43125000642612576 0.12291667307727039 0.2062500030733645 0.1750000026077032
0 0.3742187555762939 0.3895833536516875 0.17031250253785402 0.1531250022817403
0 0.5117187576252036 0.4250000221654773 0.17031250253785402 0.1531250022817403
0 0.7570312612806447 0.5750000299885869 0.17031250253785402 0.1531250022817403
0 0.9007812634226866 0.420833355281502 0.17031250253785402 0.1531250022817403
0 0.5929687588359229 0.631250032922253 0.17031250253785402 0.1531250022817403
0 0.5445312581141479 0.7375000384636223 0.17031250253785402 0.1531250022817403
0 0.6273437593481503 0.1604166750330478 0.17031250253785402 0.1531250022817403
0 0.8023437619558536 0.2916666818782687 0.17031250253785402 0.1531250022817403
0 0.6007812589523382 0.8770833790767938 0.17031250253785402 0.1531250022817403
1 0.43125000642612576 0.12291667307727039 0.2062500030733645 0.1750000026077032
0 0.37421876192092896 0.3895833492279053 0.17031250894069672 0.15312500298023224
0 0.51171875 0.42500001192092896 0.17031250894069672 0.15312500298023224
0 0.757031261920929 0.5750000476837158 0.17031250894069672 0.15312500298023224
0 0.9007812738418579 0.4208333492279053 0.17031250894069672 0.15312500298023224
0 0.592968761920929 0.6312500238418579 0.17031250894069672 0.15312500298023224
0 0.5445312857627869 0.737500011920929 0.17031250894069672 0.15312500298023224
0 0.6273437738418579 0.16041667759418488 0.17031250894069672 0.15312500298023224
0 0.8023437857627869 0.2916666865348816 0.17031250894069672 0.15312500298023224
0 0.600781261920929 0.8770833611488342 0.17031250894069672 0.15312500298023224
1 0.4312500059604645 0.12291667610406876 0.20624999701976776 0.17499999701976776
0 0.37421876192092896 0.3895833492279053 0.17031250894069672 0.15312500298023224
0 0.51171875 0.42500001192092896 0.17031250894069672 0.15312500298023224
0 0.757031261920929 0.5750000476837158 0.17031250894069672 0.15312500298023224
0 0.9007812738418579 0.4208333492279053 0.17031250894069672 0.15312500298023224
0 0.592968761920929 0.6312500238418579 0.17031250894069672 0.15312500298023224
0 0.5445312857627869 0.737500011920929 0.17031250894069672 0.15312500298023224
0 0.6273437738418579 0.16041667759418488 0.17031250894069672 0.15312500298023224
0 0.8023437857627869 0.2916666865348816 0.17031250894069672 0.15312500298023224
0 0.600781261920929 0.8770833611488342 0.17031250894069672 0.15312500298023224
1 0.4312500059604645 0.12291667610406876 0.20624999701976776 0.17499999701976776
0 0.37421876192092896 0.3895833492279053 0.17031250894069672 0.15312500298023224
0 0.51171875 0.42500001192092896 0.17031250894069672 0.15312500298023224
0 0.757031261920929 0.5750000476837158 0.17031250894069672 0.15312500298023224
0 0.9007812738418579 0.4208333492279053 0.17031250894069672 0.15312500298023224
0 0.592968761920929 0.6312500238418579 0.17031250894069672 0.15312500298023224
0 0.5445312857627869 0.737500011920929 0.17031250894069672 0.15312500298023224
0 0.6273437738418579 0.16041667759418488 0.17031250894069672 0.15312500298023224
0 0.8023437857627869 0.2916666865348816 0.17031250894069672 0.15312500298023224
0 0.600781261920929 0.8770833611488342 0.17031250894069672 0.15312500298023224
1 0.4312500059604645 0.12291667610406876 0.20624999701976776 0.17499999701976776
0 0.37421876192092896 0.3895833492279053 0.17031250894069672 0.15312500298023224
0 0.51171875 0.42500001192092896 0.17031250894069672 0.15312500298023224
0 0.757031261920929 0.5750000476837158 0.17031250894069672 0.15312500298023224
0 0.9007812738418579 0.4208333492279053 0.17031250894069672 0.15312500298023224
0 0.592968761920929 0.6312500238418579 0.17031250894069672 0.15312500298023224
0 0.5445312857627869 0.737500011920929 0.17031250894069672 0.15312500298023224
0 0.6273437738418579 0.16041667759418488 0.17031250894069672 0.15312500298023224
0 0.8023437857627869 0.2916666865348816 0.17031250894069672 0.15312500298023224
0 0.600781261920929 0.8770833611488342 0.17031250894069672 0.15312500298023224
1 0.4312500059604645 0.12291667610406876 0.20624999701976776 0.17499999701976776
0 0.37421876192092896 0.3895833492279053 0.17031250894069672 0.15312500298023224
0 0.51171875 0.42500001192092896 0.17031250894069672 0.15312500298023224
0 0.757031261920929 0.5750000476837158 0.17031250894069672 0.15312500298023224
0 0.9007812738418579 0.4208333492279053 0.17031250894069672 0.15312500298023224
0 0.592968761920929 0.6312500238418579 0.17031250894069672 0.15312500298023224
0 0.5445312857627869 0.737500011920929 0.17031250894069672 0.15312500298023224
0 0.6273437738418579 0.16041667759418488 0.17031250894069672 0.15312500298023224
0 0.8023437857627869 0.2916666865348816 0.17031250894069672 0.15312500298023224
0 0.600781261920929 0.8770833611488342 0.17031250894069672 0.15312500298023224
1 0.4312500059604645 0.12291667610406876 0.20624999701976776 0.17499999701976776
0 0.37421876192092896 0.3895833492279053 0.17031250894069672 0.15312500298023224
0 0.51171875 0.42500001192092896 0.17031250894069672 0.15312500298023224
0 0.757031261920929 0.5750000476837158 0.17031250894069672 0.15312500298023224
0 0.9007812738418579 0.4208333492279053 0.17031250894069672 0.15312500298023224
0 0.592968761920929 0.6312500238418579 0.17031250894069672 0.15312500298023224
0 0.5445312857627869 0.737500011920929 0.17031250894069672 0.15312500298023224
0 0.6273437738418579 0.16041667759418488 0.17031250894069672 0.15312500298023224
0 0.8023437857627869 0.2916666865348816 0.17031250894069672 0.15312500298023224
0 0.600781261920929 0.8770833611488342 0.17031250894069672 0.15312500298023224
1 0.4312500059604645 0.12291667610406876 0.20624999701976776 0.17499999701976776
0 0.37421876192092896 0.3895833492279053 0.17031250894069672 0.15312500298023224
0 0.51171875 0.42500001192092896 0.17031250894069672 0.15312500298023224
0 0.757031261920929 0.5750000476837158 0.17031250894069672 0.15312500298023224
0 0.9007812738418579 0.4208333492279053 0.17031250894069672 0.15312500298023224
0 0.592968761920929 0.6312500238418579 0.17031250894069672 0.15312500298023224
0 0.5445312857627869 0.737500011920929 0.17031250894069672 0.15312500298023224
0 0.6273437738418579 0.16041667759418488 0.17031250894069672 0.15312500298023224
0 0.8023437857627869 0.2916666865348816 0.17031250894069672 0.15312500298023224
0 0.600781261920929 0.8770833611488342 0.17031250894069672 0.15312500298023224
1 0.4312500059604645 0.12291667610406876 0.20624999701976776 0.17499999701976776
