0 0.27109375403961167 0.18229167617391795 0.17343750258442014 0.19843750295694917
0 0.7257812608149834 0.41666668839752674 0.14531250216532499 0.15625000232830644
0 0.5562500082887709 0.08333333767950535 0.16562500246800482 0.12187500181607902
0 0.5281250078696758 0.3895833536516875 0.16875000251457095 0.16562500246800482
0 0.14218750211875886 0.48541669198311865 0.16875000251457095 0.14375000214204192
0 0.3132812546682544 0.5864583639195189 0.17343750258442014 0.12031250179279596
0 0.32187500479631126 0.3822916866047308 0.15625000232830644 0.14218750211875886
0 0.8578125127824023 0.5947916976874694 0.1531250022817403 0.17656250263098627
0 0.07734375115251169 0.26354168041143566 0.15156250225845724 0.17656250263098627
0 0.6164062591851689 0.1791666760109365 0.19531250291038305 0.17812500265426934
0 0.5820312586729415 0.9229167148005217 0.20468750305008143 0.11250000167638063
1 0.6031250089872628 0.6625000345520675 0.315625004703179 0.315625004703179
0 0.27109375403961167 0.18229167617391795 0.17343750258442014 0.19843750295694917
0 0.7257812608149834 0.41666668839752674 0.14531250216532499 0.15625000232830644
0 0.5562500082887709 0.08333333767950535 0.16562500246800482 0.12187500181607902
0 0.5281250078696758 0.3895833536516875 0.16875000251457095 0.16562500246800482
0 0.14218750211875886 0.48541669198311865 0.16875000251457095 0.14375000214204192
0 0.3132812546682544 0.5864583639195189 0.17343750258442014 0.12031250179279596
0 0.32187500479631126 0.3822916866047308 0.15625000232830644 0.14218750211875886
0 0.8578125127824023 0.5947916976874694 0.1531250022817403 0.17656250263098627
0 0.07734375115251169 0.26354168041143566 0.15156250225845724 0.17656250263098627
0 0.6164062591851689 0.1791666760109365 0.19531250291038305 0.17812500265426934
0 0.5820312586729415 0.9229167148005217 0.20468750305008143 0.11250000167638063
1 0.6031250089872628 0.6625000345520675 0.315625004703179 0.315625004703179
0 0.27109375403961167 0.18229167617391795 0.17343750258442014 0.19843750295694917
0 0.7257812608149834 0.41666668839752674 0.14531250216532499 0.15625000232830644
0 0.5562500082887709 0.08333333767950535 0.16562500246800482 0.12187500181607902
0 0.5281250078696758 0.3895833536516875 0.16875000251457095 0.16562500246800482
0 0.14218750211875886 0.48541669198311865 0.16875000251457095 0.14375000214204192
0 0.3132812546682544 0.5864583639195189 0.17343750258442014 0.12031250179279596
0 0.32187500479631126 0.3822916866047308 0.15625000232830644 0.14218750211875886
0 0.8578125127824023 0.5947916976874694 0.1531250022817403 0.17656250263098627
0 0.07734375115251169 0.26354168041143566 0.15156250225845724 0.17656250263098627
0 0.6164062591851689 0.1791666760109365 0.19531250291038305 0.17812500265426934
0 0.5820312586729415 0.9229167148005217 0.20468750305008143 0.11250000167638063
1 0.6031250089872628 0.6625000345520675 0.315625004703179 0.315625004703179
0 0.27109375403961167 0.18229167617391795 0.17343750258442014 0.19843750295694917
0 0.7257812608149834 0.41666668839752674 0.14531250216532499 0.15625000232830644
0 0.5562500082887709 0.08333333767950535 0.16562500246800482 0.12187500181607902
0 0.5281250078696758 0.3895833536516875 0.16875000251457095 0.16562500246800482
0 0.14218750211875886 0.48541669198311865 0.16875000251457095 0.14375000214204192
0 0.3132812546682544 0.5864583639195189 0.17343750258442014 0.12031250179279596
0 0.32187500479631126 0.3822916866047308 0.15625000232830644 0.14218750211875886
0 0.8578125127824023 0.5947916976874694 0.1531250022817403 0.17656250263098627
0 0.07734375115251169 0.26354168041143566 0.15156250225845724 0.17656250263098627
0 0.6164062591851689 0.1791666760109365 0.19531250291038305 0.17812500265426934
0 0.5820312586729415 0.9229167148005217 0.20468750305008143 0.11250000167638063
1 0.6031250089872628 0.6625000345520675 0.315625004703179 0.315625004703179
0 0.27109375403961167 0.18229167617391795 0.17343750258442014 0.19843750295694917
0 0.7257812608149834 0.41666668839752674 0.14531250216532499 0.15625000232830644
0 0.5562500082887709 0.08333333767950535 0.16562500246800482 0.12187500181607902
0 0.5281250078696758 0.3895833536516875 0.16875000251457095 0.16562500246800482
0 0.14218750211875886 0.48541669198311865 0.16875000251457095 0.14375000214204192
0 0.3132812546682544 0.5864583639195189 0.17343750258442014 0.12031250179279596
0 0.32187500479631126 0.3822916866047308 0.15625000232830644 0.14218750211875886
0 0.8578125127824023 0.5947916976874694 0.1531250022817403 0.17656250263098627
0 0.07734375115251169 0.26354168041143566 0.15156250225845724 0.17656250263098627
0 0.6164062591851689 0.1791666760109365 0.19531250291038305 0.17812500265426934
0 0.5820312586729415 0.9229167148005217 0.20468750305008143 0.11250000167638063
1 0.6031250089872628 0.6625000345520675 0.315625004703179 0.315625004703179
0 0.27109375403961167 0.18229167617391795 0.17343750258442014 0.19843750295694917
0 0.7257812608149834 0.41666668839752674 0.14531250216532499 0.15625000232830644
0 0.5562500082887709 0.08333333767950535 0.16562500246800482 0.12187500181607902
0 0.5281250078696758 0.3895833536516875 0.16875000251457095 0.16562500246800482
0 0.14218750211875886 0.48541669198311865 0.16875000251457095 0.14375000214204192
0 0.3132812546682544 0.5864583639195189 0.17343750258442014 0.12031250179279596
0 0.32187500479631126 0.3822916866047308 0.15625000232830644 0.14218750211875886
0 0.8578125127824023 0.5947916976874694 0.1531250022817403 0.17656250263098627
0 0.07734375115251169 0.26354168041143566 0.15156250225845724 0.17656250263098627
0 0.6164062591851689 0.1791666760109365 0.19531250291038305 0.17812500265426934
0 0.5820312586729415 0.9229167148005217 0.20468750305008143 0.11250000167638063
1 0.6031250089872628 0.6625000345520675 0.315625004703179 0.315625004703179
0 0.27109375403961167 0.18229167617391795 0.17343750258442014 0.19843750295694917
0 0.7257812608149834 0.41666668839752674 0.14531250216532499 0.15625000232830644
0 0.5562500082887709 0.08333333767950535 0.16562500246800482 0.12187500181607902
0 0.5281250078696758 0.3895833536516875 0.16875000251457095 0.16562500246800482
0 0.14218750211875886 0.48541669198311865 0.16875000251457095 0.14375000214204192
0 0.3132812546682544 0.5864583639195189 0.17343750258442014 0.12031250179279596
0 0.32187500479631126 0.3822916866047308 0.15625000232830644 0.14218750211875886
0 0.8578125127824023 0.5947916976874694 0.1531250022817403 0.17656250263098627
0 0.07734375115251169 0.26354168041143566 0.15156250225845724 0.17656250263098627
0 0.6164062591851689 0.1791666760109365 0.19531250291038305 0.17812500265426934
0 0.5820312586729415 0.9229167148005217 0.20468750305008143 0.11250000167638063
1 0.6031250089872628 0.6625000345520675 0.315625004703179 0.315625004703179
0 0.27109375403961167 0.18229167617391795 0.17343750258442014 0.19843750295694917
0 0.7257812608149834 0.41666668839752674 0.14531250216532499 0.15625000232830644
0 0.5562500082887709 0.08333333767950535 0.16562500246800482 0.12187500181607902
0 0.5281250078696758 0.3895833536516875 0.16875000251457095 0.16562500246800482
0 0.14218750211875886 0.48541669198311865 0.16875000251457095 0.14375000214204192
0 0.3132812546682544 0.5864583639195189 0.17343750258442014 0.12031250179279596
0 0.32187500479631126 0.3822916866047308 0.15625000232830644 0.14218750211875886
0 0.8578125127824023 0.5947916976874694 0.1531250022817403 0.17656250263098627
0 0.07734375115251169 0.26354168041143566 0.15156250225845724 0.17656250263098627
0 0.6164062591851689 0.1791666760109365 0.19531250291038305 0.17812500265426934
0 0.5820312586729415 0.9229167148005217 0.20468750305008143 0.11250000167638063
1 0.6031250089872628 0.6625000345520675 0.315625004703179 0.315625004703179
0 0.27109375403961167 0.18229167617391795 0.17343750258442014 0.19843750295694917
0 0.7257812608149834 0.41666668839752674 0.14531250216532499 0.15625000232830644
0 0.5562500082887709 0.08333333767950535 0.16562500246800482 0.12187500181607902
0 0.5281250078696758 0.3895833536516875 0.16875000251457095 0.16562500246800482
0 0.14218750211875886 0.48541669198311865 0.16875000251457095 0.14375000214204192
0 0.3132812546682544 0.5864583639195189 0.17343750258442014 0.12031250179279596
0 0.32187500479631126 0.3822916866047308 0.15625000232830644 0.14218750211875886
0 0.8578125127824023 0.5947916976874694 0.1531250022817403 0.17656250263098627
0 0.07734375115251169 0.26354168041143566 0.15156250225845724 0.17656250263098627
0 0.6164062591851689 0.1791666760109365 0.19531250291038305 0.17812500265426934
0 0.5820312586729415 0.9229167148005217 0.20468750305008143 0.11250000167638063
1 0.6031250089872628 0.6625000345520675 0.315625004703179 0.315625004703179
0 0.27109375403961167 0.18229167617391795 0.17343750258442014 0.19843750295694917
0 0.7257812608149834 0.41666668839752674 0.14531250216532499 0.15625000232830644
0 0.5562500082887709 0.08333333767950535 0.16562500246800482 0.12187500181607902
0 0.5281250078696758 0.3895833536516875 0.16875000251457095 0.16562500246800482
0 0.14218750211875886 0.48541669198311865 0.16875000251457095 0.14375000214204192
0 0.3132812546682544 0.5864583639195189 0.17343750258442014 0.12031250179279596
0 0.32187500479631126 0.3822916866047308 0.15625000232830644 0.14218750211875886
0 0.8578125127824023 0.5947916976874694 0.1531250022817403 0.17656250263098627
0 0.07734375115251169 0.26354168041143566 0.15156250225845724 0.17656250263098627
0 0.6164062591851689 0.1791666760109365 0.19531250291038305 0.17812500265426934
0 0.5820312586729415 0.9229167148005217 0.20468750305008143 0.11250000167638063
1 0.6031250089872628 0.6625000345520675 0.315625004703179 0.315625004703179
0 0.27109375403961167 0.18229167617391795 0.17343750258442014 0.19843750295694917
0 0.7257812608149834 0.41666668839752674 0.14531250216532499 0.15625000232830644
0 0.5562500082887709 0.08333333767950535 0.16562500246800482 0.12187500181607902
0 0.5281250078696758 0.3895833536516875 0.16875000251457095 0.16562500246800482
0 0.14218750211875886 0.48541669198311865 0.16875000251457095 0.14375000214204192
0 0.3132812546682544 0.5864583639195189 0.17343750258442014 0.12031250179279596
0 0.32187500479631126 0.3822916866047308 0.15625000232830644 0.14218750211875886
0 0.8578125127824023 0.5947916976874694 0.1531250022817403 0.17656250263098627
0 0.07734375115251169 0.26354168041143566 0.15156250225845724 0.17656250263098627
0 0.6164062591851689 0.1791666760109365 0.19531250291038305 0.17812500265426934
0 0.5820312586729415 0.9229167148005217 0.20468750305008143 0.11250000167638063
1 0.6031250089872628 0.6625000345520675 0.315625004703179 0.315625004703179
0 0.27109375403961167 0.18229167617391795 0.17343750258442014 0.19843750295694917
0 0.7257812608149834 0.41666668839752674 0.14531250216532499 0.15625000232830644
0 0.5562500082887709 0.08333333767950535 0.16562500246800482 0.12187500181607902
0 0.5281250078696758 0.3895833536516875 0.16875000251457095 0.16562500246800482
0 0.14218750211875886 0.48541669198311865 0.16875000251457095 0.14375000214204192
0 0.3132812546682544 0.5864583639195189 0.17343750258442014 0.12031250179279596
0 0.32187500479631126 0.3822916866047308 0.15625000232830644 0.14218750211875886
0 0.8578125127824023 0.5947916976874694 0.1531250022817403 0.17656250263098627
0 0.07734375115251169 0.26354168041143566 0.15156250225845724 0.17656250263098627
0 0.6164062591851689 0.1791666760109365 0.19531250291038305 0.17812500265426934
0 0.5820312586729415 0.9229167148005217 0.20468750305008143 0.11250000167638063
1 0.6031250089872628 0.6625000345520675 0.315625004703179 0.315625004703179
0 0.27109375403961167 0.18229167617391795 0.17343750258442014 0.19843750295694917
0 0.7257812608149834 0.41666668839752674 0.14531250216532499 0.15625000232830644
0 0.5562500082887709 0.08333333767950535 0.16562500246800482 0.12187500181607902
0 0.5281250078696758 0.3895833536516875 0.16875000251457095 0.16562500246800482
0 0.14218750211875886 0.48541669198311865 0.16875000251457095 0.14375000214204192
0 0.3132812546682544 0.5864583639195189 0.17343750258442014 0.12031250179279596
0 0.32187500479631126 0.3822916866047308 0.15625000232830644 0.14218750211875886
0 0.8578125127824023 0.5947916976874694 0.1531250022817403 0.17656250263098627
0 0.07734375115251169 0.26354168041143566 0.15156250225845724 0.17656250263098627
0 0.6164062591851689 0.1791666760109365 0.19531250291038305 0.17812500265426934
0 0.5820312586729415 0.9229167148005217 0.20468750305008143 0.11250000167638063
1 0.6031250089872628 0.6625000345520675 0.315625004703179 0.315625004703179
0 0.27109375403961167 0.18229167617391795 0.17343750258442014 0.19843750295694917
0 0.7257812608149834 0.41666668839752674 0.14531250216532499 0.15625000232830644
0 0.5562500082887709 0.08333333767950535 0.16562500246800482 0.12187500181607902
0 0.5281250078696758 0.3895833536516875 0.16875000251457095 0.16562500246800482
0 0.14218750211875886 0.48541669198311865 0.16875000251457095 0.14375000214204192
0 0.3132812546682544 0.5864583639195189 0.17343750258442014 0.12031250179279596
0 0.32187500479631126 0.3822916866047308 0.15625000232830644 0.14218750211875886
0 0.8578125127824023 0.5947916976874694 0.1531250022817403 0.17656250263098627
0 0.07734375115251169 0.26354168041143566 0.15156250225845724 0.17656250263098627
0 0.6164062591851689 0.1791666760109365 0.19531250291038305 0.17812500265426934
0 0.5820312586729415 0.9229167148005217 0.20468750305008143 0.11250000167638063
1 0.6031250089872628 0.6625000345520675 0.315625004703179 0.315625004703179
0 0.27109375403961167 0.18229167617391795 0.17343750258442014 0.19843750295694917
0 0.7257812608149834 0.41666668839752674 0.14531250216532499 0.15625000232830644
0 0.5562500082887709 0.08333333767950535 0.16562500246800482 0.12187500181607902
0 0.5281250078696758 0.3895833536516875 0.16875000251457095 0.16562500246800482
0 0.14218750211875886 0.48541669198311865 0.16875000251457095 0.14375000214204192
0 0.3132812546682544 0.5864583639195189 0.17343750258442014 0.12031250179279596
0 0.32187500479631126 0.3822916866047308 0.15625000232830644 0.14218750211875886
0 0.8578125127824023 0.5947916976874694 0.1531250022817403 0.17656250263098627
0 0.07734375115251169 0.26354168041143566 0.15156250225845724 0.17656250263098627
0 0.6164062591851689 0.1791666760109365 0.19531250291038305 0.17812500265426934
0 0.5820312586729415 0.9229167148005217 0.20468750305008143 0.11250000167638063
1 0.6031250089872628 0.6625000345520675 0.315625004703179 0.315625004703179
0 0.2710937559604645 0.1822916716337204 0.17343750596046448 0.19843749701976776
0 0.725781261920929 0.4166666865348816 0.14531250298023224 0.15625
0 0.5562500357627869 0.0833333358168602 0.16562500596046448 0.12187500298023224
0 0.528124988079071 0.3895833492279053 0.16875000298023224 0.16562500596046448
0 0.14218750596046448 0.4854166805744171 0.16875000298023224 0.14374999701976776
0 0.31328126788139343 0.5864583849906921 0.17343750596046448 0.12031250447034836
0 0.3218750059604645 0.38229167461395264 0.15625 0.14218750596046448
0 0.8578125238418579 0.5947917103767395 0.15312500298023224 0.17656250298023224
0 0.07734375447034836 0.26354166865348816 0.15156249701976776 0.17656250298023224
0 0.616406261920929 0.17916667461395264 0.1953125 0.17812500894069672
0 0.58203125 0.9229167103767395 0.20468750596046448 0.11250000447034836
1 0.6031250357627869 0.6625000238418579 0.31562501192092896 0.31562501192092896
0 0.2710937559604645 0.1822916716337204 0.17343750596046448 0.19843749701976776
0 0.725781261920929 0.4166666865348816 0.14531250298023224 0.15625
0 0.5562500357627869 0.0833333358168602 0.16562500596046448 0.12187500298023224
0 0.528124988079071 0.3895833492279053 0.16875000298023224 0.16562500596046448
0 0.14218750596046448 0.4854166805744171 0.16875000298023224 0.14374999701976776
0 0.31328126788139343 0.5864583849906921 0.17343750596046448 0.12031250447034836
0 0.3218750059604645 0.38229167461395264 0.15625 0.14218750596046448
0 0.8578125238418579 0.5947917103767395 0.15312500298023224 0.17656250298023224
0 0.07734375447034836 0.26354166865348816 0.15156249701976776 0.17656250298023224
0 0.616406261920929 0.17916667461395264 0.1953125 0.17812500894069672
0 0.58203125 0.9229167103767395 0.20468750596046448 0.11250000447034836
1 0.6031250357627869 0.6625000238418579 0.31562501192092896 0.31562501192092896
0 0.2710937559604645 0.1822916716337204 0.17343750596046448 0.19843749701976776
0 0.725781261920929 0.4166666865348816 0.14531250298023224 0.15625
0 0.5562500357627869 0.0833333358168602 0.16562500596046448 0.12187500298023224
0 0.528124988079071 0.3895833492279053 0.16875000298023224 0.16562500596046448
0 0.14218750596046448 0.4854166805744171 0.16875000298023224 0.14374999701976776
0 0.31328126788139343 0.5864583849906921 0.17343750596046448 0.12031250447034836
0 0.3218750059604645 0.38229167461395264 0.15625 0.14218750596046448
0 0.8578125238418579 0.5947917103767395 0.15312500298023224 0.17656250298023224
0 0.07734375447034836 0.26354166865348816 0.15156249701976776 0.17656250298023224
0 0.616406261920929 0.17916667461395264 0.1953125 0.17812500894069672
0 0.58203125 0.9229167103767395 0.20468750596046448 0.11250000447034836
1 0.6031250357627869 0.6625000238418579 0.31562501192092896 0.31562501192092896
0 0.2710937559604645 0.1822916716337204 0.17343750596046448 0.19843749701976776
0 0.725781261920929 0.4166666865348816 0.14531250298023224 0.15625
0 0.5562500357627869 0.0833333358168602 0.16562500596046448 0.12187500298023224
0 0.528124988079071 0.3895833492279053 0.16875000298023224 0.16562500596046448
0 0.14218750596046448 0.4854166805744171 0.16875000298023224 0.14374999701976776
0 0.31328126788139343 0.5864583849906921 0.17343750596046448 0.12031250447034836
0 0.3218750059604645 0.38229167461395264 0.15625 0.14218750596046448
0 0.8578125238418579 0.5947917103767395 0.15312500298023224 0.17656250298023224
0 0.07734375447034836 0.26354166865348816 0.15156249701976776 0.17656250298023224
0 0.616406261920929 0.17916667461395264 0.1953125 0.17812500894069672
0 0.58203125 0.9229167103767395 0.20468750596046448 0.11250000447034836
1 0.6031250357627869 0.6625000238418579 0.31562501192092896 0.31562501192092896
0 0.2710937559604645 0.1822916716337204 0.17343750596046448 0.19843749701976776
0 0.725781261920929 0.4166666865348816 0.14531250298023224 0.15625
0 0.5562500357627869 0.0833333358168602 0.16562500596046448 0.12187500298023224
0 0.528124988079071 0.3895833492279053 0.16875000298023224 0.16562500596046448
0 0.14218750596046448 0.4854166805744171 0.16875000298023224 0.14374999701976776
0 0.31328126788139343 0.5864583849906921 0.17343750596046448 0.12031250447034836
0 0.3218750059604645 0.38229167461395264 0.15625 0.14218750596046448
0 0.8578125238418579 0.5947917103767395 0.15312500298023224 0.17656250298023224
0 0.07734375447034836 0.26354166865348816 0.15156249701976776 0.17656250298023224
0 0.616406261920929 0.17916667461395264 0.1953125 0.17812500894069672
0 0.58203125 0.9229167103767395 0.20468750596046448 0.11250000447034836
1 0.6031250357627869 0.6625000238418579 0.31562501192092896 0.31562501192092896
0 0.2710937559604645 0.1822916716337204 0.17343750596046448 0.19843749701976776
0 0.725781261920929 0.4166666865348816 0.14531250298023224 0.15625
0 0.5562500357627869 0.0833333358168602 0.16562500596046448 0.12187500298023224
0 0.528124988079071 0.3895833492279053 0.16875000298023224 0.16562500596046448
0 0.14218750596046448 0.4854166805744171 0.16875000298023224 0.14374999701976776
0 0.31328126788139343 0.5864583849906921 0.17343750596046448 0.12031250447034836
0 0.3218750059604645 0.38229167461395264 0.15625 0.14218750596046448
0 0.8578125238418579 0.5947917103767395 0.15312500298023224 0.17656250298023224
0 0.07734375447034836 0.26354166865348816 0.15156249701976776 0.17656250298023224
0 0.616406261920929 0.17916667461395264 0.1953125 0.17812500894069672
0 0.58203125 0.9229167103767395 0.20468750596046448 0.11250000447034836
1 0.6031250357627869 0.6625000238418579 0.31562501192092896 0.31562501192092896
0 0.2710937559604645 0.1822916716337204 0.17343750596046448 0.19843749701976776
0 0.725781261920929 0.4166666865348816 0.14531250298023224 0.15625
0 0.5562500357627869 0.0833333358168602 0.16562500596046448 0.12187500298023224
0 0.528124988079071 0.3895833492279053 0.16875000298023224 0.16562500596046448
0 0.14218750596046448 0.4854166805744171 0.16875000298023224 0.14374999701976776
0 0.31328126788139343 0.5864583849906921 0.17343750596046448 0.12031250447034836
0 0.3218750059604645 0.38229167461395264 0.15625 0.14218750596046448
0 0.8578125238418579 0.5947917103767395 0.15312500298023224 0.17656250298023224
0 0.07734375447034836 0.26354166865348816 0.15156249701976776 0.17656250298023224
0 0.616406261920929 0.17916667461395264 0.1953125 0.17812500894069672
0 0.58203125 0.9229167103767395 0.20468750596046448 0.11250000447034836
1 0.6031250357627869 0.6625000238418579 0.31562501192092896 0.31562501192092896
