0 0.27500000409781933 0.10208333865739405 0.19062500284053385 0.15000000223517418
0 0.3062500045634806 0.9166667144745588 0.18125000270083547 0.12500000186264515
0 0.9273437638184987 0.6135416986653581 0.14531250216532499 0.16406250244472176
0 0.09375000139698386 0.3093750161351636 0.1843750027474016 0.12968750193249434
0 0.3812500056810677 0.38020835316274315 0.19062500284053385 0.15156250225845724
0 0.19531250291038305 0.7760417071403936 0.19062500284053385 0.15156250225845724
0 0.47656250710133463 0.7468750389525667 0.17812500265426934 0.16093750239815563
0 0.8648437628871761 0.16875000880099833 0.18593750277068466 0.1843750027474016
0 0.9250000137835741 0.3322916839970276 0.13750000204890966 0.15156250225845724
1 0.4390625065425411 0.22395834501367062 0.05625000083819032 0.05781250086147338
1 0.7015625104540959 0.73958337190561 0.3250000048428774 0.2843750042375177
0 0.27500000409781933 0.10208333865739405 0.19062500284053385 0.15000000223517418
0 0.3062500045634806 0.9166667144745588 0.18125000270083547 0.12500000186264515
0 0.9273437638184987 0.6135416986653581 0.14531250216532499 0.16406250244472176
0 0.09375000139698386 0.3093750161351636 0.1843750027474016 0.12968750193249434
0 0.3812500056810677 0.38020835316274315 0.19062500284053385 0.15156250225845724
0 0.19531250291038305 0.7760417071403936 0.19062500284053385 0.15156250225845724
0 0.47656250710133463 0.7468750389525667 0.17812500265426934 0.16093750239815563
0 0.8648437628871761 0.16875000880099833 0.18593750277068466 0.1843750027474016
0 0.9250000137835741 0.3322916839970276 0.13750000204890966 0.15156250225845724
1 0.4390625065425411 0.22395834501367062 0.05625000083819032 0.05781250086147338
1 0.7015625104540959 0.73958337190561 0.3250000048428774 0.2843750042375177
0 0.27500000409781933 0.10208333865739405 0.19062500284053385 0.15000000223517418
0 0.3062500045634806 0.9166667144745588 0.18125000270083547 0.12500000186264515
0 0.9273437638184987 0.6135416986653581 0.14531250216532499 0.16406250244472176
0 0.09375000139698386 0.3093750161351636 0.1843750027474016 0.12968750193249434
0 0.3812500056810677 0.38020835316274315 0.19062500284053385 0.15156250225845724
0 0.19531250291038305 0.7760417071403936 0.19062500284053385 0.15156250225845724
0 0.47656250710133463 0.7468750389525667 0.17812500265426934 0.16093750239815563
0 0.8648437628871761 0.16875000880099833 0.18593750277068466 0.1843750027474016
0 0.9250000137835741 0.3322916839970276 0.13750000204890966 0.15156250225845724
1 0.4390625065425411 0.22395834501367062 0.05625000083819032 0.05781250086147338
1 0.7015625104540959 0.73958337190561 0.3250000048428774 0.2843750042375177
0 0.27500000409781933 0.10208333865739405 0.19062500284053385 0.15000000223517418
0 0.3062500045634806 0.9166667144745588 0.18125000270083547 0.12500000186264515
0 0.9273437638184987 0.6135416986653581 0.14531250216532499 0.16406250244472176
0 0.09375000139698386 0.3093750161351636 0.1843750027474016 0.12968750193249434
0 0.3812500056810677 0.38020835316274315 0.19062500284053385 0.15156250225845724
0 0.19531250291038305 0.7760417071403936 0.19062500284053385 0.15156250225845724
0 0.47656250710133463 0.7468750389525667 0.17812500265426934 0.16093750239815563
0 0.8648437628871761 0.16875000880099833 0.18593750277068466 0.1843750027474016
0 0.9250000137835741 0.3322916839970276 0.13750000204890966 0.15156250225845724
1 0.4390625065425411 0.22395834501367062 0.05625000083819032 0.05781250086147338
1 0.7015625104540959 0.73958337190561 0.3250000048428774 0.2843750042375177
0 0.27500000409781933 0.10208333865739405 0.19062500284053385 0.15000000223517418
0 0.3062500045634806 0.9166667144745588 0.18125000270083547 0.12500000186264515
0 0.9273437638184987 0.6135416986653581 0.14531250216532499 0.16406250244472176
0 0.09375000139698386 0.3093750161351636 0.1843750027474016 0.12968750193249434
0 0.3812500056810677 0.38020835316274315 0.19062500284053385 0.15156250225845724
0 0.19531250291038305 0.7760417071403936 0.19062500284053385 0.15156250225845724
0 0.47656250710133463 0.7468750389525667 0.17812500265426934 0.16093750239815563
0 0.8648437628871761 0.16875000880099833 0.18593750277068466 0.1843750027474016
0 0.9250000137835741 0.3322916839970276 0.13750000204890966 0.15156250225845724
1 0.4390625065425411 0.22395834501367062 0.05625000083819032 0.05781250086147338
1 0.7015625104540959 0.73958337190561 0.3250000048428774 0.2843750042375177
0 0.27500000409781933 0.10208333865739405 0.19062500284053385 0.15000000223517418
0 0.3062500045634806 0.9166667144745588 0.18125000270083547 0.12500000186264515
0 0.9273437638184987 0.6135416986653581 0.14531250216532499 0.16406250244472176
0 0.09375000139698386 0.3093750161351636 0.1843750027474016 0.12968750193249434
0 0.3812500056810677 0.38020835316274315 0.19062500284053385 0.15156250225845724
0 0.19531250291038305 0.7760417071403936 0.19062500284053385 0.15156250225845724
0 0.47656250710133463 0.7468750389525667 0.17812500265426934 0.16093750239815563
0 0.8648437628871761 0.16875000880099833 0.18593750277068466 0.1843750027474016
0 0.9250000137835741 0.3322916839970276 0.13750000204890966 0.15156250225845724
1 0.4390625065425411 0.22395834501367062 0.05625000083819032 0.05781250086147338
1 0.7015625104540959 0.73958337190561 0.3250000048428774 0.2843750042375177
0 0.27500000409781933 0.10208333865739405 0.19062500284053385 0.15000000223517418
0 0.3062500045634806 0.9166667144745588 0.18125000270083547 0.12500000186264515
0 0.9273437638184987 0.6135416986653581 0.14531250216532499 0.16406250244472176
0 0.09375000139698386 0.3093750161351636 0.1843750027474016 0.12968750193249434
0 0.3812500056810677 0.38020835316274315 0.19062500284053385 0.15156250225845724
0 0.19531250291038305 0.7760417071403936 0.19062500284053385 0.15156250225845724
0 0.47656250710133463 0.7468750389525667 0.17812500265426934 0.16093750239815563
0 0.8648437628871761 0.16875000880099833 0.18593750277068466 0.1843750027474016
0 0.9250000137835741 0.3322916839970276 0.13750000204890966 0.15156250225845724
1 0.4390625065425411 0.22395834501367062 0.05625000083819032 0.05781250086147338
1 0.7015625104540959 0.73958337190561 0.3250000048428774 0.2843750042375177
0 0.27500000409781933 0.10208333865739405 0.19062500284053385 0.15000000223517418
0 0.3062500045634806 0.9166667144745588 0.18125000270083547 0.12500000186264515
0 0.9273437638184987 0.6135416986653581 0.14531250216532499 0.16406250244472176
0 0.09375000139698386 0.3093750161351636 0.1843750027474016 0.12968750193249434
0 0.3812500056810677 0.38020835316274315 0.19062500284053385 0.15156250225845724
0 0.19531250291038305 0.7760417071403936 0.19062500284053385 0.15156250225845724
0 0.47656250710133463 0.7468750389525667 0.17812500265426934 0.16093750239815563
0 0.8648437628871761 0.16875000880099833 0.18593750277068466 0.1843750027474016
0 0.9250000137835741 0.3322916839970276 0.13750000204890966 0.15156250225845724
1 0.4390625065425411 0.22395834501367062 0.05625000083819032 0.05781250086147338
1 0.7015625104540959 0.73958337190561 0.3250000048428774 0.2843750042375177
0 0.27500000409781933 0.10208333865739405 0.19062500284053385 0.15000000223517418
0 0.3062500045634806 0.9166667144745588 0.18125000270083547 0.12500000186264515
0 0.9273437638184987 0.6135416986653581 0.14531250216532499 0.16406250244472176
0 0.09375000139698386 0.3093750161351636 0.1843750027474016 0.12968750193249434
0 0.3812500056810677 0.38020835316274315 0.19062500284053385 0.15156250225845724
0 0.19531250291038305 0.7760417071403936 0.19062500284053385 0.15156250225845724
0 0.47656250710133463 0.7468750389525667 0.17812500265426934 0.16093750239815563
0 0.8648437628871761 0.16875000880099833 0.18593750277068466 0.1843750027474016
0 0.9250000137835741 0.3322916839970276 0.13750000204890966 0.15156250225845724
1 0.4390625065425411 0.22395834501367062 0.05625000083819032 0.05781250086147338
1 0.7015625104540959 0.73958337190561 0.3250000048428774 0.2843750042375177
0 0.27500000409781933 0.10208333865739405 0.19062500284053385 0.15000000223517418
0 0.3062500045634806 0.9166667144745588 0.18125000270083547 0.12500000186264515
0 0.9273437638184987 0.6135416986653581 0.14531250216532499 0.16406250244472176
0 0.09375000139698386 0.3093750161351636 0.1843750027474016 0.12968750193249434
0 0.3812500056810677 0.38020835316274315 0.19062500284053385 0.15156250225845724
0 0.19531250291038305 0.7760417071403936 0.19062500284053385 0.15156250225845724
0 0.47656250710133463 0.7468750389525667 0.17812500265426934 0.16093750239815563
0 0.8648437628871761 0.16875000880099833 0.18593750277068466 0.1843750027474016
0 0.9250000137835741 0.3322916839970276 0.13750000204890966 0.15156250225845724
1 0.4390625065425411 0.22395834501367062 0.05625000083819032 0.05781250086147338
1 0.7015625104540959 0.73958337190561 0.3250000048428774 0.2843750042375177
0 0.27500000409781933 0.10208333865739405 0.19062500284053385 0.15000000223517418
0 0.3062500045634806 0.9166667144745588 0.18125000270083547 0.12500000186264515
0 0.9273437638184987 0.6135416986653581 0.14531250216532499 0.16406250244472176
0 0.09375000139698386 0.3093750161351636 0.1843750027474016 0.12968750193249434
0 0.3812500056810677 0.38020835316274315 0.19062500284053385 0.15156250225845724
0 0.19531250291038305 0.7760417071403936 0.19062500284053385 0.15156250225845724
0 0.47656250710133463 0.7468750389525667 0.17812500265426934 0.16093750239815563
0 0.8648437628871761 0.16875000880099833 0.18593750277068466 0.1843750027474016
0 0.9250000137835741 0.3322916839970276 0.13750000204890966 0.15156250225845724
1 0.4390625065425411 0.22395834501367062 0.05625000083819032 0.05781250086147338
1 0.7015625104540959 0.73958337190561 0.3250000048428774 0.2843750042375177
0 0.27500000409781933 0.10208333865739405 0.19062500284053385 0.15000000223517418
0 0.3062500045634806 0.9166667144745588 0.18125000270083547 0.12500000186264515
0 0.9273437638184987 0.6135416986653581 0.14531250216532499 0.16406250244472176
0 0.09375000139698386 0.3093750161351636 0.1843750027474016 0.12968750193249434
0 0.3812500056810677 0.38020835316274315 0.19062500284053385 0.15156250225845724
0 0.19531250291038305 0.7760417071403936 0.19062500284053385 0.15156250225845724
0 0.47656250710133463 0.7468750389525667 0.17812500265426934 0.16093750239815563
0 0.8648437628871761 0.16875000880099833 0.18593750277068466 0.1843750027474016
0 0.9250000137835741 0.3322916839970276 0.13750000204890966 0.15156250225845724
1 0.4390625065425411 0.22395834501367062 0.05625000083819032 0.05781250086147338
1 0.7015625104540959 0.73958337190561 0.3250000048428774 0.2843750042375177
0 0.27500000409781933 0.10208333865739405 0.19062500284053385 0.15000000223517418
0 0.3062500045634806 0.9166667144745588 0.18125000270083547 0.12500000186264515
0 0.9273437638184987 0.6135416986653581 0.14531250216532499 0.16406250244472176
0 0.09375000139698386 0.3093750161351636 0.1843750027474016 0.12968750193249434
0 0.3812500056810677 0.38020835316274315 0.19062500284053385 0.15156250225845724
0 0.19531250291038305 0.7760417071403936 0.19062500284053385 0.15156250225845724
0 0.47656250710133463 0.7468750389525667 0.17812500265426934 0.16093750239815563
0 0.8648437628871761 0.16875000880099833 0.18593750277068466 0.1843750027474016
0 0.9250000137835741 0.3322916839970276 0.13750000204890966 0.15156250225845724
1 0.4390625065425411 0.22395834501367062 0.05625000083819032 0.05781250086147338
1 0.7015625104540959 0.73958337190561 0.3250000048428774 0.2843750042375177
0 0.27500000409781933 0.10208333865739405 0.19062500284053385 0.15000000223517418
0 0.3062500045634806 0.9166667144745588 0.18125000270083547 0.12500000186264515
0 0.9273437638184987 0.6135416986653581 0.14531250216532499 0.16406250244472176
0 0.09375000139698386 0.3093750161351636 0.1843750027474016 0.12968750193249434
0 0.3812500056810677 0.38020835316274315 0.19062500284053385 0.15156250225845724
0 0.19531250291038305 0.7760417071403936 0.19062500284053385 0.15156250225845724
0 0.47656250710133463 0.7468750389525667 0.17812500265426934 0.16093750239815563
0 0.8648437628871761 0.16875000880099833 0.18593750277068466 0.1843750027474016
0 0.9250000137835741 0.3322916839970276 0.13750000204890966 0.15156250225845724
2 0.4390625065425411 0.22395834501367062 0.05625000083819032 0.05781250086147338
1 0.7015625104540959 0.73958337190561 0.3250000048428774 0.2843750042375177
0 0.27500000409781933 0.10208333865739405 0.19062500284053385 0.15000000223517418
0 0.3062500045634806 0.9166667144745588 0.18125000270083547 0.12500000186264515
0 0.9273437638184987 0.6135416986653581 0.14531250216532499 0.16406250244472176
0 0.09375000139698386 0.3093750161351636 0.1843750027474016 0.12968750193249434
0 0.3812500056810677 0.38020835316274315 0.19062500284053385 0.15156250225845724
0 0.19531250291038305 0.7760417071403936 0.19062500284053385 0.15156250225845724
0 0.47656250710133463 0.7468750389525667 0.17812500265426934 0.16093750239815563
0 0.8648437628871761 0.16875000880099833 0.18593750277068466 0.1843750027474016
0 0.9250000137835741 0.3322916839970276 0.13750000204890966 0.15156250225845724
2 0.4390625065425411 0.22395834501367062 0.05625000083819032 0.05781250086147338
1 0.7015625104540959 0.73958337190561 0.3250000048428774 0.2843750042375177
0 0.2750000059604645 0.10208334028720856 0.19062499701976776 0.15000000596046448
0 0.3062500059604645 0.9166666865348816 0.18125000596046448 0.125
0 0.9273437857627869 0.6135417222976685 0.14531250298023224 0.1640625
0 0.09375 0.30937501788139343 0.18437500298023224 0.12968750298023224
0 0.3812499940395355 0.3802083432674408 0.19062499701976776 0.15156249701976776
0 0.1953125 0.7760416865348816 0.19062499701976776 0.15156249701976776
0 0.4765625 0.7468750476837158 0.17812500894069672 0.16093750298023224
0 0.8648437857627869 0.16875000298023224 0.18593750894069672 0.18437500298023224
0 0.925000011920929 0.33229169249534607 0.13750000298023224 0.15156249701976776
2 0.4390625059604645 0.2239583432674408 0.05625000223517418 0.05781250074505806
1 0.7015625238418579 0.7395833730697632 0.32500001788139343 0.28437501192092896
0 0.2750000059604645 0.10208334028720856 0.19062499701976776 0.15000000596046448
0 0.3062500059604645 0.9166666865348816 0.18125000596046448 0.125
0 0.9273437857627869 0.6135417222976685 0.14531250298023224 0.1640625
0 0.09375 0.30937501788139343 0.18437500298023224 0.12968750298023224
0 0.3812499940395355 0.3802083432674408 0.19062499701976776 0.15156249701976776
0 0.1953125 0.7760416865348816 0.19062499701976776 0.15156249701976776
0 0.4765625 0.7468750476837158 0.17812500894069672 0.16093750298023224
0 0.8648437857627869 0.16875000298023224 0.18593750894069672 0.18437500298023224
0 0.925000011920929 0.33229169249534607 0.13750000298023224 0.15156249701976776
2 0.4390625059604645 0.2239583432674408 0.05625000223517418 0.05781250074505806
1 0.7015625238418579 0.7395833730697632 0.32500001788139343 0.28437501192092896
0 0.2750000059604645 0.10208334028720856 0.19062499701976776 0.15000000596046448
0 0.3062500059604645 0.9166666865348816 0.18125000596046448 0.125
0 0.9273437857627869 0.6135417222976685 0.14531250298023224 0.1640625
0 0.09375 0.30937501788139343 0.18437500298023224 0.12968750298023224
0 0.3812499940395355 0.3802083432674408 0.19062499701976776 0.15156249701976776
0 0.1953125 0.7760416865348816 0.19062499701976776 0.15156249701976776
0 0.4765625 0.7468750476837158 0.17812500894069672 0.16093750298023224
0 0.8648437857627869 0.16875000298023224 0.18593750894069672 0.18437500298023224
0 0.925000011920929 0.33229169249534607 0.13750000298023224 0.15156249701976776
2 0.4390625059604645 0.2239583432674408 0.05625000223517418 0.05781250074505806
1 0.7015625238418579 0.7395833730697632 0.32500001788139343 0.28437501192092896
0 0.2750000059604645 0.10208334028720856 0.19062499701976776 0.15000000596046448
0 0.3062500059604645 0.9166666865348816 0.18125000596046448 0.125
0 0.9273437857627869 0.6135417222976685 0.14531250298023224 0.1640625
0 0.09375 0.30937501788139343 0.18437500298023224 0.12968750298023224
0 0.3812499940395355 0.3802083432674408 0.19062499701976776 0.15156249701976776
0 0.1953125 0.7760416865348816 0.19062499701976776 0.15156249701976776
0 0.4765625 0.7468750476837158 0.17812500894069672 0.16093750298023224
0 0.8648437857627869 0.16875000298023224 0.18593750894069672 0.18437500298023224
0 0.925000011920929 0.33229169249534607 0.13750000298023224 0.15156249701976776
2 0.4390625059604645 0.2239583432674408 0.05625000223517418 0.05781250074505806
1 0.7015625238418579 0.7395833730697632 0.32500001788139343 0.28437501192092896
0 0.2750000059604645 0.10208334028720856 0.19062499701976776 0.15000000596046448
0 0.3062500059604645 0.9166666865348816 0.18125000596046448 0.125
0 0.9273437857627869 0.6135417222976685 0.14531250298023224 0.1640625
0 0.09375 0.30937501788139343 0.18437500298023224 0.12968750298023224
0 0.3812499940395355 0.3802083432674408 0.19062499701976776 0.15156249701976776
0 0.1953125 0.7760416865348816 0.19062499701976776 0.15156249701976776
0 0.4765625 0.7468750476837158 0.17812500894069672 0.16093750298023224
0 0.8648437857627869 0.16875000298023224 0.18593750894069672 0.18437500298023224
0 0.925000011920929 0.33229169249534607 0.13750000298023224 0.15156249701976776
2 0.4390625059604645 0.2239583432674408 0.05625000223517418 0.05781250074505806
1 0.7015625238418579 0.7395833730697632 0.32500001788139343 0.28437501192092896
0 0.2750000059604645 0.10208334028720856 0.19062499701976776 0.15000000596046448
0 0.3062500059604645 0.9166666865348816 0.18125000596046448 0.125
0 0.9273437857627869 0.6135417222976685 0.14531250298023224 0.1640625
0 0.09375 0.30937501788139343 0.18437500298023224 0.12968750298023224
0 0.3812499940395355 0.3802083432674408 0.19062499701976776 0.15156249701976776
0 0.1953125 0.7760416865348816 0.19062499701976776 0.15156249701976776
0 0.4765625 0.7468750476837158 0.17812500894069672 0.16093750298023224
0 0.8648437857627869 0.16875000298023224 0.18593750894069672 0.18437500298023224
0 0.925000011920929 0.33229169249534607 0.13750000298023224 0.15156249701976776
2 0.4390625059604645 0.2239583432674408 0.05625000223517418 0.05781250074505806
1 0.7015625238418579 0.7395833730697632 0.32500001788139343 0.28437501192092896
0 0.2750000059604645 0.10208334028720856 0.19062499701976776 0.15000000596046448
0 0.3062500059604645 0.9166666865348816 0.18125000596046448 0.125
0 0.9273437857627869 0.6135417222976685 0.14531250298023224 0.1640625
0 0.09375 0.30937501788139343 0.18437500298023224 0.12968750298023224
0 0.3812499940395355 0.3802083432674408 0.19062499701976776 0.15156249701976776
0 0.1953125 0.7760416865348816 0.19062499701976776 0.15156249701976776
0 0.4765625 0.7468750476837158 0.17812500894069672 0.16093750298023224
0 0.8648437857627869 0.16875000298023224 0.18593750894069672 0.18437500298023224
0 0.925000011920929 0.33229169249534607 0.13750000298023224 0.15156249701976776
2 0.4390625059604645 0.2239583432674408 0.05625000223517418 0.05781250074505806
1 0.7015625238418579 0.7395833730697632 0.32500001788139343 0.28437501192092896
