0 0.6000000089406967 0.8583333780989051 0.1625000024214387 0.14687500218860805
0 0.4343750064726919 0.9145833810325712 0.1531250022817403 0.12812500190921128
0 0.8757812630501576 0.3572916853008792 0.16093750239815563 0.1671875024912879
0 0.7179687606985681 0.1302083401242271 0.16093750239815563 0.1671875024912879
0 0.546093758137431 0.29270834859926254 0.1796875026775524 0.1671875024912879
0 0.5835937586962245 0.4750000247731805 0.14218750211875886 0.16875000251457095
0 0.4929687573458068 0.6437500335741788 0.14218750211875886 0.16875000251457095
0 0.5554687582771294 0.6864583691349253 0.10781250160653144 0.12031250179279596
0 0.04921875073341653 0.16875000880099833 0.09531250142026693 0.1625000024214387
0 0.13671875203726813 0.3281250171130523 0.1796875026775524 0.1671875024912879
0 0.40937500610016286 0.22395834501367062 0.1531250022817403 0.16406250244472176
0 0.5062500075437129 0.08125000423751771 0.15625000232830644 0.11875000176951289
0 0.26093750388827175 0.20729167747776955 0.1843750027474016 0.15156250225845724
0 0.836718762468081 0.8718750454718247 0.16093750239815563 0.1671875024912879
0 0.058593750873114914 0.8916667131707072 0.1140625016996637 0.14375000214204192
1 0.2796875041676685 0.5322916944278404 0.31875000474974513 0.31718750472646207
1 0.040625000605359674 0.7031250366708264 0.05312500079162419 0.04531250067520887
0 0.6000000089406967 0.8583333780989051 0.1625000024214387 0.14687500218860805
0 0.4343750064726919 0.9145833810325712 0.1531250022817403 0.12812500190921128
0 0.8757812630501576 0.3572916853008792 0.16093750239815563 0.1671875024912879
0 0.7179687606985681 0.1302083401242271 0.16093750239815563 0.1671875024912879
0 0.546093758137431 0.29270834859926254 0.1796875026775524 0.1671875024912879
0 0.5835937586962245 0.4750000247731805 0.14218750211875886 0.16875000251457095
0 0.4929687573458068 0.6437500335741788 0.14218750211875886 0.16875000251457095
0 0.5554687582771294 0.6864583691349253 0.10781250160653144 0.12031250179279596
0 0.04921875073341653 0.16875000880099833 0.09531250142026693 0.1625000024214387
0 0.13671875203726813 0.3281250171130523 0.1796875026775524 0.1671875024912879
0 0.40937500610016286 0.22395834501367062 0.1531250022817403 0.16406250244472176
0 0.5062500075437129 0.08125000423751771 0.15625000232830644 0.11875000176951289
0 0.26093750388827175 0.20729167747776955 0.1843750027474016 0.15156250225845724
0 0.836718762468081 0.8718750454718247 0.16093750239815563 0.1671875024912879
0 0.058593750873114914 0.8916667131707072 0.1140625016996637 0.14375000214204192
1 0.2796875041676685 0.5322916944278404 0.31875000474974513 0.31718750472646207
1 0.040625000605359674 0.7031250366708264 0.05312500079162419 0.04531250067520887
0 0.6000000089406967 0.8583333780989051 0.1625000024214387 0.14687500218860805
0 0.4343750064726919 0.9145833810325712 0.1531250022817403 0.12812500190921128
0 0.8757812630501576 0.3572916853008792 0.16093750239815563 0.1671875024912879
0 0.7179687606985681 0.1302083401242271 0.16093750239815563 0.1671875024912879
0 0.546093758137431 0.29270834859926254 0.1796875026775524 0.1671875024912879
0 0.5835937586962245 0.4750000247731805 0.14218750211875886 0.16875000251457095
0 0.4929687573458068 0.6437500335741788 0.14218750211875886 0.16875000251457095
0 0.5554687582771294 0.6864583691349253 0.10781250160653144 0.12031250179279596
0 0.04921875073341653 0.16875000880099833 0.09531250142026693 0.1625000024214387
0 0.13671875203726813 0.3281250171130523 0.1796875026775524 0.1671875024912879
0 0.40937500610016286 0.22395834501367062 0.1531250022817403 0.16406250244472176
0 0.5062500075437129 0.08125000423751771 0.15625000232830644 0.11875000176951289
0 0.26093750388827175 0.20729167747776955 0.1843750027474016 0.15156250225845724
0 0.836718762468081 0.8718750454718247 0.16093750239815563 0.1671875024912879
0 0.058593750873114914 0.8916667131707072 0.1140625016996637 0.14375000214204192
1 0.2796875041676685 0.5322916944278404 0.31875000474974513 0.31718750472646207
1 0.040625000605359674 0.7031250366708264 0.05312500079162419 0.04531250067520887
0 0.6000000089406967 0.8583333780989051 0.1625000024214387 0.14687500218860805
0 0.4343750064726919 0.9145833810325712 0.1531250022817403 0.12812500190921128
0 0.8757812630501576 0.3572916853008792 0.16093750239815563 0.1671875024912879
0 0.7179687606985681 0.1302083401242271 0.16093750239815563 0.1671875024912879
0 0.546093758137431 0.29270834859926254 0.1796875026775524 0.1671875024912879
0 0.5835937586962245 0.4750000247731805 0.14218750211875886 0.16875000251457095
0 0.4929687573458068 0.6437500335741788 0.14218750211875886 0.16875000251457095
0 0.5554687582771294 0.6864583691349253 0.10781250160653144 0.12031250179279596
0 0.04921875073341653 0.16875000880099833 0.09531250142026693 0.1625000024214387
0 0.13671875203726813 0.3281250171130523 0.1796875026775524 0.1671875024912879
0 0.40937500610016286 0.22395834501367062 0.1531250022817403 0.16406250244472176
0 0.5062500075437129 0.08125000423751771 0.15625000232830644 0.11875000176951289
0 0.26093750388827175 0.20729167747776955 0.1843750027474016 0.15156250225845724
0 0.836718762468081 0.8718750454718247 0.16093750239815563 0.1671875024912879
0 0.058593750873114914 0.8916667131707072 0.1140625016996637 0.14375000214204192
1 0.2796875041676685 0.5322916944278404 0.31875000474974513 0.31718750472646207
1 0.040625000605359674 0.7031250366708264 0.05312500079162419 0.04531250067520887
0 0.6000000089406967 0.8583333780989051 0.1625000024214387 0.14687500218860805
0 0.4343750064726919 0.9145833810325712 0.1531250022817403 0.12812500190921128
0 0.8757812630501576 0.3572916853008792 0.16093750239815563 0.1671875024912879
0 0.7179687606985681 0.1302083401242271 0.16093750239815563 0.1671875024912879
0 0.546093758137431 0.29270834859926254 0.1796875026775524 0.1671875024912879
0 0.5835937586962245 0.4750000247731805 0.14218750211875886 0.16875000251457095
0 0.4929687573458068 0.6437500335741788 0.14218750211875886 0.16875000251457095
0 0.5554687582771294 0.6864583691349253 0.10781250160653144 0.12031250179279596
0 0.04921875073341653 0.16875000880099833 0.09531250142026693 0.1625000024214387
0 0.13671875203726813 0.3281250171130523 0.1796875026775524 0.1671875024912879
0 0.40937500610016286 0.22395834501367062 0.1531250022817403 0.16406250244472176
0 0.5062500075437129 0.08125000423751771 0.15625000232830644 0.11875000176951289
0 0.26093750388827175 0.20729167747776955 0.1843750027474016 0.15156250225845724
0 0.836718762468081 0.8718750454718247 0.16093750239815563 0.1671875024912879
0 0.058593750873114914 0.8916667131707072 0.1140625016996637 0.14375000214204192
1 0.2796875041676685 0.5322916944278404 0.31875000474974513 0.31718750472646207
1 0.040625000605359674 0.7031250366708264 0.05312500079162419 0.04531250067520887
0 0.6000000089406967 0.8583333780989051 0.1625000024214387 0.14687500218860805
0 0.4343750064726919 0.9145833810325712 0.1531250022817403 0.12812500190921128
0 0.8757812630501576 0.3572916853008792 0.16093750239815563 0.1671875024912879
0 0.7179687606985681 0.1302083401242271 0.16093750239815563 0.1671875024912879
0 0.546093758137431 0.29270834859926254 0.1796875026775524 0.1671875024912879
0 0.5835937586962245 0.4750000247731805 0.14218750211875886 0.16875000251457095
0 0.4929687573458068 0.6437500335741788 0.14218750211875886 0.16875000251457095
0 0.5554687582771294 0.6864583691349253 0.10781250160653144 0.12031250179279596
0 0.04921875073341653 0.16875000880099833 0.09531250142026693 0.1625000024214387
0 0.13671875203726813 0.3281250171130523 0.1796875026775524 0.1671875024912879
0 0.40937500610016286 0.22395834501367062 0.1531250022817403 0.16406250244472176
0 0.5062500075437129 0.08125000423751771 0.15625000232830644 0.11875000176951289
0 0.26093750388827175 0.20729167747776955 0.1843750027474016 0.15156250225845724
0 0.836718762468081 0.8718750454718247 0.16093750239815563 0.1671875024912879
0 0.058593750873114914 0.8916667131707072 0.1140625016996637 0.14375000214204192
1 0.2796875041676685 0.5322916944278404 0.31875000474974513 0.31718750472646207
1 0.040625000605359674 0.7031250366708264 0.05312500079162419 0.04531250067520887
0 0.6000000089406967 0.8583333780989051 0.1625000024214387 0.14687500218860805
0 0.4343750064726919 0.9145833810325712 0.1531250022817403 0.12812500190921128
0 0.8757812630501576 0.3572916853008792 0.16093750239815563 0.1671875024912879
0 0.7179687606985681 0.1302083401242271 0.16093750239815563 0.1671875024912879
0 0.546093758137431 0.29270834859926254 0.1796875026775524 0.1671875024912879
0 0.5835937586962245 0.4750000247731805 0.14218750211875886 0.16875000251457095
0 0.4929687573458068 0.6437500335741788 0.14218750211875886 0.16875000251457095
0 0.5554687582771294 0.6864583691349253 0.10781250160653144 0.12031250179279596
0 0.04921875073341653 0.16875000880099833 0.09531250142026693 0.1625000024214387
0 0.13671875203726813 0.3281250171130523 0.1796875026775524 0.1671875024912879
0 0.40937500610016286 0.22395834501367062 0.1531250022817403 0.16406250244472176
0 0.5062500075437129 0.08125000423751771 0.15625000232830644 0.11875000176951289
0 0.26093750388827175 0.20729167747776955 0.1843750027474016 0.15156250225845724
0 0.836718762468081 0.8718750454718247 0.16093750239815563 0.1671875024912879
0 0.058593750873114914 0.8916667131707072 0.1140625016996637 0.14375000214204192
1 0.2796875041676685 0.5322916944278404 0.31875000474974513 0.31718750472646207
1 0.040625000605359674 0.7031250366708264 0.05312500079162419 0.04531250067520887
0 0.6000000089406967 0.8583333780989051 0.1625000024214387 0.14687500218860805
0 0.4343750064726919 0.9145833810325712 0.1531250022817403 0.12812500190921128
0 0.8757812630501576 0.3572916853008792 0.16093750239815563 0.1671875024912879
0 0.7179687606985681 0.1302083401242271 0.16093750239815563 0.1671875024912879
0 0.546093758137431 0.29270834859926254 0.1796875026775524 0.1671875024912879
0 0.5835937586962245 0.4750000247731805 0.14218750211875886 0.16875000251457095
0 0.4929687573458068 0.6437500335741788 0.14218750211875886 0.16875000251457095
0 0.5554687582771294 0.6864583691349253 0.10781250160653144 0.12031250179279596
0 0.04921875073341653 0.16875000880099833 0.09531250142026693 0.1625000024214387
0 0.13671875203726813 0.3281250171130523 0.1796875026775524 0.1671875024912879
0 0.40937500610016286 0.22395834501367062 0.1531250022817403 0.16406250244472176
0 0.5062500075437129 0.08125000423751771 0.15625000232830644 0.11875000176951289
0 0.26093750388827175 0.20729167747776955 0.1843750027474016 0.15156250225845724
0 0.836718762468081 0.8718750454718247 0.16093750239815563 0.1671875024912879
0 0.058593750873114914 0.8916667131707072 0.1140625016996637 0.14375000214204192
1 0.2796875041676685 0.5322916944278404 0.31875000474974513 0.31718750472646207
1 0.040625000605359674 0.7031250366708264 0.05312500079162419 0.04531250067520887
0 0.6000000089406967 0.8583333780989051 0.1625000024214387 0.14687500218860805
0 0.4343750064726919 0.9145833810325712 0.1531250022817403 0.12812500190921128
0 0.8757812630501576 0.3572916853008792 0.16093750239815563 0.1671875024912879
0 0.7179687606985681 0.1302083401242271 0.16093750239815563 0.1671875024912879
0 0.546093758137431 0.29270834859926254 0.1796875026775524 0.1671875024912879
0 0.5835937586962245 0.4750000247731805 0.14218750211875886 0.16875000251457095
0 0.4929687573458068 0.6437500335741788 0.14218750211875886 0.16875000251457095
0 0.5554687582771294 0.6864583691349253 0.10781250160653144 0.12031250179279596
0 0.04921875073341653 0.16875000880099833 0.09531250142026693 0.1625000024214387
0 0.13671875203726813 0.3281250171130523 0.1796875026775524 0.1671875024912879
0 0.40937500610016286 0.22395834501367062 0.1531250022817403 0.16406250244472176
0 0.5062500075437129 0.08125000423751771 0.15625000232830644 0.11875000176951289
0 0.26093750388827175 0.20729167747776955 0.1843750027474016 0.15156250225845724
0 0.836718762468081 0.8718750454718247 0.16093750239815563 0.1671875024912879
0 0.058593750873114914 0.8916667131707072 0.1140625016996637 0.14375000214204192
1 0.2796875041676685 0.5322916944278404 0.31875000474974513 0.31718750472646207
1 0.040625000605359674 0.7031250366708264 0.05312500079162419 0.04531250067520887
0 0.6000000089406967 0.8583333780989051 0.1625000024214387 0.14687500218860805
0 0.4343750064726919 0.9145833810325712 0.1531250022817403 0.12812500190921128
0 0.8757812630501576 0.3572916853008792 0.16093750239815563 0.1671875024912879
0 0.7179687606985681 0.1302083401242271 0.16093750239815563 0.1671875024912879
0 0.546093758137431 0.29270834859926254 0.1796875026775524 0.1671875024912879
0 0.5835937586962245 0.4750000247731805 0.14218750211875886 0.16875000251457095
0 0.4929687573458068 0.6437500335741788 0.14218750211875886 0.16875000251457095
0 0.5554687582771294 0.6864583691349253 0.10781250160653144 0.12031250179279596
0 0.04921875073341653 0.16875000880099833 0.09531250142026693 0.1625000024214387
0 0.13671875203726813 0.3281250171130523 0.1796875026775524 0.1671875024912879
0 0.40937500610016286 0.22395834501367062 0.1531250022817403 0.16406250244472176
0 0.5062500075437129 0.08125000423751771 0.15625000232830644 0.11875000176951289
0 0.26093750388827175 0.20729167747776955 0.1843750027474016 0.15156250225845724
0 0.836718762468081 0.8718750454718247 0.16093750239815563 0.1671875024912879
0 0.058593750873114914 0.8916667131707072 0.1140625016996637 0.14375000214204192
1 0.2796875041676685 0.5322916944278404 0.31875000474974513 0.31718750472646207
1 0.040625000605359674 0.7031250366708264 0.05312500079162419 0.04531250067520887
0 0.6000000089406967 0.8583333780989051 0.1625000024214387 0.14687500218860805
0 0.4343750064726919 0.9145833810325712 0.1531250022817403 0.12812500190921128
0 0.8757812630501576 0.3572916853008792 0.16093750239815563 0.1671875024912879
0 0.7179687606985681 0.1302083401242271 0.16093750239815563 0.1671875024912879
0 0.546093758137431 0.29270834859926254 0.1796875026775524 0.1671875024912879
0 0.5835937586962245 0.4750000247731805 0.14218750211875886 0.16875000251457095
0 0.4929687573458068 0.6437500335741788 0.14218750211875886 0.16875000251457095
0 0.5554687582771294 0.6864583691349253 0.10781250160653144 0.12031250179279596
0 0.04921875073341653 0.16875000880099833 0.09531250142026693 0.1625000024214387
0 0.13671875203726813 0.3281250171130523 0.1796875026775524 0.1671875024912879
0 0.40937500610016286 0.22395834501367062 0.1531250022817403 0.16406250244472176
0 0.5062500075437129 0.08125000423751771 0.15625000232830644 0.11875000176951289
0 0.26093750388827175 0.20729167747776955 0.1843750027474016 0.15156250225845724
0 0.836718762468081 0.8718750454718247 0.16093750239815563 0.1671875024912879
0 0.058593750873114914 0.8916667131707072 0.1140625016996637 0.14375000214204192
1 0.2796875041676685 0.5322916944278404 0.31875000474974513 0.31718750472646207
1 0.040625000605359674 0.7031250366708264 0.05312500079162419 0.04531250067520887
0 0.6000000089406967 0.8583333780989051 0.1625000024214387 0.14687500218860805
0 0.4343750064726919 0.9145833810325712 0.1531250022817403 0.12812500190921128
0 0.8757812630501576 0.3572916853008792 0.16093750239815563 0.1671875024912879
0 0.7179687606985681 0.1302083401242271 0.16093750239815563 0.1671875024912879
0 0.546093758137431 0.29270834859926254 0.1796875026775524 0.1671875024912879
0 0.5835937586962245 0.4750000247731805 0.14218750211875886 0.16875000251457095
0 0.4929687573458068 0.6437500335741788 0.14218750211875886 0.16875000251457095
0 0.5554687582771294 0.6864583691349253 0.10781250160653144 0.12031250179279596
0 0.04921875073341653 0.16875000880099833 0.09531250142026693 0.1625000024214387
0 0.13671875203726813 0.3281250171130523 0.1796875026775524 0.1671875024912879
0 0.40937500610016286 0.22395834501367062 0.1531250022817403 0.16406250244472176
0 0.5062500075437129 0.08125000423751771 0.15625000232830644 0.11875000176951289
0 0.26093750388827175 0.20729167747776955 0.1843750027474016 0.15156250225845724
0 0.836718762468081 0.8718750454718247 0.16093750239815563 0.1671875024912879
0 0.058593750873114914 0.8916667131707072 0.1140625016996637 0.14375000214204192
1 0.2796875041676685 0.5322916944278404 0.31875000474974513 0.31718750472646207
1 0.040625000605359674 0.7031250366708264 0.05312500079162419 0.04531250067520887
0 0.6000000089406967 0.8583333780989051 0.1625000024214387 0.14687500218860805
0 0.4343750064726919 0.9145833810325712 0.1531250022817403 0.12812500190921128
0 0.8757812630501576 0.3572916853008792 0.16093750239815563 0.1671875024912879
0 0.7179687606985681 0.1302083401242271 0.16093750239815563 0.1671875024912879
0 0.546093758137431 0.29270834859926254 0.1796875026775524 0.1671875024912879
0 0.5835937586962245 0.4750000247731805 0.14218750211875886 0.16875000251457095
0 0.4929687573458068 0.6437500335741788 0.14218750211875886 0.16875000251457095
0 0.5554687582771294 0.6864583691349253 0.10781250160653144 0.12031250179279596
0 0.04921875073341653 0.16875000880099833 0.09531250142026693 0.1625000024214387
0 0.13671875203726813 0.3281250171130523 0.1796875026775524 0.1671875024912879
0 0.40937500610016286 0.22395834501367062 0.1531250022817403 0.16406250244472176
0 0.5062500075437129 0.08125000423751771 0.15625000232830644 0.11875000176951289
0 0.26093750388827175 0.20729167747776955 0.1843750027474016 0.15156250225845724
0 0.836718762468081 0.8718750454718247 0.16093750239815563 0.1671875024912879
0 0.058593750873114914 0.8916667131707072 0.1140625016996637 0.14375000214204192
1 0.2796875041676685 0.5322916944278404 0.31875000474974513 0.31718750472646207
1 0.040625000605359674 0.7031250366708264 0.05312500079162419 0.04531250067520887
0 0.6000000089406967 0.8583333780989051 0.1625000024214387 0.14687500218860805
0 0.4343750064726919 0.9145833810325712 0.1531250022817403 0.12812500190921128
0 0.8757812630501576 0.3572916853008792 0.16093750239815563 0.1671875024912879
0 0.7179687606985681 0.1302083401242271 0.16093750239815563 0.1671875024912879
0 0.546093758137431 0.29270834859926254 0.1796875026775524 0.1671875024912879
0 0.5835937586962245 0.4750000247731805 0.14218750211875886 0.16875000251457095
0 0.4929687573458068 0.6437500335741788 0.14218750211875886 0.16875000251457095
0 0.5554687582771294 0.6864583691349253 0.10781250160653144 0.12031250179279596
0 0.04921875073341653 0.16875000880099833 0.09531250142026693 0.1625000024214387
0 0.13671875203726813 0.3281250171130523 0.1796875026775524 0.1671875024912879
0 0.40937500610016286 0.22395834501367062 0.1531250022817403 0.16406250244472176
0 0.5062500075437129 0.08125000423751771 0.15625000232830644 0.11875000176951289
0 0.26093750388827175 0.20729167747776955 0.1843750027474016 0.15156250225845724
0 0.836718762468081 0.8718750454718247 0.16093750239815563 0.1671875024912879
0 0.058593750873114914 0.8916667131707072 0.1140625016996637 0.14375000214204192
1 0.2796875041676685 0.5322916944278404 0.31875000474974513 0.31718750472646207
2 0.040625000605359674 0.7031250366708264 0.05312500079162419 0.04531250067520887
0 0.6000000089406967 0.8583333780989051 0.1625000024214387 0.14687500218860805
0 0.4343750064726919 0.9145833810325712 0.1531250022817403 0.12812500190921128
0 0.8757812630501576 0.3572916853008792 0.16093750239815563 0.1671875024912879
0 0.7179687606985681 0.1302083401242271 0.16093750239815563 0.1671875024912879
0 0.546093758137431 0.29270834859926254 0.1796875026775524 0.1671875024912879
0 0.5835937586962245 0.4750000247731805 0.14218750211875886 0.16875000251457095
0 0.4929687573458068 0.6437500335741788 0.14218750211875886 0.16875000251457095
0 0.5554687582771294 0.6864583691349253 0.10781250160653144 0.12031250179279596
0 0.04921875073341653 0.16875000880099833 0.09531250142026693 0.1625000024214387
0 0.13671875203726813 0.3281250171130523 0.1796875026775524 0.1671875024912879
0 0.40937500610016286 0.22395834501367062 0.1531250022817403 0.16406250244472176
0 0.5062500075437129 0.08125000423751771 0.15625000232830644 0.11875000176951289
0 0.26093750388827175 0.20729167747776955 0.1843750027474016 0.15156250225845724
0 0.836718762468081 0.8718750454718247 0.16093750239815563 0.1671875024912879
0 0.058593750873114914 0.8916667131707072 0.1140625016996637 0.14375000214204192
1 0.2796875041676685 0.5322916944278404 0.31875000474974513 0.31718750472646207
2 0.040625000605359674 0.7031250366708264 0.05312500079162419 0.04531250067520887
0 0.6000000238418579 0.8583333492279053 0.16250000894069672 0.14687500894069672
0 0.43437501788139343 0.9145833849906921 0.15312500298023224 0.12812499701976776
0 0.875781238079071 0.35729169845581055 0.16093750298023224 0.16718749701976776
0 0.717968761920929 0.1302083432674408 0.16093750298023224 0.16718749701976776
0 0.546093761920929 0.2927083373069763 0.1796875 0.16718749701976776
0 0.5835937857627869 0.4750000238418579 0.14218750596046448 0.16875000298023224
0 0.49296876788139343 0.643750011920929 0.14218750596046448 0.16875000298023224
0 0.555468738079071 0.6864583492279053 0.10781250149011612 0.12031250447034836
0 0.04921875149011612 0.16875000298023224 0.09531249850988388 0.16250000894069672
0 0.13671875 0.3281250298023224 0.1796875 0.16718749701976776
0 0.40937501192092896 0.2239583432674408 0.15312500298023224 0.1640625
0 0.5062500238418579 0.08125000447034836 0.15625 0.11874999850988388
0 0.26093751192092896 0.20729167759418488 0.18437500298023224 0.15156249701976776
0 0.836718738079071 0.8718750476837158 0.16093750298023224 0.16718749701976776
0 0.05859375 0.8916667103767395 0.11406250298023224 0.14374999701976776
1 0.2796874940395355 0.5322917103767395 0.3187499940395355 0.31718751788139343
2 0.04062500223517418 0.7031250596046448 0.05312500149011612 0.04531250149011612
0 0.6000000238418579 0.8583333492279053 0.16250000894069672 0.14687500894069672
0 0.43437501788139343 0.9145833849906921 0.15312500298023224 0.12812499701976776
0 0.875781238079071 0.35729169845581055 0.16093750298023224 0.16718749701976776
0 0.717968761920929 0.1302083432674408 0.16093750298023224 0.16718749701976776
0 0.546093761920929 0.2927083373069763 0.1796875 0.16718749701976776
0 0.5835937857627869 0.4750000238418579 0.14218750596046448 0.16875000298023224
0 0.49296876788139343 0.643750011920929 0.14218750596046448 0.16875000298023224
0 0.555468738079071 0.6864583492279053 0.10781250149011612 0.12031250447034836
0 0.04921875149011612 0.16875000298023224 0.09531249850988388 0.16250000894069672
0 0.13671875 0.3281250298023224 0.1796875 0.16718749701976776
0 0.40937501192092896 0.2239583432674408 0.15312500298023224 0.1640625
0 0.5062500238418579 0.08125000447034836 0.15625 0.11874999850988388
0 0.26093751192092896 0.20729167759418488 0.18437500298023224 0.15156249701976776
0 0.836718738079071 0.8718750476837158 0.16093750298023224 0.16718749701976776
0 0.05859375 0.8916667103767395 0.11406250298023224 0.14374999701976776
1 0.2796874940395355 0.5322917103767395 0.3187499940395355 0.31718751788139343
2 0.04062500223517418 0.7031250596046448 0.05312500149011612 0.04531250149011612
0 0.6000000238418579 0.8583333492279053 0.16250000894069672 0.14687500894069672
0 0.43437501788139343 0.9145833849906921 0.15312500298023224 0.12812499701976776
0 0.875781238079071 0.35729169845581055 0.16093750298023224 0.16718749701976776
0 0.717968761920929 0.1302083432674408 0.16093750298023224 0.16718749701976776
0 0.546093761920929 0.2927083373069763 0.1796875 0.16718749701976776
0 0.5835937857627869 0.4750000238418579 0.14218750596046448 0.16875000298023224
0 0.49296876788139343 0.643750011920929 0.14218750596046448 0.16875000298023224
0 0.555468738079071 0.6864583492279053 0.10781250149011612 0.12031250447034836
0 0.04921875149011612 0.16875000298023224 0.09531249850988388 0.16250000894069672
0 0.13671875 0.3281250298023224 0.1796875 0.16718749701976776
0 0.40937501192092896 0.2239583432674408 0.15312500298023224 0.1640625
0 0.5062500238418579 0.08125000447034836 0.15625 0.11874999850988388
0 0.26093751192092896 0.20729167759418488 0.18437500298023224 0.15156249701976776
0 0.836718738079071 0.8718750476837158 0.16093750298023224 0.16718749701976776
0 0.05859375 0.8916667103767395 0.11406250298023224 0.14374999701976776
1 0.2796874940395355 0.5322917103767395 0.3187499940395355 0.31718751788139343
2 0.04062500223517418 0.7031250596046448 0.05312500149011612 0.04531250149011612
0 0.6000000238418579 0.8583333492279053 0.16250000894069672 0.14687500894069672
0 0.43437501788139343 0.9145833849906921 0.15312500298023224 0.12812499701976776
0 0.875781238079071 0.35729169845581055 0.16093750298023224 0.16718749701976776
0 0.717968761920929 0.1302083432674408 0.16093750298023224 0.16718749701976776
0 0.546093761920929 0.2927083373069763 0.1796875 0.16718749701976776
0 0.5835937857627869 0.4750000238418579 0.14218750596046448 0.16875000298023224
0 0.49296876788139343 0.643750011920929 0.14218750596046448 0.16875000298023224
0 0.555468738079071 0.6864583492279053 0.10781250149011612 0.12031250447034836
0 0.04921875149011612 0.16875000298023224 0.09531249850988388 0.16250000894069672
0 0.13671875 0.3281250298023224 0.1796875 0.16718749701976776
0 0.40937501192092896 0.2239583432674408 0.15312500298023224 0.1640625
0 0.5062500238418579 0.08125000447034836 0.15625 0.11874999850988388
0 0.26093751192092896 0.20729167759418488 0.18437500298023224 0.15156249701976776
0 0.836718738079071 0.8718750476837158 0.16093750298023224 0.16718749701976776
0 0.05859375 0.8916667103767395 0.11406250298023224 0.14374999701976776
1 0.2796874940395355 0.5322917103767395 0.3187499940395355 0.31718751788139343
2 0.04062500223517418 0.7031250596046448 0.05312500149011612 0.04531250149011612
0 0.6000000238418579 0.8583333492279053 0.16250000894069672 0.14687500894069672
0 0.43437501788139343 0.9145833849906921 0.15312500298023224 0.12812499701976776
0 0.875781238079071 0.35729169845581055 0.16093750298023224 0.16718749701976776
0 0.717968761920929 0.1302083432674408 0.16093750298023224 0.16718749701976776
0 0.546093761920929 0.2927083373069763 0.1796875 0.16718749701976776
0 0.5835937857627869 0.4750000238418579 0.14218750596046448 0.16875000298023224
0 0.49296876788139343 0.643750011920929 0.14218750596046448 0.16875000298023224
0 0.555468738079071 0.6864583492279053 0.10781250149011612 0.12031250447034836
0 0.04921875149011612 0.16875000298023224 0.09531249850988388 0.16250000894069672
0 0.13671875 0.3281250298023224 0.1796875 0.16718749701976776
0 0.40937501192092896 0.2239583432674408 0.15312500298023224 0.1640625
0 0.5062500238418579 0.08125000447034836 0.15625 0.11874999850988388
0 0.26093751192092896 0.20729167759418488 0.18437500298023224 0.15156249701976776
0 0.836718738079071 0.8718750476837158 0.16093750298023224 0.16718749701976776
0 0.05859375 0.8916667103767395 0.11406250298023224 0.14374999701976776
1 0.2796874940395355 0.5322917103767395 0.3187499940395355 0.31718751788139343
2 0.04062500223517418 0.7031250596046448 0.05312500149011612 0.04531250149011612
0 0.6000000238418579 0.8583333492279053 0.16250000894069672 0.14687500894069672
0 0.43437501788139343 0.9145833849906921 0.15312500298023224 0.12812499701976776
0 0.875781238079071 0.35729169845581055 0.16093750298023224 0.16718749701976776
0 0.717968761920929 0.1302083432674408 0.16093750298023224 0.16718749701976776
0 0.546093761920929 0.2927083373069763 0.1796875 0.16718749701976776
0 0.5835937857627869 0.4750000238418579 0.14218750596046448 0.16875000298023224
0 0.49296876788139343 0.643750011920929 0.14218750596046448 0.16875000298023224
0 0.555468738079071 0.6864583492279053 0.10781250149011612 0.12031250447034836
0 0.04921875149011612 0.16875000298023224 0.09531249850988388 0.16250000894069672
0 0.13671875 0.3281250298023224 0.1796875 0.16718749701976776
0 0.40937501192092896 0.2239583432674408 0.15312500298023224 0.1640625
0 0.5062500238418579 0.08125000447034836 0.15625 0.11874999850988388
0 0.26093751192092896 0.20729167759418488 0.18437500298023224 0.15156249701976776
0 0.836718738079071 0.8718750476837158 0.16093750298023224 0.16718749701976776
0 0.05859375 0.8916667103767395 0.11406250298023224 0.14374999701976776
1 0.2796874940395355 0.5322917103767395 0.3187499940395355 0.31718751788139343
2 0.04062500223517418 0.7031250596046448 0.05312500149011612 0.04531250149011612
0 0.6000000238418579 0.8583333492279053 0.16250000894069672 0.14687500894069672
0 0.43437501788139343 0.9145833849906921 0.15312500298023224 0.12812499701976776
0 0.875781238079071 0.35729169845581055 0.16093750298023224 0.16718749701976776
0 0.717968761920929 0.1302083432674408 0.16093750298023224 0.16718749701976776
0 0.546093761920929 0.2927083373069763 0.1796875 0.16718749701976776
0 0.5835937857627869 0.4750000238418579 0.14218750596046448 0.16875000298023224
0 0.49296876788139343 0.643750011920929 0.14218750596046448 0.16875000298023224
0 0.555468738079071 0.6864583492279053 0.10781250149011612 0.12031250447034836
0 0.04921875149011612 0.16875000298023224 0.09531249850988388 0.16250000894069672
0 0.13671875 0.3281250298023224 0.1796875 0.16718749701976776
0 0.40937501192092896 0.2239583432674408 0.15312500298023224 0.1640625
0 0.5062500238418579 0.08125000447034836 0.15625 0.11874999850988388
0 0.26093751192092896 0.20729167759418488 0.18437500298023224 0.15156249701976776
0 0.836718738079071 0.8718750476837158 0.16093750298023224 0.16718749701976776
0 0.05859375 0.8916667103767395 0.11406250298023224 0.14374999701976776
1 0.2796874940395355 0.5322917103767395 0.3187499940395355 0.31718751788139343
2 0.04062500223517418 0.7031250596046448 0.05312500149011612 0.04531250149011612
