0 0.40625000605359674 0.7062500368338078 0.1625000024214387 0.19062500284053385
0 0.46718750696163625 0.5927083642454818 0.1625000024214387 0.16406250244472176
0 0.5890625087777153 0.44895835674833506 0.1625000024214387 0.16406250244472176
0 0.4828125071944669 0.3281250171130523 0.1625000024214387 0.16406250244472176
0 0.27109375403961167 0.9093750474276021 0.22968750342261046 0.1359375020256266
0 0.08203125122236088 0.2343750122236088 0.16093750239815563 0.16406250244472176
1 0.6773437600932084 0.16354167519602925 0.24843750370200723 0.2328125034691766
1 0.3882812557858415 0.33645835088100284 0.05781250086147338 0.048437500721774995
0 0.40625000605359674 0.7062500368338078 0.1625000024214387 0.19062500284053385
0 0.46718750696163625 0.5927083642454818 0.1625000024214387 0.16406250244472176
0 0.5890625087777153 0.44895835674833506 0.1625000024214387 0.16406250244472176
0 0.4828125071944669 0.3281250171130523 0.1625000024214387 0.16406250244472176
0 0.27109375403961167 0.9093750474276021 0.22968750342261046 0.1359375020256266
0 0.08203125122236088 0.2343750122236088 0.16093750239815563 0.16406250244472176
1 0.6773437600932084 0.16354167519602925 0.24843750370200723 0.2328125034691766
1 0.3882812557858415 0.33645835088100284 0.05781250086147338 0.048437500721774995
0 0.40625000605359674 0.7062500368338078 0.1625000024214387 0.19062500284053385
0 0.46718750696163625 0.5927083642454818 0.1625000024214387 0.16406250244472176
0 0.5890625087777153 0.44895835674833506 0.1625000024214387 0.16406250244472176
0 0.4828125071944669 0.3281250171130523 0.1625000024214387 0.16406250244472176
0 0.27109375403961167 0.9093750474276021 0.22968750342261046 0.1359375020256266
0 0.08203125122236088 0.2343750122236088 0.16093750239815563 0.16406250244472176
1 0.6773437600932084 0.16354167519602925 0.24843750370200723 0.2328125034691766
1 0.3882812557858415 0.33645835088100284 0.05781250086147338 0.048437500721774995
0 0.40625000605359674 0.7062500368338078 0.1625000024214387 0.19062500284053385
0 0.46718750696163625 0.5927083642454818 0.1625000024214387 0.16406250244472176
0 0.5890625087777153 0.44895835674833506 0.1625000024214387 0.16406250244472176
0 0.4828125071944669 0.3281250171130523 0.1625000024214387 0.16406250244472176
0 0.27109375403961167 0.9093750474276021 0.22968750342261046 0.1359375020256266
0 0.08203125122236088 0.2343750122236088 0.16093750239815563 0.16406250244472176
1 0.6773437600932084 0.16354167519602925 0.24843750370200723 0.2328125034691766
1 0.3882812557858415 0.33645835088100284 0.05781250086147338 0.048437500721774995
0 0.40625000605359674 0.7062500368338078 0.1625000024214387 0.19062500284053385
0 0.46718750696163625 0.5927083642454818 0.1625000024214387 0.16406250244472176
0 0.5890625087777153 0.44895835674833506 0.1625000024214387 0.16406250244472176
0 0.4828125071944669 0.3281250171130523 0.1625000024214387 0.16406250244472176
0 0.27109375403961167 0.9093750474276021 0.22968750342261046 0.1359375020256266
0 0.08203125122236088 0.2343750122236088 0.16093750239815563 0.16406250244472176
1 0.6773437600932084 0.16354167519602925 0.24843750370200723 0.2328125034691766
1 0.3882812557858415 0.33645835088100284 0.05781250086147338 0.048437500721774995
0 0.40625000605359674 0.7062500368338078 0.1625000024214387 0.19062500284053385
0 0.46718750696163625 0.5927083642454818 0.1625000024214387 0.16406250244472176
0 0.5890625087777153 0.44895835674833506 0.1625000024214387 0.16406250244472176
0 0.4828125071944669 0.3281250171130523 0.1625000024214387 0.16406250244472176
0 0.27109375403961167 0.9093750474276021 0.22968750342261046 0.1359375020256266
0 0.08203125122236088 0.2343750122236088 0.16093750239815563 0.16406250244472176
1 0.6773437600932084 0.16354167519602925 0.24843750370200723 0.2328125034691766
1 0.3882812557858415 0.33645835088100284 0.05781250086147338 0.048437500721774995
0 0.40625000605359674 0.7062500368338078 0.1625000024214387 0.19062500284053385
0 0.46718750696163625 0.5927083642454818 0.1625000024214387 0.16406250244472176
0 0.5890625087777153 0.44895835674833506 0.1625000024214387 0.16406250244472176
0 0.4828125071944669 0.3281250171130523 0.1625000024214387 0.16406250244472176
0 0.27109375403961167 0.9093750474276021 0.22968750342261046 0.1359375020256266
0 0.08203125122236088 0.2343750122236088 0.16093750239815563 0.16406250244472176
1 0.6773437600932084 0.16354167519602925 0.24843750370200723 0.2328125034691766
1 0.3882812557858415 0.33645835088100284 0.05781250086147338 0.048437500721774995
0 0.40625000605359674 0.7062500368338078 0.1625000024214387 0.19062500284053385
0 0.46718750696163625 0.5927083642454818 0.1625000024214387 0.16406250244472176
0 0.5890625087777153 0.44895835674833506 0.1625000024214387 0.16406250244472176
0 0.4828125071944669 0.3281250171130523 0.1625000024214387 0.16406250244472176
0 0.27109375403961167 0.9093750474276021 0.22968750342261046 0.1359375020256266
0 0.08203125122236088 0.2343750122236088 0.16093750239815563 0.16406250244472176
1 0.6773437600932084 0.16354167519602925 0.24843750370200723 0.2328125034691766
1 0.3882812557858415 0.33645835088100284 0.05781250086147338 0.048437500721774995
0 0.40625000605359674 0.7062500368338078 0.1625000024214387 0.19062500284053385
0 0.46718750696163625 0.5927083642454818 0.1625000024214387 0.16406250244472176
0 0.5890625087777153 0.44895835674833506 0.1625000024214387 0.16406250244472176
0 0.4828125071944669 0.3281250171130523 0.1625000024214387 0.16406250244472176
0 0.27109375403961167 0.9093750474276021 0.22968750342261046 0.1359375020256266
0 0.08203125122236088 0.2343750122236088 0.16093750239815563 0.16406250244472176
1 0.6773437600932084 0.16354167519602925 0.24843750370200723 0.2328125034691766
1 0.3882812557858415 0.33645835088100284 0.05781250086147338 0.048437500721774995
0 0.40625000605359674 0.7062500368338078 0.1625000024214387 0.19062500284053385
0 0.46718750696163625 0.5927083642454818 0.1625000024214387 0.16406250244472176
0 0.5890625087777153 0.44895835674833506 0.1625000024214387 0.16406250244472176
0 0.4828125071944669 0.3281250171130523 0.1625000024214387 0.16406250244472176
0 0.27109375403961167 0.9093750474276021 0.22968750342261046 0.1359375020256266
0 0.08203125122236088 0.2343750122236088 0.16093750239815563 0.16406250244472176
1 0.6773437600932084 0.16354167519602925 0.24843750370200723 0.2328125034691766
1 0.3882812557858415 0.33645835088100284 0.05781250086147338 0.048437500721774995
0 0.40625000605359674 0.7062500368338078 0.1625000024214387 0.19062500284053385
0 0.46718750696163625 0.5927083642454818 0.1625000024214387 0.16406250244472176
0 0.5890625087777153 0.44895835674833506 0.1625000024214387 0.16406250244472176
0 0.4828125071944669 0.3281250171130523 0.1625000024214387 0.16406250244472176
0 0.27109375403961167 0.9093750474276021 0.22968750342261046 0.1359375020256266
0 0.08203125122236088 0.2343750122236088 0.16093750239815563 0.16406250244472176
1 0.6773437600932084 0.16354167519602925 0.24843750370200723 0.2328125034691766
1 0.3882812557858415 0.33645835088100284 0.05781250086147338 0.048437500721774995
0 0.40625000605359674 0.7062500368338078 0.1625000024214387 0.19062500284053385
0 0.46718750696163625 0.5927083642454818 0.1625000024214387 0.16406250244472176
0 0.5890625087777153 0.44895835674833506 0.1625000024214387 0.16406250244472176
0 0.4828125071944669 0.3281250171130523 0.1625000024214387 0.16406250244472176
0 0.27109375403961167 0.9093750474276021 0.22968750342261046 0.1359375020256266
0 0.08203125122236088 0.2343750122236088 0.16093750239815563 0.16406250244472176
1 0.6773437600932084 0.16354167519602925 0.24843750370200723 0.2328125034691766
1 0.3882812557858415 0.33645835088100284 0.05781250086147338 0.048437500721774995
0 0.40625000605359674 0.7062500368338078 0.1625000024214387 0.19062500284053385
0 0.46718750696163625 0.5927083642454818 0.1625000024214387 0.16406250244472176
0 0.5890625087777153 0.44895835674833506 0.1625000024214387 0.16406250244472176
0 0.4828125071944669 0.3281250171130523 0.1625000024214387 0.16406250244472176
0 0.27109375403961167 0.9093750474276021 0.22968750342261046 0.1359375020256266
0 0.08203125122236088 0.2343750122236088 0.16093750239815563 0.16406250244472176
1 0.6773437600932084 0.16354167519602925 0.24843750370200723 0.2328125034691766
1 0.3882812557858415 0.33645835088100284 0.05781250086147338 0.048437500721774995
0 0.40625000605359674 0.7062500368338078 0.1625000024214387 0.19062500284053385
0 0.46718750696163625 0.5927083642454818 0.1625000024214387 0.16406250244472176
0 0.5890625087777153 0.44895835674833506 0.1625000024214387 0.16406250244472176
0 0.4828125071944669 0.3281250171130523 0.1625000024214387 0.16406250244472176
0 0.27109375403961167 0.9093750474276021 0.22968750342261046 0.1359375020256266
0 0.08203125122236088 0.2343750122236088 0.16093750239815563 0.16406250244472176
1 0.6773437600932084 0.16354167519602925 0.24843750370200723 0.2328125034691766
2 0.3882812557858415 0.33645835088100284 0.05781250086147338 0.048437500721774995
0 0.40625000605359674 0.7062500368338078 0.1625000024214387 0.19062500284053385
0 0.46718750696163625 0.5927083642454818 0.1625000024214387 0.16406250244472176
0 0.5890625087777153 0.44895835674833506 0.1625000024214387 0.16406250244472176
0 0.4828125071944669 0.3281250171130523 0.1625000024214387 0.16406250244472176
0 0.27109375403961167 0.9093750474276021 0.22968750342261046 0.1359375020256266
0 0.08203125122236088 0.2343750122236088 0.16093750239815563 0.16406250244472176
1 0.6773437600932084 0.16354167519602925 0.24843750370200723 0.2328125034691766
2 0.3882812557858415 0.33645835088100284 0.05781250086147338 0.048437500721774995
0 0.40625 0.706250011920929 0.16250000894069672 0.19062499701976776
0 0.4671874940395355 0.5927083492279053 0.16250000894069672 0.1640625
0 0.589062511920929 0.4489583671092987 0.16250000894069672 0.1640625
0 0.4828124940395355 0.3281250298023224 0.16250000894069672 0.1640625
0 0.2710937559604645 0.9093750715255737 0.22968749701976776 0.13593749701976776
0 0.08203125 0.2343750149011612 0.16093750298023224 0.1640625
1 0.6773437857627869 0.16354167461395264 0.24843750894069672 0.23281250894069672
2 0.3882812559604645 0.33645835518836975 0.05781250074505806 0.04843750223517418
0 0.40625 0.706250011920929 0.16250000894069672 0.19062499701976776
0 0.4671874940395355 0.5927083492279053 0.16250000894069672 0.1640625
0 0.589062511920929 0.4489583671092987 0.16250000894069672 0.1640625
0 0.4828124940395355 0.3281250298023224 0.16250000894069672 0.1640625
0 0.2710937559604645 0.9093750715255737 0.22968749701976776 0.13593749701976776
0 0.08203125 0.2343750149011612 0.16093750298023224 0.1640625
1 0.6773437857627869 0.16354167461395264 0.24843750894069672 0.23281250894069672
2 0.3882812559604645 0.33645835518836975 0.05781250074505806 0.04843750223517418
0 0.40625 0.706250011920929 0.16250000894069672 0.19062499701976776
0 0.4671874940395355 0.5927083492279053 0.16250000894069672 0.1640625
0 0.589062511920929 0.4489583671092987 0.16250000894069672 0.1640625
0 0.4828124940395355 0.3281250298023224 0.16250000894069672 0.1640625
0 0.2710937559604645 0.9093750715255737 0.22968749701976776 0.13593749701976776
0 0.08203125 0.2343750149011612 0.16093750298023224 0.1640625
1 0.6773437857627869 0.16354167461395264 0.24843750894069672 0.23281250894069672
2 0.3882812559604645 0.33645835518836975 0.05781250074505806 0.04843750223517418
0 0.40625 0.706250011920929 0.16250000894069672 0.19062499701976776
0 0.4671874940395355 0.5927083492279053 0.16250000894069672 0.1640625
0 0.589062511920929 0.4489583671092987 0.16250000894069672 0.1640625
0 0.4828124940395355 0.3281250298023224 0.16250000894069672 0.1640625
0 0.2710937559604645 0.9093750715255737 0.22968749701976776 0.13593749701976776
0 0.08203125 0.2343750149011612 0.16093750298023224 0.1640625
1 0.6773437857627869 0.16354167461395264 0.24843750894069672 0.23281250894069672
2 0.3882812559604645 0.33645835518836975 0.05781250074505806 0.04843750223517418
0 0.40625 0.706250011920929 0.16250000894069672 0.19062499701976776
0 0.4671874940395355 0.5927083492279053 0.16250000894069672 0.1640625
0 0.589062511920929 0.4489583671092987 0.16250000894069672 0.1640625
0 0.4828124940395355 0.3281250298023224 0.16250000894069672 0.1640625
0 0.2710937559604645 0.9093750715255737 0.22968749701976776 0.13593749701976776
0 0.08203125 0.2343750149011612 0.16093750298023224 0.1640625
1 0.6773437857627869 0.16354167461395264 0.24843750894069672 0.23281250894069672
2 0.3882812559604645 0.33645835518836975 0.05781250074505806 0.04843750223517418
0 0.40625 0.706250011920929 0.16250000894069672 0.19062499701976776
0 0.4671874940395355 0.5927083492279053 0.16250000894069672 0.1640625
0 0.589062511920929 0.4489583671092987 0.16250000894069672 0.1640625
0 0.4828124940395355 0.3281250298023224 0.16250000894069672 0.1640625
0 0.2710937559604645 0.9093750715255737 0.22968749701976776 0.13593749701976776
0 0.08203125 0.2343750149011612 0.16093750298023224 0.1640625
1 0.6773437857627869 0.16354167461395264 0.24843750894069672 0.23281250894069672
2 0.3882812559604645 0.33645835518836975 0.05781250074505806 0.04843750223517418
0 0.40625 0.706250011920929 0.16250000894069672 0.19062499701976776
0 0.4671874940395355 0.5927083492279053 0.16250000894069672 0.1640625
0 0.589062511920929 0.4489583671092987 0.16250000894069672 0.1640625
0 0.4828124940395355 0.3281250298023224 0.16250000894069672 0.1640625
0 0.2710937559604645 0.9093750715255737 0.22968749701976776 0.13593749701976776
0 0.08203125 0.2343750149011612 0.16093750298023224 0.1640625
1 0.6773437857627869 0.16354167461395264 0.24843750894069672 0.23281250894069672
2 0.3882812559604645 0.33645835518836975 0.05781250074505806 0.04843750223517418
