0 0.5890625087777153 0.46666669100522995 0.13750000204890966 0.15625000232830644
0 0.5687500084750354 0.14062500733416528 0.1625000024214387 0.16093750239815563
0 0.3320312549476512 0.19895834370981902 0.12343750183936208 0.13906250207219273
0 0.7742187615367584 0.7020833699498326 0.13281250197906047 0.14375000214204192
0 0.7101562605821528 0.5562500290106982 0.14531250216532499 0.15000000223517418
0 0.7914062617928721 0.34791668481193483 0.14531250216532499 0.15000000223517418
0 0.5320312579278834 0.8843750461237505 0.1671875024912879 0.17343750258442014
0 0.05390625080326572 0.5354166945908219 0.10468750155996531 0.16562500246800482
0 0.3937500058673322 0.8583333780989051 0.15937500237487257 0.17812500265426934
0 0.11484375171130523 0.13750000717118382 0.14218750211875886 0.16875000251457095
1 0.2960937544121407 0.4697916911682114 0.267187503981404 0.23906250356230885
1 0.8242187622818165 0.5604166958946735 0.051562500768341124 0.05000000074505806
1 0.29062500433064997 0.07291667046956718 0.05000000074505806 0.06250000093132257
1 0.09296875138534233 0.18437500961590558 0.029687500442378223 0.03593750053551048
1 0.6148437591618858 0.3291666838340461 0.05468750081490725 0.05000000074505806
0 0.5890625087777153 0.46666669100522995 0.13750000204890966 0.15625000232830644
0 0.5687500084750354 0.14062500733416528 0.1625000024214387 0.16093750239815563
0 0.3320312549476512 0.19895834370981902 0.12343750183936208 0.13906250207219273
0 0.7742187615367584 0.7020833699498326 0.13281250197906047 0.14375000214204192
0 0.7101562605821528 0.5562500290106982 0.14531250216532499 0.15000000223517418
0 0.7914062617928721 0.34791668481193483 0.14531250216532499 0.15000000223517418
0 0.5320312579278834 0.8843750461237505 0.1671875024912879 0.17343750258442014
0 0.05390625080326572 0.5354166945908219 0.10468750155996531 0.16562500246800482
0 0.3937500058673322 0.8583333780989051 0.15937500237487257 0.17812500265426934
0 0.11484375171130523 0.13750000717118382 0.14218750211875886 0.16875000251457095
1 0.2960937544121407 0.4697916911682114 0.267187503981404 0.23906250356230885
1 0.8242187622818165 0.5604166958946735 0.051562500768341124 0.05000000074505806
1 0.29062500433064997 0.07291667046956718 0.05000000074505806 0.06250000093132257
1 0.09296875138534233 0.18437500961590558 0.029687500442378223 0.03593750053551048
1 0.6148437591618858 0.3291666838340461 0.05468750081490725 0.05000000074505806
0 0.5890625087777153 0.46666669100522995 0.13750000204890966 0.15625000232830644
0 0.5687500084750354 0.14062500733416528 0.1625000024214387 0.16093750239815563
0 0.3320312549476512 0.19895834370981902 0.12343750183936208 0.13906250207219273
0 0.7742187615367584 0.7020833699498326 0.13281250197906047 0.14375000214204192
0 0.7101562605821528 0.5562500290106982 0.14531250216532499 0.15000000223517418
0 0.7914062617928721 0.34791668481193483 0.14531250216532499 0.15000000223517418
0 0.5320312579278834 0.8843750461237505 0.1671875024912879 0.17343750258442014
0 0.05390625080326572 0.5354166945908219 0.10468750155996531 0.16562500246800482
0 0.3937500058673322 0.8583333780989051 0.15937500237487257 0.17812500265426934
0 0.11484375171130523 0.13750000717118382 0.14218750211875886 0.16875000251457095
1 0.2960937544121407 0.4697916911682114 0.267187503981404 0.23906250356230885
1 0.8242187622818165 0.5604166958946735 0.051562500768341124 0.05000000074505806
1 0.29062500433064997 0.07291667046956718 0.05000000074505806 0.06250000093132257
1 0.09296875138534233 0.18437500961590558 0.029687500442378223 0.03593750053551048
1 0.6148437591618858 0.3291666838340461 0.05468750081490725 0.05000000074505806
0 0.5890625087777153 0.46666669100522995 0.13750000204890966 0.15625000232830644
0 0.5687500084750354 0.14062500733416528 0.1625000024214387 0.16093750239815563
0 0.3320312549476512 0.19895834370981902 0.12343750183936208 0.13906250207219273
0 0.7742187615367584 0.7020833699498326 0.13281250197906047 0.14375000214204192
0 0.7101562605821528 0.5562500290106982 0.14531250216532499 0.15000000223517418
0 0.7914062617928721 0.34791668481193483 0.14531250216532499 0.15000000223517418
0 0.5320312579278834 0.8843750461237505 0.1671875024912879 0.17343750258442014
0 0.05390625080326572 0.5354166945908219 0.10468750155996531 0.16562500246800482
0 0.3937500058673322 0.8583333780989051 0.15937500237487257 0.17812500265426934
0 0.11484375171130523 0.13750000717118382 0.14218750211875886 0.16875000251457095
1 0.2960937544121407 0.4697916911682114 0.267187503981404 0.23906250356230885
1 0.8242187622818165 0.5604166958946735 0.051562500768341124 0.05000000074505806
1 0.29062500433064997 0.07291667046956718 0.05000000074505806 0.06250000093132257
1 0.09296875138534233 0.18437500961590558 0.029687500442378223 0.03593750053551048
1 0.6148437591618858 0.3291666838340461 0.05468750081490725 0.05000000074505806
0 0.5890625087777153 0.46666669100522995 0.13750000204890966 0.15625000232830644
0 0.5687500084750354 0.14062500733416528 0.1625000024214387 0.16093750239815563
0 0.3320312549476512 0.19895834370981902 0.12343750183936208 0.13906250207219273
0 0.7742187615367584 0.7020833699498326 0.13281250197906047 0.14375000214204192
0 0.7101562605821528 0.5562500290106982 0.14531250216532499 0.15000000223517418
0 0.7914062617928721 0.34791668481193483 0.14531250216532499 0.15000000223517418
0 0.5320312579278834 0.8843750461237505 0.1671875024912879 0.17343750258442014
0 0.05390625080326572 0.5354166945908219 0.10468750155996531 0.16562500246800482
0 0.3937500058673322 0.8583333780989051 0.15937500237487257 0.17812500265426934
0 0.11484375171130523 0.13750000717118382 0.14218750211875886 0.16875000251457095
1 0.2960937544121407 0.4697916911682114 0.267187503981404 0.23906250356230885
1 0.8242187622818165 0.5604166958946735 0.051562500768341124 0.05000000074505806
1 0.29062500433064997 0.07291667046956718 0.05000000074505806 0.06250000093132257
1 0.09296875138534233 0.18437500961590558 0.029687500442378223 0.03593750053551048
1 0.6148437591618858 0.3291666838340461 0.05468750081490725 0.05000000074505806
0 0.5890625087777153 0.46666669100522995 0.13750000204890966 0.15625000232830644
0 0.5687500084750354 0.14062500733416528 0.1625000024214387 0.16093750239815563
0 0.3320312549476512 0.19895834370981902 0.12343750183936208 0.13906250207219273
0 0.7742187615367584 0.7020833699498326 0.13281250197906047 0.14375000214204192
0 0.7101562605821528 0.5562500290106982 0.14531250216532499 0.15000000223517418
0 0.7914062617928721 0.34791668481193483 0.14531250216532499 0.15000000223517418
0 0.5320312579278834 0.8843750461237505 0.1671875024912879 0.17343750258442014
0 0.05390625080326572 0.5354166945908219 0.10468750155996531 0.16562500246800482
0 0.3937500058673322 0.8583333780989051 0.15937500237487257 0.17812500265426934
0 0.11484375171130523 0.13750000717118382 0.14218750211875886 0.16875000251457095
1 0.2960937544121407 0.4697916911682114 0.267187503981404 0.23906250356230885
1 0.8242187622818165 0.5604166958946735 0.051562500768341124 0.05000000074505806
1 0.29062500433064997 0.07291667046956718 0.05000000074505806 0.06250000093132257
1 0.09296875138534233 0.18437500961590558 0.029687500442378223 0.03593750053551048
1 0.6148437591618858 0.3291666838340461 0.05468750081490725 0.05000000074505806
0 0.5890625087777153 0.46666669100522995 0.13750000204890966 0.15625000232830644
0 0.5687500084750354 0.14062500733416528 0.1625000024214387 0.16093750239815563
0 0.3320312549476512 0.19895834370981902 0.12343750183936208 0.13906250207219273
0 0.7742187615367584 0.7020833699498326 0.13281250197906047 0.14375000214204192
0 0.7101562605821528 0.5562500290106982 0.14531250216532499 0.15000000223517418
0 0.7914062617928721 0.34791668481193483 0.14531250216532499 0.15000000223517418
0 0.5320312579278834 0.8843750461237505 0.1671875024912879 0.17343750258442014
0 0.05390625080326572 0.5354166945908219 0.10468750155996531 0.16562500246800482
0 0.3937500058673322 0.8583333780989051 0.15937500237487257 0.17812500265426934
0 0.11484375171130523 0.13750000717118382 0.14218750211875886 0.16875000251457095
1 0.2960937544121407 0.4697916911682114 0.267187503981404 0.23906250356230885
1 0.8242187622818165 0.5604166958946735 0.051562500768341124 0.05000000074505806
1 0.29062500433064997 0.07291667046956718 0.05000000074505806 0.06250000093132257
1 0.09296875138534233 0.18437500961590558 0.029687500442378223 0.03593750053551048
1 0.6148437591618858 0.3291666838340461 0.05468750081490725 0.05000000074505806
0 0.5890625087777153 0.46666669100522995 0.13750000204890966 0.15625000232830644
0 0.5687500084750354 0.14062500733416528 0.1625000024214387 0.16093750239815563
0 0.3320312549476512 0.19895834370981902 0.12343750183936208 0.13906250207219273
0 0.7742187615367584 0.7020833699498326 0.13281250197906047 0.14375000214204192
0 0.7101562605821528 0.5562500290106982 0.14531250216532499 0.15000000223517418
0 0.7914062617928721 0.34791668481193483 0.14531250216532499 0.15000000223517418
0 0.5320312579278834 0.8843750461237505 0.1671875024912879 0.17343750258442014
0 0.05390625080326572 0.5354166945908219 0.10468750155996531 0.16562500246800482
0 0.3937500058673322 0.8583333780989051 0.15937500237487257 0.17812500265426934
0 0.11484375171130523 0.13750000717118382 0.14218750211875886 0.16875000251457095
1 0.2960937544121407 0.4697916911682114 0.267187503981404 0.23906250356230885
1 0.8242187622818165 0.5604166958946735 0.051562500768341124 0.05000000074505806
1 0.29062500433064997 0.07291667046956718 0.05000000074505806 0.06250000093132257
1 0.09296875138534233 0.18437500961590558 0.029687500442378223 0.03593750053551048
1 0.6148437591618858 0.3291666838340461 0.05468750081490725 0.05000000074505806
0 0.5890625087777153 0.46666669100522995 0.13750000204890966 0.15625000232830644
0 0.5687500084750354 0.14062500733416528 0.1625000024214387 0.16093750239815563
0 0.3320312549476512 0.19895834370981902 0.12343750183936208 0.13906250207219273
0 0.7742187615367584 0.7020833699498326 0.13281250197906047 0.14375000214204192
0 0.7101562605821528 0.5562500290106982 0.14531250216532499 0.15000000223517418
0 0.7914062617928721 0.34791668481193483 0.14531250216532499 0.15000000223517418
0 0.5320312579278834 0.8843750461237505 0.1671875024912879 0.17343750258442014
0 0.05390625080326572 0.5354166945908219 0.10468750155996531 0.16562500246800482
0 0.3937500058673322 0.8583333780989051 0.15937500237487257 0.17812500265426934
0 0.11484375171130523 0.13750000717118382 0.14218750211875886 0.16875000251457095
1 0.2960937544121407 0.4697916911682114 0.267187503981404 0.23906250356230885
1 0.8242187622818165 0.5604166958946735 0.051562500768341124 0.05000000074505806
1 0.29062500433064997 0.07291667046956718 0.05000000074505806 0.06250000093132257
1 0.09296875138534233 0.18437500961590558 0.029687500442378223 0.03593750053551048
1 0.6148437591618858 0.3291666838340461 0.05468750081490725 0.05000000074505806
0 0.5890625087777153 0.46666669100522995 0.13750000204890966 0.15625000232830644
0 0.5687500084750354 0.14062500733416528 0.1625000024214387 0.16093750239815563
0 0.3320312549476512 0.19895834370981902 0.12343750183936208 0.13906250207219273
0 0.7742187615367584 0.7020833699498326 0.13281250197906047 0.14375000214204192
0 0.7101562605821528 0.5562500290106982 0.14531250216532499 0.15000000223517418
0 0.7914062617928721 0.34791668481193483 0.14531250216532499 0.15000000223517418
0 0.5320312579278834 0.8843750461237505 0.1671875024912879 0.17343750258442014
0 0.05390625080326572 0.5354166945908219 0.10468750155996531 0.16562500246800482
0 0.3937500058673322 0.8583333780989051 0.15937500237487257 0.17812500265426934
0 0.11484375171130523 0.13750000717118382 0.14218750211875886 0.16875000251457095
1 0.2960937544121407 0.4697916911682114 0.267187503981404 0.23906250356230885
1 0.8242187622818165 0.5604166958946735 0.051562500768341124 0.05000000074505806
1 0.29062500433064997 0.07291667046956718 0.05000000074505806 0.06250000093132257
1 0.09296875138534233 0.18437500961590558 0.029687500442378223 0.03593750053551048
1 0.6148437591618858 0.3291666838340461 0.05468750081490725 0.05000000074505806
0 0.5890625087777153 0.46666669100522995 0.13750000204890966 0.15625000232830644
0 0.5687500084750354 0.14062500733416528 0.1625000024214387 0.16093750239815563
0 0.3320312549476512 0.19895834370981902 0.12343750183936208 0.13906250207219273
0 0.7742187615367584 0.7020833699498326 0.13281250197906047 0.14375000214204192
0 0.7101562605821528 0.5562500290106982 0.14531250216532499 0.15000000223517418
0 0.7914062617928721 0.34791668481193483 0.14531250216532499 0.15000000223517418
0 0.5320312579278834 0.8843750461237505 0.1671875024912879 0.17343750258442014
0 0.05390625080326572 0.5354166945908219 0.10468750155996531 0.16562500246800482
0 0.3937500058673322 0.8583333780989051 0.15937500237487257 0.17812500265426934
0 0.11484375171130523 0.13750000717118382 0.14218750211875886 0.16875000251457095
1 0.2960937544121407 0.4697916911682114 0.267187503981404 0.23906250356230885
1 0.8242187622818165 0.5604166958946735 0.051562500768341124 0.05000000074505806
1 0.29062500433064997 0.07291667046956718 0.05000000074505806 0.06250000093132257
1 0.09296875138534233 0.18437500961590558 0.029687500442378223 0.03593750053551048
1 0.6148437591618858 0.3291666838340461 0.05468750081490725 0.05000000074505806
0 0.5890625087777153 0.46666669100522995 0.13750000204890966 0.15625000232830644
0 0.5687500084750354 0.14062500733416528 0.1625000024214387 0.16093750239815563
0 0.3320312549476512 0.19895834370981902 0.12343750183936208 0.13906250207219273
0 0.7742187615367584 0.7020833699498326 0.13281250197906047 0.14375000214204192
0 0.7101562605821528 0.5562500290106982 0.14531250216532499 0.15000000223517418
0 0.7914062617928721 0.34791668481193483 0.14531250216532499 0.15000000223517418
0 0.5320312579278834 0.8843750461237505 0.1671875024912879 0.17343750258442014
0 0.05390625080326572 0.5354166945908219 0.10468750155996531 0.16562500246800482
0 0.3937500058673322 0.8583333780989051 0.15937500237487257 0.17812500265426934
0 0.11484375171130523 0.13750000717118382 0.14218750211875886 0.16875000251457095
1 0.2960937544121407 0.4697916911682114 0.267187503981404 0.23906250356230885
1 0.8242187622818165 0.5604166958946735 0.051562500768341124 0.05000000074505806
1 0.29062500433064997 0.07291667046956718 0.05000000074505806 0.06250000093132257
1 0.09296875138534233 0.18437500961590558 0.029687500442378223 0.03593750053551048
1 0.6148437591618858 0.3291666838340461 0.05468750081490725 0.05000000074505806
0 0.5890625087777153 0.46666669100522995 0.13750000204890966 0.15625000232830644
0 0.5687500084750354 0.14062500733416528 0.1625000024214387 0.16093750239815563
0 0.3320312549476512 0.19895834370981902 0.12343750183936208 0.13906250207219273
0 0.7742187615367584 0.7020833699498326 0.13281250197906047 0.14375000214204192
0 0.7101562605821528 0.5562500290106982 0.14531250216532499 0.15000000223517418
0 0.7914062617928721 0.34791668481193483 0.14531250216532499 0.15000000223517418
0 0.5320312579278834 0.8843750461237505 0.1671875024912879 0.17343750258442014
0 0.05390625080326572 0.5354166945908219 0.10468750155996531 0.16562500246800482
0 0.3937500058673322 0.8583333780989051 0.15937500237487257 0.17812500265426934
0 0.11484375171130523 0.13750000717118382 0.14218750211875886 0.16875000251457095
1 0.2960937544121407 0.4697916911682114 0.267187503981404 0.23906250356230885
1 0.8242187622818165 0.5604166958946735 0.051562500768341124 0.05000000074505806
1 0.29062500433064997 0.07291667046956718 0.05000000074505806 0.06250000093132257
1 0.09296875138534233 0.18437500961590558 0.029687500442378223 0.03593750053551048
1 0.6148437591618858 0.3291666838340461 0.05468750081490725 0.05000000074505806
0 0.5890625087777153 0.46666669100522995 0.13750000204890966 0.15625000232830644
0 0.5687500084750354 0.14062500733416528 0.1625000024214387 0.16093750239815563
0 0.3320312549476512 0.19895834370981902 0.12343750183936208 0.13906250207219273
0 0.7742187615367584 0.7020833699498326 0.13281250197906047 0.14375000214204192
0 0.7101562605821528 0.5562500290106982 0.14531250216532499 0.15000000223517418
0 0.7914062617928721 0.34791668481193483 0.14531250216532499 0.15000000223517418
0 0.5320312579278834 0.8843750461237505 0.1671875024912879 0.17343750258442014
0 0.05390625080326572 0.5354166945908219 0.10468750155996531 0.16562500246800482
0 0.3937500058673322 0.8583333780989051 0.15937500237487257 0.17812500265426934
0 0.11484375171130523 0.13750000717118382 0.14218750211875886 0.16875000251457095
1 0.2960937544121407 0.4697916911682114 0.267187503981404 0.23906250356230885
2 0.8242187622818165 0.5604166958946735 0.051562500768341124 0.05000000074505806
2 0.29062500433064997 0.07291667046956718 0.05000000074505806 0.06250000093132257
2 0.09296875138534233 0.18437500961590558 0.029687500442378223 0.03593750053551048
2 0.6148437591618858 0.3291666838340461 0.05468750081490725 0.05000000074505806
0 0.5890625087777153 0.46666669100522995 0.13750000204890966 0.15625000232830644
0 0.5687500084750354 0.14062500733416528 0.1625000024214387 0.16093750239815563
0 0.3320312549476512 0.19895834370981902 0.12343750183936208 0.13906250207219273
0 0.7742187615367584 0.7020833699498326 0.13281250197906047 0.14375000214204192
0 0.7101562605821528 0.5562500290106982 0.14531250216532499 0.15000000223517418
0 0.7914062617928721 0.34791668481193483 0.14531250216532499 0.15000000223517418
0 0.5320312579278834 0.8843750461237505 0.1671875024912879 0.17343750258442014
0 0.05390625080326572 0.5354166945908219 0.10468750155996531 0.16562500246800482
0 0.3937500058673322 0.8583333780989051 0.15937500237487257 0.17812500265426934
0 0.11484375171130523 0.13750000717118382 0.14218750211875886 0.16875000251457095
1 0.2960937544121407 0.4697916911682114 0.267187503981404 0.23906250356230885
2 0.8242187622818165 0.5604166958946735 0.051562500768341124 0.05000000074505806
2 0.29062500433064997 0.07291667046956718 0.05000000074505806 0.06250000093132257
2 0.09296875138534233 0.18437500961590558 0.029687500442378223 0.03593750053551048
2 0.6148437591618858 0.3291666838340461 0.05468750081490725 0.05000000074505806
0 0.589062511920929 0.46666669845581055 0.13750000298023224 0.15625
0 0.5687500238418579 0.140625 0.16250000894069672 0.16093750298023224
0 0.33203125 0.19895833730697632 0.12343750149011612 0.13906250894069672
0 0.774218738079071 0.7020833492279053 0.1328125 0.14374999701976776
0 0.710156261920929 0.5562500357627869 0.14531250298023224 0.15000000596046448
0 0.7914062738418579 0.34791669249534607 0.14531250298023224 0.15000000596046448
0 0.532031238079071 0.8843750357627869 0.16718749701976776 0.17343750596046448
0 0.05390625074505806 0.5354167222976685 0.10468750447034836 0.16562500596046448
0 0.39375001192092896 0.8583333492279053 0.15937499701976776 0.17812500894069672
0 0.11484374850988388 0.13750000298023224 0.14218750596046448 0.16875000298023224
1 0.29609376192092896 0.4697916805744171 0.2671875059604645 0.23906250298023224
2 0.82421875 0.5604166984558105 0.05156249925494194 0.05000000074505806
2 0.2906250059604645 0.0729166716337204 0.05000000074505806 0.0625
2 0.09296875447034836 0.18437500298023224 0.02968749962747097 0.03593749925494194
2 0.6148437857627869 0.3291666805744171 0.0546875 0.05000000074505806
0 0.589062511920929 0.46666669845581055 0.13750000298023224 0.15625
0 0.5687500238418579 0.140625 0.16250000894069672 0.16093750298023224
0 0.33203125 0.19895833730697632 0.12343750149011612 0.13906250894069672
0 0.774218738079071 0.7020833492279053 0.1328125 0.14374999701976776
0 0.710156261920929 0.5562500357627869 0.14531250298023224 0.15000000596046448
0 0.7914062738418579 0.34791669249534607 0.14531250298023224 0.15000000596046448
0 0.532031238079071 0.8843750357627869 0.16718749701976776 0.17343750596046448
0 0.05390625074505806 0.5354167222976685 0.10468750447034836 0.16562500596046448
0 0.39375001192092896 0.8583333492279053 0.15937499701976776 0.17812500894069672
0 0.11484374850988388 0.13750000298023224 0.14218750596046448 0.16875000298023224
1 0.29609376192092896 0.4697916805744171 0.2671875059604645 0.23906250298023224
2 0.82421875 0.5604166984558105 0.05156249925494194 0.05000000074505806
2 0.2906250059604645 0.0729166716337204 0.05000000074505806 0.0625
2 0.09296875447034836 0.18437500298023224 0.02968749962747097 0.03593749925494194
2 0.6148437857627869 0.3291666805744171 0.0546875 0.05000000074505806
0 0.589062511920929 0.46666669845581055 0.13750000298023224 0.15625
0 0.5687500238418579 0.140625 0.16250000894069672 0.16093750298023224
0 0.33203125 0.19895833730697632 0.12343750149011612 0.13906250894069672
0 0.774218738079071 0.7020833492279053 0.1328125 0.14374999701976776
0 0.710156261920929 0.5562500357627869 0.14531250298023224 0.15000000596046448
0 0.7914062738418579 0.34791669249534607 0.14531250298023224 0.15000000596046448
0 0.532031238079071 0.8843750357627869 0.16718749701976776 0.17343750596046448
0 0.05390625074505806 0.5354167222976685 0.10468750447034836 0.16562500596046448
0 0.39375001192092896 0.8583333492279053 0.15937499701976776 0.17812500894069672
0 0.11484374850988388 0.13750000298023224 0.14218750596046448 0.16875000298023224
1 0.29609376192092896 0.4697916805744171 0.2671875059604645 0.23906250298023224
2 0.82421875 0.5604166984558105 0.05156249925494194 0.05000000074505806
2 0.2906250059604645 0.0729166716337204 0.05000000074505806 0.0625
2 0.09296875447034836 0.18437500298023224 0.02968749962747097 0.03593749925494194
2 0.6148437857627869 0.3291666805744171 0.0546875 0.05000000074505806
0 0.589062511920929 0.46666669845581055 0.13750000298023224 0.15625
0 0.5687500238418579 0.140625 0.16250000894069672 0.16093750298023224
0 0.33203125 0.19895833730697632 0.12343750149011612 0.13906250894069672
0 0.774218738079071 0.7020833492279053 0.1328125 0.14374999701976776
0 0.710156261920929 0.5562500357627869 0.14531250298023224 0.15000000596046448
0 0.7914062738418579 0.34791669249534607 0.14531250298023224 0.15000000596046448
0 0.532031238079071 0.8843750357627869 0.16718749701976776 0.17343750596046448
0 0.05390625074505806 0.5354167222976685 0.10468750447034836 0.16562500596046448
0 0.39375001192092896 0.8583333492279053 0.15937499701976776 0.17812500894069672
0 0.11484374850988388 0.13750000298023224 0.14218750596046448 0.16875000298023224
1 0.29609376192092896 0.4697916805744171 0.2671875059604645 0.23906250298023224
2 0.82421875 0.5604166984558105 0.05156249925494194 0.05000000074505806
2 0.2906250059604645 0.0729166716337204 0.05000000074505806 0.0625
2 0.09296875447034836 0.18437500298023224 0.02968749962747097 0.03593749925494194
2 0.6148437857627869 0.3291666805744171 0.0546875 0.05000000074505806
0 0.589062511920929 0.46666669845581055 0.13750000298023224 0.15625
0 0.5687500238418579 0.140625 0.16250000894069672 0.16093750298023224
0 0.33203125 0.19895833730697632 0.12343750149011612 0.13906250894069672
0 0.774218738079071 0.7020833492279053 0.1328125 0.14374999701976776
0 0.710156261920929 0.5562500357627869 0.14531250298023224 0.15000000596046448
0 0.7914062738418579 0.34791669249534607 0.14531250298023224 0.15000000596046448
0 0.532031238079071 0.8843750357627869 0.16718749701976776 0.17343750596046448
0 0.05390625074505806 0.5354167222976685 0.10468750447034836 0.16562500596046448
0 0.39375001192092896 0.8583333492279053 0.15937499701976776 0.17812500894069672
0 0.11484374850988388 0.13750000298023224 0.14218750596046448 0.16875000298023224
1 0.29609376192092896 0.4697916805744171 0.2671875059604645 0.23906250298023224
2 0.82421875 0.5604166984558105 0.05156249925494194 0.05000000074505806
2 0.2906250059604645 0.0729166716337204 0.05000000074505806 0.0625
2 0.09296875447034836 0.18437500298023224 0.02968749962747097 0.03593749925494194
2 0.6148437857627869 0.3291666805744171 0.0546875 0.05000000074505806
0 0.589062511920929 0.46666669845581055 0.13750000298023224 0.15625
0 0.5687500238418579 0.140625 0.16250000894069672 0.16093750298023224
0 0.33203125 0.19895833730697632 0.12343750149011612 0.13906250894069672
0 0.774218738079071 0.7020833492279053 0.1328125 0.14374999701976776
0 0.710156261920929 0.5562500357627869 0.14531250298023224 0.15000000596046448
0 0.7914062738418579 0.34791669249534607 0.14531250298023224 0.15000000596046448
0 0.532031238079071 0.8843750357627869 0.16718749701976776 0.17343750596046448
0 0.05390625074505806 0.5354167222976685 0.10468750447034836 0.16562500596046448
0 0.39375001192092896 0.8583333492279053 0.15937499701976776 0.17812500894069672
0 0.11484374850988388 0.13750000298023224 0.14218750596046448 0.16875000298023224
1 0.29609376192092896 0.4697916805744171 0.2671875059604645 0.23906250298023224
2 0.82421875 0.5604166984558105 0.05156249925494194 0.05000000074505806
2 0.2906250059604645 0.0729166716337204 0.05000000074505806 0.0625
2 0.09296875447034836 0.18437500298023224 0.02968749962747097 0.03593749925494194
2 0.6148437857627869 0.3291666805744171 0.0546875 0.05000000074505806
0 0.589062511920929 0.46666669845581055 0.13750000298023224 0.15625
0 0.5687500238418579 0.140625 0.16250000894069672 0.16093750298023224
0 0.33203125 0.19895833730697632 0.12343750149011612 0.13906250894069672
0 0.774218738079071 0.7020833492279053 0.1328125 0.14374999701976776
0 0.710156261920929 0.5562500357627869 0.14531250298023224 0.15000000596046448
0 0.7914062738418579 0.34791669249534607 0.14531250298023224 0.15000000596046448
0 0.532031238079071 0.8843750357627869 0.16718749701976776 0.17343750596046448
0 0.05390625074505806 0.5354167222976685 0.10468750447034836 0.16562500596046448
0 0.39375001192092896 0.8583333492279053 0.15937499701976776 0.17812500894069672
0 0.11484374850988388 0.13750000298023224 0.14218750596046448 0.16875000298023224
1 0.29609376192092896 0.4697916805744171 0.2671875059604645 0.23906250298023224
2 0.82421875 0.5604166984558105 0.05156249925494194 0.05000000074505806
2 0.2906250059604645 0.0729166716337204 0.05000000074505806 0.0625
2 0.09296875447034836 0.18437500298023224 0.02968749962747097 0.03593749925494194
2 0.6148437857627869 0.3291666805744171 0.0546875 0.05000000074505806
