0 0.3257812548545189 0.864583378424868 0.16406250244472176 0.14375000214204192
0 0.896875013364479 0.5541666955687106 0.18125000270083547 0.16562500246800482
0 0.9171875136671588 0.7875000410713255 0.16562500246800482 0.17187500256113708
0 0.7968750118743628 0.7187500374857336 0.16562500246800482 0.17187500256113708
0 0.6609375098487362 0.8125000423751771 0.19062500284053385 0.16875000251457095
0 0.2625000039115548 0.3343750174390152 0.16875000251457095 0.1671875024912879
0 0.23828125355066732 0.5781250301515684 0.17343750258442014 0.19531250291038305
0 0.7101562605821528 0.11875000619329512 0.1671875024912879 0.1750000026077032
0 0.29218750435393304 0.07500000391155481 0.15937500237487257 0.1093750016298145
0 0.4156250061932951 0.20104167715180665 0.20312500302679837 0.18281250272411853
1 0.5820312586729415 0.5114583600079641 0.31406250467989594 0.33906250505242497
1 0.3125000046566129 0.6447917002951726 0.059375000884756446 0.0703125010477379
0 0.3257812548545189 0.864583378424868 0.16406250244472176 0.14375000214204192
0 0.896875013364479 0.5541666955687106 0.18125000270083547 0.16562500246800482
0 0.9171875136671588 0.7875000410713255 0.16562500246800482 0.17187500256113708
0 0.7968750118743628 0.7187500374857336 0.16562500246800482 0.17187500256113708
0 0.6609375098487362 0.8125000423751771 0.19062500284053385 0.16875000251457095
0 0.2625000039115548 0.3343750174390152 0.16875000251457095 0.1671875024912879
0 0.23828125355066732 0.5781250301515684 0.17343750258442014 0.19531250291038305
0 0.7101562605821528 0.11875000619329512 0.1671875024912879 0.1750000026077032
0 0.29218750435393304 0.07500000391155481 0.15937500237487257 0.1093750016298145
0 0.4156250061932951 0.20104167715180665 0.20312500302679837 0.18281250272411853
1 0.5820312586729415 0.5114583600079641 0.31406250467989594 0.33906250505242497
1 0.3125000046566129 0.6447917002951726 0.059375000884756446 0.0703125010477379
0 0.3257812548545189 0.864583378424868 0.16406250244472176 0.14375000214204192
0 0.896875013364479 0.5541666955687106 0.18125000270083547 0.16562500246800482
0 0.9171875136671588 0.7875000410713255 0.16562500246800482 0.17187500256113708
0 0.7968750118743628 0.7187500374857336 0.16562500246800482 0.17187500256113708
0 0.6609375098487362 0.8125000423751771 0.19062500284053385 0.16875000251457095
0 0.2625000039115548 0.3343750174390152 0.16875000251457095 0.1671875024912879
0 0.23828125355066732 0.5781250301515684 0.17343750258442014 0.19531250291038305
0 0.7101562605821528 0.11875000619329512 0.1671875024912879 0.1750000026077032
0 0.29218750435393304 0.07500000391155481 0.15937500237487257 0.1093750016298145
0 0.4156250061932951 0.20104167715180665 0.20312500302679837 0.18281250272411853
1 0.5820312586729415 0.5114583600079641 0.31406250467989594 0.33906250505242497
1 0.3125000046566129 0.6447917002951726 0.059375000884756446 0.0703125010477379
0 0.3257812548545189 0.864583378424868 0.16406250244472176 0.14375000214204192
0 0.896875013364479 0.5541666955687106 0.18125000270083547 0.16562500246800482
0 0.9171875136671588 0.7875000410713255 0.16562500246800482 0.17187500256113708
0 0.7968750118743628 0.7187500374857336 0.16562500246800482 0.17187500256113708
0 0.6609375098487362 0.8125000423751771 0.19062500284053385 0.16875000251457095
0 0.2625000039115548 0.3343750174390152 0.16875000251457095 0.1671875024912879
0 0.23828125355066732 0.5781250301515684 0.17343750258442014 0.19531250291038305
0 0.7101562605821528 0.11875000619329512 0.1671875024912879 0.1750000026077032
0 0.29218750435393304 0.07500000391155481 0.15937500237487257 0.1093750016298145
0 0.4156250061932951 0.20104167715180665 0.20312500302679837 0.18281250272411853
1 0.5820312586729415 0.5114583600079641 0.31406250467989594 0.33906250505242497
1 0.3125000046566129 0.6447917002951726 0.059375000884756446 0.0703125010477379
0 0.3257812548545189 0.864583378424868 0.16406250244472176 0.14375000214204192
0 0.896875013364479 0.5541666955687106 0.18125000270083547 0.16562500246800482
0 0.9171875136671588 0.7875000410713255 0.16562500246800482 0.17187500256113708
0 0.7968750118743628 0.7187500374857336 0.16562500246800482 0.17187500256113708
0 0.6609375098487362 0.8125000423751771 0.19062500284053385 0.16875000251457095
0 0.2625000039115548 0.3343750174390152 0.16875000251457095 0.1671875024912879
0 0.23828125355066732 0.5781250301515684 0.17343750258442014 0.19531250291038305
0 0.7101562605821528 0.11875000619329512 0.1671875024912879 0.1750000026077032
0 0.29218750435393304 0.07500000391155481 0.15937500237487257 0.1093750016298145
0 0.4156250061932951 0.20104167715180665 0.20312500302679837 0.18281250272411853
1 0.5820312586729415 0.5114583600079641 0.31406250467989594 0.33906250505242497
1 0.3125000046566129 0.6447917002951726 0.059375000884756446 0.0703125010477379
0 0.3257812548545189 0.864583378424868 0.16406250244472176 0.14375000214204192
0 0.896875013364479 0.5541666955687106 0.18125000270083547 0.16562500246800482
0 0.9171875136671588 0.7875000410713255 0.16562500246800482 0.17187500256113708
0 0.7968750118743628 0.7187500374857336 0.16562500246800482 0.17187500256113708
0 0.6609375098487362 0.8125000423751771 0.19062500284053385 0.16875000251457095
0 0.2625000039115548 0.3343750174390152 0.16875000251457095 0.1671875024912879
0 0.23828125355066732 0.5781250301515684 0.17343750258442014 0.19531250291038305
0 0.7101562605821528 0.11875000619329512 0.1671875024912879 0.1750000026077032
0 0.29218750435393304 0.07500000391155481 0.15937500237487257 0.1093750016298145
0 0.4156250061932951 0.20104167715180665 0.20312500302679837 0.18281250272411853
1 0.5820312586729415 0.5114583600079641 0.31406250467989594 0.33906250505242497
1 0.3125000046566129 0.6447917002951726 0.059375000884756446 0.0703125010477379
0 0.3257812548545189 0.864583378424868 0.16406250244472176 0.14375000214204192
0 0.896875013364479 0.5541666955687106 0.18125000270083547 0.16562500246800482
0 0.9171875136671588 0.7875000410713255 0.16562500246800482 0.17187500256113708
0 0.7968750118743628 0.7187500374857336 0.16562500246800482 0.17187500256113708
0 0.6609375098487362 0.8125000423751771 0.19062500284053385 0.16875000251457095
0 0.2625000039115548 0.3343750174390152 0.16875000251457095 0.1671875024912879
0 0.23828125355066732 0.5781250301515684 0.17343750258442014 0.19531250291038305
0 0.7101562605821528 0.11875000619329512 0.1671875024912879 0.1750000026077032
0 0.29218750435393304 0.07500000391155481 0.15937500237487257 0.1093750016298145
0 0.4156250061932951 0.20104167715180665 0.20312500302679837 0.18281250272411853
1 0.5820312586729415 0.5114583600079641 0.31406250467989594 0.33906250505242497
1 0.3125000046566129 0.6447917002951726 0.059375000884756446 0.0703125010477379
0 0.3257812548545189 0.864583378424868 0.16406250244472176 0.14375000214204192
0 0.896875013364479 0.5541666955687106 0.18125000270083547 0.16562500246800482
0 0.9171875136671588 0.7875000410713255 0.16562500246800482 0.17187500256113708
0 0.7968750118743628 0.7187500374857336 0.16562500246800482 0.17187500256113708
0 0.6609375098487362 0.8125000423751771 0.19062500284053385 0.16875000251457095
0 0.2625000039115548 0.3343750174390152 0.16875000251457095 0.1671875024912879
0 0.23828125355066732 0.5781250301515684 0.17343750258442014 0.19531250291038305
0 0.7101562605821528 0.11875000619329512 0.1671875024912879 0.1750000026077032
0 0.29218750435393304 0.07500000391155481 0.15937500237487257 0.1093750016298145
0 0.4156250061932951 0.20104167715180665 0.20312500302679837 0.18281250272411853
1 0.5820312586729415 0.5114583600079641 0.31406250467989594 0.33906250505242497
1 0.3125000046566129 0.6447917002951726 0.059375000884756446 0.0703125010477379
0 0.3257812548545189 0.864583378424868 0.16406250244472176 0.14375000214204192
0 0.896875013364479 0.5541666955687106 0.18125000270083547 0.16562500246800482
0 0.9171875136671588 0.7875000410713255 0.16562500246800482 0.17187500256113708
0 0.7968750118743628 0.7187500374857336 0.16562500246800482 0.17187500256113708
0 0.6609375098487362 0.8125000423751771 0.19062500284053385 0.16875000251457095
0 0.2625000039115548 0.3343750174390152 0.16875000251457095 0.1671875024912879
0 0.23828125355066732 0.5781250301515684 0.17343750258442014 0.19531250291038305
0 0.7101562605821528 0.11875000619329512 0.1671875024912879 0.1750000026077032
0 0.29218750435393304 0.07500000391155481 0.15937500237487257 0.1093750016298145
0 0.4156250061932951 0.20104167715180665 0.20312500302679837 0.18281250272411853
1 0.5820312586729415 0.5114583600079641 0.31406250467989594 0.33906250505242497
1 0.3125000046566129 0.6447917002951726 0.059375000884756446 0.0703125010477379
0 0.3257812548545189 0.864583378424868 0.16406250244472176 0.14375000214204192
0 0.896875013364479 0.5541666955687106 0.18125000270083547 0.16562500246800482
0 0.9171875136671588 0.7875000410713255 0.16562500246800482 0.17187500256113708
0 0.7968750118743628 0.7187500374857336 0.16562500246800482 0.17187500256113708
0 0.6609375098487362 0.8125000423751771 0.19062500284053385 0.16875000251457095
0 0.2625000039115548 0.3343750174390152 0.16875000251457095 0.1671875024912879
0 0.23828125355066732 0.5781250301515684 0.17343750258442014 0.19531250291038305
0 0.7101562605821528 0.11875000619329512 0.1671875024912879 0.1750000026077032
0 0.29218750435393304 0.07500000391155481 0.15937500237487257 0.1093750016298145
0 0.4156250061932951 0.20104167715180665 0.20312500302679837 0.18281250272411853
1 0.5820312586729415 0.5114583600079641 0.31406250467989594 0.33906250505242497
1 0.3125000046566129 0.6447917002951726 0.059375000884756446 0.0703125010477379
0 0.3257812548545189 0.864583378424868 0.16406250244472176 0.14375000214204192
0 0.896875013364479 0.5541666955687106 0.18125000270083547 0.16562500246800482
0 0.9171875136671588 0.7875000410713255 0.16562500246800482 0.17187500256113708
0 0.7968750118743628 0.7187500374857336 0.16562500246800482 0.17187500256113708
0 0.6609375098487362 0.8125000423751771 0.19062500284053385 0.16875000251457095
0 0.2625000039115548 0.3343750174390152 0.16875000251457095 0.1671875024912879
0 0.23828125355066732 0.5781250301515684 0.17343750258442014 0.19531250291038305
0 0.7101562605821528 0.11875000619329512 0.1671875024912879 0.1750000026077032
0 0.29218750435393304 0.07500000391155481 0.15937500237487257 0.1093750016298145
0 0.4156250061932951 0.20104167715180665 0.20312500302679837 0.18281250272411853
1 0.5820312586729415 0.5114583600079641 0.31406250467989594 0.33906250505242497
1 0.3125000046566129 0.6447917002951726 0.059375000884756446 0.0703125010477379
0 0.3257812548545189 0.864583378424868 0.16406250244472176 0.14375000214204192
0 0.896875013364479 0.5541666955687106 0.18125000270083547 0.16562500246800482
0 0.9171875136671588 0.7875000410713255 0.16562500246800482 0.17187500256113708
0 0.7968750118743628 0.7187500374857336 0.16562500246800482 0.17187500256113708
0 0.6609375098487362 0.8125000423751771 0.19062500284053385 0.16875000251457095
0 0.2625000039115548 0.3343750174390152 0.16875000251457095 0.1671875024912879
0 0.23828125355066732 0.5781250301515684 0.17343750258442014 0.19531250291038305
0 0.7101562605821528 0.11875000619329512 0.1671875024912879 0.1750000026077032
0 0.29218750435393304 0.07500000391155481 0.15937500237487257 0.1093750016298145
0 0.4156250061932951 0.20104167715180665 0.20312500302679837 0.18281250272411853
1 0.5820312586729415 0.5114583600079641 0.31406250467989594 0.33906250505242497
1 0.3125000046566129 0.6447917002951726 0.059375000884756446 0.0703125010477379
0 0.3257812548545189 0.864583378424868 0.16406250244472176 0.14375000214204192
0 0.896875013364479 0.5541666955687106 0.18125000270083547 0.16562500246800482
0 0.9171875136671588 0.7875000410713255 0.16562500246800482 0.17187500256113708
0 0.7968750118743628 0.7187500374857336 0.16562500246800482 0.17187500256113708
0 0.6609375098487362 0.8125000423751771 0.19062500284053385 0.16875000251457095
0 0.2625000039115548 0.3343750174390152 0.16875000251457095 0.1671875024912879
0 0.23828125355066732 0.5781250301515684 0.17343750258442014 0.19531250291038305
0 0.7101562605821528 0.11875000619329512 0.1671875024912879 0.1750000026077032
0 0.29218750435393304 0.07500000391155481 0.15937500237487257 0.1093750016298145
0 0.4156250061932951 0.20104167715180665 0.20312500302679837 0.18281250272411853
1 0.5820312586729415 0.5114583600079641 0.31406250467989594 0.33906250505242497
1 0.3125000046566129 0.6447917002951726 0.059375000884756446 0.0703125010477379
0 0.3257812548545189 0.864583378424868 0.16406250244472176 0.14375000214204192
0 0.896875013364479 0.5541666955687106 0.18125000270083547 0.16562500246800482
0 0.9171875136671588 0.7875000410713255 0.16562500246800482 0.17187500256113708
0 0.7968750118743628 0.7187500374857336 0.16562500246800482 0.17187500256113708
0 0.6609375098487362 0.8125000423751771 0.19062500284053385 0.16875000251457095
0 0.2625000039115548 0.3343750174390152 0.16875000251457095 0.1671875024912879
0 0.23828125355066732 0.5781250301515684 0.17343750258442014 0.19531250291038305
0 0.7101562605821528 0.11875000619329512 0.1671875024912879 0.1750000026077032
0 0.29218750435393304 0.07500000391155481 0.15937500237487257 0.1093750016298145
0 0.4156250061932951 0.20104167715180665 0.20312500302679837 0.18281250272411853
1 0.5820312586729415 0.5114583600079641 0.31406250467989594 0.33906250505242497
2 0.3125000046566129 0.6447917002951726 0.059375000884756446 0.0703125010477379
0 0.3257812548545189 0.864583378424868 0.16406250244472176 0.14375000214204192
0 0.896875013364479 0.5541666955687106 0.18125000270083547 0.16562500246800482
0 0.9171875136671588 0.7875000410713255 0.16562500246800482 0.17187500256113708
0 0.7968750118743628 0.7187500374857336 0.16562500246800482 0.17187500256113708
0 0.6609375098487362 0.8125000423751771 0.19062500284053385 0.16875000251457095
0 0.2625000039115548 0.3343750174390152 0.16875000251457095 0.1671875024912879
0 0.23828125355066732 0.5781250301515684 0.17343750258442014 0.19531250291038305
0 0.7101562605821528 0.11875000619329512 0.1671875024912879 0.1750000026077032
0 0.29218750435393304 0.07500000391155481 0.15937500237487257 0.1093750016298145
0 0.4156250061932951 0.20104167715180665 0.20312500302679837 0.18281250272411853
1 0.5820312586729415 0.5114583600079641 0.31406250467989594 0.33906250505242497
2 0.3125000046566129 0.6447917002951726 0.059375000884756446 0.0703125010477379
0 0.3257812559604645 0.8645833730697632 0.1640625 0.14374999701976776
0 0.8968750238418579 0.5541666746139526 0.18125000596046448 0.16562500596046448
0 0.917187511920929 0.7875000238418579 0.16562500596046448 0.171875
0 0.796875 0.7187500596046448 0.16562500596046448 0.171875
0 0.660937488079071 0.8125000596046448 0.19062499701976776 0.16875000298023224
0 0.26250001788139343 0.3343750238418579 0.16875000298023224 0.16718749701976776
0 0.23828125 0.5781250596046448 0.17343750596046448 0.1953125
0 0.710156261920929 0.11875000596046448 0.16718749701976776 0.17499999701976776
0 0.29218751192092896 0.07500000298023224 0.15937499701976776 0.109375
0 0.4156250059604645 0.20104168355464935 0.203125 0.18281249701976776
1 0.58203125 0.5114583373069763 0.3140625059604645 0.33906251192092896
2 0.3125 0.6447917222976685 0.05937499925494194 0.0703125
0 0.3257812559604645 0.8645833730697632 0.1640625 0.14374999701976776
0 0.8968750238418579 0.5541666746139526 0.18125000596046448 0.16562500596046448
0 0.917187511920929 0.7875000238418579 0.16562500596046448 0.171875
0 0.796875 0.7187500596046448 0.16562500596046448 0.171875
0 0.660937488079071 0.8125000596046448 0.19062499701976776 0.16875000298023224
0 0.26250001788139343 0.3343750238418579 0.16875000298023224 0.16718749701976776
0 0.23828125 0.5781250596046448 0.17343750596046448 0.1953125
0 0.710156261920929 0.11875000596046448 0.16718749701976776 0.17499999701976776
0 0.29218751192092896 0.07500000298023224 0.15937499701976776 0.109375
0 0.4156250059604645 0.20104168355464935 0.203125 0.18281249701976776
1 0.58203125 0.5114583373069763 0.3140625059604645 0.33906251192092896
2 0.3125 0.6447917222976685 0.05937499925494194 0.0703125
0 0.3257812559604645 0.8645833730697632 0.1640625 0.14374999701976776
0 0.8968750238418579 0.5541666746139526 0.18125000596046448 0.16562500596046448
0 0.917187511920929 0.7875000238418579 0.16562500596046448 0.171875
0 0.796875 0.7187500596046448 0.16562500596046448 0.171875
0 0.660937488079071 0.8125000596046448 0.19062499701976776 0.16875000298023224
0 0.26250001788139343 0.3343750238418579 0.16875000298023224 0.16718749701976776
0 0.23828125 0.5781250596046448 0.17343750596046448 0.1953125
0 0.710156261920929 0.11875000596046448 0.16718749701976776 0.17499999701976776
0 0.29218751192092896 0.07500000298023224 0.15937499701976776 0.109375
0 0.4156250059604645 0.20104168355464935 0.203125 0.18281249701976776
1 0.58203125 0.5114583373069763 0.3140625059604645 0.33906251192092896
2 0.3125 0.6447917222976685 0.05937499925494194 0.0703125
0 0.3257812559604645 0.8645833730697632 0.1640625 0.14374999701976776
0 0.8968750238418579 0.5541666746139526 0.18125000596046448 0.16562500596046448
0 0.917187511920929 0.7875000238418579 0.16562500596046448 0.171875
0 0.796875 0.7187500596046448 0.16562500596046448 0.171875
0 0.660937488079071 0.8125000596046448 0.19062499701976776 0.16875000298023224
0 0.26250001788139343 0.3343750238418579 0.16875000298023224 0.16718749701976776
0 0.23828125 0.5781250596046448 0.17343750596046448 0.1953125
0 0.710156261920929 0.11875000596046448 0.16718749701976776 0.17499999701976776
0 0.29218751192092896 0.07500000298023224 0.15937499701976776 0.109375
0 0.4156250059604645 0.20104168355464935 0.203125 0.18281249701976776
1 0.58203125 0.5114583373069763 0.3140625059604645 0.33906251192092896
2 0.3125 0.6447917222976685 0.05937499925494194 0.0703125
0 0.3257812559604645 0.8645833730697632 0.1640625 0.14374999701976776
0 0.8968750238418579 0.5541666746139526 0.18125000596046448 0.16562500596046448
0 0.917187511920929 0.7875000238418579 0.16562500596046448 0.171875
0 0.796875 0.7187500596046448 0.16562500596046448 0.171875
0 0.660937488079071 0.8125000596046448 0.19062499701976776 0.16875000298023224
0 0.26250001788139343 0.3343750238418579 0.16875000298023224 0.16718749701976776
0 0.23828125 0.5781250596046448 0.17343750596046448 0.1953125
0 0.710156261920929 0.11875000596046448 0.16718749701976776 0.17499999701976776
0 0.29218751192092896 0.07500000298023224 0.15937499701976776 0.109375
0 0.4156250059604645 0.20104168355464935 0.203125 0.18281249701976776
1 0.58203125 0.5114583373069763 0.3140625059604645 0.33906251192092896
2 0.3125 0.6447917222976685 0.05937499925494194 0.0703125
0 0.3257812559604645 0.8645833730697632 0.1640625 0.14374999701976776
0 0.8968750238418579 0.5541666746139526 0.18125000596046448 0.16562500596046448
0 0.917187511920929 0.7875000238418579 0.16562500596046448 0.171875
0 0.796875 0.7187500596046448 0.16562500596046448 0.171875
0 0.660937488079071 0.8125000596046448 0.19062499701976776 0.16875000298023224
0 0.26250001788139343 0.3343750238418579 0.16875000298023224 0.16718749701976776
0 0.23828125 0.5781250596046448 0.17343750596046448 0.1953125
0 0.710156261920929 0.11875000596046448 0.16718749701976776 0.17499999701976776
0 0.29218751192092896 0.07500000298023224 0.15937499701976776 0.109375
0 0.4156250059604645 0.20104168355464935 0.203125 0.18281249701976776
1 0.58203125 0.5114583373069763 0.3140625059604645 0.33906251192092896
2 0.3125 0.6447917222976685 0.05937499925494194 0.0703125
0 0.3257812559604645 0.8645833730697632 0.1640625 0.14374999701976776
0 0.8968750238418579 0.5541666746139526 0.18125000596046448 0.16562500596046448
0 0.917187511920929 0.7875000238418579 0.16562500596046448 0.171875
0 0.796875 0.7187500596046448 0.16562500596046448 0.171875
0 0.660937488079071 0.8125000596046448 0.19062499701976776 0.16875000298023224
0 0.26250001788139343 0.3343750238418579 0.16875000298023224 0.16718749701976776
0 0.23828125 0.5781250596046448 0.17343750596046448 0.1953125
0 0.710156261920929 0.11875000596046448 0.16718749701976776 0.17499999701976776
0 0.29218751192092896 0.07500000298023224 0.15937499701976776 0.109375
0 0.4156250059604645 0.20104168355464935 0.203125 0.18281249701976776
1 0.58203125 0.5114583373069763 0.3140625059604645 0.33906251192092896
2 0.3125 0.6447917222976685 0.05937499925494194 0.0703125
