1 0.20546875306172296 0.38645835348870605 0.1890625028172508 0.18593750277068466
1 0.7343750109430403 0.14479167421814054 0.06250000093132257 0.05781250086147338
1 0.896875013364479 0.7885417077923194 0.06250000093132257 0.05781250086147338
1 0.8296875123633072 0.9239583815215155 0.06250000093132257 0.05781250086147338
1 0.03125000046566129 0.4635416908422485 0.059375000884756446 0.05781250086147338
0 0.7609375113388523 0.31770834990311414 0.1843750027474016 0.15468750230502337
0 0.5687500084750354 0.6322916996432468 0.1843750027474016 0.15468750230502337
0 0.5125000076368451 0.8697917120298371 0.1843750027474016 0.15468750230502337
0 0.09296875138534233 0.6114583652233705 0.18281250272411853 0.15468750230502337
0 0.09296875138534233 0.7427083720685914 0.18281250272411853 0.15468750230502337
0 0.19296875287545845 0.9416667157784104 0.14531250216532499 0.0875000013038516
0 0.38515625573927537 0.24895834631752223 0.17343750258442014 0.2015625030035153
0 0.4468750066589564 0.4572916905162856 0.14687500218860805 0.14531250216532499
0 0.6585937598138116 0.790625041234307 0.13906250207219273 0.16406250244472176
0 0.532812507939525 0.42395835544448346 0.14687500218860805 0.14531250216532499
1 0.20546875306172296 0.38645835348870605 0.1890625028172508 0.18593750277068466
1 0.7343750109430403 0.14479167421814054 0.06250000093132257 0.05781250086147338
1 0.896875013364479 0.7885417077923194 0.06250000093132257 0.05781250086147338
1 0.8296875123633072 0.9239583815215155 0.06250000093132257 0.05781250086147338
1 0.03125000046566129 0.4635416908422485 0.059375000884756446 0.05781250086147338
0 0.7609375113388523 0.31770834990311414 0.1843750027474016 0.15468750230502337
0 0.5687500084750354 0.6322916996432468 0.1843750027474016 0.15468750230502337
0 0.5125000076368451 0.8697917120298371 0.1843750027474016 0.15468750230502337
0 0.09296875138534233 0.6114583652233705 0.18281250272411853 0.15468750230502337
0 0.09296875138534233 0.7427083720685914 0.18281250272411853 0.15468750230502337
0 0.19296875287545845 0.9416667157784104 0.14531250216532499 0.0875000013038516
0 0.38515625573927537 0.24895834631752223 0.17343750258442014 0.2015625030035153
0 0.4468750066589564 0.4572916905162856 0.14687500218860805 0.14531250216532499
0 0.6585937598138116 0.790625041234307 0.13906250207219273 0.16406250244472176
0 0.532812507939525 0.42395835544448346 0.14687500218860805 0.14531250216532499
1 0.20546875306172296 0.38645835348870605 0.1890625028172508 0.18593750277068466
1 0.7343750109430403 0.14479167421814054 0.06250000093132257 0.05781250086147338
1 0.896875013364479 0.7885417077923194 0.06250000093132257 0.05781250086147338
1 0.8296875123633072 0.9239583815215155 0.06250000093132257 0.05781250086147338
1 0.03125000046566129 0.4635416908422485 0.059375000884756446 0.05781250086147338
0 0.7609375113388523 0.31770834990311414 0.1843750027474016 0.15468750230502337
0 0.5687500084750354 0.6322916996432468 0.1843750027474016 0.15468750230502337
0 0.5125000076368451 0.8697917120298371 0.1843750027474016 0.15468750230502337
0 0.09296875138534233 0.6114583652233705 0.18281250272411853 0.15468750230502337
0 0.09296875138534233 0.7427083720685914 0.18281250272411853 0.15468750230502337
0 0.19296875287545845 0.9416667157784104 0.14531250216532499 0.0875000013038516
0 0.38515625573927537 0.24895834631752223 0.17343750258442014 0.2015625030035153
0 0.4468750066589564 0.4572916905162856 0.14687500218860805 0.14531250216532499
0 0.6585937598138116 0.790625041234307 0.13906250207219273 0.16406250244472176
0 0.532812507939525 0.42395835544448346 0.14687500218860805 0.14531250216532499
1 0.20546875306172296 0.38645835348870605 0.1890625028172508 0.18593750277068466
1 0.7343750109430403 0.14479167421814054 0.06250000093132257 0.05781250086147338
1 0.896875013364479 0.7885417077923194 0.06250000093132257 0.05781250086147338
1 0.8296875123633072 0.9239583815215155 0.06250000093132257 0.05781250086147338
1 0.03125000046566129 0.4635416908422485 0.059375000884756446 0.05781250086147338
0 0.7609375113388523 0.31770834990311414 0.1843750027474016 0.15468750230502337
0 0.5687500084750354 0.6322916996432468 0.1843750027474016 0.15468750230502337
0 0.5125000076368451 0.8697917120298371 0.1843750027474016 0.15468750230502337
0 0.09296875138534233 0.6114583652233705 0.18281250272411853 0.15468750230502337
0 0.09296875138534233 0.7427083720685914 0.18281250272411853 0.15468750230502337
0 0.19296875287545845 0.9416667157784104 0.14531250216532499 0.0875000013038516
0 0.38515625573927537 0.24895834631752223 0.17343750258442014 0.2015625030035153
0 0.4468750066589564 0.4572916905162856 0.14687500218860805 0.14531250216532499
0 0.6585937598138116 0.790625041234307 0.13906250207219273 0.16406250244472176
0 0.532812507939525 0.42395835544448346 0.14687500218860805 0.14531250216532499
1 0.20546875306172296 0.38645835348870605 0.1890625028172508 0.18593750277068466
1 0.7343750109430403 0.14479167421814054 0.06250000093132257 0.05781250086147338
1 0.896875013364479 0.7885417077923194 0.06250000093132257 0.05781250086147338
1 0.8296875123633072 0.9239583815215155 0.06250000093132257 0.05781250086147338
1 0.03125000046566129 0.4635416908422485 0.059375000884756446 0.05781250086147338
0 0.7609375113388523 0.31770834990311414 0.1843750027474016 0.15468750230502337
0 0.5687500084750354 0.6322916996432468 0.1843750027474016 0.15468750230502337
0 0.5125000076368451 0.8697917120298371 0.1843750027474016 0.15468750230502337
0 0.09296875138534233 0.6114583652233705 0.18281250272411853 0.15468750230502337
0 0.09296875138534233 0.7427083720685914 0.18281250272411853 0.15468750230502337
0 0.19296875287545845 0.9416667157784104 0.14531250216532499 0.0875000013038516
0 0.38515625573927537 0.24895834631752223 0.17343750258442014 0.2015625030035153
0 0.4468750066589564 0.4572916905162856 0.14687500218860805 0.14531250216532499
0 0.6585937598138116 0.790625041234307 0.13906250207219273 0.16406250244472176
0 0.532812507939525 0.42395835544448346 0.14687500218860805 0.14531250216532499
1 0.20546875306172296 0.38645835348870605 0.1890625028172508 0.18593750277068466
1 0.7343750109430403 0.14479167421814054 0.06250000093132257 0.05781250086147338
1 0.896875013364479 0.7885417077923194 0.06250000093132257 0.05781250086147338
1 0.8296875123633072 0.9239583815215155 0.06250000093132257 0.05781250086147338
1 0.03125000046566129 0.4635416908422485 0.059375000884756446 0.05781250086147338
0 0.7609375113388523 0.31770834990311414 0.1843750027474016 0.15468750230502337
0 0.5687500084750354 0.6322916996432468 0.1843750027474016 0.15468750230502337
0 0.5125000076368451 0.8697917120298371 0.1843750027474016 0.15468750230502337
0 0.09296875138534233 0.6114583652233705 0.18281250272411853 0.15468750230502337
0 0.09296875138534233 0.7427083720685914 0.18281250272411853 0.15468750230502337
0 0.19296875287545845 0.9416667157784104 0.14531250216532499 0.0875000013038516
0 0.38515625573927537 0.24895834631752223 0.17343750258442014 0.2015625030035153
0 0.4468750066589564 0.4572916905162856 0.14687500218860805 0.14531250216532499
0 0.6585937598138116 0.790625041234307 0.13906250207219273 0.16406250244472176
0 0.532812507939525 0.42395835544448346 0.14687500218860805 0.14531250216532499
1 0.20546875306172296 0.38645835348870605 0.1890625028172508 0.18593750277068466
1 0.7343750109430403 0.14479167421814054 0.06250000093132257 0.05781250086147338
1 0.896875013364479 0.7885417077923194 0.06250000093132257 0.05781250086147338
1 0.8296875123633072 0.9239583815215155 0.06250000093132257 0.05781250086147338
1 0.03125000046566129 0.4635416908422485 0.059375000884756446 0.05781250086147338
0 0.7609375113388523 0.31770834990311414 0.1843750027474016 0.15468750230502337
0 0.5687500084750354 0.6322916996432468 0.1843750027474016 0.15468750230502337
0 0.5125000076368451 0.8697917120298371 0.1843750027474016 0.15468750230502337
0 0.09296875138534233 0.6114583652233705 0.18281250272411853 0.15468750230502337
0 0.09296875138534233 0.7427083720685914 0.18281250272411853 0.15468750230502337
0 0.19296875287545845 0.9416667157784104 0.14531250216532499 0.0875000013038516
0 0.38515625573927537 0.24895834631752223 0.17343750258442014 0.2015625030035153
0 0.4468750066589564 0.4572916905162856 0.14687500218860805 0.14531250216532499
0 0.6585937598138116 0.790625041234307 0.13906250207219273 0.16406250244472176
0 0.532812507939525 0.42395835544448346 0.14687500218860805 0.14531250216532499
1 0.20546875306172296 0.38645835348870605 0.1890625028172508 0.18593750277068466
1 0.7343750109430403 0.14479167421814054 0.06250000093132257 0.05781250086147338
1 0.896875013364479 0.7885417077923194 0.06250000093132257 0.05781250086147338
1 0.8296875123633072 0.9239583815215155 0.06250000093132257 0.05781250086147338
1 0.03125000046566129 0.4635416908422485 0.059375000884756446 0.05781250086147338
0 0.7609375113388523 0.31770834990311414 0.1843750027474016 0.15468750230502337
0 0.5687500084750354 0.6322916996432468 0.1843750027474016 0.15468750230502337
0 0.5125000076368451 0.8697917120298371 0.1843750027474016 0.15468750230502337
0 0.09296875138534233 0.6114583652233705 0.18281250272411853 0.15468750230502337
0 0.09296875138534233 0.7427083720685914 0.18281250272411853 0.15468750230502337
0 0.19296875287545845 0.9416667157784104 0.14531250216532499 0.0875000013038516
0 0.38515625573927537 0.24895834631752223 0.17343750258442014 0.2015625030035153
0 0.4468750066589564 0.4572916905162856 0.14687500218860805 0.14531250216532499
0 0.6585937598138116 0.790625041234307 0.13906250207219273 0.16406250244472176
0 0.532812507939525 0.42395835544448346 0.14687500218860805 0.14531250216532499
1 0.20546875306172296 0.38645835348870605 0.1890625028172508 0.18593750277068466
1 0.7343750109430403 0.14479167421814054 0.06250000093132257 0.05781250086147338
1 0.896875013364479 0.7885417077923194 0.06250000093132257 0.05781250086147338
1 0.8296875123633072 0.9239583815215155 0.06250000093132257 0.05781250086147338
1 0.03125000046566129 0.4635416908422485 0.059375000884756446 0.05781250086147338
0 0.7609375113388523 0.31770834990311414 0.1843750027474016 0.15468750230502337
0 0.5687500084750354 0.6322916996432468 0.1843750027474016 0.15468750230502337
0 0.5125000076368451 0.8697917120298371 0.1843750027474016 0.15468750230502337
0 0.09296875138534233 0.6114583652233705 0.18281250272411853 0.15468750230502337
0 0.09296875138534233 0.7427083720685914 0.18281250272411853 0.15468750230502337
0 0.19296875287545845 0.9416667157784104 0.14531250216532499 0.0875000013038516
0 0.38515625573927537 0.24895834631752223 0.17343750258442014 0.2015625030035153
0 0.4468750066589564 0.4572916905162856 0.14687500218860805 0.14531250216532499
0 0.6585937598138116 0.790625041234307 0.13906250207219273 0.16406250244472176
0 0.532812507939525 0.42395835544448346 0.14687500218860805 0.14531250216532499
1 0.20546875306172296 0.38645835348870605 0.1890625028172508 0.18593750277068466
1 0.7343750109430403 0.14479167421814054 0.06250000093132257 0.05781250086147338
1 0.896875013364479 0.7885417077923194 0.06250000093132257 0.05781250086147338
1 0.8296875123633072 0.9239583815215155 0.06250000093132257 0.05781250086147338
1 0.03125000046566129 0.4635416908422485 0.059375000884756446 0.05781250086147338
0 0.7609375113388523 0.31770834990311414 0.1843750027474016 0.15468750230502337
0 0.5687500084750354 0.6322916996432468 0.1843750027474016 0.15468750230502337
0 0.5125000076368451 0.8697917120298371 0.1843750027474016 0.15468750230502337
0 0.09296875138534233 0.6114583652233705 0.18281250272411853 0.15468750230502337
0 0.09296875138534233 0.7427083720685914 0.18281250272411853 0.15468750230502337
0 0.19296875287545845 0.9416667157784104 0.14531250216532499 0.0875000013038516
0 0.38515625573927537 0.24895834631752223 0.17343750258442014 0.2015625030035153
0 0.4468750066589564 0.4572916905162856 0.14687500218860805 0.14531250216532499
0 0.6585937598138116 0.790625041234307 0.13906250207219273 0.16406250244472176
0 0.532812507939525 0.42395835544448346 0.14687500218860805 0.14531250216532499
1 0.20546875306172296 0.38645835348870605 0.1890625028172508 0.18593750277068466
1 0.7343750109430403 0.14479167421814054 0.06250000093132257 0.05781250086147338
1 0.896875013364479 0.7885417077923194 0.06250000093132257 0.05781250086147338
1 0.8296875123633072 0.9239583815215155 0.06250000093132257 0.05781250086147338
1 0.03125000046566129 0.4635416908422485 0.059375000884756446 0.05781250086147338
0 0.7609375113388523 0.31770834990311414 0.1843750027474016 0.15468750230502337
0 0.5687500084750354 0.6322916996432468 0.1843750027474016 0.15468750230502337
0 0.5125000076368451 0.8697917120298371 0.1843750027474016 0.15468750230502337
0 0.09296875138534233 0.6114583652233705 0.18281250272411853 0.15468750230502337
0 0.09296875138534233 0.7427083720685914 0.18281250272411853 0.15468750230502337
0 0.19296875287545845 0.9416667157784104 0.14531250216532499 0.0875000013038516
0 0.38515625573927537 0.24895834631752223 0.17343750258442014 0.2015625030035153
0 0.4468750066589564 0.4572916905162856 0.14687500218860805 0.14531250216532499
0 0.6585937598138116 0.790625041234307 0.13906250207219273 0.16406250244472176
0 0.532812507939525 0.42395835544448346 0.14687500218860805 0.14531250216532499
1 0.20546875306172296 0.38645835348870605 0.1890625028172508 0.18593750277068466
1 0.7343750109430403 0.14479167421814054 0.06250000093132257 0.05781250086147338
1 0.896875013364479 0.7885417077923194 0.06250000093132257 0.05781250086147338
1 0.8296875123633072 0.9239583815215155 0.06250000093132257 0.05781250086147338
1 0.03125000046566129 0.4635416908422485 0.059375000884756446 0.05781250086147338
0 0.7609375113388523 0.31770834990311414 0.1843750027474016 0.15468750230502337
0 0.5687500084750354 0.6322916996432468 0.1843750027474016 0.15468750230502337
0 0.5125000076368451 0.8697917120298371 0.1843750027474016 0.15468750230502337
0 0.09296875138534233 0.6114583652233705 0.18281250272411853 0.15468750230502337
0 0.09296875138534233 0.7427083720685914 0.18281250272411853 0.15468750230502337
0 0.19296875287545845 0.9416667157784104 0.14531250216532499 0.0875000013038516
0 0.38515625573927537 0.24895834631752223 0.17343750258442014 0.2015625030035153
0 0.4468750066589564 0.4572916905162856 0.14687500218860805 0.14531250216532499
0 0.6585937598138116 0.790625041234307 0.13906250207219273 0.16406250244472176
0 0.532812507939525 0.42395835544448346 0.14687500218860805 0.14531250216532499
1 0.20546875306172296 0.38645835348870605 0.1890625028172508 0.18593750277068466
1 0.7343750109430403 0.14479167421814054 0.06250000093132257 0.05781250086147338
1 0.896875013364479 0.7885417077923194 0.06250000093132257 0.05781250086147338
1 0.8296875123633072 0.9239583815215155 0.06250000093132257 0.05781250086147338
1 0.03125000046566129 0.4635416908422485 0.059375000884756446 0.05781250086147338
0 0.7609375113388523 0.31770834990311414 0.1843750027474016 0.15468750230502337
0 0.5687500084750354 0.6322916996432468 0.1843750027474016 0.15468750230502337
0 0.5125000076368451 0.8697917120298371 0.1843750027474016 0.15468750230502337
0 0.09296875138534233 0.6114583652233705 0.18281250272411853 0.15468750230502337
0 0.09296875138534233 0.7427083720685914 0.18281250272411853 0.15468750230502337
0 0.19296875287545845 0.9416667157784104 0.14531250216532499 0.0875000013038516
0 0.38515625573927537 0.24895834631752223 0.17343750258442014 0.2015625030035153
0 0.4468750066589564 0.4572916905162856 0.14687500218860805 0.14531250216532499
0 0.6585937598138116 0.790625041234307 0.13906250207219273 0.16406250244472176
0 0.532812507939525 0.42395835544448346 0.14687500218860805 0.14531250216532499
1 0.20546875306172296 0.38645835348870605 0.1890625028172508 0.18593750277068466
2 0.7343750109430403 0.14479167421814054 0.06250000093132257 0.05781250086147338
2 0.896875013364479 0.7885417077923194 0.06250000093132257 0.05781250086147338
2 0.8296875123633072 0.9239583815215155 0.06250000093132257 0.05781250086147338
2 0.03125000046566129 0.4635416908422485 0.059375000884756446 0.05781250086147338
0 0.7609375113388523 0.31770834990311414 0.1843750027474016 0.15468750230502337
0 0.5687500084750354 0.6322916996432468 0.1843750027474016 0.15468750230502337
0 0.5125000076368451 0.8697917120298371 0.1843750027474016 0.15468750230502337
0 0.09296875138534233 0.6114583652233705 0.18281250272411853 0.15468750230502337
0 0.09296875138534233 0.7427083720685914 0.18281250272411853 0.15468750230502337
0 0.19296875287545845 0.9416667157784104 0.14531250216532499 0.0875000013038516
0 0.38515625573927537 0.24895834631752223 0.17343750258442014 0.2015625030035153
0 0.4468750066589564 0.4572916905162856 0.14687500218860805 0.14531250216532499
0 0.6585937598138116 0.790625041234307 0.13906250207219273 0.16406250244472176
0 0.532812507939525 0.42395835544448346 0.14687500218860805 0.14531250216532499
1 0.20546875306172296 0.38645835348870605 0.1890625028172508 0.18593750277068466
2 0.7343750109430403 0.14479167421814054 0.06250000093132257 0.05781250086147338
2 0.896875013364479 0.7885417077923194 0.06250000093132257 0.05781250086147338
2 0.8296875123633072 0.9239583815215155 0.06250000093132257 0.05781250086147338
2 0.03125000046566129 0.4635416908422485 0.059375000884756446 0.05781250086147338
0 0.7609375113388523 0.31770834990311414 0.1843750027474016 0.15468750230502337
0 0.5687500084750354 0.6322916996432468 0.1843750027474016 0.15468750230502337
0 0.5125000076368451 0.8697917120298371 0.1843750027474016 0.15468750230502337
0 0.09296875138534233 0.6114583652233705 0.18281250272411853 0.15468750230502337
0 0.09296875138534233 0.7427083720685914 0.18281250272411853 0.15468750230502337
0 0.19296875287545845 0.9416667157784104 0.14531250216532499 0.0875000013038516
0 0.38515625573927537 0.24895834631752223 0.17343750258442014 0.2015625030035153
0 0.4468750066589564 0.4572916905162856 0.14687500218860805 0.14531250216532499
0 0.6585937598138116 0.790625041234307 0.13906250207219273 0.16406250244472176
0 0.532812507939525 0.42395835544448346 0.14687500218860805 0.14531250216532499
1 0.20546875894069672 0.3864583671092987 0.18906250596046448 0.18593750894069672
2 0.734375 0.14479167759418488 0.0625 0.05781250074505806
2 0.8968750238418579 0.7885417342185974 0.0625 0.05781250074505806
2 0.8296875357627869 0.9239583611488342 0.0625 0.05781250074505806
2 0.03125 0.4635416865348816 0.05937499925494194 0.05781250074505806
0 0.760937511920929 0.3177083432674408 0.18437500298023224 0.15468750894069672
0 0.5687500238418579 0.6322916746139526 0.18437500298023224 0.15468750894069672
0 0.512499988079071 0.8697916865348816 0.18437500298023224 0.15468750894069672
0 0.09296875447034836 0.6114583611488342 0.18281249701976776 0.15468750894069672
0 0.09296875447034836 0.7427083849906921 0.18281249701976776 0.15468750894069672
0 0.19296875596046448 0.9416667222976685 0.14531250298023224 0.08749999850988388
0 0.3851562440395355 0.24895834922790527 0.17343750596046448 0.20156250894069672
0 0.4468750059604645 0.45729169249534607 0.14687500894069672 0.14531250298023224
0 0.6585937738418579 0.7906250357627869 0.13906250894069672 0.1640625
0 0.5328125357627869 0.42395836114883423 0.14687500894069672 0.14531250298023224
1 0.20546875894069672 0.3864583671092987 0.18906250596046448 0.18593750894069672
2 0.734375 0.14479167759418488 0.0625 0.05781250074505806
2 0.8968750238418579 0.7885417342185974 0.0625 0.05781250074505806
2 0.8296875357627869 0.9239583611488342 0.0625 0.05781250074505806
2 0.03125 0.4635416865348816 0.05937499925494194 0.05781250074505806
0 0.760937511920929 0.3177083432674408 0.18437500298023224 0.15468750894069672
0 0.5687500238418579 0.6322916746139526 0.18437500298023224 0.15468750894069672
0 0.512499988079071 0.8697916865348816 0.18437500298023224 0.15468750894069672
0 0.09296875447034836 0.6114583611488342 0.18281249701976776 0.15468750894069672
0 0.09296875447034836 0.7427083849906921 0.18281249701976776 0.15468750894069672
0 0.19296875596046448 0.9416667222976685 0.14531250298023224 0.08749999850988388
0 0.3851562440395355 0.24895834922790527 0.17343750596046448 0.20156250894069672
0 0.4468750059604645 0.45729169249534607 0.14687500894069672 0.14531250298023224
0 0.6585937738418579 0.7906250357627869 0.13906250894069672 0.1640625
0 0.5328125357627869 0.42395836114883423 0.14687500894069672 0.14531250298023224
1 0.20546875894069672 0.3864583671092987 0.18906250596046448 0.18593750894069672
2 0.734375 0.14479167759418488 0.0625 0.05781250074505806
2 0.8968750238418579 0.7885417342185974 0.0625 0.05781250074505806
2 0.8296875357627869 0.9239583611488342 0.0625 0.05781250074505806
2 0.03125 0.4635416865348816 0.05937499925494194 0.05781250074505806
0 0.760937511920929 0.3177083432674408 0.18437500298023224 0.15468750894069672
0 0.5687500238418579 0.6322916746139526 0.18437500298023224 0.15468750894069672
0 0.512499988079071 0.8697916865348816 0.18437500298023224 0.15468750894069672
0 0.09296875447034836 0.6114583611488342 0.18281249701976776 0.15468750894069672
0 0.09296875447034836 0.7427083849906921 0.18281249701976776 0.15468750894069672
0 0.19296875596046448 0.9416667222976685 0.14531250298023224 0.08749999850988388
0 0.3851562440395355 0.24895834922790527 0.17343750596046448 0.20156250894069672
0 0.4468750059604645 0.45729169249534607 0.14687500894069672 0.14531250298023224
0 0.6585937738418579 0.7906250357627869 0.13906250894069672 0.1640625
0 0.5328125357627869 0.42395836114883423 0.14687500894069672 0.14531250298023224
1 0.20546875894069672 0.3864583671092987 0.18906250596046448 0.18593750894069672
2 0.734375 0.14479167759418488 0.0625 0.05781250074505806
2 0.8968750238418579 0.7885417342185974 0.0625 0.05781250074505806
2 0.8296875357627869 0.9239583611488342 0.0625 0.05781250074505806
2 0.03125 0.4635416865348816 0.05937499925494194 0.05781250074505806
0 0.760937511920929 0.3177083432674408 0.18437500298023224 0.15468750894069672
0 0.5687500238418579 0.6322916746139526 0.18437500298023224 0.15468750894069672
0 0.512499988079071 0.8697916865348816 0.18437500298023224 0.15468750894069672
0 0.09296875447034836 0.6114583611488342 0.18281249701976776 0.15468750894069672
0 0.09296875447034836 0.7427083849906921 0.18281249701976776 0.15468750894069672
0 0.19296875596046448 0.9416667222976685 0.14531250298023224 0.08749999850988388
0 0.3851562440395355 0.24895834922790527 0.17343750596046448 0.20156250894069672
0 0.4468750059604645 0.45729169249534607 0.14687500894069672 0.14531250298023224
0 0.6585937738418579 0.7906250357627869 0.13906250894069672 0.1640625
0 0.5328125357627869 0.42395836114883423 0.14687500894069672 0.14531250298023224
1 0.20546875894069672 0.3864583671092987 0.18906250596046448 0.18593750894069672
2 0.734375 0.14479167759418488 0.0625 0.05781250074505806
2 0.8968750238418579 0.7885417342185974 0.0625 0.05781250074505806
2 0.8296875357627869 0.9239583611488342 0.0625 0.05781250074505806
2 0.03125 0.4635416865348816 0.05937499925494194 0.05781250074505806
0 0.760937511920929 0.3177083432674408 0.18437500298023224 0.15468750894069672
0 0.5687500238418579 0.6322916746139526 0.18437500298023224 0.15468750894069672
0 0.512499988079071 0.8697916865348816 0.18437500298023224 0.15468750894069672
0 0.09296875447034836 0.6114583611488342 0.18281249701976776 0.15468750894069672
0 0.09296875447034836 0.7427083849906921 0.18281249701976776 0.15468750894069672
0 0.19296875596046448 0.9416667222976685 0.14531250298023224 0.08749999850988388
0 0.3851562440395355 0.24895834922790527 0.17343750596046448 0.20156250894069672
0 0.4468750059604645 0.45729169249534607 0.14687500894069672 0.14531250298023224
0 0.6585937738418579 0.7906250357627869 0.13906250894069672 0.1640625
0 0.5328125357627869 0.42395836114883423 0.14687500894069672 0.14531250298023224
1 0.20546875894069672 0.3864583671092987 0.18906250596046448 0.18593750894069672
2 0.734375 0.14479167759418488 0.0625 0.05781250074505806
2 0.8968750238418579 0.7885417342185974 0.0625 0.05781250074505806
2 0.8296875357627869 0.9239583611488342 0.0625 0.05781250074505806
2 0.03125 0.4635416865348816 0.05937499925494194 0.05781250074505806
0 0.760937511920929 0.3177083432674408 0.18437500298023224 0.15468750894069672
0 0.5687500238418579 0.6322916746139526 0.18437500298023224 0.15468750894069672
0 0.512499988079071 0.8697916865348816 0.18437500298023224 0.15468750894069672
0 0.09296875447034836 0.6114583611488342 0.18281249701976776 0.15468750894069672
0 0.09296875447034836 0.7427083849906921 0.18281249701976776 0.15468750894069672
0 0.19296875596046448 0.9416667222976685 0.14531250298023224 0.08749999850988388
0 0.3851562440395355 0.24895834922790527 0.17343750596046448 0.20156250894069672
0 0.4468750059604645 0.45729169249534607 0.14687500894069672 0.14531250298023224
0 0.6585937738418579 0.7906250357627869 0.13906250894069672 0.1640625
0 0.5328125357627869 0.42395836114883423 0.14687500894069672 0.14531250298023224
1 0.20546875894069672 0.3864583671092987 0.18906250596046448 0.18593750894069672
2 0.734375 0.14479167759418488 0.0625 0.05781250074505806
2 0.8968750238418579 0.7885417342185974 0.0625 0.05781250074505806
2 0.8296875357627869 0.9239583611488342 0.0625 0.05781250074505806
2 0.03125 0.4635416865348816 0.05937499925494194 0.05781250074505806
0 0.760937511920929 0.3177083432674408 0.18437500298023224 0.15468750894069672
0 0.5687500238418579 0.6322916746139526 0.18437500298023224 0.15468750894069672
0 0.512499988079071 0.8697916865348816 0.18437500298023224 0.15468750894069672
0 0.09296875447034836 0.6114583611488342 0.18281249701976776 0.15468750894069672
0 0.09296875447034836 0.7427083849906921 0.18281249701976776 0.15468750894069672
0 0.19296875596046448 0.9416667222976685 0.14531250298023224 0.08749999850988388
0 0.3851562440395355 0.24895834922790527 0.17343750596046448 0.20156250894069672
0 0.4468750059604645 0.45729169249534607 0.14687500894069672 0.14531250298023224
0 0.6585937738418579 0.7906250357627869 0.13906250894069672 0.1640625
0 0.5328125357627869 0.42395836114883423 0.14687500894069672 0.14531250298023224
