0 0.055468750826548785 0.68229170225095 0.10781250160653144 0.16093750239815563
0 0.38437500572763383 0.8468750441679731 0.20000000298023224 0.16093750239815563
0 0.23437500349245965 0.5718750298256055 0.1531250022817403 0.16406250244472176
0 0.886718763213139 0.4895833588670939 0.16406250244472176 0.18125000270083547
0 0.6335937594412826 0.9187500479165465 0.14843750221189111 0.12187500181607902
0 0.19531250291038305 0.915625047753565 0.16875000251457095 0.1265625018859282
0 0.07265625108266249 0.10833333898335695 0.14218750211875886 0.15937500237487257
0 0.7140625106403604 0.5052083596820012 0.1625000024214387 0.16093750239815563
0 0.3953125058906153 0.6166666988283396 0.20000000298023224 0.16875000251457095
0 0.5617187583702616 0.7614583730464801 0.18281250272411853 0.16093750239815563
0 0.21484375320142135 0.4156250216765329 0.12343750183936208 0.1140625016996637
1 0.5023437574855052 0.33645835088100284 0.36093750537838787 0.3453125051455572
0 0.055468750826548785 0.68229170225095 0.10781250160653144 0.16093750239815563
0 0.38437500572763383 0.8468750441679731 0.20000000298023224 0.16093750239815563
0 0.23437500349245965 0.5718750298256055 0.1531250022817403 0.16406250244472176
0 0.886718763213139 0.4895833588670939 0.16406250244472176 0.18125000270083547
0 0.6335937594412826 0.9187500479165465 0.14843750221189111 0.12187500181607902
0 0.19531250291038305 0.915625047753565 0.16875000251457095 0.1265625018859282
0 0.07265625108266249 0.10833333898335695 0.14218750211875886 0.15937500237487257
0 0.7140625106403604 0.5052083596820012 0.1625000024214387 0.16093750239815563
0 0.3953125058906153 0.6166666988283396 0.20000000298023224 0.16875000251457095
0 0.5617187583702616 0.7614583730464801 0.18281250272411853 0.16093750239815563
0 0.21484375320142135 0.4156250216765329 0.12343750183936208 0.1140625016996637
1 0.5023437574855052 0.33645835088100284 0.36093750537838787 0.3453125051455572
0 0.055468750826548785 0.68229170225095 0.10781250160653144 0.16093750239815563
0 0.38437500572763383 0.8468750441679731 0.20000000298023224 0.16093750239815563
0 0.23437500349245965 0.5718750298256055 0.1531250022817403 0.16406250244472176
0 0.886718763213139 0.4895833588670939 0.16406250244472176 0.18125000270083547
0 0.6335937594412826 0.9187500479165465 0.14843750221189111 0.12187500181607902
0 0.19531250291038305 0.915625047753565 0.16875000251457095 0.1265625018859282
0 0.07265625108266249 0.10833333898335695 0.14218750211875886 0.15937500237487257
0 0.7140625106403604 0.5052083596820012 0.1625000024214387 0.16093750239815563
0 0.3953125058906153 0.6166666988283396 0.20000000298023224 0.16875000251457095
0 0.5617187583702616 0.7614583730464801 0.18281250272411853 0.16093750239815563
0 0.21484375320142135 0.4156250216765329 0.12343750183936208 0.1140625016996637
1 0.5023437574855052 0.33645835088100284 0.36093750537838787 0.3453125051455572
0 0.055468750826548785 0.68229170225095 0.10781250160653144 0.16093750239815563
0 0.38437500572763383 0.8468750441679731 0.20000000298023224 0.16093750239815563
0 0.23437500349245965 0.5718750298256055 0.1531250022817403 0.16406250244472176
0 0.886718763213139 0.4895833588670939 0.16406250244472176 0.18125000270083547
0 0.6335937594412826 0.9187500479165465 0.14843750221189111 0.12187500181607902
0 0.19531250291038305 0.915625047753565 0.16875000251457095 0.1265625018859282
0 0.07265625108266249 0.10833333898335695 0.14218750211875886 0.15937500237487257
0 0.7140625106403604 0.5052083596820012 0.1625000024214387 0.16093750239815563
0 0.3953125058906153 0.6166666988283396 0.20000000298023224 0.16875000251457095
0 0.5617187583702616 0.7614583730464801 0.18281250272411853 0.16093750239815563
0 0.21484375320142135 0.4156250216765329 0.12343750183936208 0.1140625016996637
1 0.5023437574855052 0.33645835088100284 0.36093750537838787 0.3453125051455572
0 0.055468750826548785 0.68229170225095 0.10781250160653144 0.16093750239815563
0 0.38437500572763383 0.8468750441679731 0.20000000298023224 0.16093750239815563
0 0.23437500349245965 0.5718750298256055 0.1531250022817403 0.16406250244472176
0 0.886718763213139 0.4895833588670939 0.16406250244472176 0.18125000270083547
0 0.6335937594412826 0.9187500479165465 0.14843750221189111 0.12187500181607902
0 0.19531250291038305 0.915625047753565 0.16875000251457095 0.1265625018859282
0 0.07265625108266249 0.10833333898335695 0.14218750211875886 0.15937500237487257
0 0.7140625106403604 0.5052083596820012 0.1625000024214387 0.16093750239815563
0 0.3953125058906153 0.6166666988283396 0.20000000298023224 0.16875000251457095
0 0.5617187583702616 0.7614583730464801 0.18281250272411853 0.16093750239815563
0 0.21484375320142135 0.4156250216765329 0.12343750183936208 0.1140625016996637
1 0.5023437574855052 0.33645835088100284 0.36093750537838787 0.3453125051455572
0 0.055468750826548785 0.68229170225095 0.10781250160653144 0.16093750239815563
0 0.38437500572763383 0.8468750441679731 0.20000000298023224 0.16093750239815563
0 0.23437500349245965 0.5718750298256055 0.1531250022817403 0.16406250244472176
0 0.886718763213139 0.4895833588670939 0.16406250244472176 0.18125000270083547
0 0.6335937594412826 0.9187500479165465 0.14843750221189111 0.12187500181607902
0 0.19531250291038305 0.915625047753565 0.16875000251457095 0.1265625018859282
0 0.07265625108266249 0.10833333898335695 0.14218750211875886 0.15937500237487257
0 0.7140625106403604 0.5052083596820012 0.1625000024214387 0.16093750239815563
0 0.3953125058906153 0.6166666988283396 0.20000000298023224 0.16875000251457095
0 0.5617187583702616 0.7614583730464801 0.18281250272411853 0.16093750239815563
0 0.21484375320142135 0.4156250216765329 0.12343750183936208 0.1140625016996637
1 0.5023437574855052 0.33645835088100284 0.36093750537838787 0.3453125051455572
0 0.055468750826548785 0.68229170225095 0.10781250160653144 0.16093750239815563
0 0.38437500572763383 0.8468750441679731 0.20000000298023224 0.16093750239815563
0 0.23437500349245965 0.5718750298256055 0.1531250022817403 0.16406250244472176
0 0.886718763213139 0.4895833588670939 0.16406250244472176 0.18125000270083547
0 0.6335937594412826 0.9187500479165465 0.14843750221189111 0.12187500181607902
0 0.19531250291038305 0.915625047753565 0.16875000251457095 0.1265625018859282
0 0.07265625108266249 0.10833333898335695 0.14218750211875886 0.15937500237487257
0 0.7140625106403604 0.5052083596820012 0.1625000024214387 0.16093750239815563
0 0.3953125058906153 0.6166666988283396 0.20000000298023224 0.16875000251457095
0 0.5617187583702616 0.7614583730464801 0.18281250272411853 0.16093750239815563
0 0.21484375320142135 0.4156250216765329 0.12343750183936208 0.1140625016996637
1 0.5023437574855052 0.33645835088100284 0.36093750537838787 0.3453125051455572
0 0.055468750826548785 0.68229170225095 0.10781250160653144 0.16093750239815563
0 0.38437500572763383 0.8468750441679731 0.20000000298023224 0.16093750239815563
0 0.23437500349245965 0.5718750298256055 0.1531250022817403 0.16406250244472176
0 0.886718763213139 0.4895833588670939 0.16406250244472176 0.18125000270083547
0 0.6335937594412826 0.9187500479165465 0.14843750221189111 0.12187500181607902
0 0.19531250291038305 0.915625047753565 0.16875000251457095 0.1265625018859282
0 0.07265625108266249 0.10833333898335695 0.14218750211875886 0.15937500237487257
0 0.7140625106403604 0.5052083596820012 0.1625000024214387 0.16093750239815563
0 0.3953125058906153 0.6166666988283396 0.20000000298023224 0.16875000251457095
0 0.5617187583702616 0.7614583730464801 0.18281250272411853 0.16093750239815563
0 0.21484375320142135 0.4156250216765329 0.12343750183936208 0.1140625016996637
1 0.5023437574855052 0.33645835088100284 0.36093750537838787 0.3453125051455572
0 0.055468750826548785 0.68229170225095 0.10781250160653144 0.16093750239815563
0 0.38437500572763383 0.8468750441679731 0.20000000298023224 0.16093750239815563
0 0.23437500349245965 0.5718750298256055 0.1531250022817403 0.16406250244472176
0 0.886718763213139 0.4895833588670939 0.16406250244472176 0.18125000270083547
0 0.6335937594412826 0.9187500479165465 0.14843750221189111 0.12187500181607902
0 0.19531250291038305 0.915625047753565 0.16875000251457095 0.1265625018859282
0 0.07265625108266249 0.10833333898335695 0.14218750211875886 0.15937500237487257
0 0.7140625106403604 0.5052083596820012 0.1625000024214387 0.16093750239815563
0 0.3953125058906153 0.6166666988283396 0.20000000298023224 0.16875000251457095
0 0.5617187583702616 0.7614583730464801 0.18281250272411853 0.16093750239815563
0 0.21484375320142135 0.4156250216765329 0.12343750183936208 0.1140625016996637
1 0.5023437574855052 0.33645835088100284 0.36093750537838787 0.3453125051455572
0 0.055468750826548785 0.68229170225095 0.10781250160653144 0.16093750239815563
0 0.38437500572763383 0.8468750441679731 0.20000000298023224 0.16093750239815563
0 0.23437500349245965 0.5718750298256055 0.1531250022817403 0.16406250244472176
0 0.886718763213139 0.4895833588670939 0.16406250244472176 0.18125000270083547
0 0.6335937594412826 0.9187500479165465 0.14843750221189111 0.12187500181607902
0 0.19531250291038305 0.915625047753565 0.16875000251457095 0.1265625018859282
0 0.07265625108266249 0.10833333898335695 0.14218750211875886 0.15937500237487257
0 0.7140625106403604 0.5052083596820012 0.1625000024214387 0.16093750239815563
0 0.3953125058906153 0.6166666988283396 0.20000000298023224 0.16875000251457095
0 0.5617187583702616 0.7614583730464801 0.18281250272411853 0.16093750239815563
0 0.21484375320142135 0.4156250216765329 0.12343750183936208 0.1140625016996637
1 0.5023437574855052 0.33645835088100284 0.36093750537838787 0.3453125051455572
0 0.055468750826548785 0.68229170225095 0.10781250160653144 0.16093750239815563
0 0.38437500572763383 0.8468750441679731 0.20000000298023224 0.16093750239815563
0 0.23437500349245965 0.5718750298256055 0.1531250022817403 0.16406250244472176
0 0.886718763213139 0.4895833588670939 0.16406250244472176 0.18125000270083547
0 0.6335937594412826 0.9187500479165465 0.14843750221189111 0.12187500181607902
0 0.19531250291038305 0.915625047753565 0.16875000251457095 0.1265625018859282
0 0.07265625108266249 0.10833333898335695 0.14218750211875886 0.15937500237487257
0 0.7140625106403604 0.5052083596820012 0.1625000024214387 0.16093750239815563
0 0.3953125058906153 0.6166666988283396 0.20000000298023224 0.16875000251457095
0 0.5617187583702616 0.7614583730464801 0.18281250272411853 0.16093750239815563
0 0.21484375320142135 0.4156250216765329 0.12343750183936208 0.1140625016996637
1 0.5023437574855052 0.33645835088100284 0.36093750537838787 0.3453125051455572
0 0.055468750826548785 0.68229170225095 0.10781250160653144 0.16093750239815563
0 0.38437500572763383 0.8468750441679731 0.20000000298023224 0.16093750239815563
0 0.23437500349245965 0.5718750298256055 0.1531250022817403 0.16406250244472176
0 0.886718763213139 0.4895833588670939 0.16406250244472176 0.18125000270083547
0 0.6335937594412826 0.9187500479165465 0.14843750221189111 0.12187500181607902
0 0.19531250291038305 0.915625047753565 0.16875000251457095 0.1265625018859282
0 0.07265625108266249 0.10833333898335695 0.14218750211875886 0.15937500237487257
0 0.7140625106403604 0.5052083596820012 0.1625000024214387 0.16093750239815563
0 0.3953125058906153 0.6166666988283396 0.20000000298023224 0.16875000251457095
0 0.5617187583702616 0.7614583730464801 0.18281250272411853 0.16093750239815563
0 0.21484375320142135 0.4156250216765329 0.12343750183936208 0.1140625016996637
1 0.5023437574855052 0.33645835088100284 0.36093750537838787 0.3453125051455572
0 0.055468750826548785 0.68229170225095 0.10781250160653144 0.16093750239815563
0 0.38437500572763383 0.8468750441679731 0.20000000298023224 0.16093750239815563
0 0.23437500349245965 0.5718750298256055 0.1531250022817403 0.16406250244472176
0 0.886718763213139 0.4895833588670939 0.16406250244472176 0.18125000270083547
0 0.6335937594412826 0.9187500479165465 0.14843750221189111 0.12187500181607902
0 0.19531250291038305 0.915625047753565 0.16875000251457095 0.1265625018859282
0 0.07265625108266249 0.10833333898335695 0.14218750211875886 0.15937500237487257
0 0.7140625106403604 0.5052083596820012 0.1625000024214387 0.16093750239815563
0 0.3953125058906153 0.6166666988283396 0.20000000298023224 0.16875000251457095
0 0.5617187583702616 0.7614583730464801 0.18281250272411853 0.16093750239815563
0 0.21484375320142135 0.4156250216765329 0.12343750183936208 0.1140625016996637
1 0.5023437574855052 0.33645835088100284 0.36093750537838787 0.3453125051455572
0 0.055468750826548785 0.68229170225095 0.10781250160653144 0.16093750239815563
0 0.38437500572763383 0.8468750441679731 0.20000000298023224 0.16093750239815563
0 0.23437500349245965 0.5718750298256055 0.1531250022817403 0.16406250244472176
0 0.886718763213139 0.4895833588670939 0.16406250244472176 0.18125000270083547
0 0.6335937594412826 0.9187500479165465 0.14843750221189111 0.12187500181607902
0 0.19531250291038305 0.915625047753565 0.16875000251457095 0.1265625018859282
0 0.07265625108266249 0.10833333898335695 0.14218750211875886 0.15937500237487257
0 0.7140625106403604 0.5052083596820012 0.1625000024214387 0.16093750239815563
0 0.3953125058906153 0.6166666988283396 0.20000000298023224 0.16875000251457095
0 0.5617187583702616 0.7614583730464801 0.18281250272411853 0.16093750239815563
0 0.21484375320142135 0.4156250216765329 0.12343750183936208 0.1140625016996637
1 0.5023437574855052 0.33645835088100284 0.36093750537838787 0.3453125051455572
0 0.055468750826548785 0.68229170225095 0.10781250160653144 0.16093750239815563
0 0.38437500572763383 0.8468750441679731 0.20000000298023224 0.16093750239815563
0 0.23437500349245965 0.5718750298256055 0.1531250022817403 0.16406250244472176
0 0.886718763213139 0.4895833588670939 0.16406250244472176 0.18125000270083547
0 0.6335937594412826 0.9187500479165465 0.14843750221189111 0.12187500181607902
0 0.19531250291038305 0.915625047753565 0.16875000251457095 0.1265625018859282
0 0.07265625108266249 0.10833333898335695 0.14218750211875886 0.15937500237487257
0 0.7140625106403604 0.5052083596820012 0.1625000024214387 0.16093750239815563
0 0.3953125058906153 0.6166666988283396 0.20000000298023224 0.16875000251457095
0 0.5617187583702616 0.7614583730464801 0.18281250272411853 0.16093750239815563
0 0.21484375320142135 0.4156250216765329 0.12343750183936208 0.1140625016996637
1 0.5023437574855052 0.33645835088100284 0.36093750537838787 0.3453125051455572
0 0.05546874925494194 0.6822916865348816 0.10781250149011612 0.16093750298023224
0 0.3843750059604645 0.8468750715255737 0.20000000298023224 0.16093750298023224
0 0.234375 0.5718750357627869 0.15312500298023224 0.1640625
0 0.88671875 0.4895833730697632 0.1640625 0.18125000596046448
0 0.633593738079071 0.9187500476837158 0.1484375 0.12187500298023224
0 0.1953125 0.9156250357627869 0.16875000298023224 0.12656250596046448
0 0.07265625149011612 0.10833334177732468 0.14218750596046448 0.15937499701976776
0 0.714062511920929 0.5052083730697632 0.16250000894069672 0.16093750298023224
0 0.39531251788139343 0.6166666746139526 0.20000000298023224 0.16875000298023224
0 0.561718761920929 0.7614583969116211 0.18281249701976776 0.16093750298023224
0 0.21484375 0.41562503576278687 0.12343750149011612 0.11406250298023224
1 0.5023437738418579 0.33645835518836975 0.3609375059604645 0.3453125059604645
0 0.05546874925494194 0.6822916865348816 0.10781250149011612 0.16093750298023224
0 0.3843750059604645 0.8468750715255737 0.20000000298023224 0.16093750298023224
0 0.234375 0.5718750357627869 0.15312500298023224 0.1640625
0 0.88671875 0.4895833730697632 0.1640625 0.18125000596046448
0 0.633593738079071 0.9187500476837158 0.1484375 0.12187500298023224
0 0.1953125 0.9156250357627869 0.16875000298023224 0.12656250596046448
0 0.07265625149011612 0.10833334177732468 0.14218750596046448 0.15937499701976776
0 0.714062511920929 0.5052083730697632 0.16250000894069672 0.16093750298023224
0 0.39531251788139343 0.6166666746139526 0.20000000298023224 0.16875000298023224
0 0.561718761920929 0.7614583969116211 0.18281249701976776 0.16093750298023224
0 0.21484375 0.41562503576278687 0.12343750149011612 0.11406250298023224
1 0.5023437738418579 0.33645835518836975 0.3609375059604645 0.3453125059604645
0 0.05546874925494194 0.6822916865348816 0.10781250149011612 0.16093750298023224
0 0.3843750059604645 0.8468750715255737 0.20000000298023224 0.16093750298023224
0 0.234375 0.5718750357627869 0.15312500298023224 0.1640625
0 0.88671875 0.4895833730697632 0.1640625 0.18125000596046448
0 0.633593738079071 0.9187500476837158 0.1484375 0.12187500298023224
0 0.1953125 0.9156250357627869 0.16875000298023224 0.12656250596046448
0 0.07265625149011612 0.10833334177732468 0.14218750596046448 0.15937499701976776
0 0.714062511920929 0.5052083730697632 0.16250000894069672 0.16093750298023224
0 0.39531251788139343 0.6166666746139526 0.20000000298023224 0.16875000298023224
0 0.561718761920929 0.7614583969116211 0.18281249701976776 0.16093750298023224
0 0.21484375 0.41562503576278687 0.12343750149011612 0.11406250298023224
1 0.5023437738418579 0.33645835518836975 0.3609375059604645 0.3453125059604645
0 0.05546874925494194 0.6822916865348816 0.10781250149011612 0.16093750298023224
0 0.3843750059604645 0.8468750715255737 0.20000000298023224 0.16093750298023224
0 0.234375 0.5718750357627869 0.15312500298023224 0.1640625
0 0.88671875 0.4895833730697632 0.1640625 0.18125000596046448
0 0.633593738079071 0.9187500476837158 0.1484375 0.12187500298023224
0 0.1953125 0.9156250357627869 0.16875000298023224 0.12656250596046448
0 0.07265625149011612 0.10833334177732468 0.14218750596046448 0.15937499701976776
0 0.714062511920929 0.5052083730697632 0.16250000894069672 0.16093750298023224
0 0.39531251788139343 0.6166666746139526 0.20000000298023224 0.16875000298023224
0 0.561718761920929 0.7614583969116211 0.18281249701976776 0.16093750298023224
0 0.21484375 0.41562503576278687 0.12343750149011612 0.11406250298023224
1 0.5023437738418579 0.33645835518836975 0.3609375059604645 0.3453125059604645
0 0.05546874925494194 0.6822916865348816 0.10781250149011612 0.16093750298023224
0 0.3843750059604645 0.8468750715255737 0.20000000298023224 0.16093750298023224
0 0.234375 0.5718750357627869 0.15312500298023224 0.1640625
0 0.88671875 0.4895833730697632 0.1640625 0.18125000596046448
0 0.633593738079071 0.9187500476837158 0.1484375 0.12187500298023224
0 0.1953125 0.9156250357627869 0.16875000298023224 0.12656250596046448
0 0.07265625149011612 0.10833334177732468 0.14218750596046448 0.15937499701976776
0 0.714062511920929 0.5052083730697632 0.16250000894069672 0.16093750298023224
0 0.39531251788139343 0.6166666746139526 0.20000000298023224 0.16875000298023224
0 0.561718761920929 0.7614583969116211 0.18281249701976776 0.16093750298023224
0 0.21484375 0.41562503576278687 0.12343750149011612 0.11406250298023224
1 0.5023437738418579 0.33645835518836975 0.3609375059604645 0.3453125059604645
0 0.05546874925494194 0.6822916865348816 0.10781250149011612 0.16093750298023224
0 0.3843750059604645 0.8468750715255737 0.20000000298023224 0.16093750298023224
0 0.234375 0.5718750357627869 0.15312500298023224 0.1640625
0 0.88671875 0.4895833730697632 0.1640625 0.18125000596046448
0 0.633593738079071 0.9187500476837158 0.1484375 0.12187500298023224
0 0.1953125 0.9156250357627869 0.16875000298023224 0.12656250596046448
0 0.07265625149011612 0.10833334177732468 0.14218750596046448 0.15937499701976776
0 0.714062511920929 0.5052083730697632 0.16250000894069672 0.16093750298023224
0 0.39531251788139343 0.6166666746139526 0.20000000298023224 0.16875000298023224
0 0.561718761920929 0.7614583969116211 0.18281249701976776 0.16093750298023224
0 0.21484375 0.41562503576278687 0.12343750149011612 0.11406250298023224
1 0.5023437738418579 0.33645835518836975 0.3609375059604645 0.3453125059604645
0 0.05546874925494194 0.6822916865348816 0.10781250149011612 0.16093750298023224
0 0.3843750059604645 0.8468750715255737 0.20000000298023224 0.16093750298023224
0 0.234375 0.5718750357627869 0.15312500298023224 0.1640625
0 0.88671875 0.4895833730697632 0.1640625 0.18125000596046448
0 0.633593738079071 0.9187500476837158 0.1484375 0.12187500298023224
0 0.1953125 0.9156250357627869 0.16875000298023224 0.12656250596046448
0 0.07265625149011612 0.10833334177732468 0.14218750596046448 0.15937499701976776
0 0.714062511920929 0.5052083730697632 0.16250000894069672 0.16093750298023224
0 0.39531251788139343 0.6166666746139526 0.20000000298023224 0.16875000298023224
0 0.561718761920929 0.7614583969116211 0.18281249701976776 0.16093750298023224
0 0.21484375 0.41562503576278687 0.12343750149011612 0.11406250298023224
1 0.5023437738418579 0.33645835518836975 0.3609375059604645 0.3453125059604645
