0 0.1796875026775524 0.2281250118976459 0.15625000232830644 0.2109375031432137
0 0.6726562600233592 0.08750000456348062 0.1796875026775524 0.12812500190921128
0 0.44765625667059794 0.11458333930931985 0.18593750277068466 0.1625000024214387
0 0.8539062627241947 0.37500001955777407 0.18593750277068466 0.1625000024214387
0 0.3664062554598786 0.7083333702757955 0.18593750277068466 0.1625000024214387
0 0.23906250356230885 0.9031250471016392 0.1843750027474016 0.14531250216532499
0 0.57109375850996 0.8500000443309546 0.17031250253785402 0.17812500265426934
0 0.15937500237487257 0.6593750343890861 0.16562500246800482 0.1359375020256266
0 0.3421875050989911 0.27291668090038 0.16875000251457095 0.16875000251457095
0 0.2765625041211024 0.48020835837814957 0.22187500330619514 0.19531250291038305
0 0.813281262118835 0.9135417143115774 0.17031250253785402 0.12968750193249434
0 0.935156263934914 0.5302083609858528 0.12968750193249434 0.16406250244472176
1 0.5617187583702616 0.5145833601709455 0.3328125049592927 0.3250000048428774
1 0.13906250207219273 0.07083333702757955 0.059375000884756446 0.059375000884756446
0 0.1796875026775524 0.2281250118976459 0.15625000232830644 0.2109375031432137
0 0.6726562600233592 0.08750000456348062 0.1796875026775524 0.12812500190921128
0 0.44765625667059794 0.11458333930931985 0.18593750277068466 0.1625000024214387
0 0.8539062627241947 0.37500001955777407 0.18593750277068466 0.1625000024214387
0 0.3664062554598786 0.7083333702757955 0.18593750277068466 0.1625000024214387
0 0.23906250356230885 0.9031250471016392 0.1843750027474016 0.14531250216532499
0 0.57109375850996 0.8500000443309546 0.17031250253785402 0.17812500265426934
0 0.15937500237487257 0.6593750343890861 0.16562500246800482 0.1359375020256266
0 0.3421875050989911 0.27291668090038 0.16875000251457095 0.16875000251457095
0 0.2765625041211024 0.48020835837814957 0.22187500330619514 0.19531250291038305
0 0.813281262118835 0.9135417143115774 0.17031250253785402 0.12968750193249434
0 0.935156263934914 0.5302083609858528 0.12968750193249434 0.16406250244472176
1 0.5617187583702616 0.5145833601709455 0.3328125049592927 0.3250000048428774
1 0.13906250207219273 0.07083333702757955 0.059375000884756446 0.059375000884756446
0 0.1796875026775524 0.2281250118976459 0.15625000232830644 0.2109375031432137
0 0.6726562600233592 0.08750000456348062 0.1796875026775524 0.12812500190921128
0 0.44765625667059794 0.11458333930931985 0.18593750277068466 0.1625000024214387
0 0.8539062627241947 0.37500001955777407 0.18593750277068466 0.1625000024214387
0 0.3664062554598786 0.7083333702757955 0.18593750277068466 0.1625000024214387
0 0.23906250356230885 0.9031250471016392 0.1843750027474016 0.14531250216532499
0 0.57109375850996 0.8500000443309546 0.17031250253785402 0.17812500265426934
0 0.15937500237487257 0.6593750343890861 0.16562500246800482 0.1359375020256266
0 0.3421875050989911 0.27291668090038 0.16875000251457095 0.16875000251457095
0 0.2765625041211024 0.48020835837814957 0.22187500330619514 0.19531250291038305
0 0.813281262118835 0.9135417143115774 0.17031250253785402 0.12968750193249434
0 0.935156263934914 0.5302083609858528 0.12968750193249434 0.16406250244472176
1 0.5617187583702616 0.5145833601709455 0.3328125049592927 0.3250000048428774
1 0.13906250207219273 0.07083333702757955 0.059375000884756446 0.059375000884756446
0 0.1796875026775524 0.2281250118976459 0.15625000232830644 0.2109375031432137
0 0.6726562600233592 0.08750000456348062 0.1796875026775524 0.12812500190921128
0 0.44765625667059794 0.11458333930931985 0.18593750277068466 0.1625000024214387
0 0.8539062627241947 0.37500001955777407 0.18593750277068466 0.1625000024214387
0 0.3664062554598786 0.7083333702757955 0.18593750277068466 0.1625000024214387
0 0.23906250356230885 0.9031250471016392 0.1843750027474016 0.14531250216532499
0 0.57109375850996 0.8500000443309546 0.17031250253785402 0.17812500265426934
0 0.15937500237487257 0.6593750343890861 0.16562500246800482 0.1359375020256266
0 0.3421875050989911 0.27291668090038 0.16875000251457095 0.16875000251457095
0 0.2765625041211024 0.48020835837814957 0.22187500330619514 0.19531250291038305
0 0.813281262118835 0.9135417143115774 0.17031250253785402 0.12968750193249434
0 0.935156263934914 0.5302083609858528 0.12968750193249434 0.16406250244472176
1 0.5617187583702616 0.5145833601709455 0.3328125049592927 0.3250000048428774
1 0.13906250207219273 0.07083333702757955 0.059375000884756446 0.059375000884756446
0 0.1796875026775524 0.2281250118976459 0.15625000232830644 0.2109375031432137
0 0.6726562600233592 0.08750000456348062 0.1796875026775524 0.12812500190921128
0 0.44765625667059794 0.11458333930931985 0.18593750277068466 0.1625000024214387
0 0.8539062627241947 0.37500001955777407 0.18593750277068466 0.1625000024214387
0 0.3664062554598786 0.7083333702757955 0.18593750277068466 0.1625000024214387
0 0.23906250356230885 0.9031250471016392 0.1843750027474016 0.14531250216532499
0 0.57109375850996 0.8500000443309546 0.17031250253785402 0.17812500265426934
0 0.15937500237487257 0.6593750343890861 0.16562500246800482 0.1359375020256266
0 0.3421875050989911 0.27291668090038 0.16875000251457095 0.16875000251457095
0 0.2765625041211024 0.48020835837814957 0.22187500330619514 0.19531250291038305
0 0.813281262118835 0.9135417143115774 0.17031250253785402 0.12968750193249434
0 0.935156263934914 0.5302083609858528 0.12968750193249434 0.16406250244472176
1 0.5617187583702616 0.5145833601709455 0.3328125049592927 0.3250000048428774
1 0.13906250207219273 0.07083333702757955 0.059375000884756446 0.059375000884756446
0 0.1796875026775524 0.2281250118976459 0.15625000232830644 0.2109375031432137
0 0.6726562600233592 0.08750000456348062 0.1796875026775524 0.12812500190921128
0 0.44765625667059794 0.11458333930931985 0.18593750277068466 0.1625000024214387
0 0.8539062627241947 0.37500001955777407 0.18593750277068466 0.1625000024214387
0 0.3664062554598786 0.7083333702757955 0.18593750277068466 0.1625000024214387
0 0.23906250356230885 0.9031250471016392 0.1843750027474016 0.14531250216532499
0 0.57109375850996 0.8500000443309546 0.17031250253785402 0.17812500265426934
0 0.15937500237487257 0.6593750343890861 0.16562500246800482 0.1359375020256266
0 0.3421875050989911 0.27291668090038 0.16875000251457095 0.16875000251457095
0 0.2765625041211024 0.48020835837814957 0.22187500330619514 0.19531250291038305
0 0.813281262118835 0.9135417143115774 0.17031250253785402 0.12968750193249434
0 0.935156263934914 0.5302083609858528 0.12968750193249434 0.16406250244472176
1 0.5617187583702616 0.5145833601709455 0.3328125049592927 0.3250000048428774
1 0.13906250207219273 0.07083333702757955 0.059375000884756446 0.059375000884756446
0 0.1796875026775524 0.2281250118976459 0.15625000232830644 0.2109375031432137
0 0.6726562600233592 0.08750000456348062 0.1796875026775524 0.12812500190921128
0 0.44765625667059794 0.11458333930931985 0.18593750277068466 0.1625000024214387
0 0.8539062627241947 0.37500001955777407 0.18593750277068466 0.1625000024214387
0 0.3664062554598786 0.7083333702757955 0.18593750277068466 0.1625000024214387
0 0.23906250356230885 0.9031250471016392 0.1843750027474016 0.14531250216532499
0 0.57109375850996 0.8500000443309546 0.17031250253785402 0.17812500265426934
0 0.15937500237487257 0.6593750343890861 0.16562500246800482 0.1359375020256266
0 0.3421875050989911 0.27291668090038 0.16875000251457095 0.16875000251457095
0 0.2765625041211024 0.48020835837814957 0.22187500330619514 0.19531250291038305
0 0.813281262118835 0.9135417143115774 0.17031250253785402 0.12968750193249434
0 0.935156263934914 0.5302083609858528 0.12968750193249434 0.16406250244472176
1 0.5617187583702616 0.5145833601709455 0.3328125049592927 0.3250000048428774
1 0.13906250207219273 0.07083333702757955 0.059375000884756446 0.059375000884756446
0 0.1796875026775524 0.2281250118976459 0.15625000232830644 0.2109375031432137
0 0.6726562600233592 0.08750000456348062 0.1796875026775524 0.12812500190921128
0 0.44765625667059794 0.11458333930931985 0.18593750277068466 0.1625000024214387
0 0.8539062627241947 0.37500001955777407 0.18593750277068466 0.1625000024214387
0 0.3664062554598786 0.7083333702757955 0.18593750277068466 0.1625000024214387
0 0.23906250356230885 0.9031250471016392 0.1843750027474016 0.14531250216532499
0 0.57109375850996 0.8500000443309546 0.17031250253785402 0.17812500265426934
0 0.15937500237487257 0.6593750343890861 0.16562500246800482 0.1359375020256266
0 0.3421875050989911 0.27291668090038 0.16875000251457095 0.16875000251457095
0 0.2765625041211024 0.48020835837814957 0.22187500330619514 0.19531250291038305
0 0.813281262118835 0.9135417143115774 0.17031250253785402 0.12968750193249434
0 0.935156263934914 0.5302083609858528 0.12968750193249434 0.16406250244472176
1 0.5617187583702616 0.5145833601709455 0.3328125049592927 0.3250000048428774
1 0.13906250207219273 0.07083333702757955 0.059375000884756446 0.059375000884756446
0 0.1796875026775524 0.2281250118976459 0.15625000232830644 0.2109375031432137
0 0.6726562600233592 0.08750000456348062 0.1796875026775524 0.12812500190921128
0 0.44765625667059794 0.11458333930931985 0.18593750277068466 0.1625000024214387
0 0.8539062627241947 0.37500001955777407 0.18593750277068466 0.1625000024214387
0 0.3664062554598786 0.7083333702757955 0.18593750277068466 0.1625000024214387
0 0.23906250356230885 0.9031250471016392 0.1843750027474016 0.14531250216532499
0 0.57109375850996 0.8500000443309546 0.17031250253785402 0.17812500265426934
0 0.15937500237487257 0.6593750343890861 0.16562500246800482 0.1359375020256266
0 0.3421875050989911 0.27291668090038 0.16875000251457095 0.16875000251457095
0 0.2765625041211024 0.48020835837814957 0.22187500330619514 0.19531250291038305
0 0.813281262118835 0.9135417143115774 0.17031250253785402 0.12968750193249434
0 0.935156263934914 0.5302083609858528 0.12968750193249434 0.16406250244472176
1 0.5617187583702616 0.5145833601709455 0.3328125049592927 0.3250000048428774
1 0.13906250207219273 0.07083333702757955 0.059375000884756446 0.059375000884756446
0 0.1796875026775524 0.2281250118976459 0.15625000232830644 0.2109375031432137
0 0.6726562600233592 0.08750000456348062 0.1796875026775524 0.12812500190921128
0 0.44765625667059794 0.11458333930931985 0.18593750277068466 0.1625000024214387
0 0.8539062627241947 0.37500001955777407 0.18593750277068466 0.1625000024214387
0 0.3664062554598786 0.7083333702757955 0.18593750277068466 0.1625000024214387
0 0.23906250356230885 0.9031250471016392 0.1843750027474016 0.14531250216532499
0 0.57109375850996 0.8500000443309546 0.17031250253785402 0.17812500265426934
0 0.15937500237487257 0.6593750343890861 0.16562500246800482 0.1359375020256266
0 0.3421875050989911 0.27291668090038 0.16875000251457095 0.16875000251457095
0 0.2765625041211024 0.48020835837814957 0.22187500330619514 0.19531250291038305
0 0.813281262118835 0.9135417143115774 0.17031250253785402 0.12968750193249434
0 0.935156263934914 0.5302083609858528 0.12968750193249434 0.16406250244472176
1 0.5617187583702616 0.5145833601709455 0.3328125049592927 0.3250000048428774
1 0.13906250207219273 0.07083333702757955 0.059375000884756446 0.059375000884756446
0 0.1796875026775524 0.2281250118976459 0.15625000232830644 0.2109375031432137
0 0.6726562600233592 0.08750000456348062 0.1796875026775524 0.12812500190921128
0 0.44765625667059794 0.11458333930931985 0.18593750277068466 0.1625000024214387
0 0.8539062627241947 0.37500001955777407 0.18593750277068466 0.1625000024214387
0 0.3664062554598786 0.7083333702757955 0.18593750277068466 0.1625000024214387
0 0.23906250356230885 0.9031250471016392 0.1843750027474016 0.14531250216532499
0 0.57109375850996 0.8500000443309546 0.17031250253785402 0.17812500265426934
0 0.15937500237487257 0.6593750343890861 0.16562500246800482 0.1359375020256266
0 0.3421875050989911 0.27291668090038 0.16875000251457095 0.16875000251457095
0 0.2765625041211024 0.48020835837814957 0.22187500330619514 0.19531250291038305
0 0.813281262118835 0.9135417143115774 0.17031250253785402 0.12968750193249434
0 0.935156263934914 0.5302083609858528 0.12968750193249434 0.16406250244472176
1 0.5617187583702616 0.5145833601709455 0.3328125049592927 0.3250000048428774
1 0.13906250207219273 0.07083333702757955 0.059375000884756446 0.059375000884756446
0 0.1796875026775524 0.2281250118976459 0.15625000232830644 0.2109375031432137
0 0.6726562600233592 0.08750000456348062 0.1796875026775524 0.12812500190921128
0 0.44765625667059794 0.11458333930931985 0.18593750277068466 0.1625000024214387
0 0.8539062627241947 0.37500001955777407 0.18593750277068466 0.1625000024214387
0 0.3664062554598786 0.7083333702757955 0.18593750277068466 0.1625000024214387
0 0.23906250356230885 0.9031250471016392 0.1843750027474016 0.14531250216532499
0 0.57109375850996 0.8500000443309546 0.17031250253785402 0.17812500265426934
0 0.15937500237487257 0.6593750343890861 0.16562500246800482 0.1359375020256266
0 0.3421875050989911 0.27291668090038 0.16875000251457095 0.16875000251457095
0 0.2765625041211024 0.48020835837814957 0.22187500330619514 0.19531250291038305
0 0.813281262118835 0.9135417143115774 0.17031250253785402 0.12968750193249434
0 0.935156263934914 0.5302083609858528 0.12968750193249434 0.16406250244472176
1 0.5617187583702616 0.5145833601709455 0.3328125049592927 0.3250000048428774
1 0.13906250207219273 0.07083333702757955 0.059375000884756446 0.059375000884756446
0 0.1796875026775524 0.2281250118976459 0.15625000232830644 0.2109375031432137
0 0.6726562600233592 0.08750000456348062 0.1796875026775524 0.12812500190921128
0 0.44765625667059794 0.11458333930931985 0.18593750277068466 0.1625000024214387
0 0.8539062627241947 0.37500001955777407 0.18593750277068466 0.1625000024214387
0 0.3664062554598786 0.7083333702757955 0.18593750277068466 0.1625000024214387
0 0.23906250356230885 0.9031250471016392 0.1843750027474016 0.14531250216532499
0 0.57109375850996 0.8500000443309546 0.17031250253785402 0.17812500265426934
0 0.15937500237487257 0.6593750343890861 0.16562500246800482 0.1359375020256266
0 0.3421875050989911 0.27291668090038 0.16875000251457095 0.16875000251457095
0 0.2765625041211024 0.48020835837814957 0.22187500330619514 0.19531250291038305
0 0.813281262118835 0.9135417143115774 0.17031250253785402 0.12968750193249434
0 0.935156263934914 0.5302083609858528 0.12968750193249434 0.16406250244472176
1 0.5617187583702616 0.5145833601709455 0.3328125049592927 0.3250000048428774
1 0.13906250207219273 0.07083333702757955 0.059375000884756446 0.059375000884756446
0 0.1796875026775524 0.2281250118976459 0.15625000232830644 0.2109375031432137
0 0.6726562600233592 0.08750000456348062 0.1796875026775524 0.12812500190921128
0 0.44765625667059794 0.11458333930931985 0.18593750277068466 0.1625000024214387
0 0.8539062627241947 0.37500001955777407 0.18593750277068466 0.1625000024214387
0 0.3664062554598786 0.7083333702757955 0.18593750277068466 0.1625000024214387
0 0.23906250356230885 0.9031250471016392 0.1843750027474016 0.14531250216532499
0 0.57109375850996 0.8500000443309546 0.17031250253785402 0.17812500265426934
0 0.15937500237487257 0.6593750343890861 0.16562500246800482 0.1359375020256266
0 0.3421875050989911 0.27291668090038 0.16875000251457095 0.16875000251457095
0 0.2765625041211024 0.48020835837814957 0.22187500330619514 0.19531250291038305
0 0.813281262118835 0.9135417143115774 0.17031250253785402 0.12968750193249434
0 0.935156263934914 0.5302083609858528 0.12968750193249434 0.16406250244472176
1 0.5617187583702616 0.5145833601709455 0.3328125049592927 0.3250000048428774
2 0.13906250207219273 0.07083333702757955 0.059375000884756446 0.059375000884756446
0 0.1796875026775524 0.2281250118976459 0.15625000232830644 0.2109375031432137
0 0.6726562600233592 0.08750000456348062 0.1796875026775524 0.12812500190921128
0 0.44765625667059794 0.11458333930931985 0.18593750277068466 0.1625000024214387
0 0.8539062627241947 0.37500001955777407 0.18593750277068466 0.1625000024214387
0 0.3664062554598786 0.7083333702757955 0.18593750277068466 0.1625000024214387
0 0.23906250356230885 0.9031250471016392 0.1843750027474016 0.14531250216532499
0 0.57109375850996 0.8500000443309546 0.17031250253785402 0.17812500265426934
0 0.15937500237487257 0.6593750343890861 0.16562500246800482 0.1359375020256266
0 0.3421875050989911 0.27291668090038 0.16875000251457095 0.16875000251457095
0 0.2765625041211024 0.48020835837814957 0.22187500330619514 0.19531250291038305
0 0.813281262118835 0.9135417143115774 0.17031250253785402 0.12968750193249434
0 0.935156263934914 0.5302083609858528 0.12968750193249434 0.16406250244472176
1 0.5617187583702616 0.5145833601709455 0.3328125049592927 0.3250000048428774
2 0.13906250207219273 0.07083333702757955 0.059375000884756446 0.059375000884756446
0 0.1796875 0.22812500596046448 0.15625 0.2109375
0 0.672656238079071 0.08750000596046448 0.1796875 0.12812499701976776
0 0.4476562440395355 0.1145833358168602 0.18593750894069672 0.16250000894069672
0 0.8539062738418579 0.3750000298023224 0.18593750894069672 0.16250000894069672
0 0.36640626192092896 0.7083333730697632 0.18593750894069672 0.16250000894069672
0 0.23906250298023224 0.9031250476837158 0.18437500298023224 0.14531250298023224
0 0.571093738079071 0.8500000238418579 0.17031250894069672 0.17812500894069672
0 0.15937499701976776 0.659375011920929 0.16562500596046448 0.13593749701976776
0 0.3421874940395355 0.27291667461395264 0.16875000298023224 0.16875000298023224
0 0.27656251192092896 0.4802083671092987 0.22187499701976776 0.1953125
0 0.813281238079071 0.9135417342185974 0.17031250894069672 0.12968750298023224
0 0.9351562857627869 0.5302083492279053 0.12968750298023224 0.1640625
1 0.561718761920929 0.5145833492279053 0.33281251788139343 0.32500001788139343
2 0.13906250894069672 0.07083334028720856 0.05937499925494194 0.05937499925494194
0 0.1796875 0.22812500596046448 0.15625 0.2109375
0 0.672656238079071 0.08750000596046448 0.1796875 0.12812499701976776
0 0.4476562440395355 0.1145833358168602 0.18593750894069672 0.16250000894069672
0 0.8539062738418579 0.3750000298023224 0.18593750894069672 0.16250000894069672
0 0.36640626192092896 0.7083333730697632 0.18593750894069672 0.16250000894069672
0 0.23906250298023224 0.9031250476837158 0.18437500298023224 0.14531250298023224
0 0.571093738079071 0.8500000238418579 0.17031250894069672 0.17812500894069672
0 0.15937499701976776 0.659375011920929 0.16562500596046448 0.13593749701976776
0 0.3421874940395355 0.27291667461395264 0.16875000298023224 0.16875000298023224
0 0.27656251192092896 0.4802083671092987 0.22187499701976776 0.1953125
0 0.813281238079071 0.9135417342185974 0.17031250894069672 0.12968750298023224
0 0.9351562857627869 0.5302083492279053 0.12968750298023224 0.1640625
1 0.561718761920929 0.5145833492279053 0.33281251788139343 0.32500001788139343
2 0.13906250894069672 0.07083334028720856 0.05937499925494194 0.05937499925494194
0 0.1796875 0.22812500596046448 0.15625 0.2109375
0 0.672656238079071 0.08750000596046448 0.1796875 0.12812499701976776
0 0.4476562440395355 0.1145833358168602 0.18593750894069672 0.16250000894069672
0 0.8539062738418579 0.3750000298023224 0.18593750894069672 0.16250000894069672
0 0.36640626192092896 0.7083333730697632 0.18593750894069672 0.16250000894069672
0 0.23906250298023224 0.9031250476837158 0.18437500298023224 0.14531250298023224
0 0.571093738079071 0.8500000238418579 0.17031250894069672 0.17812500894069672
0 0.15937499701976776 0.659375011920929 0.16562500596046448 0.13593749701976776
0 0.3421874940395355 0.27291667461395264 0.16875000298023224 0.16875000298023224
0 0.27656251192092896 0.4802083671092987 0.22187499701976776 0.1953125
0 0.813281238079071 0.9135417342185974 0.17031250894069672 0.12968750298023224
0 0.9351562857627869 0.5302083492279053 0.12968750298023224 0.1640625
1 0.561718761920929 0.5145833492279053 0.33281251788139343 0.32500001788139343
2 0.13906250894069672 0.07083334028720856 0.05937499925494194 0.05937499925494194
0 0.1796875 0.22812500596046448 0.15625 0.2109375
0 0.672656238079071 0.08750000596046448 0.1796875 0.12812499701976776
0 0.4476562440395355 0.1145833358168602 0.18593750894069672 0.16250000894069672
0 0.8539062738418579 0.3750000298023224 0.18593750894069672 0.16250000894069672
0 0.36640626192092896 0.7083333730697632 0.18593750894069672 0.16250000894069672
0 0.23906250298023224 0.9031250476837158 0.18437500298023224 0.14531250298023224
0 0.571093738079071 0.8500000238418579 0.17031250894069672 0.17812500894069672
0 0.15937499701976776 0.659375011920929 0.16562500596046448 0.13593749701976776
0 0.3421874940395355 0.27291667461395264 0.16875000298023224 0.16875000298023224
0 0.27656251192092896 0.4802083671092987 0.22187499701976776 0.1953125
0 0.813281238079071 0.9135417342185974 0.17031250894069672 0.12968750298023224
0 0.9351562857627869 0.5302083492279053 0.12968750298023224 0.1640625
1 0.561718761920929 0.5145833492279053 0.33281251788139343 0.32500001788139343
2 0.13906250894069672 0.07083334028720856 0.05937499925494194 0.05937499925494194
0 0.1796875 0.22812500596046448 0.15625 0.2109375
0 0.672656238079071 0.08750000596046448 0.1796875 0.12812499701976776
0 0.4476562440395355 0.1145833358168602 0.18593750894069672 0.16250000894069672
0 0.8539062738418579 0.3750000298023224 0.18593750894069672 0.16250000894069672
0 0.36640626192092896 0.7083333730697632 0.18593750894069672 0.16250000894069672
0 0.23906250298023224 0.9031250476837158 0.18437500298023224 0.14531250298023224
0 0.571093738079071 0.8500000238418579 0.17031250894069672 0.17812500894069672
0 0.15937499701976776 0.659375011920929 0.16562500596046448 0.13593749701976776
0 0.3421874940395355 0.27291667461395264 0.16875000298023224 0.16875000298023224
0 0.27656251192092896 0.4802083671092987 0.22187499701976776 0.1953125
0 0.813281238079071 0.9135417342185974 0.17031250894069672 0.12968750298023224
0 0.9351562857627869 0.5302083492279053 0.12968750298023224 0.1640625
1 0.561718761920929 0.5145833492279053 0.33281251788139343 0.32500001788139343
2 0.13906250894069672 0.07083334028720856 0.05937499925494194 0.05937499925494194
0 0.1796875 0.22812500596046448 0.15625 0.2109375
0 0.672656238079071 0.08750000596046448 0.1796875 0.12812499701976776
0 0.4476562440395355 0.1145833358168602 0.18593750894069672 0.16250000894069672
0 0.8539062738418579 0.3750000298023224 0.18593750894069672 0.16250000894069672
0 0.36640626192092896 0.7083333730697632 0.18593750894069672 0.16250000894069672
0 0.23906250298023224 0.9031250476837158 0.18437500298023224 0.14531250298023224
0 0.571093738079071 0.8500000238418579 0.17031250894069672 0.17812500894069672
0 0.15937499701976776 0.659375011920929 0.16562500596046448 0.13593749701976776
0 0.3421874940395355 0.27291667461395264 0.16875000298023224 0.16875000298023224
0 0.27656251192092896 0.4802083671092987 0.22187499701976776 0.1953125
0 0.813281238079071 0.9135417342185974 0.17031250894069672 0.12968750298023224
0 0.9351562857627869 0.5302083492279053 0.12968750298023224 0.1640625
1 0.561718761920929 0.5145833492279053 0.33281251788139343 0.32500001788139343
2 0.13906250894069672 0.07083334028720856 0.05937499925494194 0.05937499925494194
0 0.1796875 0.22812500596046448 0.15625 0.2109375
0 0.672656238079071 0.08750000596046448 0.1796875 0.12812499701976776
0 0.4476562440395355 0.1145833358168602 0.18593750894069672 0.16250000894069672
0 0.8539062738418579 0.3750000298023224 0.18593750894069672 0.16250000894069672
0 0.36640626192092896 0.7083333730697632 0.18593750894069672 0.16250000894069672
0 0.23906250298023224 0.9031250476837158 0.18437500298023224 0.14531250298023224
0 0.571093738079071 0.8500000238418579 0.17031250894069672 0.17812500894069672
0 0.15937499701976776 0.659375011920929 0.16562500596046448 0.13593749701976776
0 0.3421874940395355 0.27291667461395264 0.16875000298023224 0.16875000298023224
0 0.27656251192092896 0.4802083671092987 0.22187499701976776 0.1953125
0 0.813281238079071 0.9135417342185974 0.17031250894069672 0.12968750298023224
0 0.9351562857627869 0.5302083492279053 0.12968750298023224 0.1640625
1 0.561718761920929 0.5145833492279053 0.33281251788139343 0.32500001788139343
2 0.13906250894069672 0.07083334028720856 0.05937499925494194 0.05937499925494194
