0 0.4195312562515028 0.6000000312924385 0.16406250244472176 0.1406250020954758
0 0.9179687636788003 0.506250026402995 0.16406250244472176 0.1843750027474016
0 0.3453125051455572 0.3656250190688297 0.1968750029336661 0.12343750183936208
0 0.42578125634463504 0.8822917126817629 0.16093750239815563 0.1265625018859282
0 0.788281261746306 0.18854167649988085 0.16093750239815563 0.1265625018859282
0 0.5632812583935447 0.3656250190688297 0.16093750239815563 0.1265625018859282
0 0.07421875110594556 0.8364583769580349 0.14531250216532499 0.14531250216532499
0 0.2351562535041012 0.08229167095851153 0.15156250225845724 0.12031250179279596
0 0.25859375385334715 0.9104167141485959 0.15156250225845724 0.12187500181607902
0 0.9242187637719326 0.9177083811955526 0.15156250225845724 0.12343750183936208
0 0.6421875095693395 0.8947917133336887 0.1531250022817403 0.12343750183936208
1 0.24140625359723344 0.6104166985023767 0.17656250263098627 0.18125000270083547
0 0.4195312562515028 0.6000000312924385 0.16406250244472176 0.1406250020954758
0 0.9179687636788003 0.506250026402995 0.16406250244472176 0.1843750027474016
0 0.3453125051455572 0.3656250190688297 0.1968750029336661 0.12343750183936208
0 0.42578125634463504 0.8822917126817629 0.16093750239815563 0.1265625018859282
0 0.788281261746306 0.18854167649988085 0.16093750239815563 0.1265625018859282
0 0.5632812583935447 0.3656250190688297 0.16093750239815563 0.1265625018859282
0 0.07421875110594556 0.8364583769580349 0.14531250216532499 0.14531250216532499
0 0.2351562535041012 0.08229167095851153 0.15156250225845724 0.12031250179279596
0 0.25859375385334715 0.9104167141485959 0.15156250225845724 0.12187500181607902
0 0.9242187637719326 0.9177083811955526 0.15156250225845724 0.12343750183936208
0 0.6421875095693395 0.8947917133336887 0.1531250022817403 0.12343750183936208
1 0.24140625359723344 0.6104166985023767 0.17656250263098627 0.18125000270083547
0 0.4195312562515028 0.6000000312924385 0.16406250244472176 0.1406250020954758
0 0.9179687636788003 0.506250026402995 0.16406250244472176 0.1843750027474016
0 0.3453125051455572 0.3656250190688297 0.1968750029336661 0.12343750183936208
0 0.42578125634463504 0.8822917126817629 0.16093750239815563 0.1265625018859282
0 0.788281261746306 0.18854167649988085 0.16093750239815563 0.1265625018859282
0 0.5632812583935447 0.3656250190688297 0.16093750239815563 0.1265625018859282
0 0.07421875110594556 0.8364583769580349 0.14531250216532499 0.14531250216532499
0 0.2351562535041012 0.08229167095851153 0.15156250225845724 0.12031250179279596
0 0.25859375385334715 0.9104167141485959 0.15156250225845724 0.12187500181607902
0 0.9242187637719326 0.9177083811955526 0.15156250225845724 0.12343750183936208
0 0.6421875095693395 0.8947917133336887 0.1531250022817403 0.12343750183936208
1 0.24140625359723344 0.6104166985023767 0.17656250263098627 0.18125000270083547
0 0.4195312562515028 0.6000000312924385 0.16406250244472176 0.1406250020954758
0 0.9179687636788003 0.506250026402995 0.16406250244472176 0.1843750027474016
0 0.3453125051455572 0.3656250190688297 0.1968750029336661 0.12343750183936208
0 0.42578125634463504 0.8822917126817629 0.16093750239815563 0.1265625018859282
0 0.788281261746306 0.18854167649988085 0.16093750239815563 0.1265625018859282
0 0.5632812583935447 0.3656250190688297 0.16093750239815563 0.1265625018859282
0 0.07421875110594556 0.8364583769580349 0.14531250216532499 0.14531250216532499
0 0.2351562535041012 0.08229167095851153 0.15156250225845724 0.12031250179279596
0 0.25859375385334715 0.9104167141485959 0.15156250225845724 0.12187500181607902
0 0.9242187637719326 0.9177083811955526 0.15156250225845724 0.12343750183936208
0 0.6421875095693395 0.8947917133336887 0.1531250022817403 0.12343750183936208
1 0.24140625359723344 0.6104166985023767 0.17656250263098627 0.18125000270083547
0 0.4195312562515028 0.6000000312924385 0.16406250244472176 0.1406250020954758
0 0.9179687636788003 0.506250026402995 0.16406250244472176 0.1843750027474016
0 0.3453125051455572 0.3656250190688297 0.1968750029336661 0.12343750183936208
0 0.42578125634463504 0.8822917126817629 0.16093750239815563 0.1265625018859282
0 0.788281261746306 0.18854167649988085 0.16093750239815563 0.1265625018859282
0 0.5632812583935447 0.3656250190688297 0.16093750239815563 0.1265625018859282
0 0.07421875110594556 0.8364583769580349 0.14531250216532499 0.14531250216532499
0 0.2351562535041012 0.08229167095851153 0.15156250225845724 0.12031250179279596
0 0.25859375385334715 0.9104167141485959 0.15156250225845724 0.12187500181607902
0 0.9242187637719326 0.9177083811955526 0.15156250225845724 0.12343750183936208
0 0.6421875095693395 0.8947917133336887 0.1531250022817403 0.12343750183936208
1 0.24140625359723344 0.6104166985023767 0.17656250263098627 0.18125000270083547
0 0.4195312562515028 0.6000000312924385 0.16406250244472176 0.1406250020954758
0 0.9179687636788003 0.506250026402995 0.16406250244472176 0.1843750027474016
0 0.3453125051455572 0.3656250190688297 0.1968750029336661 0.12343750183936208
0 0.42578125634463504 0.8822917126817629 0.16093750239815563 0.1265625018859282
0 0.788281261746306 0.18854167649988085 0.16093750239815563 0.1265625018859282
0 0.5632812583935447 0.3656250190688297 0.16093750239815563 0.1265625018859282
0 0.07421875110594556 0.8364583769580349 0.14531250216532499 0.14531250216532499
0 0.2351562535041012 0.08229167095851153 0.15156250225845724 0.12031250179279596
0 0.25859375385334715 0.9104167141485959 0.15156250225845724 0.12187500181607902
0 0.9242187637719326 0.9177083811955526 0.15156250225845724 0.12343750183936208
0 0.6421875095693395 0.8947917133336887 0.1531250022817403 0.12343750183936208
1 0.24140625359723344 0.6104166985023767 0.17656250263098627 0.18125000270083547
0 0.4195312562515028 0.6000000312924385 0.16406250244472176 0.1406250020954758
0 0.9179687636788003 0.506250026402995 0.16406250244472176 0.1843750027474016
0 0.3453125051455572 0.3656250190688297 0.1968750029336661 0.12343750183936208
0 0.42578125634463504 0.8822917126817629 0.16093750239815563 0.1265625018859282
0 0.788281261746306 0.18854167649988085 0.16093750239815563 0.1265625018859282
0 0.5632812583935447 0.3656250190688297 0.16093750239815563 0.1265625018859282
0 0.07421875110594556 0.8364583769580349 0.14531250216532499 0.14531250216532499
0 0.2351562535041012 0.08229167095851153 0.15156250225845724 0.12031250179279596
0 0.25859375385334715 0.9104167141485959 0.15156250225845724 0.12187500181607902
0 0.9242187637719326 0.9177083811955526 0.15156250225845724 0.12343750183936208
0 0.6421875095693395 0.8947917133336887 0.1531250022817403 0.12343750183936208
1 0.24140625359723344 0.6104166985023767 0.17656250263098627 0.18125000270083547
0 0.4195312562515028 0.6000000312924385 0.16406250244472176 0.1406250020954758
0 0.9179687636788003 0.506250026402995 0.16406250244472176 0.1843750027474016
0 0.3453125051455572 0.3656250190688297 0.1968750029336661 0.12343750183936208
0 0.42578125634463504 0.8822917126817629 0.16093750239815563 0.1265625018859282
0 0.788281261746306 0.18854167649988085 0.16093750239815563 0.1265625018859282
0 0.5632812583935447 0.3656250190688297 0.16093750239815563 0.1265625018859282
0 0.07421875110594556 0.8364583769580349 0.14531250216532499 0.14531250216532499
0 0.2351562535041012 0.08229167095851153 0.15156250225845724 0.12031250179279596
0 0.25859375385334715 0.9104167141485959 0.15156250225845724 0.12187500181607902
0 0.9242187637719326 0.9177083811955526 0.15156250225845724 0.12343750183936208
0 0.6421875095693395 0.8947917133336887 0.1531250022817403 0.12343750183936208
1 0.24140625359723344 0.6104166985023767 0.17656250263098627 0.18125000270083547
0 0.4195312562515028 0.6000000312924385 0.16406250244472176 0.1406250020954758
0 0.9179687636788003 0.506250026402995 0.16406250244472176 0.1843750027474016
0 0.3453125051455572 0.3656250190688297 0.1968750029336661 0.12343750183936208
0 0.42578125634463504 0.8822917126817629 0.16093750239815563 0.1265625018859282
0 0.788281261746306 0.18854167649988085 0.16093750239815563 0.1265625018859282
0 0.5632812583935447 0.3656250190688297 0.16093750239815563 0.1265625018859282
0 0.07421875110594556 0.8364583769580349 0.14531250216532499 0.14531250216532499
0 0.2351562535041012 0.08229167095851153 0.15156250225845724 0.12031250179279596
0 0.25859375385334715 0.9104167141485959 0.15156250225845724 0.12187500181607902
0 0.9242187637719326 0.9177083811955526 0.15156250225845724 0.12343750183936208
0 0.6421875095693395 0.8947917133336887 0.1531250022817403 0.12343750183936208
1 0.24140625359723344 0.6104166985023767 0.17656250263098627 0.18125000270083547
0 0.4195312562515028 0.6000000312924385 0.16406250244472176 0.1406250020954758
0 0.9179687636788003 0.506250026402995 0.16406250244472176 0.1843750027474016
0 0.3453125051455572 0.3656250190688297 0.1968750029336661 0.12343750183936208
0 0.42578125634463504 0.8822917126817629 0.16093750239815563 0.1265625018859282
0 0.788281261746306 0.18854167649988085 0.16093750239815563 0.1265625018859282
0 0.5632812583935447 0.3656250190688297 0.16093750239815563 0.1265625018859282
0 0.07421875110594556 0.8364583769580349 0.14531250216532499 0.14531250216532499
0 0.2351562535041012 0.08229167095851153 0.15156250225845724 0.12031250179279596
0 0.25859375385334715 0.9104167141485959 0.15156250225845724 0.12187500181607902
0 0.9242187637719326 0.9177083811955526 0.15156250225845724 0.12343750183936208
0 0.6421875095693395 0.8947917133336887 0.1531250022817403 0.12343750183936208
1 0.24140625359723344 0.6104166985023767 0.17656250263098627 0.18125000270083547
0 0.4195312562515028 0.6000000312924385 0.16406250244472176 0.1406250020954758
0 0.9179687636788003 0.506250026402995 0.16406250244472176 0.1843750027474016
0 0.3453125051455572 0.3656250190688297 0.1968750029336661 0.12343750183936208
0 0.42578125634463504 0.8822917126817629 0.16093750239815563 0.1265625018859282
0 0.788281261746306 0.18854167649988085 0.16093750239815563 0.1265625018859282
0 0.5632812583935447 0.3656250190688297 0.16093750239815563 0.1265625018859282
0 0.07421875110594556 0.8364583769580349 0.14531250216532499 0.14531250216532499
0 0.2351562535041012 0.08229167095851153 0.15156250225845724 0.12031250179279596
0 0.25859375385334715 0.9104167141485959 0.15156250225845724 0.12187500181607902
0 0.9242187637719326 0.9177083811955526 0.15156250225845724 0.12343750183936208
0 0.6421875095693395 0.8947917133336887 0.1531250022817403 0.12343750183936208
1 0.24140625359723344 0.6104166985023767 0.17656250263098627 0.18125000270083547
0 0.4195312562515028 0.6000000312924385 0.16406250244472176 0.1406250020954758
0 0.9179687636788003 0.506250026402995 0.16406250244472176 0.1843750027474016
0 0.3453125051455572 0.3656250190688297 0.1968750029336661 0.12343750183936208
0 0.42578125634463504 0.8822917126817629 0.16093750239815563 0.1265625018859282
0 0.788281261746306 0.18854167649988085 0.16093750239815563 0.1265625018859282
0 0.5632812583935447 0.3656250190688297 0.16093750239815563 0.1265625018859282
0 0.07421875110594556 0.8364583769580349 0.14531250216532499 0.14531250216532499
0 0.2351562535041012 0.08229167095851153 0.15156250225845724 0.12031250179279596
0 0.25859375385334715 0.9104167141485959 0.15156250225845724 0.12187500181607902
0 0.9242187637719326 0.9177083811955526 0.15156250225845724 0.12343750183936208
0 0.6421875095693395 0.8947917133336887 0.1531250022817403 0.12343750183936208
1 0.24140625359723344 0.6104166985023767 0.17656250263098627 0.18125000270083547
0 0.4195312562515028 0.6000000312924385 0.16406250244472176 0.1406250020954758
0 0.9179687636788003 0.506250026402995 0.16406250244472176 0.1843750027474016
0 0.3453125051455572 0.3656250190688297 0.1968750029336661 0.12343750183936208
0 0.42578125634463504 0.8822917126817629 0.16093750239815563 0.1265625018859282
0 0.788281261746306 0.18854167649988085 0.16093750239815563 0.1265625018859282
0 0.5632812583935447 0.3656250190688297 0.16093750239815563 0.1265625018859282
0 0.07421875110594556 0.8364583769580349 0.14531250216532499 0.14531250216532499
0 0.2351562535041012 0.08229167095851153 0.15156250225845724 0.12031250179279596
0 0.25859375385334715 0.9104167141485959 0.15156250225845724 0.12187500181607902
0 0.9242187637719326 0.9177083811955526 0.15156250225845724 0.12343750183936208
0 0.6421875095693395 0.8947917133336887 0.1531250022817403 0.12343750183936208
1 0.24140625359723344 0.6104166985023767 0.17656250263098627 0.18125000270083547
0 0.4195312562515028 0.6000000312924385 0.16406250244472176 0.1406250020954758
0 0.9179687636788003 0.506250026402995 0.16406250244472176 0.1843750027474016
0 0.3453125051455572 0.3656250190688297 0.1968750029336661 0.12343750183936208
0 0.42578125634463504 0.8822917126817629 0.16093750239815563 0.1265625018859282
0 0.788281261746306 0.18854167649988085 0.16093750239815563 0.1265625018859282
0 0.5632812583935447 0.3656250190688297 0.16093750239815563 0.1265625018859282
0 0.07421875110594556 0.8364583769580349 0.14531250216532499 0.14531250216532499
0 0.2351562535041012 0.08229167095851153 0.15156250225845724 0.12031250179279596
0 0.25859375385334715 0.9104167141485959 0.15156250225845724 0.12187500181607902
0 0.9242187637719326 0.9177083811955526 0.15156250225845724 0.12343750183936208
0 0.6421875095693395 0.8947917133336887 0.1531250022817403 0.12343750183936208
1 0.24140625359723344 0.6104166985023767 0.17656250263098627 0.18125000270083547
0 0.4195312562515028 0.6000000312924385 0.16406250244472176 0.1406250020954758
0 0.9179687636788003 0.506250026402995 0.16406250244472176 0.1843750027474016
0 0.3453125051455572 0.3656250190688297 0.1968750029336661 0.12343750183936208
0 0.42578125634463504 0.8822917126817629 0.16093750239815563 0.1265625018859282
0 0.788281261746306 0.18854167649988085 0.16093750239815563 0.1265625018859282
0 0.5632812583935447 0.3656250190688297 0.16093750239815563 0.1265625018859282
0 0.07421875110594556 0.8364583769580349 0.14531250216532499 0.14531250216532499
0 0.2351562535041012 0.08229167095851153 0.15156250225845724 0.12031250179279596
0 0.25859375385334715 0.9104167141485959 0.15156250225845724 0.12187500181607902
0 0.9242187637719326 0.9177083811955526 0.15156250225845724 0.12343750183936208
0 0.6421875095693395 0.8947917133336887 0.1531250022817403 0.12343750183936208
1 0.24140625359723344 0.6104166985023767 0.17656250263098627 0.18125000270083547
0 0.4195312559604645 0.6000000238418579 0.1640625 0.140625
0 0.91796875 0.5062500238418579 0.1640625 0.18437500298023224
0 0.3453125059604645 0.3656250238418579 0.19687500596046448 0.12343750149011612
0 0.42578125 0.8822917342185974 0.16093750298023224 0.12656250596046448
0 0.788281261920929 0.18854168057441711 0.16093750298023224 0.12656250596046448
0 0.563281238079071 0.3656250238418579 0.16093750298023224 0.12656250596046448
0 0.07421875 0.8364583849906921 0.14531250298023224 0.14531250298023224
0 0.23515625298023224 0.08229167014360428 0.15156249701976776 0.12031250447034836
0 0.25859376788139343 0.9104167222976685 0.15156249701976776 0.12187500298023224
0 0.9242187738418579 0.9177083969116211 0.15156249701976776 0.12343750149011612
0 0.6421875357627869 0.8947917222976685 0.15312500298023224 0.12343750149011612
1 0.24140624701976776 0.6104167103767395 0.17656250298023224 0.18125000596046448
0 0.4195312559604645 0.6000000238418579 0.1640625 0.140625
0 0.91796875 0.5062500238418579 0.1640625 0.18437500298023224
0 0.3453125059604645 0.3656250238418579 0.19687500596046448 0.12343750149011612
0 0.42578125 0.8822917342185974 0.16093750298023224 0.12656250596046448
0 0.788281261920929 0.18854168057441711 0.16093750298023224 0.12656250596046448
0 0.563281238079071 0.3656250238418579 0.16093750298023224 0.12656250596046448
0 0.07421875 0.8364583849906921 0.14531250298023224 0.14531250298023224
0 0.23515625298023224 0.08229167014360428 0.15156249701976776 0.12031250447034836
0 0.25859376788139343 0.9104167222976685 0.15156249701976776 0.12187500298023224
0 0.9242187738418579 0.9177083969116211 0.15156249701976776 0.12343750149011612
0 0.6421875357627869 0.8947917222976685 0.15312500298023224 0.12343750149011612
1 0.24140624701976776 0.6104167103767395 0.17656250298023224 0.18125000596046448
0 0.4195312559604645 0.6000000238418579 0.1640625 0.140625
0 0.91796875 0.5062500238418579 0.1640625 0.18437500298023224
0 0.3453125059604645 0.3656250238418579 0.19687500596046448 0.12343750149011612
0 0.42578125 0.8822917342185974 0.16093750298023224 0.12656250596046448
0 0.788281261920929 0.18854168057441711 0.16093750298023224 0.12656250596046448
0 0.563281238079071 0.3656250238418579 0.16093750298023224 0.12656250596046448
0 0.07421875 0.8364583849906921 0.14531250298023224 0.14531250298023224
0 0.23515625298023224 0.08229167014360428 0.15156249701976776 0.12031250447034836
0 0.25859376788139343 0.9104167222976685 0.15156249701976776 0.12187500298023224
0 0.9242187738418579 0.9177083969116211 0.15156249701976776 0.12343750149011612
0 0.6421875357627869 0.8947917222976685 0.15312500298023224 0.12343750149011612
1 0.24140624701976776 0.6104167103767395 0.17656250298023224 0.18125000596046448
0 0.4195312559604645 0.6000000238418579 0.1640625 0.140625
0 0.91796875 0.5062500238418579 0.1640625 0.18437500298023224
0 0.3453125059604645 0.3656250238418579 0.19687500596046448 0.12343750149011612
0 0.42578125 0.8822917342185974 0.16093750298023224 0.12656250596046448
0 0.788281261920929 0.18854168057441711 0.16093750298023224 0.12656250596046448
0 0.563281238079071 0.3656250238418579 0.16093750298023224 0.12656250596046448
0 0.07421875 0.8364583849906921 0.14531250298023224 0.14531250298023224
0 0.23515625298023224 0.08229167014360428 0.15156249701976776 0.12031250447034836
0 0.25859376788139343 0.9104167222976685 0.15156249701976776 0.12187500298023224
0 0.9242187738418579 0.9177083969116211 0.15156249701976776 0.12343750149011612
0 0.6421875357627869 0.8947917222976685 0.15312500298023224 0.12343750149011612
1 0.24140624701976776 0.6104167103767395 0.17656250298023224 0.18125000596046448
0 0.4195312559604645 0.6000000238418579 0.1640625 0.140625
0 0.91796875 0.5062500238418579 0.1640625 0.18437500298023224
0 0.3453125059604645 0.3656250238418579 0.19687500596046448 0.12343750149011612
0 0.42578125 0.8822917342185974 0.16093750298023224 0.12656250596046448
0 0.788281261920929 0.18854168057441711 0.16093750298023224 0.12656250596046448
0 0.563281238079071 0.3656250238418579 0.16093750298023224 0.12656250596046448
0 0.07421875 0.8364583849906921 0.14531250298023224 0.14531250298023224
0 0.23515625298023224 0.08229167014360428 0.15156249701976776 0.12031250447034836
0 0.25859376788139343 0.9104167222976685 0.15156249701976776 0.12187500298023224
0 0.9242187738418579 0.9177083969116211 0.15156249701976776 0.12343750149011612
0 0.6421875357627869 0.8947917222976685 0.15312500298023224 0.12343750149011612
1 0.24140624701976776 0.6104167103767395 0.17656250298023224 0.18125000596046448
0 0.4195312559604645 0.6000000238418579 0.1640625 0.140625
0 0.91796875 0.5062500238418579 0.1640625 0.18437500298023224
0 0.3453125059604645 0.3656250238418579 0.19687500596046448 0.12343750149011612
0 0.42578125 0.8822917342185974 0.16093750298023224 0.12656250596046448
0 0.788281261920929 0.18854168057441711 0.16093750298023224 0.12656250596046448
0 0.563281238079071 0.3656250238418579 0.16093750298023224 0.12656250596046448
0 0.07421875 0.8364583849906921 0.14531250298023224 0.14531250298023224
0 0.23515625298023224 0.08229167014360428 0.15156249701976776 0.12031250447034836
0 0.25859376788139343 0.9104167222976685 0.15156249701976776 0.12187500298023224
0 0.9242187738418579 0.9177083969116211 0.15156249701976776 0.12343750149011612
0 0.6421875357627869 0.8947917222976685 0.15312500298023224 0.12343750149011612
1 0.24140624701976776 0.6104167103767395 0.17656250298023224 0.18125000596046448
0 0.4195312559604645 0.6000000238418579 0.1640625 0.140625
0 0.91796875 0.5062500238418579 0.1640625 0.18437500298023224
0 0.3453125059604645 0.3656250238418579 0.19687500596046448 0.12343750149011612
0 0.42578125 0.8822917342185974 0.16093750298023224 0.12656250596046448
0 0.788281261920929 0.18854168057441711 0.16093750298023224 0.12656250596046448
0 0.563281238079071 0.3656250238418579 0.16093750298023224 0.12656250596046448
0 0.07421875 0.8364583849906921 0.14531250298023224 0.14531250298023224
0 0.23515625298023224 0.08229167014360428 0.15156249701976776 0.12031250447034836
0 0.25859376788139343 0.9104167222976685 0.15156249701976776 0.12187500298023224
0 0.9242187738418579 0.9177083969116211 0.15156249701976776 0.12343750149011612
0 0.6421875357627869 0.8947917222976685 0.15312500298023224 0.12343750149011612
1 0.24140624701976776 0.6104167103767395 0.17656250298023224 0.18125000596046448
