1 0.35312500526197255 0.18020834273193032 0.31875000474974513 0.267187503981404
1 0.35312500526197255 0.18020834273193032 0.31875000474974513 0.267187503981404
1 0.35312500526197255 0.18020834273193032 0.31875000474974513 0.267187503981404
1 0.35312500526197255 0.18020834273193032 0.31875000474974513 0.267187503981404
1 0.35312500526197255 0.18020834273193032 0.31875000474974513 0.267187503981404
1 0.35312500526197255 0.18020834273193032 0.31875000474974513 0.267187503981404
1 0.35312500526197255 0.18020834273193032 0.31875000474974513 0.267187503981404
1 0.35312500526197255 0.18020834273193032 0.31875000474974513 0.267187503981404
1 0.35312500526197255 0.18020834273193032 0.31875000474974513 0.267187503981404
1 0.35312500526197255 0.18020834273193032 0.31875000474974513 0.267187503981404
1 0.35312500526197255 0.18020834273193032 0.31875000474974513 0.267187503981404
1 0.35312500526197255 0.18020834273193032 0.31875000474974513 0.267187503981404
1 0.35312500526197255 0.18020834273193032 0.31875000474974513 0.267187503981404
1 0.35312500526197255 0.18020834273193032 0.31875000474974513 0.267187503981404
1 0.35312500526197255 0.18020834273193032 0.31875000474974513 0.267187503981404
1 0.3531250059604645 0.18020834028720856 0.3187499940395355 0.2671875059604645
1 0.3531250059604645 0.18020834028720856 0.3187499940395355 0.2671875059604645
1 0.3531250059604645 0.18020834028720856 0.3187499940395355 0.2671875059604645
1 0.3531250059604645 0.18020834028720856 0.3187499940395355 0.2671875059604645
1 0.3531250059604645 0.18020834028720856 0.3187499940395355 0.2671875059604645
1 0.3531250059604645 0.18020834028720856 0.3187499940395355 0.2671875059604645
1 0.3531250059604645 0.18020834028720856 0.3187499940395355 0.2671875059604645
