0 0.7406250110361725 0.2229166782926768 0.16875000251457095 0.1531250022817403
0 0.8078125120373443 0.35416668513789773 0.16875000251457095 0.1531250022817403
0 0.5023437574855052 0.07500000391155481 0.17343750258442014 0.1093750016298145
0 0.5429687580908649 0.16354167519602925 0.17343750258442014 0.11093750165309757
0 0.801562511944212 0.8281250431900844 0.16875000251457095 0.14531250216532499
0 0.10312500153668225 0.5333333611488342 0.16875000251457095 0.15625000232830644
0 0.28750000428408384 0.2604166802484542 0.16875000251457095 0.15625000232830644
0 0.8718750129919499 0.5781250301515684 0.1625000024214387 0.17343750258442014
0 0.08437500125728548 0.16458334191702306 0.16562500246800482 0.21250000316649675
1 0.4343750064726919 0.744791705510579 0.3375000050291419 0.2984375044470653
1 0.4851562572293915 0.3156250164611265 0.06093750090803951 0.06093750090803951
1 0.6398437595344149 0.41770835511852056 0.06093750090803951 0.06093750090803951
0 0.7406250110361725 0.2229166782926768 0.16875000251457095 0.1531250022817403
0 0.8078125120373443 0.35416668513789773 0.16875000251457095 0.1531250022817403
0 0.5023437574855052 0.07500000391155481 0.17343750258442014 0.1093750016298145
0 0.5429687580908649 0.16354167519602925 0.17343750258442014 0.11093750165309757
0 0.801562511944212 0.8281250431900844 0.16875000251457095 0.14531250216532499
0 0.10312500153668225 0.5333333611488342 0.16875000251457095 0.15625000232830644
0 0.28750000428408384 0.2604166802484542 0.16875000251457095 0.15625000232830644
0 0.8718750129919499 0.5781250301515684 0.1625000024214387 0.17343750258442014
0 0.08437500125728548 0.16458334191702306 0.16562500246800482 0.21250000316649675
1 0.4343750064726919 0.744791705510579 0.3375000050291419 0.2984375044470653
1 0.4851562572293915 0.3156250164611265 0.06093750090803951 0.06093750090803951
1 0.6398437595344149 0.41770835511852056 0.06093750090803951 0.06093750090803951
0 0.7406250110361725 0.2229166782926768 0.16875000251457095 0.1531250022817403
0 0.8078125120373443 0.35416668513789773 0.16875000251457095 0.1531250022817403
0 0.5023437574855052 0.07500000391155481 0.17343750258442014 0.1093750016298145
0 0.5429687580908649 0.16354167519602925 0.17343750258442014 0.11093750165309757
0 0.801562511944212 0.8281250431900844 0.16875000251457095 0.14531250216532499
0 0.10312500153668225 0.5333333611488342 0.16875000251457095 0.15625000232830644
0 0.28750000428408384 0.2604166802484542 0.16875000251457095 0.15625000232830644
0 0.8718750129919499 0.5781250301515684 0.1625000024214387 0.17343750258442014
0 0.08437500125728548 0.16458334191702306 0.16562500246800482 0.21250000316649675
1 0.4343750064726919 0.744791705510579 0.3375000050291419 0.2984375044470653
1 0.4851562572293915 0.3156250164611265 0.06093750090803951 0.06093750090803951
1 0.6398437595344149 0.41770835511852056 0.06093750090803951 0.06093750090803951
0 0.7406250110361725 0.2229166782926768 0.16875000251457095 0.1531250022817403
0 0.8078125120373443 0.35416668513789773 0.16875000251457095 0.1531250022817403
0 0.5023437574855052 0.07500000391155481 0.17343750258442014 0.1093750016298145
0 0.5429687580908649 0.16354167519602925 0.17343750258442014 0.11093750165309757
0 0.801562511944212 0.8281250431900844 0.16875000251457095 0.14531250216532499
0 0.10312500153668225 0.5333333611488342 0.16875000251457095 0.15625000232830644
0 0.28750000428408384 0.2604166802484542 0.16875000251457095 0.15625000232830644
0 0.8718750129919499 0.5781250301515684 0.1625000024214387 0.17343750258442014
0 0.08437500125728548 0.16458334191702306 0.16562500246800482 0.21250000316649675
1 0.4343750064726919 0.744791705510579 0.3375000050291419 0.2984375044470653
1 0.4851562572293915 0.3156250164611265 0.06093750090803951 0.06093750090803951
1 0.6398437595344149 0.41770835511852056 0.06093750090803951 0.06093750090803951
0 0.7406250110361725 0.2229166782926768 0.16875000251457095 0.1531250022817403
0 0.8078125120373443 0.35416668513789773 0.16875000251457095 0.1531250022817403
0 0.5023437574855052 0.07500000391155481 0.17343750258442014 0.1093750016298145
0 0.5429687580908649 0.16354167519602925 0.17343750258442014 0.11093750165309757
0 0.801562511944212 0.8281250431900844 0.16875000251457095 0.14531250216532499
0 0.10312500153668225 0.5333333611488342 0.16875000251457095 0.15625000232830644
0 0.28750000428408384 0.2604166802484542 0.16875000251457095 0.15625000232830644
0 0.8718750129919499 0.5781250301515684 0.1625000024214387 0.17343750258442014
0 0.08437500125728548 0.16458334191702306 0.16562500246800482 0.21250000316649675
1 0.4343750064726919 0.744791705510579 0.3375000050291419 0.2984375044470653
1 0.4851562572293915 0.3156250164611265 0.06093750090803951 0.06093750090803951
1 0.6398437595344149 0.41770835511852056 0.06093750090803951 0.06093750090803951
0 0.7406250110361725 0.2229166782926768 0.16875000251457095 0.1531250022817403
0 0.8078125120373443 0.35416668513789773 0.16875000251457095 0.1531250022817403
0 0.5023437574855052 0.07500000391155481 0.17343750258442014 0.1093750016298145
0 0.5429687580908649 0.16354167519602925 0.17343750258442014 0.11093750165309757
0 0.801562511944212 0.8281250431900844 0.16875000251457095 0.14531250216532499
0 0.10312500153668225 0.5333333611488342 0.16875000251457095 0.15625000232830644
0 0.28750000428408384 0.2604166802484542 0.16875000251457095 0.15625000232830644
0 0.8718750129919499 0.5781250301515684 0.1625000024214387 0.17343750258442014
0 0.08437500125728548 0.16458334191702306 0.16562500246800482 0.21250000316649675
1 0.4343750064726919 0.744791705510579 0.3375000050291419 0.2984375044470653
1 0.4851562572293915 0.3156250164611265 0.06093750090803951 0.06093750090803951
1 0.6398437595344149 0.41770835511852056 0.06093750090803951 0.06093750090803951
0 0.7406250110361725 0.2229166782926768 0.16875000251457095 0.1531250022817403
0 0.8078125120373443 0.35416668513789773 0.16875000251457095 0.1531250022817403
0 0.5023437574855052 0.07500000391155481 0.17343750258442014 0.1093750016298145
0 0.5429687580908649 0.16354167519602925 0.17343750258442014 0.11093750165309757
0 0.801562511944212 0.8281250431900844 0.16875000251457095 0.14531250216532499
0 0.10312500153668225 0.5333333611488342 0.16875000251457095 0.15625000232830644
0 0.28750000428408384 0.2604166802484542 0.16875000251457095 0.15625000232830644
0 0.8718750129919499 0.5781250301515684 0.1625000024214387 0.17343750258442014
0 0.08437500125728548 0.16458334191702306 0.16562500246800482 0.21250000316649675
1 0.4343750064726919 0.744791705510579 0.3375000050291419 0.2984375044470653
1 0.4851562572293915 0.3156250164611265 0.06093750090803951 0.06093750090803951
1 0.6398437595344149 0.41770835511852056 0.06093750090803951 0.06093750090803951
0 0.7406250110361725 0.2229166782926768 0.16875000251457095 0.1531250022817403
0 0.8078125120373443 0.35416668513789773 0.16875000251457095 0.1531250022817403
0 0.5023437574855052 0.07500000391155481 0.17343750258442014 0.1093750016298145
0 0.5429687580908649 0.16354167519602925 0.17343750258442014 0.11093750165309757
0 0.801562511944212 0.8281250431900844 0.16875000251457095 0.14531250216532499
0 0.10312500153668225 0.5333333611488342 0.16875000251457095 0.15625000232830644
0 0.28750000428408384 0.2604166802484542 0.16875000251457095 0.15625000232830644
0 0.8718750129919499 0.5781250301515684 0.1625000024214387 0.17343750258442014
0 0.08437500125728548 0.16458334191702306 0.16562500246800482 0.21250000316649675
1 0.4343750064726919 0.744791705510579 0.3375000050291419 0.2984375044470653
1 0.4851562572293915 0.3156250164611265 0.06093750090803951 0.06093750090803951
1 0.6398437595344149 0.41770835511852056 0.06093750090803951 0.06093750090803951
0 0.7406250110361725 0.2229166782926768 0.16875000251457095 0.1531250022817403
0 0.8078125120373443 0.35416668513789773 0.16875000251457095 0.1531250022817403
0 0.5023437574855052 0.07500000391155481 0.17343750258442014 0.1093750016298145
0 0.5429687580908649 0.16354167519602925 0.17343750258442014 0.11093750165309757
0 0.801562511944212 0.8281250431900844 0.16875000251457095 0.14531250216532499
0 0.10312500153668225 0.5333333611488342 0.16875000251457095 0.15625000232830644
0 0.28750000428408384 0.2604166802484542 0.16875000251457095 0.15625000232830644
0 0.8718750129919499 0.5781250301515684 0.1625000024214387 0.17343750258442014
0 0.08437500125728548 0.16458334191702306 0.16562500246800482 0.21250000316649675
1 0.4343750064726919 0.744791705510579 0.3375000050291419 0.2984375044470653
1 0.4851562572293915 0.3156250164611265 0.06093750090803951 0.06093750090803951
1 0.6398437595344149 0.41770835511852056 0.06093750090803951 0.06093750090803951
0 0.7406250110361725 0.2229166782926768 0.16875000251457095 0.1531250022817403
0 0.8078125120373443 0.35416668513789773 0.16875000251457095 0.1531250022817403
0 0.5023437574855052 0.07500000391155481 0.17343750258442014 0.1093750016298145
0 0.5429687580908649 0.16354167519602925 0.17343750258442014 0.11093750165309757
0 0.801562511944212 0.8281250431900844 0.16875000251457095 0.14531250216532499
0 0.10312500153668225 0.5333333611488342 0.16875000251457095 0.15625000232830644
0 0.28750000428408384 0.2604166802484542 0.16875000251457095 0.15625000232830644
0 0.8718750129919499 0.5781250301515684 0.1625000024214387 0.17343750258442014
0 0.08437500125728548 0.16458334191702306 0.16562500246800482 0.21250000316649675
1 0.4343750064726919 0.744791705510579 0.3375000050291419 0.2984375044470653
1 0.4851562572293915 0.3156250164611265 0.06093750090803951 0.06093750090803951
1 0.6398437595344149 0.41770835511852056 0.06093750090803951 0.06093750090803951
0 0.7406250110361725 0.2229166782926768 0.16875000251457095 0.1531250022817403
0 0.8078125120373443 0.35416668513789773 0.16875000251457095 0.1531250022817403
0 0.5023437574855052 0.07500000391155481 0.17343750258442014 0.1093750016298145
0 0.5429687580908649 0.16354167519602925 0.17343750258442014 0.11093750165309757
0 0.801562511944212 0.8281250431900844 0.16875000251457095 0.14531250216532499
0 0.10312500153668225 0.5333333611488342 0.16875000251457095 0.15625000232830644
0 0.28750000428408384 0.2604166802484542 0.16875000251457095 0.15625000232830644
0 0.8718750129919499 0.5781250301515684 0.1625000024214387 0.17343750258442014
0 0.08437500125728548 0.16458334191702306 0.16562500246800482 0.21250000316649675
1 0.4343750064726919 0.744791705510579 0.3375000050291419 0.2984375044470653
1 0.4851562572293915 0.3156250164611265 0.06093750090803951 0.06093750090803951
1 0.6398437595344149 0.41770835511852056 0.06093750090803951 0.06093750090803951
0 0.7406250110361725 0.2229166782926768 0.16875000251457095 0.1531250022817403
0 0.8078125120373443 0.35416668513789773 0.16875000251457095 0.1531250022817403
0 0.5023437574855052 0.07500000391155481 0.17343750258442014 0.1093750016298145
0 0.5429687580908649 0.16354167519602925 0.17343750258442014 0.11093750165309757
0 0.801562511944212 0.8281250431900844 0.16875000251457095 0.14531250216532499
0 0.10312500153668225 0.5333333611488342 0.16875000251457095 0.15625000232830644
0 0.28750000428408384 0.2604166802484542 0.16875000251457095 0.15625000232830644
0 0.8718750129919499 0.5781250301515684 0.1625000024214387 0.17343750258442014
0 0.08437500125728548 0.16458334191702306 0.16562500246800482 0.21250000316649675
1 0.4343750064726919 0.744791705510579 0.3375000050291419 0.2984375044470653
1 0.4851562572293915 0.3156250164611265 0.06093750090803951 0.06093750090803951
1 0.6398437595344149 0.41770835511852056 0.06093750090803951 0.06093750090803951
0 0.7406250110361725 0.2229166782926768 0.16875000251457095 0.1531250022817403
0 0.8078125120373443 0.35416668513789773 0.16875000251457095 0.1531250022817403
0 0.5023437574855052 0.07500000391155481 0.17343750258442014 0.1093750016298145
0 0.5429687580908649 0.16354167519602925 0.17343750258442014 0.11093750165309757
0 0.801562511944212 0.8281250431900844 0.16875000251457095 0.14531250216532499
0 0.10312500153668225 0.5333333611488342 0.16875000251457095 0.15625000232830644
0 0.28750000428408384 0.2604166802484542 0.16875000251457095 0.15625000232830644
0 0.8718750129919499 0.5781250301515684 0.1625000024214387 0.17343750258442014
0 0.08437500125728548 0.16458334191702306 0.16562500246800482 0.21250000316649675
1 0.4343750064726919 0.744791705510579 0.3375000050291419 0.2984375044470653
1 0.4851562572293915 0.3156250164611265 0.06093750090803951 0.06093750090803951
1 0.6398437595344149 0.41770835511852056 0.06093750090803951 0.06093750090803951
0 0.7406250110361725 0.2229166782926768 0.16875000251457095 0.1531250022817403
0 0.8078125120373443 0.35416668513789773 0.16875000251457095 0.1531250022817403
0 0.5023437574855052 0.07500000391155481 0.17343750258442014 0.1093750016298145
0 0.5429687580908649 0.16354167519602925 0.17343750258442014 0.11093750165309757
0 0.801562511944212 0.8281250431900844 0.16875000251457095 0.14531250216532499
0 0.10312500153668225 0.5333333611488342 0.16875000251457095 0.15625000232830644
0 0.28750000428408384 0.2604166802484542 0.16875000251457095 0.15625000232830644
0 0.8718750129919499 0.5781250301515684 0.1625000024214387 0.17343750258442014
0 0.08437500125728548 0.16458334191702306 0.16562500246800482 0.21250000316649675
1 0.4343750064726919 0.744791705510579 0.3375000050291419 0.2984375044470653
2 0.4851562572293915 0.3156250164611265 0.06093750090803951 0.06093750090803951
2 0.6398437595344149 0.41770835511852056 0.06093750090803951 0.06093750090803951
0 0.7406250110361725 0.2229166782926768 0.16875000251457095 0.1531250022817403
0 0.8078125120373443 0.35416668513789773 0.16875000251457095 0.1531250022817403
0 0.5023437574855052 0.07500000391155481 0.17343750258442014 0.1093750016298145
0 0.5429687580908649 0.16354167519602925 0.17343750258442014 0.11093750165309757
0 0.801562511944212 0.8281250431900844 0.16875000251457095 0.14531250216532499
0 0.10312500153668225 0.5333333611488342 0.16875000251457095 0.15625000232830644
0 0.28750000428408384 0.2604166802484542 0.16875000251457095 0.15625000232830644
0 0.8718750129919499 0.5781250301515684 0.1625000024214387 0.17343750258442014
0 0.08437500125728548 0.16458334191702306 0.16562500246800482 0.21250000316649675
1 0.4343750064726919 0.744791705510579 0.3375000050291419 0.2984375044470653
2 0.4851562572293915 0.3156250164611265 0.06093750090803951 0.06093750090803951
2 0.6398437595344149 0.41770835511852056 0.06093750090803951 0.06093750090803951
0 0.7406250238418579 0.22291667759418488 0.16875000298023224 0.15312500298023224
0 0.807812511920929 0.3541666865348816 0.16875000298023224 0.15312500298023224
0 0.5023437738418579 0.07500000298023224 0.17343750596046448 0.109375
0 0.54296875 0.16354167461395264 0.17343750596046448 0.11093749850988388
0 0.801562488079071 0.8281250596046448 0.16875000298023224 0.14531250298023224
0 0.10312499850988388 0.5333333611488342 0.16875000298023224 0.15625
0 0.2874999940395355 0.2604166865348816 0.16875000298023224 0.15625
0 0.871874988079071 0.5781250596046448 0.16250000894069672 0.17343750596046448
0 0.08437500149011612 0.16458334028720856 0.16562500596046448 0.21250000596046448
1 0.43437501788139343 0.7447916865348816 0.3375000059604645 0.2984375059604645
2 0.48515626788139343 0.31562501192092896 0.06093750149011612 0.06093750149011612
2 0.639843761920929 0.4177083671092987 0.06093750149011612 0.06093750149011612
0 0.7406250238418579 0.22291667759418488 0.16875000298023224 0.15312500298023224
0 0.807812511920929 0.3541666865348816 0.16875000298023224 0.15312500298023224
0 0.5023437738418579 0.07500000298023224 0.17343750596046448 0.109375
0 0.54296875 0.16354167461395264 0.17343750596046448 0.11093749850988388
0 0.801562488079071 0.8281250596046448 0.16875000298023224 0.14531250298023224
0 0.10312499850988388 0.5333333611488342 0.16875000298023224 0.15625
0 0.2874999940395355 0.2604166865348816 0.16875000298023224 0.15625
0 0.871874988079071 0.5781250596046448 0.16250000894069672 0.17343750596046448
0 0.08437500149011612 0.16458334028720856 0.16562500596046448 0.21250000596046448
1 0.43437501788139343 0.7447916865348816 0.3375000059604645 0.2984375059604645
2 0.48515626788139343 0.31562501192092896 0.06093750149011612 0.06093750149011612
2 0.639843761920929 0.4177083671092987 0.06093750149011612 0.06093750149011612
0 0.7406250238418579 0.22291667759418488 0.16875000298023224 0.15312500298023224
0 0.807812511920929 0.3541666865348816 0.16875000298023224 0.15312500298023224
0 0.5023437738418579 0.07500000298023224 0.17343750596046448 0.109375
0 0.54296875 0.16354167461395264 0.17343750596046448 0.11093749850988388
0 0.801562488079071 0.8281250596046448 0.16875000298023224 0.14531250298023224
0 0.10312499850988388 0.5333333611488342 0.16875000298023224 0.15625
0 0.2874999940395355 0.2604166865348816 0.16875000298023224 0.15625
0 0.871874988079071 0.5781250596046448 0.16250000894069672 0.17343750596046448
0 0.08437500149011612 0.16458334028720856 0.16562500596046448 0.21250000596046448
1 0.43437501788139343 0.7447916865348816 0.3375000059604645 0.2984375059604645
2 0.48515626788139343 0.31562501192092896 0.06093750149011612 0.06093750149011612
2 0.639843761920929 0.4177083671092987 0.06093750149011612 0.06093750149011612
0 0.7406250238418579 0.22291667759418488 0.16875000298023224 0.15312500298023224
0 0.807812511920929 0.3541666865348816 0.16875000298023224 0.15312500298023224
0 0.5023437738418579 0.07500000298023224 0.17343750596046448 0.109375
0 0.54296875 0.16354167461395264 0.17343750596046448 0.11093749850988388
0 0.801562488079071 0.8281250596046448 0.16875000298023224 0.14531250298023224
0 0.10312499850988388 0.5333333611488342 0.16875000298023224 0.15625
0 0.2874999940395355 0.2604166865348816 0.16875000298023224 0.15625
0 0.871874988079071 0.5781250596046448 0.16250000894069672 0.17343750596046448
0 0.08437500149011612 0.16458334028720856 0.16562500596046448 0.21250000596046448
1 0.43437501788139343 0.7447916865348816 0.3375000059604645 0.2984375059604645
2 0.48515626788139343 0.31562501192092896 0.06093750149011612 0.06093750149011612
2 0.639843761920929 0.4177083671092987 0.06093750149011612 0.06093750149011612
0 0.7406250238418579 0.22291667759418488 0.16875000298023224 0.15312500298023224
0 0.807812511920929 0.3541666865348816 0.16875000298023224 0.15312500298023224
0 0.5023437738418579 0.07500000298023224 0.17343750596046448 0.109375
0 0.54296875 0.16354167461395264 0.17343750596046448 0.11093749850988388
0 0.801562488079071 0.8281250596046448 0.16875000298023224 0.14531250298023224
0 0.10312499850988388 0.5333333611488342 0.16875000298023224 0.15625
0 0.2874999940395355 0.2604166865348816 0.16875000298023224 0.15625
0 0.871874988079071 0.5781250596046448 0.16250000894069672 0.17343750596046448
0 0.08437500149011612 0.16458334028720856 0.16562500596046448 0.21250000596046448
1 0.43437501788139343 0.7447916865348816 0.3375000059604645 0.2984375059604645
2 0.48515626788139343 0.31562501192092896 0.06093750149011612 0.06093750149011612
2 0.639843761920929 0.4177083671092987 0.06093750149011612 0.06093750149011612
0 0.7406250238418579 0.22291667759418488 0.16875000298023224 0.15312500298023224
0 0.807812511920929 0.3541666865348816 0.16875000298023224 0.15312500298023224
0 0.5023437738418579 0.07500000298023224 0.17343750596046448 0.109375
0 0.54296875 0.16354167461395264 0.17343750596046448 0.11093749850988388
0 0.801562488079071 0.8281250596046448 0.16875000298023224 0.14531250298023224
0 0.10312499850988388 0.5333333611488342 0.16875000298023224 0.15625
0 0.2874999940395355 0.2604166865348816 0.16875000298023224 0.15625
0 0.871874988079071 0.5781250596046448 0.16250000894069672 0.17343750596046448
0 0.08437500149011612 0.16458334028720856 0.16562500596046448 0.21250000596046448
1 0.43437501788139343 0.7447916865348816 0.3375000059604645 0.2984375059604645
2 0.48515626788139343 0.31562501192092896 0.06093750149011612 0.06093750149011612
2 0.639843761920929 0.4177083671092987 0.06093750149011612 0.06093750149011612
0 0.7406250238418579 0.22291667759418488 0.16875000298023224 0.15312500298023224
0 0.807812511920929 0.3541666865348816 0.16875000298023224 0.15312500298023224
0 0.5023437738418579 0.07500000298023224 0.17343750596046448 0.109375
0 0.54296875 0.16354167461395264 0.17343750596046448 0.11093749850988388
0 0.801562488079071 0.8281250596046448 0.16875000298023224 0.14531250298023224
0 0.10312499850988388 0.5333333611488342 0.16875000298023224 0.15625
0 0.2874999940395355 0.2604166865348816 0.16875000298023224 0.15625
0 0.871874988079071 0.5781250596046448 0.16250000894069672 0.17343750596046448
0 0.08437500149011612 0.16458334028720856 0.16562500596046448 0.21250000596046448
1 0.43437501788139343 0.7447916865348816 0.3375000059604645 0.2984375059604645
2 0.48515626788139343 0.31562501192092896 0.06093750149011612 0.06093750149011612
2 0.639843761920929 0.4177083671092987 0.06093750149011612 0.06093750149011612
