0 0.8273437623283826 0.864583378424868 0.2109375031432137 0.14687500218860805
0 0.6921875103143975 0.32500001695007086 0.20937500311993062 0.1625000024214387
0 0.4421875065891072 0.5614583626156673 0.20000000298023224 0.14218750211875886
0 0.27031250402797014 0.7041667033918202 0.1531250022817403 0.1625000024214387
0 0.18984375282889232 0.9083333807066083 0.16406250244472176 0.13437500200234354
0 0.42656250635627657 0.7812500407453626 0.16875000251457095 0.15625000232830644
0 0.5539062582538463 0.7291667046956718 0.19218750286381692 0.1843750027474016
0 0.6500000096857548 0.5270833608228713 0.16875000251457095 0.15625000232830644
0 0.12968750193249434 0.12083333963528275 0.15000000223517418 0.17812500265426934
0 0.7984375118976459 0.5114583600079641 0.15625000232830644 0.1578125023515895
0 0.6687500099651515 0.1052083388203755 0.16875000251457095 0.15468750230502337
0 0.06015625089639798 0.36666668578982353 0.11718750174622983 0.2062500030733645
1 0.3687500054948032 0.26354168041143566 0.3718750055413693 0.33906250505242497
0 0.8273437623283826 0.864583378424868 0.2109375031432137 0.14687500218860805
0 0.6921875103143975 0.32500001695007086 0.20937500311993062 0.1625000024214387
0 0.4421875065891072 0.5614583626156673 0.20000000298023224 0.14218750211875886
0 0.27031250402797014 0.7041667033918202 0.1531250022817403 0.1625000024214387
0 0.18984375282889232 0.9083333807066083 0.16406250244472176 0.13437500200234354
0 0.42656250635627657 0.7812500407453626 0.16875000251457095 0.15625000232830644
0 0.5539062582538463 0.7291667046956718 0.19218750286381692 0.1843750027474016
0 0.6500000096857548 0.5270833608228713 0.16875000251457095 0.15625000232830644
0 0.12968750193249434 0.12083333963528275 0.15000000223517418 0.17812500265426934
0 0.7984375118976459 0.5114583600079641 0.15625000232830644 0.1578125023515895
0 0.6687500099651515 0.1052083388203755 0.16875000251457095 0.15468750230502337
0 0.06015625089639798 0.36666668578982353 0.11718750174622983 0.2062500030733645
1 0.3687500054948032 0.26354168041143566 0.3718750055413693 0.33906250505242497
0 0.8273437623283826 0.864583378424868 0.2109375031432137 0.14687500218860805
0 0.6921875103143975 0.32500001695007086 0.20937500311993062 0.1625000024214387
0 0.4421875065891072 0.5614583626156673 0.20000000298023224 0.14218750211875886
0 0.27031250402797014 0.7041667033918202 0.1531250022817403 0.1625000024214387
0 0.18984375282889232 0.9083333807066083 0.16406250244472176 0.13437500200234354
0 0.42656250635627657 0.7812500407453626 0.16875000251457095 0.15625000232830644
0 0.5539062582538463 0.7291667046956718 0.19218750286381692 0.1843750027474016
0 0.6500000096857548 0.5270833608228713 0.16875000251457095 0.15625000232830644
0 0.12968750193249434 0.12083333963528275 0.15000000223517418 0.17812500265426934
0 0.7984375118976459 0.5114583600079641 0.15625000232830644 0.1578125023515895
0 0.6687500099651515 0.1052083388203755 0.16875000251457095 0.15468750230502337
0 0.06015625089639798 0.36666668578982353 0.11718750174622983 0.2062500030733645
1 0.3687500054948032 0.26354168041143566 0.3718750055413693 0.33906250505242497
0 0.8273437623283826 0.864583378424868 0.2109375031432137 0.14687500218860805
0 0.6921875103143975 0.32500001695007086 0.20937500311993062 0.1625000024214387
0 0.4421875065891072 0.5614583626156673 0.20000000298023224 0.14218750211875886
0 0.27031250402797014 0.7041667033918202 0.1531250022817403 0.1625000024214387
0 0.18984375282889232 0.9083333807066083 0.16406250244472176 0.13437500200234354
0 0.42656250635627657 0.7812500407453626 0.16875000251457095 0.15625000232830644
0 0.5539062582538463 0.7291667046956718 0.19218750286381692 0.1843750027474016
0 0.6500000096857548 0.5270833608228713 0.16875000251457095 0.15625000232830644
0 0.12968750193249434 0.12083333963528275 0.15000000223517418 0.17812500265426934
0 0.7984375118976459 0.5114583600079641 0.15625000232830644 0.1578125023515895
0 0.6687500099651515 0.1052083388203755 0.16875000251457095 0.15468750230502337
0 0.06015625089639798 0.36666668578982353 0.11718750174622983 0.2062500030733645
1 0.3687500054948032 0.26354168041143566 0.3718750055413693 0.33906250505242497
0 0.8273437623283826 0.864583378424868 0.2109375031432137 0.14687500218860805
0 0.6921875103143975 0.32500001695007086 0.20937500311993062 0.1625000024214387
0 0.4421875065891072 0.5614583626156673 0.20000000298023224 0.14218750211875886
0 0.27031250402797014 0.7041667033918202 0.1531250022817403 0.1625000024214387
0 0.18984375282889232 0.9083333807066083 0.16406250244472176 0.13437500200234354
0 0.42656250635627657 0.7812500407453626 0.16875000251457095 0.15625000232830644
0 0.5539062582538463 0.7291667046956718 0.19218750286381692 0.1843750027474016
0 0.6500000096857548 0.5270833608228713 0.16875000251457095 0.15625000232830644
0 0.12968750193249434 0.12083333963528275 0.15000000223517418 0.17812500265426934
0 0.7984375118976459 0.5114583600079641 0.15625000232830644 0.1578125023515895
0 0.6687500099651515 0.1052083388203755 0.16875000251457095 0.15468750230502337
0 0.06015625089639798 0.36666668578982353 0.11718750174622983 0.2062500030733645
1 0.3687500054948032 0.26354168041143566 0.3718750055413693 0.33906250505242497
0 0.8273437623283826 0.864583378424868 0.2109375031432137 0.14687500218860805
0 0.6921875103143975 0.32500001695007086 0.20937500311993062 0.1625000024214387
0 0.4421875065891072 0.5614583626156673 0.20000000298023224 0.14218750211875886
0 0.27031250402797014 0.7041667033918202 0.1531250022817403 0.1625000024214387
0 0.18984375282889232 0.9083333807066083 0.16406250244472176 0.13437500200234354
0 0.42656250635627657 0.7812500407453626 0.16875000251457095 0.15625000232830644
0 0.5539062582538463 0.7291667046956718 0.19218750286381692 0.1843750027474016
0 0.6500000096857548 0.5270833608228713 0.16875000251457095 0.15625000232830644
0 0.12968750193249434 0.12083333963528275 0.15000000223517418 0.17812500265426934
0 0.7984375118976459 0.5114583600079641 0.15625000232830644 0.1578125023515895
0 0.6687500099651515 0.1052083388203755 0.16875000251457095 0.15468750230502337
0 0.06015625089639798 0.36666668578982353 0.11718750174622983 0.2062500030733645
1 0.3687500054948032 0.26354168041143566 0.3718750055413693 0.33906250505242497
0 0.8273437623283826 0.864583378424868 0.2109375031432137 0.14687500218860805
0 0.6921875103143975 0.32500001695007086 0.20937500311993062 0.1625000024214387
0 0.4421875065891072 0.5614583626156673 0.20000000298023224 0.14218750211875886
0 0.27031250402797014 0.7041667033918202 0.1531250022817403 0.1625000024214387
0 0.18984375282889232 0.9083333807066083 0.16406250244472176 0.13437500200234354
0 0.42656250635627657 0.7812500407453626 0.16875000251457095 0.15625000232830644
0 0.5539062582538463 0.7291667046956718 0.19218750286381692 0.1843750027474016
0 0.6500000096857548 0.5270833608228713 0.16875000251457095 0.15625000232830644
0 0.12968750193249434 0.12083333963528275 0.15000000223517418 0.17812500265426934
0 0.7984375118976459 0.5114583600079641 0.15625000232830644 0.1578125023515895
0 0.6687500099651515 0.1052083388203755 0.16875000251457095 0.15468750230502337
0 0.06015625089639798 0.36666668578982353 0.11718750174622983 0.2062500030733645
1 0.3687500054948032 0.26354168041143566 0.3718750055413693 0.33906250505242497
0 0.8273437623283826 0.864583378424868 0.2109375031432137 0.14687500218860805
0 0.6921875103143975 0.32500001695007086 0.20937500311993062 0.1625000024214387
0 0.4421875065891072 0.5614583626156673 0.20000000298023224 0.14218750211875886
0 0.27031250402797014 0.7041667033918202 0.1531250022817403 0.1625000024214387
0 0.18984375282889232 0.9083333807066083 0.16406250244472176 0.13437500200234354
0 0.42656250635627657 0.7812500407453626 0.16875000251457095 0.15625000232830644
0 0.5539062582538463 0.7291667046956718 0.19218750286381692 0.1843750027474016
0 0.6500000096857548 0.5270833608228713 0.16875000251457095 0.15625000232830644
0 0.12968750193249434 0.12083333963528275 0.15000000223517418 0.17812500265426934
0 0.7984375118976459 0.5114583600079641 0.15625000232830644 0.1578125023515895
0 0.6687500099651515 0.1052083388203755 0.16875000251457095 0.15468750230502337
0 0.06015625089639798 0.36666668578982353 0.11718750174622983 0.2062500030733645
1 0.3687500054948032 0.26354168041143566 0.3718750055413693 0.33906250505242497
0 0.8273437623283826 0.864583378424868 0.2109375031432137 0.14687500218860805
0 0.6921875103143975 0.32500001695007086 0.20937500311993062 0.1625000024214387
0 0.4421875065891072 0.5614583626156673 0.20000000298023224 0.14218750211875886
0 0.27031250402797014 0.7041667033918202 0.1531250022817403 0.1625000024214387
0 0.18984375282889232 0.9083333807066083 0.16406250244472176 0.13437500200234354
0 0.42656250635627657 0.7812500407453626 0.16875000251457095 0.15625000232830644
0 0.5539062582538463 0.7291667046956718 0.19218750286381692 0.1843750027474016
0 0.6500000096857548 0.5270833608228713 0.16875000251457095 0.15625000232830644
0 0.12968750193249434 0.12083333963528275 0.15000000223517418 0.17812500265426934
0 0.7984375118976459 0.5114583600079641 0.15625000232830644 0.1578125023515895
0 0.6687500099651515 0.1052083388203755 0.16875000251457095 0.15468750230502337
0 0.06015625089639798 0.36666668578982353 0.11718750174622983 0.2062500030733645
1 0.3687500054948032 0.26354168041143566 0.3718750055413693 0.33906250505242497
0 0.8273437623283826 0.864583378424868 0.2109375031432137 0.14687500218860805
0 0.6921875103143975 0.32500001695007086 0.20937500311993062 0.1625000024214387
0 0.4421875065891072 0.5614583626156673 0.20000000298023224 0.14218750211875886
0 0.27031250402797014 0.7041667033918202 0.1531250022817403 0.1625000024214387
0 0.18984375282889232 0.9083333807066083 0.16406250244472176 0.13437500200234354
0 0.42656250635627657 0.7812500407453626 0.16875000251457095 0.15625000232830644
0 0.5539062582538463 0.7291667046956718 0.19218750286381692 0.1843750027474016
0 0.6500000096857548 0.5270833608228713 0.16875000251457095 0.15625000232830644
0 0.12968750193249434 0.12083333963528275 0.15000000223517418 0.17812500265426934
0 0.7984375118976459 0.5114583600079641 0.15625000232830644 0.1578125023515895
0 0.6687500099651515 0.1052083388203755 0.16875000251457095 0.15468750230502337
0 0.06015625089639798 0.36666668578982353 0.11718750174622983 0.2062500030733645
1 0.3687500054948032 0.26354168041143566 0.3718750055413693 0.33906250505242497
0 0.8273437623283826 0.864583378424868 0.2109375031432137 0.14687500218860805
0 0.6921875103143975 0.32500001695007086 0.20937500311993062 0.1625000024214387
0 0.4421875065891072 0.5614583626156673 0.20000000298023224 0.14218750211875886
0 0.27031250402797014 0.7041667033918202 0.1531250022817403 0.1625000024214387
0 0.18984375282889232 0.9083333807066083 0.16406250244472176 0.13437500200234354
0 0.42656250635627657 0.7812500407453626 0.16875000251457095 0.15625000232830644
0 0.5539062582538463 0.7291667046956718 0.19218750286381692 0.1843750027474016
0 0.6500000096857548 0.5270833608228713 0.16875000251457095 0.15625000232830644
0 0.12968750193249434 0.12083333963528275 0.15000000223517418 0.17812500265426934
0 0.7984375118976459 0.5114583600079641 0.15625000232830644 0.1578125023515895
0 0.6687500099651515 0.1052083388203755 0.16875000251457095 0.15468750230502337
0 0.06015625089639798 0.36666668578982353 0.11718750174622983 0.2062500030733645
1 0.3687500054948032 0.26354168041143566 0.3718750055413693 0.33906250505242497
0 0.8273437623283826 0.864583378424868 0.2109375031432137 0.14687500218860805
0 0.6921875103143975 0.32500001695007086 0.20937500311993062 0.1625000024214387
0 0.4421875065891072 0.5614583626156673 0.20000000298023224 0.14218750211875886
0 0.27031250402797014 0.7041667033918202 0.1531250022817403 0.1625000024214387
0 0.18984375282889232 0.9083333807066083 0.16406250244472176 0.13437500200234354
0 0.42656250635627657 0.7812500407453626 0.16875000251457095 0.15625000232830644
0 0.5539062582538463 0.7291667046956718 0.19218750286381692 0.1843750027474016
0 0.6500000096857548 0.5270833608228713 0.16875000251457095 0.15625000232830644
0 0.12968750193249434 0.12083333963528275 0.15000000223517418 0.17812500265426934
0 0.7984375118976459 0.5114583600079641 0.15625000232830644 0.1578125023515895
0 0.6687500099651515 0.1052083388203755 0.16875000251457095 0.15468750230502337
0 0.06015625089639798 0.36666668578982353 0.11718750174622983 0.2062500030733645
1 0.3687500054948032 0.26354168041143566 0.3718750055413693 0.33906250505242497
0 0.8273437623283826 0.864583378424868 0.2109375031432137 0.14687500218860805
0 0.6921875103143975 0.32500001695007086 0.20937500311993062 0.1625000024214387
0 0.4421875065891072 0.5614583626156673 0.20000000298023224 0.14218750211875886
0 0.27031250402797014 0.7041667033918202 0.1531250022817403 0.1625000024214387
0 0.18984375282889232 0.9083333807066083 0.16406250244472176 0.13437500200234354
0 0.42656250635627657 0.7812500407453626 0.16875000251457095 0.15625000232830644
0 0.5539062582538463 0.7291667046956718 0.19218750286381692 0.1843750027474016
0 0.6500000096857548 0.5270833608228713 0.16875000251457095 0.15625000232830644
0 0.12968750193249434 0.12083333963528275 0.15000000223517418 0.17812500265426934
0 0.7984375118976459 0.5114583600079641 0.15625000232830644 0.1578125023515895
0 0.6687500099651515 0.1052083388203755 0.16875000251457095 0.15468750230502337
0 0.06015625089639798 0.36666668578982353 0.11718750174622983 0.2062500030733645
1 0.3687500054948032 0.26354168041143566 0.3718750055413693 0.33906250505242497
0 0.8273437623283826 0.864583378424868 0.2109375031432137 0.14687500218860805
0 0.6921875103143975 0.32500001695007086 0.20937500311993062 0.1625000024214387
0 0.4421875065891072 0.5614583626156673 0.20000000298023224 0.14218750211875886
0 0.27031250402797014 0.7041667033918202 0.1531250022817403 0.1625000024214387
0 0.18984375282889232 0.9083333807066083 0.16406250244472176 0.13437500200234354
0 0.42656250635627657 0.7812500407453626 0.16875000251457095 0.15625000232830644
0 0.5539062582538463 0.7291667046956718 0.19218750286381692 0.1843750027474016
0 0.6500000096857548 0.5270833608228713 0.16875000251457095 0.15625000232830644
0 0.12968750193249434 0.12083333963528275 0.15000000223517418 0.17812500265426934
0 0.7984375118976459 0.5114583600079641 0.15625000232830644 0.1578125023515895
0 0.6687500099651515 0.1052083388203755 0.16875000251457095 0.15468750230502337
0 0.06015625089639798 0.36666668578982353 0.11718750174622983 0.2062500030733645
1 0.3687500054948032 0.26354168041143566 0.3718750055413693 0.33906250505242497
0 0.8273437623283826 0.864583378424868 0.2109375031432137 0.14687500218860805
0 0.6921875103143975 0.32500001695007086 0.20937500311993062 0.1625000024214387
0 0.4421875065891072 0.5614583626156673 0.20000000298023224 0.14218750211875886
0 0.27031250402797014 0.7041667033918202 0.1531250022817403 0.1625000024214387
0 0.18984375282889232 0.9083333807066083 0.16406250244472176 0.13437500200234354
0 0.42656250635627657 0.7812500407453626 0.16875000251457095 0.15625000232830644
0 0.5539062582538463 0.7291667046956718 0.19218750286381692 0.1843750027474016
0 0.6500000096857548 0.5270833608228713 0.16875000251457095 0.15625000232830644
0 0.12968750193249434 0.12083333963528275 0.15000000223517418 0.17812500265426934
0 0.7984375118976459 0.5114583600079641 0.15625000232830644 0.1578125023515895
0 0.6687500099651515 0.1052083388203755 0.16875000251457095 0.15468750230502337
0 0.06015625089639798 0.36666668578982353 0.11718750174622983 0.2062500030733645
1 0.3687500054948032 0.26354168041143566 0.3718750055413693 0.33906250505242497
0 0.827343761920929 0.8645833730697632 0.2109375 0.14687500894069672
0 0.692187488079071 0.32500001788139343 0.20937500894069672 0.16250000894069672
0 0.44218751788139343 0.5614583492279053 0.20000000298023224 0.14218750596046448
0 0.27031251788139343 0.7041667103767395 0.15312500298023224 0.16250000894069672
0 0.18984375894069672 0.9083333611488342 0.1640625 0.13437500596046448
0 0.42656251788139343 0.7812500596046448 0.16875000298023224 0.15625
0 0.553906261920929 0.7291666865348816 0.19218750298023224 0.18437500298023224
0 0.6500000357627869 0.5270833373069763 0.16875000298023224 0.15625
0 0.12968750298023224 0.12083333730697632 0.15000000596046448 0.17812500894069672
0 0.7984375357627869 0.5114583373069763 0.15625 0.15781250596046448
0 0.668749988079071 0.10520833730697632 0.16875000298023224 0.15468750894069672
0 0.06015625223517418 0.36666667461395264 0.1171875 0.20624999701976776
1 0.3687500059604645 0.26354166865348816 0.37187501788139343 0.33906251192092896
0 0.827343761920929 0.8645833730697632 0.2109375 0.14687500894069672
0 0.692187488079071 0.32500001788139343 0.20937500894069672 0.16250000894069672
0 0.44218751788139343 0.5614583492279053 0.20000000298023224 0.14218750596046448
0 0.27031251788139343 0.7041667103767395 0.15312500298023224 0.16250000894069672
0 0.18984375894069672 0.9083333611488342 0.1640625 0.13437500596046448
0 0.42656251788139343 0.7812500596046448 0.16875000298023224 0.15625
0 0.553906261920929 0.7291666865348816 0.19218750298023224 0.18437500298023224
0 0.6500000357627869 0.5270833373069763 0.16875000298023224 0.15625
0 0.12968750298023224 0.12083333730697632 0.15000000596046448 0.17812500894069672
0 0.7984375357627869 0.5114583373069763 0.15625 0.15781250596046448
0 0.668749988079071 0.10520833730697632 0.16875000298023224 0.15468750894069672
0 0.06015625223517418 0.36666667461395264 0.1171875 0.20624999701976776
1 0.3687500059604645 0.26354166865348816 0.37187501788139343 0.33906251192092896
0 0.827343761920929 0.8645833730697632 0.2109375 0.14687500894069672
0 0.692187488079071 0.32500001788139343 0.20937500894069672 0.16250000894069672
0 0.44218751788139343 0.5614583492279053 0.20000000298023224 0.14218750596046448
0 0.27031251788139343 0.7041667103767395 0.15312500298023224 0.16250000894069672
0 0.18984375894069672 0.9083333611488342 0.1640625 0.13437500596046448
0 0.42656251788139343 0.7812500596046448 0.16875000298023224 0.15625
0 0.553906261920929 0.7291666865348816 0.19218750298023224 0.18437500298023224
0 0.6500000357627869 0.5270833373069763 0.16875000298023224 0.15625
0 0.12968750298023224 0.12083333730697632 0.15000000596046448 0.17812500894069672
0 0.7984375357627869 0.5114583373069763 0.15625 0.15781250596046448
0 0.668749988079071 0.10520833730697632 0.16875000298023224 0.15468750894069672
0 0.06015625223517418 0.36666667461395264 0.1171875 0.20624999701976776
1 0.3687500059604645 0.26354166865348816 0.37187501788139343 0.33906251192092896
0 0.827343761920929 0.8645833730697632 0.2109375 0.14687500894069672
0 0.692187488079071 0.32500001788139343 0.20937500894069672 0.16250000894069672
0 0.44218751788139343 0.5614583492279053 0.20000000298023224 0.14218750596046448
0 0.27031251788139343 0.7041667103767395 0.15312500298023224 0.16250000894069672
0 0.18984375894069672 0.9083333611488342 0.1640625 0.13437500596046448
0 0.42656251788139343 0.7812500596046448 0.16875000298023224 0.15625
0 0.553906261920929 0.7291666865348816 0.19218750298023224 0.18437500298023224
0 0.6500000357627869 0.5270833373069763 0.16875000298023224 0.15625
0 0.12968750298023224 0.12083333730697632 0.15000000596046448 0.17812500894069672
0 0.7984375357627869 0.5114583373069763 0.15625 0.15781250596046448
0 0.668749988079071 0.10520833730697632 0.16875000298023224 0.15468750894069672
0 0.06015625223517418 0.36666667461395264 0.1171875 0.20624999701976776
1 0.3687500059604645 0.26354166865348816 0.37187501788139343 0.33906251192092896
0 0.827343761920929 0.8645833730697632 0.2109375 0.14687500894069672
0 0.692187488079071 0.32500001788139343 0.20937500894069672 0.16250000894069672
0 0.44218751788139343 0.5614583492279053 0.20000000298023224 0.14218750596046448
0 0.27031251788139343 0.7041667103767395 0.15312500298023224 0.16250000894069672
0 0.18984375894069672 0.9083333611488342 0.1640625 0.13437500596046448
0 0.42656251788139343 0.7812500596046448 0.16875000298023224 0.15625
0 0.553906261920929 0.7291666865348816 0.19218750298023224 0.18437500298023224
0 0.6500000357627869 0.5270833373069763 0.16875000298023224 0.15625
0 0.12968750298023224 0.12083333730697632 0.15000000596046448 0.17812500894069672
0 0.7984375357627869 0.5114583373069763 0.15625 0.15781250596046448
0 0.668749988079071 0.10520833730697632 0.16875000298023224 0.15468750894069672
0 0.06015625223517418 0.36666667461395264 0.1171875 0.20624999701976776
1 0.3687500059604645 0.26354166865348816 0.37187501788139343 0.33906251192092896
0 0.827343761920929 0.8645833730697632 0.2109375 0.14687500894069672
0 0.692187488079071 0.32500001788139343 0.20937500894069672 0.16250000894069672
0 0.44218751788139343 0.5614583492279053 0.20000000298023224 0.14218750596046448
0 0.27031251788139343 0.7041667103767395 0.15312500298023224 0.16250000894069672
0 0.18984375894069672 0.9083333611488342 0.1640625 0.13437500596046448
0 0.42656251788139343 0.7812500596046448 0.16875000298023224 0.15625
0 0.553906261920929 0.7291666865348816 0.19218750298023224 0.18437500298023224
0 0.6500000357627869 0.5270833373069763 0.16875000298023224 0.15625
0 0.12968750298023224 0.12083333730697632 0.15000000596046448 0.17812500894069672
0 0.7984375357627869 0.5114583373069763 0.15625 0.15781250596046448
0 0.668749988079071 0.10520833730697632 0.16875000298023224 0.15468750894069672
0 0.06015625223517418 0.36666667461395264 0.1171875 0.20624999701976776
1 0.3687500059604645 0.26354166865348816 0.37187501788139343 0.33906251192092896
0 0.827343761920929 0.8645833730697632 0.2109375 0.14687500894069672
0 0.692187488079071 0.32500001788139343 0.20937500894069672 0.16250000894069672
0 0.44218751788139343 0.5614583492279053 0.20000000298023224 0.14218750596046448
0 0.27031251788139343 0.7041667103767395 0.15312500298023224 0.16250000894069672
0 0.18984375894069672 0.9083333611488342 0.1640625 0.13437500596046448
0 0.42656251788139343 0.7812500596046448 0.16875000298023224 0.15625
0 0.553906261920929 0.7291666865348816 0.19218750298023224 0.18437500298023224
0 0.6500000357627869 0.5270833373069763 0.16875000298023224 0.15625
0 0.12968750298023224 0.12083333730697632 0.15000000596046448 0.17812500894069672
0 0.7984375357627869 0.5114583373069763 0.15625 0.15781250596046448
0 0.668749988079071 0.10520833730697632 0.16875000298023224 0.15468750894069672
0 0.06015625223517418 0.36666667461395264 0.1171875 0.20624999701976776
1 0.3687500059604645 0.26354166865348816 0.37187501788139343 0.33906251192092896
