0 0.40937500610016286 0.8364583769580349 0.15000000223517418 0.16093750239815563
0 0.7523437612107955 0.7041667033918202 0.13281250197906047 0.13750000204890966
0 0.255468753806781 0.5645833627786487 0.1890625028172508 0.15937500237487257
0 0.5171875077066943 0.5385416947538033 0.18125000270083547 0.13906250207219273
0 0.9023437634459697 0.6781250353669748 0.16406250244472176 0.13281250197906047
0 0.8773437630734406 0.9114583808695897 0.1796875026775524 0.13281250197906047
0 0.23203125345753506 0.9302083818474784 0.17343750258442014 0.10468750155996531
0 0.10312500153668225 0.8260417097480968 0.1843750027474016 0.1359375020256266
0 0.6585937598138116 0.3510416849749163 0.15156250225845724 0.16406250244472176
0 0.7929687618161552 0.3656250190688297 0.1359375020256266 0.1671875024912879
0 0.5179687577183358 0.28645834827329963 0.1359375020256266 0.1671875024912879
0 0.6093750090803951 0.665625034715049 0.17187500256113708 0.14531250216532499
0 0.9445312640746124 0.5010416927980259 0.11093750165309757 0.14218750211875886
0 0.7054687605123036 0.9052083805436268 0.17656250263098627 0.14218750211875886
1 0.27812500414438546 0.2416666792705655 0.36250000540167093 0.34062500507570803
0 0.40937500610016286 0.8364583769580349 0.15000000223517418 0.16093750239815563
0 0.7523437612107955 0.7041667033918202 0.13281250197906047 0.13750000204890966
0 0.255468753806781 0.5645833627786487 0.1890625028172508 0.15937500237487257
0 0.5171875077066943 0.5385416947538033 0.18125000270083547 0.13906250207219273
0 0.9023437634459697 0.6781250353669748 0.16406250244472176 0.13281250197906047
0 0.8773437630734406 0.9114583808695897 0.1796875026775524 0.13281250197906047
0 0.23203125345753506 0.9302083818474784 0.17343750258442014 0.10468750155996531
0 0.10312500153668225 0.8260417097480968 0.1843750027474016 0.1359375020256266
0 0.6585937598138116 0.3510416849749163 0.15156250225845724 0.16406250244472176
0 0.7929687618161552 0.3656250190688297 0.1359375020256266 0.1671875024912879
0 0.5179687577183358 0.28645834827329963 0.1359375020256266 0.1671875024912879
0 0.6093750090803951 0.665625034715049 0.17187500256113708 0.14531250216532499
0 0.9445312640746124 0.5010416927980259 0.11093750165309757 0.14218750211875886
0 0.7054687605123036 0.9052083805436268 0.17656250263098627 0.14218750211875886
1 0.27812500414438546 0.2416666792705655 0.36250000540167093 0.34062500507570803
0 0.40937500610016286 0.8364583769580349 0.15000000223517418 0.16093750239815563
0 0.7523437612107955 0.7041667033918202 0.13281250197906047 0.13750000204890966
0 0.255468753806781 0.5645833627786487 0.1890625028172508 0.15937500237487257
0 0.5171875077066943 0.5385416947538033 0.18125000270083547 0.13906250207219273
0 0.9023437634459697 0.6781250353669748 0.16406250244472176 0.13281250197906047
0 0.8773437630734406 0.9114583808695897 0.1796875026775524 0.13281250197906047
0 0.23203125345753506 0.9302083818474784 0.17343750258442014 0.10468750155996531
0 0.10312500153668225 0.8260417097480968 0.1843750027474016 0.1359375020256266
0 0.6585937598138116 0.3510416849749163 0.15156250225845724 0.16406250244472176
0 0.7929687618161552 0.3656250190688297 0.1359375020256266 0.1671875024912879
0 0.5179687577183358 0.28645834827329963 0.1359375020256266 0.1671875024912879
0 0.6093750090803951 0.665625034715049 0.17187500256113708 0.14531250216532499
0 0.9445312640746124 0.5010416927980259 0.11093750165309757 0.14218750211875886
0 0.7054687605123036 0.9052083805436268 0.17656250263098627 0.14218750211875886
1 0.27812500414438546 0.2416666792705655 0.36250000540167093 0.34062500507570803
0 0.40937500610016286 0.8364583769580349 0.15000000223517418 0.16093750239815563
0 0.7523437612107955 0.7041667033918202 0.13281250197906047 0.13750000204890966
0 0.255468753806781 0.5645833627786487 0.1890625028172508 0.15937500237487257
0 0.5171875077066943 0.5385416947538033 0.18125000270083547 0.13906250207219273
0 0.9023437634459697 0.6781250353669748 0.16406250244472176 0.13281250197906047
0 0.8773437630734406 0.9114583808695897 0.1796875026775524 0.13281250197906047
0 0.23203125345753506 0.9302083818474784 0.17343750258442014 0.10468750155996531
0 0.10312500153668225 0.8260417097480968 0.1843750027474016 0.1359375020256266
0 0.6585937598138116 0.3510416849749163 0.15156250225845724 0.16406250244472176
0 0.7929687618161552 0.3656250190688297 0.1359375020256266 0.1671875024912879
0 0.5179687577183358 0.28645834827329963 0.1359375020256266 0.1671875024912879
0 0.6093750090803951 0.665625034715049 0.17187500256113708 0.14531250216532499
0 0.9445312640746124 0.5010416927980259 0.11093750165309757 0.14218750211875886
0 0.7054687605123036 0.9052083805436268 0.17656250263098627 0.14218750211875886
1 0.27812500414438546 0.2416666792705655 0.36250000540167093 0.34062500507570803
0 0.40937500610016286 0.8364583769580349 0.15000000223517418 0.16093750239815563
0 0.7523437612107955 0.7041667033918202 0.13281250197906047 0.13750000204890966
0 0.255468753806781 0.5645833627786487 0.1890625028172508 0.15937500237487257
0 0.5171875077066943 0.5385416947538033 0.18125000270083547 0.13906250207219273
0 0.9023437634459697 0.6781250353669748 0.16406250244472176 0.13281250197906047
0 0.8773437630734406 0.9114583808695897 0.1796875026775524 0.13281250197906047
0 0.23203125345753506 0.9302083818474784 0.17343750258442014 0.10468750155996531
0 0.10312500153668225 0.8260417097480968 0.1843750027474016 0.1359375020256266
0 0.6585937598138116 0.3510416849749163 0.15156250225845724 0.16406250244472176
0 0.7929687618161552 0.3656250190688297 0.1359375020256266 0.1671875024912879
0 0.5179687577183358 0.28645834827329963 0.1359375020256266 0.1671875024912879
0 0.6093750090803951 0.665625034715049 0.17187500256113708 0.14531250216532499
0 0.9445312640746124 0.5010416927980259 0.11093750165309757 0.14218750211875886
0 0.7054687605123036 0.9052083805436268 0.17656250263098627 0.14218750211875886
1 0.27812500414438546 0.2416666792705655 0.36250000540167093 0.34062500507570803
0 0.40937500610016286 0.8364583769580349 0.15000000223517418 0.16093750239815563
0 0.7523437612107955 0.7041667033918202 0.13281250197906047 0.13750000204890966
0 0.255468753806781 0.5645833627786487 0.1890625028172508 0.15937500237487257
0 0.5171875077066943 0.5385416947538033 0.18125000270083547 0.13906250207219273
0 0.9023437634459697 0.6781250353669748 0.16406250244472176 0.13281250197906047
0 0.8773437630734406 0.9114583808695897 0.1796875026775524 0.13281250197906047
0 0.23203125345753506 0.9302083818474784 0.17343750258442014 0.10468750155996531
0 0.10312500153668225 0.8260417097480968 0.1843750027474016 0.1359375020256266
0 0.6585937598138116 0.3510416849749163 0.15156250225845724 0.16406250244472176
0 0.7929687618161552 0.3656250190688297 0.1359375020256266 0.1671875024912879
0 0.5179687577183358 0.28645834827329963 0.1359375020256266 0.1671875024912879
0 0.6093750090803951 0.665625034715049 0.17187500256113708 0.14531250216532499
0 0.9445312640746124 0.5010416927980259 0.11093750165309757 0.14218750211875886
0 0.7054687605123036 0.9052083805436268 0.17656250263098627 0.14218750211875886
1 0.27812500414438546 0.2416666792705655 0.36250000540167093 0.34062500507570803
0 0.40937500610016286 0.8364583769580349 0.15000000223517418 0.16093750239815563
0 0.7523437612107955 0.7041667033918202 0.13281250197906047 0.13750000204890966
0 0.255468753806781 0.5645833627786487 0.1890625028172508 0.15937500237487257
0 0.5171875077066943 0.5385416947538033 0.18125000270083547 0.13906250207219273
0 0.9023437634459697 0.6781250353669748 0.16406250244472176 0.13281250197906047
0 0.8773437630734406 0.9114583808695897 0.1796875026775524 0.13281250197906047
0 0.23203125345753506 0.9302083818474784 0.17343750258442014 0.10468750155996531
0 0.10312500153668225 0.8260417097480968 0.1843750027474016 0.1359375020256266
0 0.6585937598138116 0.3510416849749163 0.15156250225845724 0.16406250244472176
0 0.7929687618161552 0.3656250190688297 0.1359375020256266 0.1671875024912879
0 0.5179687577183358 0.28645834827329963 0.1359375020256266 0.1671875024912879
0 0.6093750090803951 0.665625034715049 0.17187500256113708 0.14531250216532499
0 0.9445312640746124 0.5010416927980259 0.11093750165309757 0.14218750211875886
0 0.7054687605123036 0.9052083805436268 0.17656250263098627 0.14218750211875886
1 0.27812500414438546 0.2416666792705655 0.36250000540167093 0.34062500507570803
0 0.40937500610016286 0.8364583769580349 0.15000000223517418 0.16093750239815563
0 0.7523437612107955 0.7041667033918202 0.13281250197906047 0.13750000204890966
0 0.255468753806781 0.5645833627786487 0.1890625028172508 0.15937500237487257
0 0.5171875077066943 0.5385416947538033 0.18125000270083547 0.13906250207219273
0 0.9023437634459697 0.6781250353669748 0.16406250244472176 0.13281250197906047
0 0.8773437630734406 0.9114583808695897 0.1796875026775524 0.13281250197906047
0 0.23203125345753506 0.9302083818474784 0.17343750258442014 0.10468750155996531
0 0.10312500153668225 0.8260417097480968 0.1843750027474016 0.1359375020256266
0 0.6585937598138116 0.3510416849749163 0.15156250225845724 0.16406250244472176
0 0.7929687618161552 0.3656250190688297 0.1359375020256266 0.1671875024912879
0 0.5179687577183358 0.28645834827329963 0.1359375020256266 0.1671875024912879
0 0.6093750090803951 0.665625034715049 0.17187500256113708 0.14531250216532499
0 0.9445312640746124 0.5010416927980259 0.11093750165309757 0.14218750211875886
0 0.7054687605123036 0.9052083805436268 0.17656250263098627 0.14218750211875886
1 0.27812500414438546 0.2416666792705655 0.36250000540167093 0.34062500507570803
0 0.40937500610016286 0.8364583769580349 0.15000000223517418 0.16093750239815563
0 0.7523437612107955 0.7041667033918202 0.13281250197906047 0.13750000204890966
0 0.255468753806781 0.5645833627786487 0.1890625028172508 0.15937500237487257
0 0.5171875077066943 0.5385416947538033 0.18125000270083547 0.13906250207219273
0 0.9023437634459697 0.6781250353669748 0.16406250244472176 0.13281250197906047
0 0.8773437630734406 0.9114583808695897 0.1796875026775524 0.13281250197906047
0 0.23203125345753506 0.9302083818474784 0.17343750258442014 0.10468750155996531
0 0.10312500153668225 0.8260417097480968 0.1843750027474016 0.1359375020256266
0 0.6585937598138116 0.3510416849749163 0.15156250225845724 0.16406250244472176
0 0.7929687618161552 0.3656250190688297 0.1359375020256266 0.1671875024912879
0 0.5179687577183358 0.28645834827329963 0.1359375020256266 0.1671875024912879
0 0.6093750090803951 0.665625034715049 0.17187500256113708 0.14531250216532499
0 0.9445312640746124 0.5010416927980259 0.11093750165309757 0.14218750211875886
0 0.7054687605123036 0.9052083805436268 0.17656250263098627 0.14218750211875886
1 0.27812500414438546 0.2416666792705655 0.36250000540167093 0.34062500507570803
0 0.40937500610016286 0.8364583769580349 0.15000000223517418 0.16093750239815563
0 0.7523437612107955 0.7041667033918202 0.13281250197906047 0.13750000204890966
0 0.255468753806781 0.5645833627786487 0.1890625028172508 0.15937500237487257
0 0.5171875077066943 0.5385416947538033 0.18125000270083547 0.13906250207219273
0 0.9023437634459697 0.6781250353669748 0.16406250244472176 0.13281250197906047
0 0.8773437630734406 0.9114583808695897 0.1796875026775524 0.13281250197906047
0 0.23203125345753506 0.9302083818474784 0.17343750258442014 0.10468750155996531
0 0.10312500153668225 0.8260417097480968 0.1843750027474016 0.1359375020256266
0 0.6585937598138116 0.3510416849749163 0.15156250225845724 0.16406250244472176
0 0.7929687618161552 0.3656250190688297 0.1359375020256266 0.1671875024912879
0 0.5179687577183358 0.28645834827329963 0.1359375020256266 0.1671875024912879
0 0.6093750090803951 0.665625034715049 0.17187500256113708 0.14531250216532499
0 0.9445312640746124 0.5010416927980259 0.11093750165309757 0.14218750211875886
0 0.7054687605123036 0.9052083805436268 0.17656250263098627 0.14218750211875886
1 0.27812500414438546 0.2416666792705655 0.36250000540167093 0.34062500507570803
0 0.40937500610016286 0.8364583769580349 0.15000000223517418 0.16093750239815563
0 0.7523437612107955 0.7041667033918202 0.13281250197906047 0.13750000204890966
0 0.255468753806781 0.5645833627786487 0.1890625028172508 0.15937500237487257
0 0.5171875077066943 0.5385416947538033 0.18125000270083547 0.13906250207219273
0 0.9023437634459697 0.6781250353669748 0.16406250244472176 0.13281250197906047
0 0.8773437630734406 0.9114583808695897 0.1796875026775524 0.13281250197906047
0 0.23203125345753506 0.9302083818474784 0.17343750258442014 0.10468750155996531
0 0.10312500153668225 0.8260417097480968 0.1843750027474016 0.1359375020256266
0 0.6585937598138116 0.3510416849749163 0.15156250225845724 0.16406250244472176
0 0.7929687618161552 0.3656250190688297 0.1359375020256266 0.1671875024912879
0 0.5179687577183358 0.28645834827329963 0.1359375020256266 0.1671875024912879
0 0.6093750090803951 0.665625034715049 0.17187500256113708 0.14531250216532499
0 0.9445312640746124 0.5010416927980259 0.11093750165309757 0.14218750211875886
0 0.7054687605123036 0.9052083805436268 0.17656250263098627 0.14218750211875886
1 0.27812500414438546 0.2416666792705655 0.36250000540167093 0.34062500507570803
0 0.40937500610016286 0.8364583769580349 0.15000000223517418 0.16093750239815563
0 0.7523437612107955 0.7041667033918202 0.13281250197906047 0.13750000204890966
0 0.255468753806781 0.5645833627786487 0.1890625028172508 0.15937500237487257
0 0.5171875077066943 0.5385416947538033 0.18125000270083547 0.13906250207219273
0 0.9023437634459697 0.6781250353669748 0.16406250244472176 0.13281250197906047
0 0.8773437630734406 0.9114583808695897 0.1796875026775524 0.13281250197906047
0 0.23203125345753506 0.9302083818474784 0.17343750258442014 0.10468750155996531
0 0.10312500153668225 0.8260417097480968 0.1843750027474016 0.1359375020256266
0 0.6585937598138116 0.3510416849749163 0.15156250225845724 0.16406250244472176
0 0.7929687618161552 0.3656250190688297 0.1359375020256266 0.1671875024912879
0 0.5179687577183358 0.28645834827329963 0.1359375020256266 0.1671875024912879
0 0.6093750090803951 0.665625034715049 0.17187500256113708 0.14531250216532499
0 0.9445312640746124 0.5010416927980259 0.11093750165309757 0.14218750211875886
0 0.7054687605123036 0.9052083805436268 0.17656250263098627 0.14218750211875886
1 0.27812500414438546 0.2416666792705655 0.36250000540167093 0.34062500507570803
0 0.40937500610016286 0.8364583769580349 0.15000000223517418 0.16093750239815563
0 0.7523437612107955 0.7041667033918202 0.13281250197906047 0.13750000204890966
0 0.255468753806781 0.5645833627786487 0.1890625028172508 0.15937500237487257
0 0.5171875077066943 0.5385416947538033 0.18125000270083547 0.13906250207219273
0 0.9023437634459697 0.6781250353669748 0.16406250244472176 0.13281250197906047
0 0.8773437630734406 0.9114583808695897 0.1796875026775524 0.13281250197906047
0 0.23203125345753506 0.9302083818474784 0.17343750258442014 0.10468750155996531
0 0.10312500153668225 0.8260417097480968 0.1843750027474016 0.1359375020256266
0 0.6585937598138116 0.3510416849749163 0.15156250225845724 0.16406250244472176
0 0.7929687618161552 0.3656250190688297 0.1359375020256266 0.1671875024912879
0 0.5179687577183358 0.28645834827329963 0.1359375020256266 0.1671875024912879
0 0.6093750090803951 0.665625034715049 0.17187500256113708 0.14531250216532499
0 0.9445312640746124 0.5010416927980259 0.11093750165309757 0.14218750211875886
0 0.7054687605123036 0.9052083805436268 0.17656250263098627 0.14218750211875886
1 0.27812500414438546 0.2416666792705655 0.36250000540167093 0.34062500507570803
0 0.40937500610016286 0.8364583769580349 0.15000000223517418 0.16093750239815563
0 0.7523437612107955 0.7041667033918202 0.13281250197906047 0.13750000204890966
0 0.255468753806781 0.5645833627786487 0.1890625028172508 0.15937500237487257
0 0.5171875077066943 0.5385416947538033 0.18125000270083547 0.13906250207219273
0 0.9023437634459697 0.6781250353669748 0.16406250244472176 0.13281250197906047
0 0.8773437630734406 0.9114583808695897 0.1796875026775524 0.13281250197906047
0 0.23203125345753506 0.9302083818474784 0.17343750258442014 0.10468750155996531
0 0.10312500153668225 0.8260417097480968 0.1843750027474016 0.1359375020256266
0 0.6585937598138116 0.3510416849749163 0.15156250225845724 0.16406250244472176
0 0.7929687618161552 0.3656250190688297 0.1359375020256266 0.1671875024912879
0 0.5179687577183358 0.28645834827329963 0.1359375020256266 0.1671875024912879
0 0.6093750090803951 0.665625034715049 0.17187500256113708 0.14531250216532499
0 0.9445312640746124 0.5010416927980259 0.11093750165309757 0.14218750211875886
0 0.7054687605123036 0.9052083805436268 0.17656250263098627 0.14218750211875886
1 0.27812500414438546 0.2416666792705655 0.36250000540167093 0.34062500507570803
0 0.40937500610016286 0.8364583769580349 0.15000000223517418 0.16093750239815563
0 0.7523437612107955 0.7041667033918202 0.13281250197906047 0.13750000204890966
0 0.255468753806781 0.5645833627786487 0.1890625028172508 0.15937500237487257
0 0.5171875077066943 0.5385416947538033 0.18125000270083547 0.13906250207219273
0 0.9023437634459697 0.6781250353669748 0.16406250244472176 0.13281250197906047
0 0.8773437630734406 0.9114583808695897 0.1796875026775524 0.13281250197906047
0 0.23203125345753506 0.9302083818474784 0.17343750258442014 0.10468750155996531
0 0.10312500153668225 0.8260417097480968 0.1843750027474016 0.1359375020256266
0 0.6585937598138116 0.3510416849749163 0.15156250225845724 0.16406250244472176
0 0.7929687618161552 0.3656250190688297 0.1359375020256266 0.1671875024912879
0 0.5179687577183358 0.28645834827329963 0.1359375020256266 0.1671875024912879
0 0.6093750090803951 0.665625034715049 0.17187500256113708 0.14531250216532499
0 0.9445312640746124 0.5010416927980259 0.11093750165309757 0.14218750211875886
0 0.7054687605123036 0.9052083805436268 0.17656250263098627 0.14218750211875886
1 0.27812500414438546 0.2416666792705655 0.36250000540167093 0.34062500507570803
0 0.40937501192092896 0.8364583849906921 0.15000000596046448 0.16093750298023224
0 0.7523437738418579 0.7041667103767395 0.1328125 0.13750000298023224
0 0.2554687559604645 0.5645833611488342 0.18906250596046448 0.15937499701976776
0 0.5171875357627869 0.5385416746139526 0.18125000596046448 0.13906250894069672
0 0.90234375 0.6781250238418579 0.1640625 0.1328125
0 0.8773437738418579 0.9114583730697632 0.1796875 0.1328125
0 0.23203125596046448 0.9302083849906921 0.17343750596046448 0.10468750447034836
0 0.10312499850988388 0.8260416984558105 0.18437500298023224 0.13593749701976776
0 0.6585937738418579 0.35104167461395264 0.15156249701976776 0.1640625
0 0.79296875 0.3656250238418579 0.13593749701976776 0.16718749701976776
0 0.5179687738418579 0.2864583432674408 0.13593749701976776 0.16718749701976776
0 0.609375 0.6656250357627869 0.171875 0.14531250298023224
0 0.944531261920929 0.5010417103767395 0.11093749850988388 0.14218750596046448
0 0.7054687738418579 0.90520840883255 0.17656250298023224 0.14218750596046448
1 0.27812501788139343 0.24166667461395264 0.36250001192092896 0.34062501788139343
0 0.40937501192092896 0.8364583849906921 0.15000000596046448 0.16093750298023224
0 0.7523437738418579 0.7041667103767395 0.1328125 0.13750000298023224
0 0.2554687559604645 0.5645833611488342 0.18906250596046448 0.15937499701976776
0 0.5171875357627869 0.5385416746139526 0.18125000596046448 0.13906250894069672
0 0.90234375 0.6781250238418579 0.1640625 0.1328125
0 0.8773437738418579 0.9114583730697632 0.1796875 0.1328125
0 0.23203125596046448 0.9302083849906921 0.17343750596046448 0.10468750447034836
0 0.10312499850988388 0.8260416984558105 0.18437500298023224 0.13593749701976776
0 0.6585937738418579 0.35104167461395264 0.15156249701976776 0.1640625
0 0.79296875 0.3656250238418579 0.13593749701976776 0.16718749701976776
0 0.5179687738418579 0.2864583432674408 0.13593749701976776 0.16718749701976776
0 0.609375 0.6656250357627869 0.171875 0.14531250298023224
0 0.944531261920929 0.5010417103767395 0.11093749850988388 0.14218750596046448
0 0.7054687738418579 0.90520840883255 0.17656250298023224 0.14218750596046448
1 0.27812501788139343 0.24166667461395264 0.36250001192092896 0.34062501788139343
0 0.40937501192092896 0.8364583849906921 0.15000000596046448 0.16093750298023224
0 0.7523437738418579 0.7041667103767395 0.1328125 0.13750000298023224
0 0.2554687559604645 0.5645833611488342 0.18906250596046448 0.15937499701976776
0 0.5171875357627869 0.5385416746139526 0.18125000596046448 0.13906250894069672
0 0.90234375 0.6781250238418579 0.1640625 0.1328125
0 0.8773437738418579 0.9114583730697632 0.1796875 0.1328125
0 0.23203125596046448 0.9302083849906921 0.17343750596046448 0.10468750447034836
0 0.10312499850988388 0.8260416984558105 0.18437500298023224 0.13593749701976776
0 0.6585937738418579 0.35104167461395264 0.15156249701976776 0.1640625
0 0.79296875 0.3656250238418579 0.13593749701976776 0.16718749701976776
0 0.5179687738418579 0.2864583432674408 0.13593749701976776 0.16718749701976776
0 0.609375 0.6656250357627869 0.171875 0.14531250298023224
0 0.944531261920929 0.5010417103767395 0.11093749850988388 0.14218750596046448
0 0.7054687738418579 0.90520840883255 0.17656250298023224 0.14218750596046448
1 0.27812501788139343 0.24166667461395264 0.36250001192092896 0.34062501788139343
0 0.40937501192092896 0.8364583849906921 0.15000000596046448 0.16093750298023224
0 0.7523437738418579 0.7041667103767395 0.1328125 0.13750000298023224
0 0.2554687559604645 0.5645833611488342 0.18906250596046448 0.15937499701976776
0 0.5171875357627869 0.5385416746139526 0.18125000596046448 0.13906250894069672
0 0.90234375 0.6781250238418579 0.1640625 0.1328125
0 0.8773437738418579 0.9114583730697632 0.1796875 0.1328125
0 0.23203125596046448 0.9302083849906921 0.17343750596046448 0.10468750447034836
0 0.10312499850988388 0.8260416984558105 0.18437500298023224 0.13593749701976776
0 0.6585937738418579 0.35104167461395264 0.15156249701976776 0.1640625
0 0.79296875 0.3656250238418579 0.13593749701976776 0.16718749701976776
0 0.5179687738418579 0.2864583432674408 0.13593749701976776 0.16718749701976776
0 0.609375 0.6656250357627869 0.171875 0.14531250298023224
0 0.944531261920929 0.5010417103767395 0.11093749850988388 0.14218750596046448
0 0.7054687738418579 0.90520840883255 0.17656250298023224 0.14218750596046448
1 0.27812501788139343 0.24166667461395264 0.36250001192092896 0.34062501788139343
0 0.40937501192092896 0.8364583849906921 0.15000000596046448 0.16093750298023224
0 0.7523437738418579 0.7041667103767395 0.1328125 0.13750000298023224
0 0.2554687559604645 0.5645833611488342 0.18906250596046448 0.15937499701976776
0 0.5171875357627869 0.5385416746139526 0.18125000596046448 0.13906250894069672
0 0.90234375 0.6781250238418579 0.1640625 0.1328125
0 0.8773437738418579 0.9114583730697632 0.1796875 0.1328125
0 0.23203125596046448 0.9302083849906921 0.17343750596046448 0.10468750447034836
0 0.10312499850988388 0.8260416984558105 0.18437500298023224 0.13593749701976776
0 0.6585937738418579 0.35104167461395264 0.15156249701976776 0.1640625
0 0.79296875 0.3656250238418579 0.13593749701976776 0.16718749701976776
0 0.5179687738418579 0.2864583432674408 0.13593749701976776 0.16718749701976776
0 0.609375 0.6656250357627869 0.171875 0.14531250298023224
0 0.944531261920929 0.5010417103767395 0.11093749850988388 0.14218750596046448
0 0.7054687738418579 0.90520840883255 0.17656250298023224 0.14218750596046448
1 0.27812501788139343 0.24166667461395264 0.36250001192092896 0.34062501788139343
0 0.40937501192092896 0.8364583849906921 0.15000000596046448 0.16093750298023224
0 0.7523437738418579 0.7041667103767395 0.1328125 0.13750000298023224
0 0.2554687559604645 0.5645833611488342 0.18906250596046448 0.15937499701976776
0 0.5171875357627869 0.5385416746139526 0.18125000596046448 0.13906250894069672
0 0.90234375 0.6781250238418579 0.1640625 0.1328125
0 0.8773437738418579 0.9114583730697632 0.1796875 0.1328125
0 0.23203125596046448 0.9302083849906921 0.17343750596046448 0.10468750447034836
0 0.10312499850988388 0.8260416984558105 0.18437500298023224 0.13593749701976776
0 0.6585937738418579 0.35104167461395264 0.15156249701976776 0.1640625
0 0.79296875 0.3656250238418579 0.13593749701976776 0.16718749701976776
0 0.5179687738418579 0.2864583432674408 0.13593749701976776 0.16718749701976776
0 0.609375 0.6656250357627869 0.171875 0.14531250298023224
0 0.944531261920929 0.5010417103767395 0.11093749850988388 0.14218750596046448
0 0.7054687738418579 0.90520840883255 0.17656250298023224 0.14218750596046448
1 0.27812501788139343 0.24166667461395264 0.36250001192092896 0.34062501788139343
0 0.40937501192092896 0.8364583849906921 0.15000000596046448 0.16093750298023224
0 0.7523437738418579 0.7041667103767395 0.1328125 0.13750000298023224
0 0.2554687559604645 0.5645833611488342 0.18906250596046448 0.15937499701976776
0 0.5171875357627869 0.5385416746139526 0.18125000596046448 0.13906250894069672
0 0.90234375 0.6781250238418579 0.1640625 0.1328125
0 0.8773437738418579 0.9114583730697632 0.1796875 0.1328125
0 0.23203125596046448 0.9302083849906921 0.17343750596046448 0.10468750447034836
0 0.10312499850988388 0.8260416984558105 0.18437500298023224 0.13593749701976776
0 0.6585937738418579 0.35104167461395264 0.15156249701976776 0.1640625
0 0.79296875 0.3656250238418579 0.13593749701976776 0.16718749701976776
0 0.5179687738418579 0.2864583432674408 0.13593749701976776 0.16718749701976776
0 0.609375 0.6656250357627869 0.171875 0.14531250298023224
0 0.944531261920929 0.5010417103767395 0.11093749850988388 0.14218750596046448
0 0.7054687738418579 0.90520840883255 0.17656250298023224 0.14218750596046448
1 0.27812501788139343 0.24166667461395264 0.36250001192092896 0.34062501788139343
