0 0.4593750068452209 0.4020833543036133 0.20000000298023224 0.15625000232830644
0 0.4570312568102963 0.08854167128447443 0.17343750258442014 0.12968750193249434
0 0.2960937544121407 0.25000001303851604 0.17343750258442014 0.1312500019557774
0 0.19765625294530764 0.19687501026783139 0.14531250216532499 0.12968750193249434
0 0.848437512642704 0.08333333767950535 0.15000000223517418 0.12187500181607902
0 0.23828125355066732 0.5104166932869703 0.14531250216532499 0.1312500019557774
0 0.7101562605821528 0.8854167128447443 0.14531250216532499 0.1312500019557774
0 0.7929687618161552 0.8666667118668556 0.14531250216532499 0.1312500019557774
0 0.4351562564843334 0.8729167121928185 0.14531250216532499 0.1312500019557774
0 0.8140625121304765 0.28020834794733673 0.15625000232830644 0.17031250253785402
0 0.6718750100117177 0.07604167063254863 0.1625000024214387 0.11093750165309757
0 0.10781250160653144 0.4281250223284587 0.15625000232830644 0.1578125023515895
1 0.4703125070082024 0.6781250353669748 0.19062500284053385 0.19843750295694917
1 0.6578125098021701 0.19270834338385612 0.059375000884756446 0.06406250095460564
1 0.4390625065425411 0.19687501026783139 0.059375000884756446 0.06406250095460564
0 0.4593750068452209 0.4020833543036133 0.20000000298023224 0.15625000232830644
0 0.4570312568102963 0.08854167128447443 0.17343750258442014 0.12968750193249434
0 0.2960937544121407 0.25000001303851604 0.17343750258442014 0.1312500019557774
0 0.19765625294530764 0.19687501026783139 0.14531250216532499 0.12968750193249434
0 0.848437512642704 0.08333333767950535 0.15000000223517418 0.12187500181607902
0 0.23828125355066732 0.5104166932869703 0.14531250216532499 0.1312500019557774
0 0.7101562605821528 0.8854167128447443 0.14531250216532499 0.1312500019557774
0 0.7929687618161552 0.8666667118668556 0.14531250216532499 0.1312500019557774
0 0.4351562564843334 0.8729167121928185 0.14531250216532499 0.1312500019557774
0 0.8140625121304765 0.28020834794733673 0.15625000232830644 0.17031250253785402
0 0.6718750100117177 0.07604167063254863 0.1625000024214387 0.11093750165309757
0 0.10781250160653144 0.4281250223284587 0.15625000232830644 0.1578125023515895
1 0.4703125070082024 0.6781250353669748 0.19062500284053385 0.19843750295694917
1 0.6578125098021701 0.19270834338385612 0.059375000884756446 0.06406250095460564
1 0.4390625065425411 0.19687501026783139 0.059375000884756446 0.06406250095460564
0 0.4593750068452209 0.4020833543036133 0.20000000298023224 0.15625000232830644
0 0.4570312568102963 0.08854167128447443 0.17343750258442014 0.12968750193249434
0 0.2960937544121407 0.25000001303851604 0.17343750258442014 0.1312500019557774
0 0.19765625294530764 0.19687501026783139 0.14531250216532499 0.12968750193249434
0 0.848437512642704 0.08333333767950535 0.15000000223517418 0.12187500181607902
0 0.23828125355066732 0.5104166932869703 0.14531250216532499 0.1312500019557774
0 0.7101562605821528 0.8854167128447443 0.14531250216532499 0.1312500019557774
0 0.7929687618161552 0.8666667118668556 0.14531250216532499 0.1312500019557774
0 0.4351562564843334 0.8729167121928185 0.14531250216532499 0.1312500019557774
0 0.8140625121304765 0.28020834794733673 0.15625000232830644 0.17031250253785402
0 0.6718750100117177 0.07604167063254863 0.1625000024214387 0.11093750165309757
0 0.10781250160653144 0.4281250223284587 0.15625000232830644 0.1578125023515895
1 0.4703125070082024 0.6781250353669748 0.19062500284053385 0.19843750295694917
1 0.6578125098021701 0.19270834338385612 0.059375000884756446 0.06406250095460564
1 0.4390625065425411 0.19687501026783139 0.059375000884756446 0.06406250095460564
0 0.4593750068452209 0.4020833543036133 0.20000000298023224 0.15625000232830644
0 0.4570312568102963 0.08854167128447443 0.17343750258442014 0.12968750193249434
0 0.2960937544121407 0.25000001303851604 0.17343750258442014 0.1312500019557774
0 0.19765625294530764 0.19687501026783139 0.14531250216532499 0.12968750193249434
0 0.848437512642704 0.08333333767950535 0.15000000223517418 0.12187500181607902
0 0.23828125355066732 0.5104166932869703 0.14531250216532499 0.1312500019557774
0 0.7101562605821528 0.8854167128447443 0.14531250216532499 0.1312500019557774
0 0.7929687618161552 0.8666667118668556 0.14531250216532499 0.1312500019557774
0 0.4351562564843334 0.8729167121928185 0.14531250216532499 0.1312500019557774
0 0.8140625121304765 0.28020834794733673 0.15625000232830644 0.17031250253785402
0 0.6718750100117177 0.07604167063254863 0.1625000024214387 0.11093750165309757
0 0.10781250160653144 0.4281250223284587 0.15625000232830644 0.1578125023515895
1 0.4703125070082024 0.6781250353669748 0.19062500284053385 0.19843750295694917
1 0.6578125098021701 0.19270834338385612 0.059375000884756446 0.06406250095460564
1 0.4390625065425411 0.19687501026783139 0.059375000884756446 0.06406250095460564
0 0.4593750068452209 0.4020833543036133 0.20000000298023224 0.15625000232830644
0 0.4570312568102963 0.08854167128447443 0.17343750258442014 0.12968750193249434
0 0.2960937544121407 0.25000001303851604 0.17343750258442014 0.1312500019557774
0 0.19765625294530764 0.19687501026783139 0.14531250216532499 0.12968750193249434
0 0.848437512642704 0.08333333767950535 0.15000000223517418 0.12187500181607902
0 0.23828125355066732 0.5104166932869703 0.14531250216532499 0.1312500019557774
0 0.7101562605821528 0.8854167128447443 0.14531250216532499 0.1312500019557774
0 0.7929687618161552 0.8666667118668556 0.14531250216532499 0.1312500019557774
0 0.4351562564843334 0.8729167121928185 0.14531250216532499 0.1312500019557774
0 0.8140625121304765 0.28020834794733673 0.15625000232830644 0.17031250253785402
0 0.6718750100117177 0.07604167063254863 0.1625000024214387 0.11093750165309757
0 0.10781250160653144 0.4281250223284587 0.15625000232830644 0.1578125023515895
1 0.4703125070082024 0.6781250353669748 0.19062500284053385 0.19843750295694917
1 0.6578125098021701 0.19270834338385612 0.059375000884756446 0.06406250095460564
1 0.4390625065425411 0.19687501026783139 0.059375000884756446 0.06406250095460564
0 0.4593750068452209 0.4020833543036133 0.20000000298023224 0.15625000232830644
0 0.4570312568102963 0.08854167128447443 0.17343750258442014 0.12968750193249434
0 0.2960937544121407 0.25000001303851604 0.17343750258442014 0.1312500019557774
0 0.19765625294530764 0.19687501026783139 0.14531250216532499 0.12968750193249434
0 0.848437512642704 0.08333333767950535 0.15000000223517418 0.12187500181607902
0 0.23828125355066732 0.5104166932869703 0.14531250216532499 0.1312500019557774
0 0.7101562605821528 0.8854167128447443 0.14531250216532499 0.1312500019557774
0 0.7929687618161552 0.8666667118668556 0.14531250216532499 0.1312500019557774
0 0.4351562564843334 0.8729167121928185 0.14531250216532499 0.1312500019557774
0 0.8140625121304765 0.28020834794733673 0.15625000232830644 0.17031250253785402
0 0.6718750100117177 0.07604167063254863 0.1625000024214387 0.11093750165309757
0 0.10781250160653144 0.4281250223284587 0.15625000232830644 0.1578125023515895
1 0.4703125070082024 0.6781250353669748 0.19062500284053385 0.19843750295694917
1 0.6578125098021701 0.19270834338385612 0.059375000884756446 0.06406250095460564
1 0.4390625065425411 0.19687501026783139 0.059375000884756446 0.06406250095460564
0 0.4593750068452209 0.4020833543036133 0.20000000298023224 0.15625000232830644
0 0.4570312568102963 0.08854167128447443 0.17343750258442014 0.12968750193249434
0 0.2960937544121407 0.25000001303851604 0.17343750258442014 0.1312500019557774
0 0.19765625294530764 0.19687501026783139 0.14531250216532499 0.12968750193249434
0 0.848437512642704 0.08333333767950535 0.15000000223517418 0.12187500181607902
0 0.23828125355066732 0.5104166932869703 0.14531250216532499 0.1312500019557774
0 0.7101562605821528 0.8854167128447443 0.14531250216532499 0.1312500019557774
0 0.7929687618161552 0.8666667118668556 0.14531250216532499 0.1312500019557774
0 0.4351562564843334 0.8729167121928185 0.14531250216532499 0.1312500019557774
0 0.8140625121304765 0.28020834794733673 0.15625000232830644 0.17031250253785402
0 0.6718750100117177 0.07604167063254863 0.1625000024214387 0.11093750165309757
0 0.10781250160653144 0.4281250223284587 0.15625000232830644 0.1578125023515895
1 0.4703125070082024 0.6781250353669748 0.19062500284053385 0.19843750295694917
1 0.6578125098021701 0.19270834338385612 0.059375000884756446 0.06406250095460564
1 0.4390625065425411 0.19687501026783139 0.059375000884756446 0.06406250095460564
0 0.4593750068452209 0.4020833543036133 0.20000000298023224 0.15625000232830644
0 0.4570312568102963 0.08854167128447443 0.17343750258442014 0.12968750193249434
0 0.2960937544121407 0.25000001303851604 0.17343750258442014 0.1312500019557774
0 0.19765625294530764 0.19687501026783139 0.14531250216532499 0.12968750193249434
0 0.848437512642704 0.08333333767950535 0.15000000223517418 0.12187500181607902
0 0.23828125355066732 0.5104166932869703 0.14531250216532499 0.1312500019557774
0 0.7101562605821528 0.8854167128447443 0.14531250216532499 0.1312500019557774
0 0.7929687618161552 0.8666667118668556 0.14531250216532499 0.1312500019557774
0 0.4351562564843334 0.8729167121928185 0.14531250216532499 0.1312500019557774
0 0.8140625121304765 0.28020834794733673 0.15625000232830644 0.17031250253785402
0 0.6718750100117177 0.07604167063254863 0.1625000024214387 0.11093750165309757
0 0.10781250160653144 0.4281250223284587 0.15625000232830644 0.1578125023515895
1 0.4703125070082024 0.6781250353669748 0.19062500284053385 0.19843750295694917
1 0.6578125098021701 0.19270834338385612 0.059375000884756446 0.06406250095460564
1 0.4390625065425411 0.19687501026783139 0.059375000884756446 0.06406250095460564
0 0.4593750068452209 0.4020833543036133 0.20000000298023224 0.15625000232830644
0 0.4570312568102963 0.08854167128447443 0.17343750258442014 0.12968750193249434
0 0.2960937544121407 0.25000001303851604 0.17343750258442014 0.1312500019557774
0 0.19765625294530764 0.19687501026783139 0.14531250216532499 0.12968750193249434
0 0.848437512642704 0.08333333767950535 0.15000000223517418 0.12187500181607902
0 0.23828125355066732 0.5104166932869703 0.14531250216532499 0.1312500019557774
0 0.7101562605821528 0.8854167128447443 0.14531250216532499 0.1312500019557774
0 0.7929687618161552 0.8666667118668556 0.14531250216532499 0.1312500019557774
0 0.4351562564843334 0.8729167121928185 0.14531250216532499 0.1312500019557774
0 0.8140625121304765 0.28020834794733673 0.15625000232830644 0.17031250253785402
0 0.6718750100117177 0.07604167063254863 0.1625000024214387 0.11093750165309757
0 0.10781250160653144 0.4281250223284587 0.15625000232830644 0.1578125023515895
1 0.4703125070082024 0.6781250353669748 0.19062500284053385 0.19843750295694917
1 0.6578125098021701 0.19270834338385612 0.059375000884756446 0.06406250095460564
1 0.4390625065425411 0.19687501026783139 0.059375000884756446 0.06406250095460564
0 0.4593750068452209 0.4020833543036133 0.20000000298023224 0.15625000232830644
0 0.4570312568102963 0.08854167128447443 0.17343750258442014 0.12968750193249434
0 0.2960937544121407 0.25000001303851604 0.17343750258442014 0.1312500019557774
0 0.19765625294530764 0.19687501026783139 0.14531250216532499 0.12968750193249434
0 0.848437512642704 0.08333333767950535 0.15000000223517418 0.12187500181607902
0 0.23828125355066732 0.5104166932869703 0.14531250216532499 0.1312500019557774
0 0.7101562605821528 0.8854167128447443 0.14531250216532499 0.1312500019557774
0 0.7929687618161552 0.8666667118668556 0.14531250216532499 0.1312500019557774
0 0.4351562564843334 0.8729167121928185 0.14531250216532499 0.1312500019557774
0 0.8140625121304765 0.28020834794733673 0.15625000232830644 0.17031250253785402
0 0.6718750100117177 0.07604167063254863 0.1625000024214387 0.11093750165309757
0 0.10781250160653144 0.4281250223284587 0.15625000232830644 0.1578125023515895
1 0.4703125070082024 0.6781250353669748 0.19062500284053385 0.19843750295694917
1 0.6578125098021701 0.19270834338385612 0.059375000884756446 0.06406250095460564
1 0.4390625065425411 0.19687501026783139 0.059375000884756446 0.06406250095460564
0 0.4593750068452209 0.4020833543036133 0.20000000298023224 0.15625000232830644
0 0.4570312568102963 0.08854167128447443 0.17343750258442014 0.12968750193249434
0 0.2960937544121407 0.25000001303851604 0.17343750258442014 0.1312500019557774
0 0.19765625294530764 0.19687501026783139 0.14531250216532499 0.12968750193249434
0 0.848437512642704 0.08333333767950535 0.15000000223517418 0.12187500181607902
0 0.23828125355066732 0.5104166932869703 0.14531250216532499 0.1312500019557774
0 0.7101562605821528 0.8854167128447443 0.14531250216532499 0.1312500019557774
0 0.7929687618161552 0.8666667118668556 0.14531250216532499 0.1312500019557774
0 0.4351562564843334 0.8729167121928185 0.14531250216532499 0.1312500019557774
0 0.8140625121304765 0.28020834794733673 0.15625000232830644 0.17031250253785402
0 0.6718750100117177 0.07604167063254863 0.1625000024214387 0.11093750165309757
0 0.10781250160653144 0.4281250223284587 0.15625000232830644 0.1578125023515895
1 0.4703125070082024 0.6781250353669748 0.19062500284053385 0.19843750295694917
1 0.6578125098021701 0.19270834338385612 0.059375000884756446 0.06406250095460564
1 0.4390625065425411 0.19687501026783139 0.059375000884756446 0.06406250095460564
0 0.4593750068452209 0.4020833543036133 0.20000000298023224 0.15625000232830644
0 0.4570312568102963 0.08854167128447443 0.17343750258442014 0.12968750193249434
0 0.2960937544121407 0.25000001303851604 0.17343750258442014 0.1312500019557774
0 0.19765625294530764 0.19687501026783139 0.14531250216532499 0.12968750193249434
0 0.848437512642704 0.08333333767950535 0.15000000223517418 0.12187500181607902
0 0.23828125355066732 0.5104166932869703 0.14531250216532499 0.1312500019557774
0 0.7101562605821528 0.8854167128447443 0.14531250216532499 0.1312500019557774
0 0.7929687618161552 0.8666667118668556 0.14531250216532499 0.1312500019557774
0 0.4351562564843334 0.8729167121928185 0.14531250216532499 0.1312500019557774
0 0.8140625121304765 0.28020834794733673 0.15625000232830644 0.17031250253785402
0 0.6718750100117177 0.07604167063254863 0.1625000024214387 0.11093750165309757
0 0.10781250160653144 0.4281250223284587 0.15625000232830644 0.1578125023515895
1 0.4703125070082024 0.6781250353669748 0.19062500284053385 0.19843750295694917
1 0.6578125098021701 0.19270834338385612 0.059375000884756446 0.06406250095460564
1 0.4390625065425411 0.19687501026783139 0.059375000884756446 0.06406250095460564
0 0.4593750068452209 0.4020833543036133 0.20000000298023224 0.15625000232830644
0 0.4570312568102963 0.08854167128447443 0.17343750258442014 0.12968750193249434
0 0.2960937544121407 0.25000001303851604 0.17343750258442014 0.1312500019557774
0 0.19765625294530764 0.19687501026783139 0.14531250216532499 0.12968750193249434
0 0.848437512642704 0.08333333767950535 0.15000000223517418 0.12187500181607902
0 0.23828125355066732 0.5104166932869703 0.14531250216532499 0.1312500019557774
0 0.7101562605821528 0.8854167128447443 0.14531250216532499 0.1312500019557774
0 0.7929687618161552 0.8666667118668556 0.14531250216532499 0.1312500019557774
0 0.4351562564843334 0.8729167121928185 0.14531250216532499 0.1312500019557774
0 0.8140625121304765 0.28020834794733673 0.15625000232830644 0.17031250253785402
0 0.6718750100117177 0.07604167063254863 0.1625000024214387 0.11093750165309757
0 0.10781250160653144 0.4281250223284587 0.15625000232830644 0.1578125023515895
1 0.4703125070082024 0.6781250353669748 0.19062500284053385 0.19843750295694917
1 0.6578125098021701 0.19270834338385612 0.059375000884756446 0.06406250095460564
1 0.4390625065425411 0.19687501026783139 0.059375000884756446 0.06406250095460564
0 0.4593750068452209 0.4020833543036133 0.20000000298023224 0.15625000232830644
0 0.4570312568102963 0.08854167128447443 0.17343750258442014 0.12968750193249434
0 0.2960937544121407 0.25000001303851604 0.17343750258442014 0.1312500019557774
0 0.19765625294530764 0.19687501026783139 0.14531250216532499 0.12968750193249434
0 0.848437512642704 0.08333333767950535 0.15000000223517418 0.12187500181607902
0 0.23828125355066732 0.5104166932869703 0.14531250216532499 0.1312500019557774
0 0.7101562605821528 0.8854167128447443 0.14531250216532499 0.1312500019557774
0 0.7929687618161552 0.8666667118668556 0.14531250216532499 0.1312500019557774
0 0.4351562564843334 0.8729167121928185 0.14531250216532499 0.1312500019557774
0 0.8140625121304765 0.28020834794733673 0.15625000232830644 0.17031250253785402
0 0.6718750100117177 0.07604167063254863 0.1625000024214387 0.11093750165309757
0 0.10781250160653144 0.4281250223284587 0.15625000232830644 0.1578125023515895
1 0.4703125070082024 0.6781250353669748 0.19062500284053385 0.19843750295694917
2 0.6578125098021701 0.19270834338385612 0.059375000884756446 0.06406250095460564
2 0.4390625065425411 0.19687501026783139 0.059375000884756446 0.06406250095460564
0 0.4593750068452209 0.4020833543036133 0.20000000298023224 0.15625000232830644
0 0.4570312568102963 0.08854167128447443 0.17343750258442014 0.12968750193249434
0 0.2960937544121407 0.25000001303851604 0.17343750258442014 0.1312500019557774
0 0.19765625294530764 0.19687501026783139 0.14531250216532499 0.12968750193249434
0 0.848437512642704 0.08333333767950535 0.15000000223517418 0.12187500181607902
0 0.23828125355066732 0.5104166932869703 0.14531250216532499 0.1312500019557774
0 0.7101562605821528 0.8854167128447443 0.14531250216532499 0.1312500019557774
0 0.7929687618161552 0.8666667118668556 0.14531250216532499 0.1312500019557774
0 0.4351562564843334 0.8729167121928185 0.14531250216532499 0.1312500019557774
0 0.8140625121304765 0.28020834794733673 0.15625000232830644 0.17031250253785402
0 0.6718750100117177 0.07604167063254863 0.1625000024214387 0.11093750165309757
0 0.10781250160653144 0.4281250223284587 0.15625000232830644 0.1578125023515895
1 0.4703125070082024 0.6781250353669748 0.19062500284053385 0.19843750295694917
2 0.6578125098021701 0.19270834338385612 0.059375000884756446 0.06406250095460564
2 0.4390625065425411 0.19687501026783139 0.059375000884756446 0.06406250095460564
0 0.4593749940395355 0.4020833671092987 0.20000000298023224 0.15625
0 0.45703125 0.0885416716337204 0.17343750596046448 0.12968750298023224
0 0.29609376192092896 0.25 0.17343750596046448 0.13125000894069672
0 0.19765625894069672 0.19687500596046448 0.14531250298023224 0.12968750298023224
0 0.848437488079071 0.0833333358168602 0.15000000596046448 0.12187500298023224
0 0.23828125 0.5104166865348816 0.14531250298023224 0.13125000894069672
0 0.710156261920929 0.8854166865348816 0.14531250298023224 0.13125000894069672
0 0.79296875 0.8666667342185974 0.14531250298023224 0.13125000894069672
0 0.4351562559604645 0.8729166984558105 0.14531250298023224 0.13125000894069672
0 0.8140625357627869 0.2802083492279053 0.15625 0.17031250894069672
0 0.671875 0.07604166865348816 0.16250000894069672 0.11093749850988388
0 0.10781250149011612 0.4281250238418579 0.15625 0.15781250596046448
1 0.4703125059604645 0.6781250238418579 0.19062499701976776 0.19843749701976776
2 0.6578125357627869 0.1927083432674408 0.05937499925494194 0.06406249850988388
2 0.4390625059604645 0.19687500596046448 0.05937499925494194 0.06406249850988388
0 0.4593749940395355 0.4020833671092987 0.20000000298023224 0.15625
0 0.45703125 0.0885416716337204 0.17343750596046448 0.12968750298023224
0 0.29609376192092896 0.25 0.17343750596046448 0.13125000894069672
0 0.19765625894069672 0.19687500596046448 0.14531250298023224 0.12968750298023224
0 0.848437488079071 0.0833333358168602 0.15000000596046448 0.12187500298023224
0 0.23828125 0.5104166865348816 0.14531250298023224 0.13125000894069672
0 0.710156261920929 0.8854166865348816 0.14531250298023224 0.13125000894069672
0 0.79296875 0.8666667342185974 0.14531250298023224 0.13125000894069672
0 0.4351562559604645 0.8729166984558105 0.14531250298023224 0.13125000894069672
0 0.8140625357627869 0.2802083492279053 0.15625 0.17031250894069672
0 0.671875 0.07604166865348816 0.16250000894069672 0.11093749850988388
0 0.10781250149011612 0.4281250238418579 0.15625 0.15781250596046448
1 0.4703125059604645 0.6781250238418579 0.19062499701976776 0.19843749701976776
2 0.6578125357627869 0.1927083432674408 0.05937499925494194 0.06406249850988388
2 0.4390625059604645 0.19687500596046448 0.05937499925494194 0.06406249850988388
0 0.4593749940395355 0.4020833671092987 0.20000000298023224 0.15625
0 0.45703125 0.0885416716337204 0.17343750596046448 0.12968750298023224
0 0.29609376192092896 0.25 0.17343750596046448 0.13125000894069672
0 0.19765625894069672 0.19687500596046448 0.14531250298023224 0.12968750298023224
0 0.848437488079071 0.0833333358168602 0.15000000596046448 0.12187500298023224
0 0.23828125 0.5104166865348816 0.14531250298023224 0.13125000894069672
0 0.710156261920929 0.8854166865348816 0.14531250298023224 0.13125000894069672
0 0.79296875 0.8666667342185974 0.14531250298023224 0.13125000894069672
0 0.4351562559604645 0.8729166984558105 0.14531250298023224 0.13125000894069672
0 0.8140625357627869 0.2802083492279053 0.15625 0.17031250894069672
0 0.671875 0.07604166865348816 0.16250000894069672 0.11093749850988388
0 0.10781250149011612 0.4281250238418579 0.15625 0.15781250596046448
1 0.4703125059604645 0.6781250238418579 0.19062499701976776 0.19843749701976776
2 0.6578125357627869 0.1927083432674408 0.05937499925494194 0.06406249850988388
2 0.4390625059604645 0.19687500596046448 0.05937499925494194 0.06406249850988388
0 0.4593749940395355 0.4020833671092987 0.20000000298023224 0.15625
0 0.45703125 0.0885416716337204 0.17343750596046448 0.12968750298023224
0 0.29609376192092896 0.25 0.17343750596046448 0.13125000894069672
0 0.19765625894069672 0.19687500596046448 0.14531250298023224 0.12968750298023224
0 0.848437488079071 0.0833333358168602 0.15000000596046448 0.12187500298023224
0 0.23828125 0.5104166865348816 0.14531250298023224 0.13125000894069672
0 0.710156261920929 0.8854166865348816 0.14531250298023224 0.13125000894069672
0 0.79296875 0.8666667342185974 0.14531250298023224 0.13125000894069672
0 0.4351562559604645 0.8729166984558105 0.14531250298023224 0.13125000894069672
0 0.8140625357627869 0.2802083492279053 0.15625 0.17031250894069672
0 0.671875 0.07604166865348816 0.16250000894069672 0.11093749850988388
0 0.10781250149011612 0.4281250238418579 0.15625 0.15781250596046448
1 0.4703125059604645 0.6781250238418579 0.19062499701976776 0.19843749701976776
2 0.6578125357627869 0.1927083432674408 0.05937499925494194 0.06406249850988388
2 0.4390625059604645 0.19687500596046448 0.05937499925494194 0.06406249850988388
0 0.4593749940395355 0.4020833671092987 0.20000000298023224 0.15625
0 0.45703125 0.0885416716337204 0.17343750596046448 0.12968750298023224
0 0.29609376192092896 0.25 0.17343750596046448 0.13125000894069672
0 0.19765625894069672 0.19687500596046448 0.14531250298023224 0.12968750298023224
0 0.848437488079071 0.0833333358168602 0.15000000596046448 0.12187500298023224
0 0.23828125 0.5104166865348816 0.14531250298023224 0.13125000894069672
0 0.710156261920929 0.8854166865348816 0.14531250298023224 0.13125000894069672
0 0.79296875 0.8666667342185974 0.14531250298023224 0.13125000894069672
0 0.4351562559604645 0.8729166984558105 0.14531250298023224 0.13125000894069672
0 0.8140625357627869 0.2802083492279053 0.15625 0.17031250894069672
0 0.671875 0.07604166865348816 0.16250000894069672 0.11093749850988388
0 0.10781250149011612 0.4281250238418579 0.15625 0.15781250596046448
1 0.4703125059604645 0.6781250238418579 0.19062499701976776 0.19843749701976776
2 0.6578125357627869 0.1927083432674408 0.05937499925494194 0.06406249850988388
2 0.4390625059604645 0.19687500596046448 0.05937499925494194 0.06406249850988388
0 0.4593749940395355 0.4020833671092987 0.20000000298023224 0.15625
0 0.45703125 0.0885416716337204 0.17343750596046448 0.12968750298023224
0 0.29609376192092896 0.25 0.17343750596046448 0.13125000894069672
0 0.19765625894069672 0.19687500596046448 0.14531250298023224 0.12968750298023224
0 0.848437488079071 0.0833333358168602 0.15000000596046448 0.12187500298023224
0 0.23828125 0.5104166865348816 0.14531250298023224 0.13125000894069672
0 0.710156261920929 0.8854166865348816 0.14531250298023224 0.13125000894069672
0 0.79296875 0.8666667342185974 0.14531250298023224 0.13125000894069672
0 0.4351562559604645 0.8729166984558105 0.14531250298023224 0.13125000894069672
0 0.8140625357627869 0.2802083492279053 0.15625 0.17031250894069672
0 0.671875 0.07604166865348816 0.16250000894069672 0.11093749850988388
0 0.10781250149011612 0.4281250238418579 0.15625 0.15781250596046448
1 0.4703125059604645 0.6781250238418579 0.19062499701976776 0.19843749701976776
2 0.6578125357627869 0.1927083432674408 0.05937499925494194 0.06406249850988388
2 0.4390625059604645 0.19687500596046448 0.05937499925494194 0.06406249850988388
0 0.4593749940395355 0.4020833671092987 0.20000000298023224 0.15625
0 0.45703125 0.0885416716337204 0.17343750596046448 0.12968750298023224
0 0.29609376192092896 0.25 0.17343750596046448 0.13125000894069672
0 0.19765625894069672 0.19687500596046448 0.14531250298023224 0.12968750298023224
0 0.848437488079071 0.0833333358168602 0.15000000596046448 0.12187500298023224
0 0.23828125 0.5104166865348816 0.14531250298023224 0.13125000894069672
0 0.710156261920929 0.8854166865348816 0.14531250298023224 0.13125000894069672
0 0.79296875 0.8666667342185974 0.14531250298023224 0.13125000894069672
0 0.4351562559604645 0.8729166984558105 0.14531250298023224 0.13125000894069672
0 0.8140625357627869 0.2802083492279053 0.15625 0.17031250894069672
0 0.671875 0.07604166865348816 0.16250000894069672 0.11093749850988388
0 0.10781250149011612 0.4281250238418579 0.15625 0.15781250596046448
1 0.4703125059604645 0.6781250238418579 0.19062499701976776 0.19843749701976776
2 0.6578125357627869 0.1927083432674408 0.05937499925494194 0.06406249850988388
2 0.4390625059604645 0.19687500596046448 0.05937499925494194 0.06406249850988388
