0 0.25078125373693183 0.8375000436790287 0.14218750211875886 0.13750000204890966
0 0.06250000093132257 0.7458333722315729 0.12187500181607902 0.13437500200234354
0 0.6937500103376806 0.7489583723945543 0.1312500019557774 0.17031250253785402
0 0.66796875995351 0.19375001010484993 0.12343750183936208 0.15625000232830644
0 0.9406250140164047 0.08125000423751771 0.11875000176951289 0.11875000176951289
0 0.4640625069150701 0.8979167134966701 0.1531250022817403 0.1531250022817403
0 0.5773437586030923 0.9281250484054908 0.10156250151339918 0.10781250160653144
0 0.2984375044470653 0.443750023143366 0.15937500237487257 0.1312500019557774
0 0.1578125023515895 0.4875000254251063 0.15937500237487257 0.1312500019557774
0 0.6390625095227733 0.4135416882345453 0.16562500246800482 0.1578125023515895
0 0.5500000081956387 0.37916668644174933 0.16875000251457095 0.16875000251457095
0 0.9171875136671588 0.6114583652233705 0.16562500246800482 0.1578125023515895
1 0.14218750211875886 0.13750000717118382 0.0656250009778887 0.0875000013038516
1 0.6093750090803951 0.07083333702757955 0.09062500135041773 0.06875000102445483
1 0.3179687547381036 0.15104167454410344 0.3234375048195943 0.2234375033294782
0 0.25078125373693183 0.8375000436790287 0.14218750211875886 0.13750000204890966
0 0.06250000093132257 0.7458333722315729 0.12187500181607902 0.13437500200234354
0 0.6937500103376806 0.7489583723945543 0.1312500019557774 0.17031250253785402
0 0.66796875995351 0.19375001010484993 0.12343750183936208 0.15625000232830644
0 0.9406250140164047 0.08125000423751771 0.11875000176951289 0.11875000176951289
0 0.4640625069150701 0.8979167134966701 0.1531250022817403 0.1531250022817403
0 0.5773437586030923 0.9281250484054908 0.10156250151339918 0.10781250160653144
0 0.2984375044470653 0.443750023143366 0.15937500237487257 0.1312500019557774
0 0.1578125023515895 0.4875000254251063 0.15937500237487257 0.1312500019557774
0 0.6390625095227733 0.4135416882345453 0.16562500246800482 0.1578125023515895
0 0.5500000081956387 0.37916668644174933 0.16875000251457095 0.16875000251457095
0 0.9171875136671588 0.6114583652233705 0.16562500246800482 0.1578125023515895
1 0.14218750211875886 0.13750000717118382 0.0656250009778887 0.0875000013038516
1 0.6093750090803951 0.07083333702757955 0.09062500135041773 0.06875000102445483
1 0.3179687547381036 0.15104167454410344 0.3234375048195943 0.2234375033294782
0 0.25078125373693183 0.8375000436790287 0.14218750211875886 0.13750000204890966
0 0.06250000093132257 0.7458333722315729 0.12187500181607902 0.13437500200234354
0 0.6937500103376806 0.7489583723945543 0.1312500019557774 0.17031250253785402
0 0.66796875995351 0.19375001010484993 0.12343750183936208 0.15625000232830644
0 0.9406250140164047 0.08125000423751771 0.11875000176951289 0.11875000176951289
0 0.4640625069150701 0.8979167134966701 0.1531250022817403 0.1531250022817403
0 0.5773437586030923 0.9281250484054908 0.10156250151339918 0.10781250160653144
0 0.2984375044470653 0.443750023143366 0.15937500237487257 0.1312500019557774
0 0.1578125023515895 0.4875000254251063 0.15937500237487257 0.1312500019557774
0 0.6390625095227733 0.4135416882345453 0.16562500246800482 0.1578125023515895
0 0.5500000081956387 0.37916668644174933 0.16875000251457095 0.16875000251457095
0 0.9171875136671588 0.6114583652233705 0.16562500246800482 0.1578125023515895
1 0.14218750211875886 0.13750000717118382 0.0656250009778887 0.0875000013038516
1 0.6093750090803951 0.07083333702757955 0.09062500135041773 0.06875000102445483
1 0.3179687547381036 0.15104167454410344 0.3234375048195943 0.2234375033294782
0 0.25078125373693183 0.8375000436790287 0.14218750211875886 0.13750000204890966
0 0.06250000093132257 0.7458333722315729 0.12187500181607902 0.13437500200234354
0 0.6937500103376806 0.7489583723945543 0.1312500019557774 0.17031250253785402
0 0.66796875995351 0.19375001010484993 0.12343750183936208 0.15625000232830644
0 0.9406250140164047 0.08125000423751771 0.11875000176951289 0.11875000176951289
0 0.4640625069150701 0.8979167134966701 0.1531250022817403 0.1531250022817403
0 0.5773437586030923 0.9281250484054908 0.10156250151339918 0.10781250160653144
0 0.2984375044470653 0.443750023143366 0.15937500237487257 0.1312500019557774
0 0.1578125023515895 0.4875000254251063 0.15937500237487257 0.1312500019557774
0 0.6390625095227733 0.4135416882345453 0.16562500246800482 0.1578125023515895
0 0.5500000081956387 0.37916668644174933 0.16875000251457095 0.16875000251457095
0 0.9171875136671588 0.6114583652233705 0.16562500246800482 0.1578125023515895
1 0.14218750211875886 0.13750000717118382 0.0656250009778887 0.0875000013038516
1 0.6093750090803951 0.07083333702757955 0.09062500135041773 0.06875000102445483
1 0.3179687547381036 0.15104167454410344 0.3234375048195943 0.2234375033294782
0 0.25078125373693183 0.8375000436790287 0.14218750211875886 0.13750000204890966
0 0.06250000093132257 0.7458333722315729 0.12187500181607902 0.13437500200234354
0 0.6937500103376806 0.7489583723945543 0.1312500019557774 0.17031250253785402
0 0.66796875995351 0.19375001010484993 0.12343750183936208 0.15625000232830644
0 0.9406250140164047 0.08125000423751771 0.11875000176951289 0.11875000176951289
0 0.4640625069150701 0.8979167134966701 0.1531250022817403 0.1531250022817403
0 0.5773437586030923 0.9281250484054908 0.10156250151339918 0.10781250160653144
0 0.2984375044470653 0.443750023143366 0.15937500237487257 0.1312500019557774
0 0.1578125023515895 0.4875000254251063 0.15937500237487257 0.1312500019557774
0 0.6390625095227733 0.4135416882345453 0.16562500246800482 0.1578125023515895
0 0.5500000081956387 0.37916668644174933 0.16875000251457095 0.16875000251457095
0 0.9171875136671588 0.6114583652233705 0.16562500246800482 0.1578125023515895
1 0.14218750211875886 0.13750000717118382 0.0656250009778887 0.0875000013038516
1 0.6093750090803951 0.07083333702757955 0.09062500135041773 0.06875000102445483
1 0.3179687547381036 0.15104167454410344 0.3234375048195943 0.2234375033294782
0 0.25078125373693183 0.8375000436790287 0.14218750211875886 0.13750000204890966
0 0.06250000093132257 0.7458333722315729 0.12187500181607902 0.13437500200234354
0 0.6937500103376806 0.7489583723945543 0.1312500019557774 0.17031250253785402
0 0.66796875995351 0.19375001010484993 0.12343750183936208 0.15625000232830644
0 0.9406250140164047 0.08125000423751771 0.11875000176951289 0.11875000176951289
0 0.4640625069150701 0.8979167134966701 0.1531250022817403 0.1531250022817403
0 0.5773437586030923 0.9281250484054908 0.10156250151339918 0.10781250160653144
0 0.2984375044470653 0.443750023143366 0.15937500237487257 0.1312500019557774
0 0.1578125023515895 0.4875000254251063 0.15937500237487257 0.1312500019557774
0 0.6390625095227733 0.4135416882345453 0.16562500246800482 0.1578125023515895
0 0.5500000081956387 0.37916668644174933 0.16875000251457095 0.16875000251457095
0 0.9171875136671588 0.6114583652233705 0.16562500246800482 0.1578125023515895
1 0.14218750211875886 0.13750000717118382 0.0656250009778887 0.0875000013038516
1 0.6093750090803951 0.07083333702757955 0.09062500135041773 0.06875000102445483
1 0.3179687547381036 0.15104167454410344 0.3234375048195943 0.2234375033294782
0 0.25078125373693183 0.8375000436790287 0.14218750211875886 0.13750000204890966
0 0.06250000093132257 0.7458333722315729 0.12187500181607902 0.13437500200234354
0 0.6937500103376806 0.7489583723945543 0.1312500019557774 0.17031250253785402
0 0.66796875995351 0.19375001010484993 0.12343750183936208 0.15625000232830644
0 0.9406250140164047 0.08125000423751771 0.11875000176951289 0.11875000176951289
0 0.4640625069150701 0.8979167134966701 0.1531250022817403 0.1531250022817403
0 0.5773437586030923 0.9281250484054908 0.10156250151339918 0.10781250160653144
0 0.2984375044470653 0.443750023143366 0.15937500237487257 0.1312500019557774
0 0.1578125023515895 0.4875000254251063 0.15937500237487257 0.1312500019557774
0 0.6390625095227733 0.4135416882345453 0.16562500246800482 0.1578125023515895
0 0.5500000081956387 0.37916668644174933 0.16875000251457095 0.16875000251457095
0 0.9171875136671588 0.6114583652233705 0.16562500246800482 0.1578125023515895
1 0.14218750211875886 0.13750000717118382 0.0656250009778887 0.0875000013038516
1 0.6093750090803951 0.07083333702757955 0.09062500135041773 0.06875000102445483
1 0.3179687547381036 0.15104167454410344 0.3234375048195943 0.2234375033294782
0 0.25078125373693183 0.8375000436790287 0.14218750211875886 0.13750000204890966
0 0.06250000093132257 0.7458333722315729 0.12187500181607902 0.13437500200234354
0 0.6937500103376806 0.7489583723945543 0.1312500019557774 0.17031250253785402
0 0.66796875995351 0.19375001010484993 0.12343750183936208 0.15625000232830644
0 0.9406250140164047 0.08125000423751771 0.11875000176951289 0.11875000176951289
0 0.4640625069150701 0.8979167134966701 0.1531250022817403 0.1531250022817403
0 0.5773437586030923 0.9281250484054908 0.10156250151339918 0.10781250160653144
0 0.2984375044470653 0.443750023143366 0.15937500237487257 0.1312500019557774
0 0.1578125023515895 0.4875000254251063 0.15937500237487257 0.1312500019557774
0 0.6390625095227733 0.4135416882345453 0.16562500246800482 0.1578125023515895
0 0.5500000081956387 0.37916668644174933 0.16875000251457095 0.16875000251457095
0 0.9171875136671588 0.6114583652233705 0.16562500246800482 0.1578125023515895
1 0.14218750211875886 0.13750000717118382 0.0656250009778887 0.0875000013038516
1 0.6093750090803951 0.07083333702757955 0.09062500135041773 0.06875000102445483
1 0.3179687547381036 0.15104167454410344 0.3234375048195943 0.2234375033294782
0 0.25078125373693183 0.8375000436790287 0.14218750211875886 0.13750000204890966
0 0.06250000093132257 0.7458333722315729 0.12187500181607902 0.13437500200234354
0 0.6937500103376806 0.7489583723945543 0.1312500019557774 0.17031250253785402
0 0.66796875995351 0.19375001010484993 0.12343750183936208 0.15625000232830644
0 0.9406250140164047 0.08125000423751771 0.11875000176951289 0.11875000176951289
0 0.4640625069150701 0.8979167134966701 0.1531250022817403 0.1531250022817403
0 0.5773437586030923 0.9281250484054908 0.10156250151339918 0.10781250160653144
0 0.2984375044470653 0.443750023143366 0.15937500237487257 0.1312500019557774
0 0.1578125023515895 0.4875000254251063 0.15937500237487257 0.1312500019557774
0 0.6390625095227733 0.4135416882345453 0.16562500246800482 0.1578125023515895
0 0.5500000081956387 0.37916668644174933 0.16875000251457095 0.16875000251457095
0 0.9171875136671588 0.6114583652233705 0.16562500246800482 0.1578125023515895
1 0.14218750211875886 0.13750000717118382 0.0656250009778887 0.0875000013038516
1 0.6093750090803951 0.07083333702757955 0.09062500135041773 0.06875000102445483
1 0.3179687547381036 0.15104167454410344 0.3234375048195943 0.2234375033294782
0 0.25078125373693183 0.8375000436790287 0.14218750211875886 0.13750000204890966
0 0.06250000093132257 0.7458333722315729 0.12187500181607902 0.13437500200234354
0 0.6937500103376806 0.7489583723945543 0.1312500019557774 0.17031250253785402
0 0.66796875995351 0.19375001010484993 0.12343750183936208 0.15625000232830644
0 0.9406250140164047 0.08125000423751771 0.11875000176951289 0.11875000176951289
0 0.4640625069150701 0.8979167134966701 0.1531250022817403 0.1531250022817403
0 0.5773437586030923 0.9281250484054908 0.10156250151339918 0.10781250160653144
0 0.2984375044470653 0.443750023143366 0.15937500237487257 0.1312500019557774
0 0.1578125023515895 0.4875000254251063 0.15937500237487257 0.1312500019557774
0 0.6390625095227733 0.4135416882345453 0.16562500246800482 0.1578125023515895
0 0.5500000081956387 0.37916668644174933 0.16875000251457095 0.16875000251457095
0 0.9171875136671588 0.6114583652233705 0.16562500246800482 0.1578125023515895
1 0.14218750211875886 0.13750000717118382 0.0656250009778887 0.0875000013038516
1 0.6093750090803951 0.07083333702757955 0.09062500135041773 0.06875000102445483
1 0.3179687547381036 0.15104167454410344 0.3234375048195943 0.2234375033294782
0 0.25078125373693183 0.8375000436790287 0.14218750211875886 0.13750000204890966
0 0.06250000093132257 0.7458333722315729 0.12187500181607902 0.13437500200234354
0 0.6937500103376806 0.7489583723945543 0.1312500019557774 0.17031250253785402
0 0.66796875995351 0.19375001010484993 0.12343750183936208 0.15625000232830644
0 0.9406250140164047 0.08125000423751771 0.11875000176951289 0.11875000176951289
0 0.4640625069150701 0.8979167134966701 0.1531250022817403 0.1531250022817403
0 0.5773437586030923 0.9281250484054908 0.10156250151339918 0.10781250160653144
0 0.2984375044470653 0.443750023143366 0.15937500237487257 0.1312500019557774
0 0.1578125023515895 0.4875000254251063 0.15937500237487257 0.1312500019557774
0 0.6390625095227733 0.4135416882345453 0.16562500246800482 0.1578125023515895
0 0.5500000081956387 0.37916668644174933 0.16875000251457095 0.16875000251457095
0 0.9171875136671588 0.6114583652233705 0.16562500246800482 0.1578125023515895
1 0.14218750211875886 0.13750000717118382 0.0656250009778887 0.0875000013038516
1 0.6093750090803951 0.07083333702757955 0.09062500135041773 0.06875000102445483
1 0.3179687547381036 0.15104167454410344 0.3234375048195943 0.2234375033294782
0 0.25078125373693183 0.8375000436790287 0.14218750211875886 0.13750000204890966
0 0.06250000093132257 0.7458333722315729 0.12187500181607902 0.13437500200234354
0 0.6937500103376806 0.7489583723945543 0.1312500019557774 0.17031250253785402
0 0.66796875995351 0.19375001010484993 0.12343750183936208 0.15625000232830644
0 0.9406250140164047 0.08125000423751771 0.11875000176951289 0.11875000176951289
0 0.4640625069150701 0.8979167134966701 0.1531250022817403 0.1531250022817403
0 0.5773437586030923 0.9281250484054908 0.10156250151339918 0.10781250160653144
0 0.2984375044470653 0.443750023143366 0.15937500237487257 0.1312500019557774
0 0.1578125023515895 0.4875000254251063 0.15937500237487257 0.1312500019557774
0 0.6390625095227733 0.4135416882345453 0.16562500246800482 0.1578125023515895
0 0.5500000081956387 0.37916668644174933 0.16875000251457095 0.16875000251457095
0 0.9171875136671588 0.6114583652233705 0.16562500246800482 0.1578125023515895
1 0.14218750211875886 0.13750000717118382 0.0656250009778887 0.0875000013038516
1 0.6093750090803951 0.07083333702757955 0.09062500135041773 0.06875000102445483
1 0.3179687547381036 0.15104167454410344 0.3234375048195943 0.2234375033294782
0 0.25078125373693183 0.8375000436790287 0.14218750211875886 0.13750000204890966
0 0.06250000093132257 0.7458333722315729 0.12187500181607902 0.13437500200234354
0 0.6937500103376806 0.7489583723945543 0.1312500019557774 0.17031250253785402
0 0.66796875995351 0.19375001010484993 0.12343750183936208 0.15625000232830644
0 0.9406250140164047 0.08125000423751771 0.11875000176951289 0.11875000176951289
0 0.4640625069150701 0.8979167134966701 0.1531250022817403 0.1531250022817403
0 0.5773437586030923 0.9281250484054908 0.10156250151339918 0.10781250160653144
0 0.2984375044470653 0.443750023143366 0.15937500237487257 0.1312500019557774
0 0.1578125023515895 0.4875000254251063 0.15937500237487257 0.1312500019557774
0 0.6390625095227733 0.4135416882345453 0.16562500246800482 0.1578125023515895
0 0.5500000081956387 0.37916668644174933 0.16875000251457095 0.16875000251457095
0 0.9171875136671588 0.6114583652233705 0.16562500246800482 0.1578125023515895
1 0.14218750211875886 0.13750000717118382 0.0656250009778887 0.0875000013038516
1 0.6093750090803951 0.07083333702757955 0.09062500135041773 0.06875000102445483
1 0.3179687547381036 0.15104167454410344 0.3234375048195943 0.2234375033294782
0 0.25078125373693183 0.8375000436790287 0.14218750211875886 0.13750000204890966
0 0.06250000093132257 0.7458333722315729 0.12187500181607902 0.13437500200234354
0 0.6937500103376806 0.7489583723945543 0.1312500019557774 0.17031250253785402
0 0.66796875995351 0.19375001010484993 0.12343750183936208 0.15625000232830644
0 0.9406250140164047 0.08125000423751771 0.11875000176951289 0.11875000176951289
0 0.4640625069150701 0.8979167134966701 0.1531250022817403 0.1531250022817403
0 0.5773437586030923 0.9281250484054908 0.10156250151339918 0.10781250160653144
0 0.2984375044470653 0.443750023143366 0.15937500237487257 0.1312500019557774
0 0.1578125023515895 0.4875000254251063 0.15937500237487257 0.1312500019557774
0 0.6390625095227733 0.4135416882345453 0.16562500246800482 0.1578125023515895
0 0.5500000081956387 0.37916668644174933 0.16875000251457095 0.16875000251457095
0 0.9171875136671588 0.6114583652233705 0.16562500246800482 0.1578125023515895
2 0.14218750211875886 0.13750000717118382 0.0656250009778887 0.0875000013038516
2 0.6093750090803951 0.07083333702757955 0.09062500135041773 0.06875000102445483
1 0.3179687547381036 0.15104167454410344 0.3234375048195943 0.2234375033294782
0 0.25078125373693183 0.8375000436790287 0.14218750211875886 0.13750000204890966
0 0.06250000093132257 0.7458333722315729 0.12187500181607902 0.13437500200234354
0 0.6937500103376806 0.7489583723945543 0.1312500019557774 0.17031250253785402
0 0.66796875995351 0.19375001010484993 0.12343750183936208 0.15625000232830644
0 0.9406250140164047 0.08125000423751771 0.11875000176951289 0.11875000176951289
0 0.4640625069150701 0.8979167134966701 0.1531250022817403 0.1531250022817403
0 0.5773437586030923 0.9281250484054908 0.10156250151339918 0.10781250160653144
0 0.2984375044470653 0.443750023143366 0.15937500237487257 0.1312500019557774
0 0.1578125023515895 0.4875000254251063 0.15937500237487257 0.1312500019557774
0 0.6390625095227733 0.4135416882345453 0.16562500246800482 0.1578125023515895
0 0.5500000081956387 0.37916668644174933 0.16875000251457095 0.16875000251457095
0 0.9171875136671588 0.6114583652233705 0.16562500246800482 0.1578125023515895
2 0.14218750211875886 0.13750000717118382 0.0656250009778887 0.0875000013038516
2 0.6093750090803951 0.07083333702757955 0.09062500135041773 0.06875000102445483
1 0.3179687547381036 0.15104167454410344 0.3234375048195943 0.2234375033294782
0 0.25078126788139343 0.8375000357627869 0.14218750596046448 0.13750000298023224
0 0.0625 0.7458333969116211 0.12187500298023224 0.13437500596046448
0 0.6937500238418579 0.7489583492279053 0.13125000894069672 0.17031250894069672
0 0.66796875 0.19375000894069672 0.12343750149011612 0.15625
0 0.940625011920929 0.08125000447034836 0.11874999850988388 0.11874999850988388
0 0.46406251192092896 0.8979167342185974 0.15312500298023224 0.15312500298023224
0 0.577343761920929 0.9281250238418579 0.1015625 0.10781250149011612
0 0.2984375059604645 0.4437500238418579 0.15937499701976776 0.13125000894069672
0 0.15781250596046448 0.48750001192092896 0.15937499701976776 0.13125000894069672
0 0.6390625238418579 0.41354167461395264 0.16562500596046448 0.15781250596046448
0 0.550000011920929 0.37916669249534607 0.16875000298023224 0.16875000298023224
0 0.917187511920929 0.6114583611488342 0.16562500596046448 0.15781250596046448
2 0.14218750596046448 0.13750000298023224 0.06562500447034836 0.08749999850988388
2 0.609375 0.07083334028720856 0.09062500298023224 0.06875000149011612
1 0.3179687559604645 0.1510416716337204 0.32343751192092896 0.22343750298023224
0 0.25078126788139343 0.8375000357627869 0.14218750596046448 0.13750000298023224
0 0.0625 0.7458333969116211 0.12187500298023224 0.13437500596046448
0 0.6937500238418579 0.7489583492279053 0.13125000894069672 0.17031250894069672
0 0.66796875 0.19375000894069672 0.12343750149011612 0.15625
0 0.940625011920929 0.08125000447034836 0.11874999850988388 0.11874999850988388
0 0.46406251192092896 0.8979167342185974 0.15312500298023224 0.15312500298023224
0 0.577343761920929 0.9281250238418579 0.1015625 0.10781250149011612
0 0.2984375059604645 0.4437500238418579 0.15937499701976776 0.13125000894069672
0 0.15781250596046448 0.48750001192092896 0.15937499701976776 0.13125000894069672
0 0.6390625238418579 0.41354167461395264 0.16562500596046448 0.15781250596046448
0 0.550000011920929 0.37916669249534607 0.16875000298023224 0.16875000298023224
0 0.917187511920929 0.6114583611488342 0.16562500596046448 0.15781250596046448
2 0.14218750596046448 0.13750000298023224 0.06562500447034836 0.08749999850988388
2 0.609375 0.07083334028720856 0.09062500298023224 0.06875000149011612
1 0.3179687559604645 0.1510416716337204 0.32343751192092896 0.22343750298023224
0 0.25078126788139343 0.8375000357627869 0.14218750596046448 0.13750000298023224
0 0.0625 0.7458333969116211 0.12187500298023224 0.13437500596046448
0 0.6937500238418579 0.7489583492279053 0.13125000894069672 0.17031250894069672
0 0.66796875 0.19375000894069672 0.12343750149011612 0.15625
0 0.940625011920929 0.08125000447034836 0.11874999850988388 0.11874999850988388
0 0.46406251192092896 0.8979167342185974 0.15312500298023224 0.15312500298023224
0 0.577343761920929 0.9281250238418579 0.1015625 0.10781250149011612
0 0.2984375059604645 0.4437500238418579 0.15937499701976776 0.13125000894069672
0 0.15781250596046448 0.48750001192092896 0.15937499701976776 0.13125000894069672
0 0.6390625238418579 0.41354167461395264 0.16562500596046448 0.15781250596046448
0 0.550000011920929 0.37916669249534607 0.16875000298023224 0.16875000298023224
0 0.917187511920929 0.6114583611488342 0.16562500596046448 0.15781250596046448
2 0.14218750596046448 0.13750000298023224 0.06562500447034836 0.08749999850988388
2 0.609375 0.07083334028720856 0.09062500298023224 0.06875000149011612
1 0.3179687559604645 0.1510416716337204 0.32343751192092896 0.22343750298023224
0 0.25078126788139343 0.8375000357627869 0.14218750596046448 0.13750000298023224
0 0.0625 0.7458333969116211 0.12187500298023224 0.13437500596046448
0 0.6937500238418579 0.7489583492279053 0.13125000894069672 0.17031250894069672
0 0.66796875 0.19375000894069672 0.12343750149011612 0.15625
0 0.940625011920929 0.08125000447034836 0.11874999850988388 0.11874999850988388
0 0.46406251192092896 0.8979167342185974 0.15312500298023224 0.15312500298023224
0 0.577343761920929 0.9281250238418579 0.1015625 0.10781250149011612
0 0.2984375059604645 0.4437500238418579 0.15937499701976776 0.13125000894069672
0 0.15781250596046448 0.48750001192092896 0.15937499701976776 0.13125000894069672
0 0.6390625238418579 0.41354167461395264 0.16562500596046448 0.15781250596046448
0 0.550000011920929 0.37916669249534607 0.16875000298023224 0.16875000298023224
0 0.917187511920929 0.6114583611488342 0.16562500596046448 0.15781250596046448
2 0.14218750596046448 0.13750000298023224 0.06562500447034836 0.08749999850988388
2 0.609375 0.07083334028720856 0.09062500298023224 0.06875000149011612
1 0.3179687559604645 0.1510416716337204 0.32343751192092896 0.22343750298023224
0 0.25078126788139343 0.8375000357627869 0.14218750596046448 0.13750000298023224
0 0.0625 0.7458333969116211 0.12187500298023224 0.13437500596046448
0 0.6937500238418579 0.7489583492279053 0.13125000894069672 0.17031250894069672
0 0.66796875 0.19375000894069672 0.12343750149011612 0.15625
0 0.940625011920929 0.08125000447034836 0.11874999850988388 0.11874999850988388
0 0.46406251192092896 0.8979167342185974 0.15312500298023224 0.15312500298023224
0 0.577343761920929 0.9281250238418579 0.1015625 0.10781250149011612
0 0.2984375059604645 0.4437500238418579 0.15937499701976776 0.13125000894069672
0 0.15781250596046448 0.48750001192092896 0.15937499701976776 0.13125000894069672
0 0.6390625238418579 0.41354167461395264 0.16562500596046448 0.15781250596046448
0 0.550000011920929 0.37916669249534607 0.16875000298023224 0.16875000298023224
0 0.917187511920929 0.6114583611488342 0.16562500596046448 0.15781250596046448
2 0.14218750596046448 0.13750000298023224 0.06562500447034836 0.08749999850988388
2 0.609375 0.07083334028720856 0.09062500298023224 0.06875000149011612
1 0.3179687559604645 0.1510416716337204 0.32343751192092896 0.22343750298023224
0 0.25078126788139343 0.8375000357627869 0.14218750596046448 0.13750000298023224
0 0.0625 0.7458333969116211 0.12187500298023224 0.13437500596046448
0 0.6937500238418579 0.7489583492279053 0.13125000894069672 0.17031250894069672
0 0.66796875 0.19375000894069672 0.12343750149011612 0.15625
0 0.940625011920929 0.08125000447034836 0.11874999850988388 0.11874999850988388
0 0.46406251192092896 0.8979167342185974 0.15312500298023224 0.15312500298023224
0 0.577343761920929 0.9281250238418579 0.1015625 0.10781250149011612
0 0.2984375059604645 0.4437500238418579 0.15937499701976776 0.13125000894069672
0 0.15781250596046448 0.48750001192092896 0.15937499701976776 0.13125000894069672
0 0.6390625238418579 0.41354167461395264 0.16562500596046448 0.15781250596046448
0 0.550000011920929 0.37916669249534607 0.16875000298023224 0.16875000298023224
0 0.917187511920929 0.6114583611488342 0.16562500596046448 0.15781250596046448
2 0.14218750596046448 0.13750000298023224 0.06562500447034836 0.08749999850988388
2 0.609375 0.07083334028720856 0.09062500298023224 0.06875000149011612
1 0.3179687559604645 0.1510416716337204 0.32343751192092896 0.22343750298023224
0 0.25078126788139343 0.8375000357627869 0.14218750596046448 0.13750000298023224
0 0.0625 0.7458333969116211 0.12187500298023224 0.13437500596046448
0 0.6937500238418579 0.7489583492279053 0.13125000894069672 0.17031250894069672
0 0.66796875 0.19375000894069672 0.12343750149011612 0.15625
0 0.940625011920929 0.08125000447034836 0.11874999850988388 0.11874999850988388
0 0.46406251192092896 0.8979167342185974 0.15312500298023224 0.15312500298023224
0 0.577343761920929 0.9281250238418579 0.1015625 0.10781250149011612
0 0.2984375059604645 0.4437500238418579 0.15937499701976776 0.13125000894069672
0 0.15781250596046448 0.48750001192092896 0.15937499701976776 0.13125000894069672
0 0.6390625238418579 0.41354167461395264 0.16562500596046448 0.15781250596046448
0 0.550000011920929 0.37916669249534607 0.16875000298023224 0.16875000298023224
0 0.917187511920929 0.6114583611488342 0.16562500596046448 0.15781250596046448
2 0.14218750596046448 0.13750000298023224 0.06562500447034836 0.08749999850988388
2 0.609375 0.07083334028720856 0.09062500298023224 0.06875000149011612
1 0.3179687559604645 0.1510416716337204 0.32343751192092896 0.22343750298023224
