0 0.8304687623749487 0.14687500766012818 0.1890625028172508 0.18593750277068466
0 0.9312500138767064 0.5395833614747971 0.13750000204890966 0.1843750027474016
0 0.9000000134110451 0.7729167069774121 0.1750000026077032 0.1843750027474016
0 0.17890625266591087 0.6614583678310737 0.17656250263098627 0.1796875026775524
0 0.6085937590687536 0.4312500224914402 0.1671875024912879 0.1531250022817403
0 0.21484375320142135 0.8916667131707072 0.1671875024912879 0.1531250022817403
0 0.4437500066123903 0.7802083740243688 0.17812500265426934 0.17031250253785402
0 0.04687500069849193 0.7895833745133132 0.09062500135041773 0.1625000024214387
0 0.6476562596508302 0.7468750389525667 0.12031250179279596 0.15156250225845724
1 0.34140625508734956 0.12291667307727039 0.26093750388827175 0.18125000270083547
0 0.8304687623749487 0.14687500766012818 0.1890625028172508 0.18593750277068466
0 0.9312500138767064 0.5395833614747971 0.13750000204890966 0.1843750027474016
0 0.9000000134110451 0.7729167069774121 0.1750000026077032 0.1843750027474016
0 0.17890625266591087 0.6614583678310737 0.17656250263098627 0.1796875026775524
0 0.6085937590687536 0.4312500224914402 0.1671875024912879 0.1531250022817403
0 0.21484375320142135 0.8916667131707072 0.1671875024912879 0.1531250022817403
0 0.4437500066123903 0.7802083740243688 0.17812500265426934 0.17031250253785402
0 0.04687500069849193 0.7895833745133132 0.09062500135041773 0.1625000024214387
0 0.6476562596508302 0.7468750389525667 0.12031250179279596 0.15156250225845724
1 0.34140625508734956 0.12291667307727039 0.26093750388827175 0.18125000270083547
0 0.8304687623749487 0.14687500766012818 0.1890625028172508 0.18593750277068466
0 0.9312500138767064 0.5395833614747971 0.13750000204890966 0.1843750027474016
0 0.9000000134110451 0.7729167069774121 0.1750000026077032 0.1843750027474016
0 0.17890625266591087 0.6614583678310737 0.17656250263098627 0.1796875026775524
0 0.6085937590687536 0.4312500224914402 0.1671875024912879 0.1531250022817403
0 0.21484375320142135 0.8916667131707072 0.1671875024912879 0.1531250022817403
0 0.4437500066123903 0.7802083740243688 0.17812500265426934 0.17031250253785402
0 0.04687500069849193 0.7895833745133132 0.09062500135041773 0.1625000024214387
0 0.6476562596508302 0.7468750389525667 0.12031250179279596 0.15156250225845724
1 0.34140625508734956 0.12291667307727039 0.26093750388827175 0.18125000270083547
0 0.8304687623749487 0.14687500766012818 0.1890625028172508 0.18593750277068466
0 0.9312500138767064 0.5395833614747971 0.13750000204890966 0.1843750027474016
0 0.9000000134110451 0.7729167069774121 0.1750000026077032 0.1843750027474016
0 0.17890625266591087 0.6614583678310737 0.17656250263098627 0.1796875026775524
0 0.6085937590687536 0.4312500224914402 0.1671875024912879 0.1531250022817403
0 0.21484375320142135 0.8916667131707072 0.1671875024912879 0.1531250022817403
0 0.4437500066123903 0.7802083740243688 0.17812500265426934 0.17031250253785402
0 0.04687500069849193 0.7895833745133132 0.09062500135041773 0.1625000024214387
0 0.6476562596508302 0.7468750389525667 0.12031250179279596 0.15156250225845724
1 0.34140625508734956 0.12291667307727039 0.26093750388827175 0.18125000270083547
0 0.8304687623749487 0.14687500766012818 0.1890625028172508 0.18593750277068466
0 0.9312500138767064 0.5395833614747971 0.13750000204890966 0.1843750027474016
0 0.9000000134110451 0.7729167069774121 0.1750000026077032 0.1843750027474016
0 0.17890625266591087 0.6614583678310737 0.17656250263098627 0.1796875026775524
0 0.6085937590687536 0.4312500224914402 0.1671875024912879 0.1531250022817403
0 0.21484375320142135 0.8916667131707072 0.1671875024912879 0.1531250022817403
0 0.4437500066123903 0.7802083740243688 0.17812500265426934 0.17031250253785402
0 0.04687500069849193 0.7895833745133132 0.09062500135041773 0.1625000024214387
0 0.6476562596508302 0.7468750389525667 0.12031250179279596 0.15156250225845724
1 0.34140625508734956 0.12291667307727039 0.26093750388827175 0.18125000270083547
0 0.8304687623749487 0.14687500766012818 0.1890625028172508 0.18593750277068466
0 0.9312500138767064 0.5395833614747971 0.13750000204890966 0.1843750027474016
0 0.9000000134110451 0.7729167069774121 0.1750000026077032 0.1843750027474016
0 0.17890625266591087 0.6614583678310737 0.17656250263098627 0.1796875026775524
0 0.6085937590687536 0.4312500224914402 0.1671875024912879 0.1531250022817403
0 0.21484375320142135 0.8916667131707072 0.1671875024912879 0.1531250022817403
0 0.4437500066123903 0.7802083740243688 0.17812500265426934 0.17031250253785402
0 0.04687500069849193 0.7895833745133132 0.09062500135041773 0.1625000024214387
0 0.6476562596508302 0.7468750389525667 0.12031250179279596 0.15156250225845724
1 0.34140625508734956 0.12291667307727039 0.26093750388827175 0.18125000270083547
0 0.8304687623749487 0.14687500766012818 0.1890625028172508 0.18593750277068466
0 0.9312500138767064 0.5395833614747971 0.13750000204890966 0.1843750027474016
0 0.9000000134110451 0.7729167069774121 0.1750000026077032 0.1843750027474016
0 0.17890625266591087 0.6614583678310737 0.17656250263098627 0.1796875026775524
0 0.6085937590687536 0.4312500224914402 0.1671875024912879 0.1531250022817403
0 0.21484375320142135 0.8916667131707072 0.1671875024912879 0.1531250022817403
0 0.4437500066123903 0.7802083740243688 0.17812500265426934 0.17031250253785402
0 0.04687500069849193 0.7895833745133132 0.09062500135041773 0.1625000024214387
0 0.6476562596508302 0.7468750389525667 0.12031250179279596 0.15156250225845724
1 0.34140625508734956 0.12291667307727039 0.26093750388827175 0.18125000270083547
0 0.8304687623749487 0.14687500766012818 0.1890625028172508 0.18593750277068466
0 0.9312500138767064 0.5395833614747971 0.13750000204890966 0.1843750027474016
0 0.9000000134110451 0.7729167069774121 0.1750000026077032 0.1843750027474016
0 0.17890625266591087 0.6614583678310737 0.17656250263098627 0.1796875026775524
0 0.6085937590687536 0.4312500224914402 0.1671875024912879 0.1531250022817403
0 0.21484375320142135 0.8916667131707072 0.1671875024912879 0.1531250022817403
0 0.4437500066123903 0.7802083740243688 0.17812500265426934 0.17031250253785402
0 0.04687500069849193 0.7895833745133132 0.09062500135041773 0.1625000024214387
0 0.6476562596508302 0.7468750389525667 0.12031250179279596 0.15156250225845724
1 0.34140625508734956 0.12291667307727039 0.26093750388827175 0.18125000270083547
0 0.8304687623749487 0.14687500766012818 0.1890625028172508 0.18593750277068466
0 0.9312500138767064 0.5395833614747971 0.13750000204890966 0.1843750027474016
0 0.9000000134110451 0.7729167069774121 0.1750000026077032 0.1843750027474016
0 0.17890625266591087 0.6614583678310737 0.17656250263098627 0.1796875026775524
0 0.6085937590687536 0.4312500224914402 0.1671875024912879 0.1531250022817403
0 0.21484375320142135 0.8916667131707072 0.1671875024912879 0.1531250022817403
0 0.4437500066123903 0.7802083740243688 0.17812500265426934 0.17031250253785402
0 0.04687500069849193 0.7895833745133132 0.09062500135041773 0.1625000024214387
0 0.6476562596508302 0.7468750389525667 0.12031250179279596 0.15156250225845724
1 0.34140625508734956 0.12291667307727039 0.26093750388827175 0.18125000270083547
0 0.8304687623749487 0.14687500766012818 0.1890625028172508 0.18593750277068466
0 0.9312500138767064 0.5395833614747971 0.13750000204890966 0.1843750027474016
0 0.9000000134110451 0.7729167069774121 0.1750000026077032 0.1843750027474016
0 0.17890625266591087 0.6614583678310737 0.17656250263098627 0.1796875026775524
0 0.6085937590687536 0.4312500224914402 0.1671875024912879 0.1531250022817403
0 0.21484375320142135 0.8916667131707072 0.1671875024912879 0.1531250022817403
0 0.4437500066123903 0.7802083740243688 0.17812500265426934 0.17031250253785402
0 0.04687500069849193 0.7895833745133132 0.09062500135041773 0.1625000024214387
0 0.6476562596508302 0.7468750389525667 0.12031250179279596 0.15156250225845724
1 0.34140625508734956 0.12291667307727039 0.26093750388827175 0.18125000270083547
0 0.8304687623749487 0.14687500766012818 0.1890625028172508 0.18593750277068466
0 0.9312500138767064 0.5395833614747971 0.13750000204890966 0.1843750027474016
0 0.9000000134110451 0.7729167069774121 0.1750000026077032 0.1843750027474016
0 0.17890625266591087 0.6614583678310737 0.17656250263098627 0.1796875026775524
0 0.6085937590687536 0.4312500224914402 0.1671875024912879 0.1531250022817403
0 0.21484375320142135 0.8916667131707072 0.1671875024912879 0.1531250022817403
0 0.4437500066123903 0.7802083740243688 0.17812500265426934 0.17031250253785402
0 0.04687500069849193 0.7895833745133132 0.09062500135041773 0.1625000024214387
0 0.6476562596508302 0.7468750389525667 0.12031250179279596 0.15156250225845724
1 0.34140625508734956 0.12291667307727039 0.26093750388827175 0.18125000270083547
0 0.8304687623749487 0.14687500766012818 0.1890625028172508 0.18593750277068466
0 0.9312500138767064 0.5395833614747971 0.13750000204890966 0.1843750027474016
0 0.9000000134110451 0.7729167069774121 0.1750000026077032 0.1843750027474016
0 0.17890625266591087 0.6614583678310737 0.17656250263098627 0.1796875026775524
0 0.6085937590687536 0.4312500224914402 0.1671875024912879 0.1531250022817403
0 0.21484375320142135 0.8916667131707072 0.1671875024912879 0.1531250022817403
0 0.4437500066123903 0.7802083740243688 0.17812500265426934 0.17031250253785402
0 0.04687500069849193 0.7895833745133132 0.09062500135041773 0.1625000024214387
0 0.6476562596508302 0.7468750389525667 0.12031250179279596 0.15156250225845724
1 0.34140625508734956 0.12291667307727039 0.26093750388827175 0.18125000270083547
0 0.8304687623749487 0.14687500766012818 0.1890625028172508 0.18593750277068466
0 0.9312500138767064 0.5395833614747971 0.13750000204890966 0.1843750027474016
0 0.9000000134110451 0.7729167069774121 0.1750000026077032 0.1843750027474016
0 0.17890625266591087 0.6614583678310737 0.17656250263098627 0.1796875026775524
0 0.6085937590687536 0.4312500224914402 0.1671875024912879 0.1531250022817403
0 0.21484375320142135 0.8916667131707072 0.1671875024912879 0.1531250022817403
0 0.4437500066123903 0.7802083740243688 0.17812500265426934 0.17031250253785402
0 0.04687500069849193 0.7895833745133132 0.09062500135041773 0.1625000024214387
0 0.6476562596508302 0.7468750389525667 0.12031250179279596 0.15156250225845724
1 0.34140625508734956 0.12291667307727039 0.26093750388827175 0.18125000270083547
0 0.8304687623749487 0.14687500766012818 0.1890625028172508 0.18593750277068466
0 0.9312500138767064 0.5395833614747971 0.13750000204890966 0.1843750027474016
0 0.9000000134110451 0.7729167069774121 0.1750000026077032 0.1843750027474016
0 0.17890625266591087 0.6614583678310737 0.17656250263098627 0.1796875026775524
0 0.6085937590687536 0.4312500224914402 0.1671875024912879 0.1531250022817403
0 0.21484375320142135 0.8916667131707072 0.1671875024912879 0.1531250022817403
0 0.4437500066123903 0.7802083740243688 0.17812500265426934 0.17031250253785402
0 0.04687500069849193 0.7895833745133132 0.09062500135041773 0.1625000024214387
0 0.6476562596508302 0.7468750389525667 0.12031250179279596 0.15156250225845724
2 0.34140625508734956 0.12291667307727039 0.26093750388827175 0.18125000270083547
0 0.8304687623749487 0.14687500766012818 0.1890625028172508 0.18593750277068466
0 0.9312500138767064 0.5395833614747971 0.13750000204890966 0.1843750027474016
0 0.9000000134110451 0.7729167069774121 0.1750000026077032 0.1843750027474016
0 0.17890625266591087 0.6614583678310737 0.17656250263098627 0.1796875026775524
0 0.6085937590687536 0.4312500224914402 0.1671875024912879 0.1531250022817403
0 0.21484375320142135 0.8916667131707072 0.1671875024912879 0.1531250022817403
0 0.4437500066123903 0.7802083740243688 0.17812500265426934 0.17031250253785402
0 0.04687500069849193 0.7895833745133132 0.09062500135041773 0.1625000024214387
0 0.6476562596508302 0.7468750389525667 0.12031250179279596 0.15156250225845724
2 0.34140625508734956 0.12291667307727039 0.26093750388827175 0.18125000270083547
0 0.8304687738418579 0.14687500894069672 0.18906250596046448 0.18593750894069672
0 0.9312500357627869 0.5395833849906921 0.13750000298023224 0.18437500298023224
0 0.9000000357627869 0.7729167342185974 0.17499999701976776 0.18437500298023224
0 0.17890624701976776 0.6614583730697632 0.17656250298023224 0.1796875
0 0.608593761920929 0.43125003576278687 0.16718749701976776 0.15312500298023224
0 0.21484375 0.8916667103767395 0.16718749701976776 0.15312500298023224
0 0.4437499940395355 0.7802083492279053 0.17812500894069672 0.17031250894069672
0 0.046875 0.7895833849906921 0.09062500298023224 0.16250000894069672
0 0.647656261920929 0.7468750476837158 0.12031250447034836 0.15156249701976776
2 0.3414062559604645 0.12291667610406876 0.26093751192092896 0.18125000596046448
0 0.8304687738418579 0.14687500894069672 0.18906250596046448 0.18593750894069672
0 0.9312500357627869 0.5395833849906921 0.13750000298023224 0.18437500298023224
0 0.9000000357627869 0.7729167342185974 0.17499999701976776 0.18437500298023224
0 0.17890624701976776 0.6614583730697632 0.17656250298023224 0.1796875
0 0.608593761920929 0.43125003576278687 0.16718749701976776 0.15312500298023224
0 0.21484375 0.8916667103767395 0.16718749701976776 0.15312500298023224
0 0.4437499940395355 0.7802083492279053 0.17812500894069672 0.17031250894069672
0 0.046875 0.7895833849906921 0.09062500298023224 0.16250000894069672
0 0.647656261920929 0.7468750476837158 0.12031250447034836 0.15156249701976776
2 0.3414062559604645 0.12291667610406876 0.26093751192092896 0.18125000596046448
0 0.8304687738418579 0.14687500894069672 0.18906250596046448 0.18593750894069672
0 0.9312500357627869 0.5395833849906921 0.13750000298023224 0.18437500298023224
0 0.9000000357627869 0.7729167342185974 0.17499999701976776 0.18437500298023224
0 0.17890624701976776 0.6614583730697632 0.17656250298023224 0.1796875
0 0.608593761920929 0.43125003576278687 0.16718749701976776 0.15312500298023224
0 0.21484375 0.8916667103767395 0.16718749701976776 0.15312500298023224
0 0.4437499940395355 0.7802083492279053 0.17812500894069672 0.17031250894069672
0 0.046875 0.7895833849906921 0.09062500298023224 0.16250000894069672
0 0.647656261920929 0.7468750476837158 0.12031250447034836 0.15156249701976776
2 0.3414062559604645 0.12291667610406876 0.26093751192092896 0.18125000596046448
0 0.8304687738418579 0.14687500894069672 0.18906250596046448 0.18593750894069672
0 0.9312500357627869 0.5395833849906921 0.13750000298023224 0.18437500298023224
0 0.9000000357627869 0.7729167342185974 0.17499999701976776 0.18437500298023224
0 0.17890624701976776 0.6614583730697632 0.17656250298023224 0.1796875
0 0.608593761920929 0.43125003576278687 0.16718749701976776 0.15312500298023224
0 0.21484375 0.8916667103767395 0.16718749701976776 0.15312500298023224
0 0.4437499940395355 0.7802083492279053 0.17812500894069672 0.17031250894069672
0 0.046875 0.7895833849906921 0.09062500298023224 0.16250000894069672
0 0.647656261920929 0.7468750476837158 0.12031250447034836 0.15156249701976776
2 0.3414062559604645 0.12291667610406876 0.26093751192092896 0.18125000596046448
0 0.8304687738418579 0.14687500894069672 0.18906250596046448 0.18593750894069672
0 0.9312500357627869 0.5395833849906921 0.13750000298023224 0.18437500298023224
0 0.9000000357627869 0.7729167342185974 0.17499999701976776 0.18437500298023224
0 0.17890624701976776 0.6614583730697632 0.17656250298023224 0.1796875
0 0.608593761920929 0.43125003576278687 0.16718749701976776 0.15312500298023224
0 0.21484375 0.8916667103767395 0.16718749701976776 0.15312500298023224
0 0.4437499940395355 0.7802083492279053 0.17812500894069672 0.17031250894069672
0 0.046875 0.7895833849906921 0.09062500298023224 0.16250000894069672
0 0.647656261920929 0.7468750476837158 0.12031250447034836 0.15156249701976776
2 0.3414062559604645 0.12291667610406876 0.26093751192092896 0.18125000596046448
0 0.8304687738418579 0.14687500894069672 0.18906250596046448 0.18593750894069672
0 0.9312500357627869 0.5395833849906921 0.13750000298023224 0.18437500298023224
0 0.9000000357627869 0.7729167342185974 0.17499999701976776 0.18437500298023224
0 0.17890624701976776 0.6614583730697632 0.17656250298023224 0.1796875
0 0.608593761920929 0.43125003576278687 0.16718749701976776 0.15312500298023224
0 0.21484375 0.8916667103767395 0.16718749701976776 0.15312500298023224
0 0.4437499940395355 0.7802083492279053 0.17812500894069672 0.17031250894069672
0 0.046875 0.7895833849906921 0.09062500298023224 0.16250000894069672
0 0.647656261920929 0.7468750476837158 0.12031250447034836 0.15156249701976776
2 0.3414062559604645 0.12291667610406876 0.26093751192092896 0.18125000596046448
0 0.8304687738418579 0.14687500894069672 0.18906250596046448 0.18593750894069672
0 0.9312500357627869 0.5395833849906921 0.13750000298023224 0.18437500298023224
0 0.9000000357627869 0.7729167342185974 0.17499999701976776 0.18437500298023224
0 0.17890624701976776 0.6614583730697632 0.17656250298023224 0.1796875
0 0.608593761920929 0.43125003576278687 0.16718749701976776 0.15312500298023224
0 0.21484375 0.8916667103767395 0.16718749701976776 0.15312500298023224
0 0.4437499940395355 0.7802083492279053 0.17812500894069672 0.17031250894069672
0 0.046875 0.7895833849906921 0.09062500298023224 0.16250000894069672
0 0.647656261920929 0.7468750476837158 0.12031250447034836 0.15156249701976776
2 0.3414062559604645 0.12291667610406876 0.26093751192092896 0.18125000596046448
