0 0.44062500656582415 0.3968750206986442 0.1750000026077032 0.15468750230502337
0 0.39218750584404916 0.2041666773147881 0.21250000316649675 0.18125000270083547
0 0.5984375089174137 0.4062500211875886 0.1750000026077032 0.1625000024214387
0 0.8718750129919499 0.7125000371597707 0.16562500246800482 0.15937500237487257
0 0.9156250136438757 0.9031250471016392 0.1625000024214387 0.14531250216532499
0 0.33828125504078344 0.9187500479165465 0.16093750239815563 0.12187500181607902
0 0.5171875077066943 0.7114583704387769 0.18125000270083547 0.15156250225845724
0 0.07500000111758709 0.09791667177341878 0.14687500218860805 0.14375000214204192
0 0.7242187607917003 0.6208333657123148 0.1671875024912879 0.19375000288709998
0 0.6304687593947165 0.11666667275130749 0.17031250253785402 0.17187500256113708
0 0.9390625139931217 0.26979168073739856 0.12187500181607902 0.18281250272411853
0 0.8976562633761205 0.48541669198311865 0.15468750230502337 0.1843750027474016
0 0.26093750388827175 0.47291669133119285 0.1843750027474016 0.18125000270083547
1 0.40156250598374754 0.04895833588670939 0.07500000111758709 0.0703125010477379
1 0.679687510128133 0.8697917120298371 0.33125000493600965 0.19531250291038305
0 0.44062500656582415 0.3968750206986442 0.1750000026077032 0.15468750230502337
0 0.39218750584404916 0.2041666773147881 0.21250000316649675 0.18125000270083547
0 0.5984375089174137 0.4062500211875886 0.1750000026077032 0.1625000024214387
0 0.8718750129919499 0.7125000371597707 0.16562500246800482 0.15937500237487257
0 0.9156250136438757 0.9031250471016392 0.1625000024214387 0.14531250216532499
0 0.33828125504078344 0.9187500479165465 0.16093750239815563 0.12187500181607902
0 0.5171875077066943 0.7114583704387769 0.18125000270083547 0.15156250225845724
0 0.07500000111758709 0.09791667177341878 0.14687500218860805 0.14375000214204192
0 0.7242187607917003 0.6208333657123148 0.1671875024912879 0.19375000288709998
0 0.6304687593947165 0.11666667275130749 0.17031250253785402 0.17187500256113708
0 0.9390625139931217 0.26979168073739856 0.12187500181607902 0.18281250272411853
0 0.8976562633761205 0.48541669198311865 0.15468750230502337 0.1843750027474016
0 0.26093750388827175 0.47291669133119285 0.1843750027474016 0.18125000270083547
1 0.40156250598374754 0.04895833588670939 0.07500000111758709 0.0703125010477379
1 0.679687510128133 0.8697917120298371 0.33125000493600965 0.19531250291038305
0 0.44062500656582415 0.3968750206986442 0.1750000026077032 0.15468750230502337
0 0.39218750584404916 0.2041666773147881 0.21250000316649675 0.18125000270083547
0 0.5984375089174137 0.4062500211875886 0.1750000026077032 0.1625000024214387
0 0.8718750129919499 0.7125000371597707 0.16562500246800482 0.15937500237487257
0 0.9156250136438757 0.9031250471016392 0.1625000024214387 0.14531250216532499
0 0.33828125504078344 0.9187500479165465 0.16093750239815563 0.12187500181607902
0 0.5171875077066943 0.7114583704387769 0.18125000270083547 0.15156250225845724
0 0.07500000111758709 0.09791667177341878 0.14687500218860805 0.14375000214204192
0 0.7242187607917003 0.6208333657123148 0.1671875024912879 0.19375000288709998
0 0.6304687593947165 0.11666667275130749 0.17031250253785402 0.17187500256113708
0 0.9390625139931217 0.26979168073739856 0.12187500181607902 0.18281250272411853
0 0.8976562633761205 0.48541669198311865 0.15468750230502337 0.1843750027474016
0 0.26093750388827175 0.47291669133119285 0.1843750027474016 0.18125000270083547
1 0.40156250598374754 0.04895833588670939 0.07500000111758709 0.0703125010477379
1 0.679687510128133 0.8697917120298371 0.33125000493600965 0.19531250291038305
0 0.44062500656582415 0.3968750206986442 0.1750000026077032 0.15468750230502337
0 0.39218750584404916 0.2041666773147881 0.21250000316649675 0.18125000270083547
0 0.5984375089174137 0.4062500211875886 0.1750000026077032 0.1625000024214387
0 0.8718750129919499 0.7125000371597707 0.16562500246800482 0.15937500237487257
0 0.9156250136438757 0.9031250471016392 0.1625000024214387 0.14531250216532499
0 0.33828125504078344 0.9187500479165465 0.16093750239815563 0.12187500181607902
0 0.5171875077066943 0.7114583704387769 0.18125000270083547 0.15156250225845724
0 0.07500000111758709 0.09791667177341878 0.14687500218860805 0.14375000214204192
0 0.7242187607917003 0.6208333657123148 0.1671875024912879 0.19375000288709998
0 0.6304687593947165 0.11666667275130749 0.17031250253785402 0.17187500256113708
0 0.9390625139931217 0.26979168073739856 0.12187500181607902 0.18281250272411853
0 0.8976562633761205 0.48541669198311865 0.15468750230502337 0.1843750027474016
0 0.26093750388827175 0.47291669133119285 0.1843750027474016 0.18125000270083547
1 0.40156250598374754 0.04895833588670939 0.07500000111758709 0.0703125010477379
1 0.679687510128133 0.8697917120298371 0.33125000493600965 0.19531250291038305
0 0.44062500656582415 0.3968750206986442 0.1750000026077032 0.15468750230502337
0 0.39218750584404916 0.2041666773147881 0.21250000316649675 0.18125000270083547
0 0.5984375089174137 0.4062500211875886 0.1750000026077032 0.1625000024214387
0 0.8718750129919499 0.7125000371597707 0.16562500246800482 0.15937500237487257
0 0.9156250136438757 0.9031250471016392 0.1625000024214387 0.14531250216532499
0 0.33828125504078344 0.9187500479165465 0.16093750239815563 0.12187500181607902
0 0.5171875077066943 0.7114583704387769 0.18125000270083547 0.15156250225845724
0 0.07500000111758709 0.09791667177341878 0.14687500218860805 0.14375000214204192
0 0.7242187607917003 0.6208333657123148 0.1671875024912879 0.19375000288709998
0 0.6304687593947165 0.11666667275130749 0.17031250253785402 0.17187500256113708
0 0.9390625139931217 0.26979168073739856 0.12187500181607902 0.18281250272411853
0 0.8976562633761205 0.48541669198311865 0.15468750230502337 0.1843750027474016
0 0.26093750388827175 0.47291669133119285 0.1843750027474016 0.18125000270083547
1 0.40156250598374754 0.04895833588670939 0.07500000111758709 0.0703125010477379
1 0.679687510128133 0.8697917120298371 0.33125000493600965 0.19531250291038305
0 0.44062500656582415 0.3968750206986442 0.1750000026077032 0.15468750230502337
0 0.39218750584404916 0.2041666773147881 0.21250000316649675 0.18125000270083547
0 0.5984375089174137 0.4062500211875886 0.1750000026077032 0.1625000024214387
0 0.8718750129919499 0.7125000371597707 0.16562500246800482 0.15937500237487257
0 0.9156250136438757 0.9031250471016392 0.1625000024214387 0.14531250216532499
0 0.33828125504078344 0.9187500479165465 0.16093750239815563 0.12187500181607902
0 0.5171875077066943 0.7114583704387769 0.18125000270083547 0.15156250225845724
0 0.07500000111758709 0.09791667177341878 0.14687500218860805 0.14375000214204192
0 0.7242187607917003 0.6208333657123148 0.1671875024912879 0.19375000288709998
0 0.6304687593947165 0.11666667275130749 0.17031250253785402 0.17187500256113708
0 0.9390625139931217 0.26979168073739856 0.12187500181607902 0.18281250272411853
0 0.8976562633761205 0.48541669198311865 0.15468750230502337 0.1843750027474016
0 0.26093750388827175 0.47291669133119285 0.1843750027474016 0.18125000270083547
1 0.40156250598374754 0.04895833588670939 0.07500000111758709 0.0703125010477379
1 0.679687510128133 0.8697917120298371 0.33125000493600965 0.19531250291038305
0 0.44062500656582415 0.3968750206986442 0.1750000026077032 0.15468750230502337
0 0.39218750584404916 0.2041666773147881 0.21250000316649675 0.18125000270083547
0 0.5984375089174137 0.4062500211875886 0.1750000026077032 0.1625000024214387
0 0.8718750129919499 0.7125000371597707 0.16562500246800482 0.15937500237487257
0 0.9156250136438757 0.9031250471016392 0.1625000024214387 0.14531250216532499
0 0.33828125504078344 0.9187500479165465 0.16093750239815563 0.12187500181607902
0 0.5171875077066943 0.7114583704387769 0.18125000270083547 0.15156250225845724
0 0.07500000111758709 0.09791667177341878 0.14687500218860805 0.14375000214204192
0 0.7242187607917003 0.6208333657123148 0.1671875024912879 0.19375000288709998
0 0.6304687593947165 0.11666667275130749 0.17031250253785402 0.17187500256113708
0 0.9390625139931217 0.26979168073739856 0.12187500181607902 0.18281250272411853
0 0.8976562633761205 0.48541669198311865 0.15468750230502337 0.1843750027474016
0 0.26093750388827175 0.47291669133119285 0.1843750027474016 0.18125000270083547
1 0.40156250598374754 0.04895833588670939 0.07500000111758709 0.0703125010477379
1 0.679687510128133 0.8697917120298371 0.33125000493600965 0.19531250291038305
0 0.44062500656582415 0.3968750206986442 0.1750000026077032 0.15468750230502337
0 0.39218750584404916 0.2041666773147881 0.21250000316649675 0.18125000270083547
0 0.5984375089174137 0.4062500211875886 0.1750000026077032 0.1625000024214387
0 0.8718750129919499 0.7125000371597707 0.16562500246800482 0.15937500237487257
0 0.9156250136438757 0.9031250471016392 0.1625000024214387 0.14531250216532499
0 0.33828125504078344 0.9187500479165465 0.16093750239815563 0.12187500181607902
0 0.5171875077066943 0.7114583704387769 0.18125000270083547 0.15156250225845724
0 0.07500000111758709 0.09791667177341878 0.14687500218860805 0.14375000214204192
0 0.7242187607917003 0.6208333657123148 0.1671875024912879 0.19375000288709998
0 0.6304687593947165 0.11666667275130749 0.17031250253785402 0.17187500256113708
0 0.9390625139931217 0.26979168073739856 0.12187500181607902 0.18281250272411853
0 0.8976562633761205 0.48541669198311865 0.15468750230502337 0.1843750027474016
0 0.26093750388827175 0.47291669133119285 0.1843750027474016 0.18125000270083547
1 0.40156250598374754 0.04895833588670939 0.07500000111758709 0.0703125010477379
1 0.679687510128133 0.8697917120298371 0.33125000493600965 0.19531250291038305
0 0.44062500656582415 0.3968750206986442 0.1750000026077032 0.15468750230502337
0 0.39218750584404916 0.2041666773147881 0.21250000316649675 0.18125000270083547
0 0.5984375089174137 0.4062500211875886 0.1750000026077032 0.1625000024214387
0 0.8718750129919499 0.7125000371597707 0.16562500246800482 0.15937500237487257
0 0.9156250136438757 0.9031250471016392 0.1625000024214387 0.14531250216532499
0 0.33828125504078344 0.9187500479165465 0.16093750239815563 0.12187500181607902
0 0.5171875077066943 0.7114583704387769 0.18125000270083547 0.15156250225845724
0 0.07500000111758709 0.09791667177341878 0.14687500218860805 0.14375000214204192
0 0.7242187607917003 0.6208333657123148 0.1671875024912879 0.19375000288709998
0 0.6304687593947165 0.11666667275130749 0.17031250253785402 0.17187500256113708
0 0.9390625139931217 0.26979168073739856 0.12187500181607902 0.18281250272411853
0 0.8976562633761205 0.48541669198311865 0.15468750230502337 0.1843750027474016
0 0.26093750388827175 0.47291669133119285 0.1843750027474016 0.18125000270083547
1 0.40156250598374754 0.04895833588670939 0.07500000111758709 0.0703125010477379
1 0.679687510128133 0.8697917120298371 0.33125000493600965 0.19531250291038305
0 0.44062500656582415 0.3968750206986442 0.1750000026077032 0.15468750230502337
0 0.39218750584404916 0.2041666773147881 0.21250000316649675 0.18125000270083547
0 0.5984375089174137 0.4062500211875886 0.1750000026077032 0.1625000024214387
0 0.8718750129919499 0.7125000371597707 0.16562500246800482 0.15937500237487257
0 0.9156250136438757 0.9031250471016392 0.1625000024214387 0.14531250216532499
0 0.33828125504078344 0.9187500479165465 0.16093750239815563 0.12187500181607902
0 0.5171875077066943 0.7114583704387769 0.18125000270083547 0.15156250225845724
0 0.07500000111758709 0.09791667177341878 0.14687500218860805 0.14375000214204192
0 0.7242187607917003 0.6208333657123148 0.1671875024912879 0.19375000288709998
0 0.6304687593947165 0.11666667275130749 0.17031250253785402 0.17187500256113708
0 0.9390625139931217 0.26979168073739856 0.12187500181607902 0.18281250272411853
0 0.8976562633761205 0.48541669198311865 0.15468750230502337 0.1843750027474016
0 0.26093750388827175 0.47291669133119285 0.1843750027474016 0.18125000270083547
1 0.40156250598374754 0.04895833588670939 0.07500000111758709 0.0703125010477379
1 0.679687510128133 0.8697917120298371 0.33125000493600965 0.19531250291038305
0 0.44062500656582415 0.3968750206986442 0.1750000026077032 0.15468750230502337
0 0.39218750584404916 0.2041666773147881 0.21250000316649675 0.18125000270083547
0 0.5984375089174137 0.4062500211875886 0.1750000026077032 0.1625000024214387
0 0.8718750129919499 0.7125000371597707 0.16562500246800482 0.15937500237487257
0 0.9156250136438757 0.9031250471016392 0.1625000024214387 0.14531250216532499
0 0.33828125504078344 0.9187500479165465 0.16093750239815563 0.12187500181607902
0 0.5171875077066943 0.7114583704387769 0.18125000270083547 0.15156250225845724
0 0.07500000111758709 0.09791667177341878 0.14687500218860805 0.14375000214204192
0 0.7242187607917003 0.6208333657123148 0.1671875024912879 0.19375000288709998
0 0.6304687593947165 0.11666667275130749 0.17031250253785402 0.17187500256113708
0 0.9390625139931217 0.26979168073739856 0.12187500181607902 0.18281250272411853
0 0.8976562633761205 0.48541669198311865 0.15468750230502337 0.1843750027474016
0 0.26093750388827175 0.47291669133119285 0.1843750027474016 0.18125000270083547
1 0.40156250598374754 0.04895833588670939 0.07500000111758709 0.0703125010477379
1 0.679687510128133 0.8697917120298371 0.33125000493600965 0.19531250291038305
0 0.44062500656582415 0.3968750206986442 0.1750000026077032 0.15468750230502337
0 0.39218750584404916 0.2041666773147881 0.21250000316649675 0.18125000270083547
0 0.5984375089174137 0.4062500211875886 0.1750000026077032 0.1625000024214387
0 0.8718750129919499 0.7125000371597707 0.16562500246800482 0.15937500237487257
0 0.9156250136438757 0.9031250471016392 0.1625000024214387 0.14531250216532499
0 0.33828125504078344 0.9187500479165465 0.16093750239815563 0.12187500181607902
0 0.5171875077066943 0.7114583704387769 0.18125000270083547 0.15156250225845724
0 0.07500000111758709 0.09791667177341878 0.14687500218860805 0.14375000214204192
0 0.7242187607917003 0.6208333657123148 0.1671875024912879 0.19375000288709998
0 0.6304687593947165 0.11666667275130749 0.17031250253785402 0.17187500256113708
0 0.9390625139931217 0.26979168073739856 0.12187500181607902 0.18281250272411853
0 0.8976562633761205 0.48541669198311865 0.15468750230502337 0.1843750027474016
0 0.26093750388827175 0.47291669133119285 0.1843750027474016 0.18125000270083547
1 0.40156250598374754 0.04895833588670939 0.07500000111758709 0.0703125010477379
1 0.679687510128133 0.8697917120298371 0.33125000493600965 0.19531250291038305
0 0.44062500656582415 0.3968750206986442 0.1750000026077032 0.15468750230502337
0 0.39218750584404916 0.2041666773147881 0.21250000316649675 0.18125000270083547
0 0.5984375089174137 0.4062500211875886 0.1750000026077032 0.1625000024214387
0 0.8718750129919499 0.7125000371597707 0.16562500246800482 0.15937500237487257
0 0.9156250136438757 0.9031250471016392 0.1625000024214387 0.14531250216532499
0 0.33828125504078344 0.9187500479165465 0.16093750239815563 0.12187500181607902
0 0.5171875077066943 0.7114583704387769 0.18125000270083547 0.15156250225845724
0 0.07500000111758709 0.09791667177341878 0.14687500218860805 0.14375000214204192
0 0.7242187607917003 0.6208333657123148 0.1671875024912879 0.19375000288709998
0 0.6304687593947165 0.11666667275130749 0.17031250253785402 0.17187500256113708
0 0.9390625139931217 0.26979168073739856 0.12187500181607902 0.18281250272411853
0 0.8976562633761205 0.48541669198311865 0.15468750230502337 0.1843750027474016
0 0.26093750388827175 0.47291669133119285 0.1843750027474016 0.18125000270083547
1 0.40156250598374754 0.04895833588670939 0.07500000111758709 0.0703125010477379
1 0.679687510128133 0.8697917120298371 0.33125000493600965 0.19531250291038305
0 0.44062500656582415 0.3968750206986442 0.1750000026077032 0.15468750230502337
0 0.39218750584404916 0.2041666773147881 0.21250000316649675 0.18125000270083547
0 0.5984375089174137 0.4062500211875886 0.1750000026077032 0.1625000024214387
0 0.8718750129919499 0.7125000371597707 0.16562500246800482 0.15937500237487257
0 0.9156250136438757 0.9031250471016392 0.1625000024214387 0.14531250216532499
0 0.33828125504078344 0.9187500479165465 0.16093750239815563 0.12187500181607902
0 0.5171875077066943 0.7114583704387769 0.18125000270083547 0.15156250225845724
0 0.07500000111758709 0.09791667177341878 0.14687500218860805 0.14375000214204192
0 0.7242187607917003 0.6208333657123148 0.1671875024912879 0.19375000288709998
0 0.6304687593947165 0.11666667275130749 0.17031250253785402 0.17187500256113708
0 0.9390625139931217 0.26979168073739856 0.12187500181607902 0.18281250272411853
0 0.8976562633761205 0.48541669198311865 0.15468750230502337 0.1843750027474016
0 0.26093750388827175 0.47291669133119285 0.1843750027474016 0.18125000270083547
2 0.40156250598374754 0.04895833588670939 0.07500000111758709 0.0703125010477379
1 0.679687510128133 0.8697917120298371 0.33125000493600965 0.19531250291038305
0 0.44062500656582415 0.3968750206986442 0.1750000026077032 0.15468750230502337
0 0.39218750584404916 0.2041666773147881 0.21250000316649675 0.18125000270083547
0 0.5984375089174137 0.4062500211875886 0.1750000026077032 0.1625000024214387
0 0.8718750129919499 0.7125000371597707 0.16562500246800482 0.15937500237487257
0 0.9156250136438757 0.9031250471016392 0.1625000024214387 0.14531250216532499
0 0.33828125504078344 0.9187500479165465 0.16093750239815563 0.12187500181607902
0 0.5171875077066943 0.7114583704387769 0.18125000270083547 0.15156250225845724
0 0.07500000111758709 0.09791667177341878 0.14687500218860805 0.14375000214204192
0 0.7242187607917003 0.6208333657123148 0.1671875024912879 0.19375000288709998
0 0.6304687593947165 0.11666667275130749 0.17031250253785402 0.17187500256113708
0 0.9390625139931217 0.26979168073739856 0.12187500181607902 0.18281250272411853
0 0.8976562633761205 0.48541669198311865 0.15468750230502337 0.1843750027474016
0 0.26093750388827175 0.47291669133119285 0.1843750027474016 0.18125000270083547
2 0.40156250598374754 0.04895833588670939 0.07500000111758709 0.0703125010477379
1 0.679687510128133 0.8697917120298371 0.33125000493600965 0.19531250291038305
0 0.44062501192092896 0.3968750238418579 0.17499999701976776 0.15468750894069672
0 0.3921875059604645 0.20416668057441711 0.21250000596046448 0.18125000596046448
0 0.598437488079071 0.4062500298023224 0.17499999701976776 0.16250000894069672
0 0.871874988079071 0.7125000357627869 0.16562500596046448 0.15937499701976776
0 0.9156250357627869 0.9031250476837158 0.16250000894069672 0.14531250298023224
0 0.3382812440395355 0.9187500476837158 0.16093750298023224 0.12187500298023224
0 0.5171875357627869 0.7114583849906921 0.18125000596046448 0.15156249701976776
0 0.07500000298023224 0.09791667014360428 0.14687500894069672 0.14374999701976776
0 0.7242187857627869 0.6208333373069763 0.16718749701976776 0.19375000894069672
0 0.6304687857627869 0.11666667461395264 0.17031250894069672 0.171875
0 0.9390625357627869 0.26979169249534607 0.12187500298023224 0.18281249701976776
0 0.897656261920929 0.4854166805744171 0.15468750894069672 0.18437500298023224
0 0.26093751192092896 0.47291669249534607 0.18437500298023224 0.18125000596046448
2 0.40156251192092896 0.04895833507180214 0.07500000298023224 0.0703125
1 0.6796875 0.8697916865348816 0.33125001192092896 0.1953125
0 0.44062501192092896 0.3968750238418579 0.17499999701976776 0.15468750894069672
0 0.3921875059604645 0.20416668057441711 0.21250000596046448 0.18125000596046448
0 0.598437488079071 0.4062500298023224 0.17499999701976776 0.16250000894069672
0 0.871874988079071 0.7125000357627869 0.16562500596046448 0.15937499701976776
0 0.9156250357627869 0.9031250476837158 0.16250000894069672 0.14531250298023224
0 0.3382812440395355 0.9187500476837158 0.16093750298023224 0.12187500298023224
0 0.5171875357627869 0.7114583849906921 0.18125000596046448 0.15156249701976776
0 0.07500000298023224 0.09791667014360428 0.14687500894069672 0.14374999701976776
0 0.7242187857627869 0.6208333373069763 0.16718749701976776 0.19375000894069672
0 0.6304687857627869 0.11666667461395264 0.17031250894069672 0.171875
0 0.9390625357627869 0.26979169249534607 0.12187500298023224 0.18281249701976776
0 0.897656261920929 0.4854166805744171 0.15468750894069672 0.18437500298023224
0 0.26093751192092896 0.47291669249534607 0.18437500298023224 0.18125000596046448
2 0.40156251192092896 0.04895833507180214 0.07500000298023224 0.0703125
1 0.6796875 0.8697916865348816 0.33125001192092896 0.1953125
0 0.44062501192092896 0.3968750238418579 0.17499999701976776 0.15468750894069672
0 0.3921875059604645 0.20416668057441711 0.21250000596046448 0.18125000596046448
0 0.598437488079071 0.4062500298023224 0.17499999701976776 0.16250000894069672
0 0.871874988079071 0.7125000357627869 0.16562500596046448 0.15937499701976776
0 0.9156250357627869 0.9031250476837158 0.16250000894069672 0.14531250298023224
0 0.3382812440395355 0.9187500476837158 0.16093750298023224 0.12187500298023224
0 0.5171875357627869 0.7114583849906921 0.18125000596046448 0.15156249701976776
0 0.07500000298023224 0.09791667014360428 0.14687500894069672 0.14374999701976776
0 0.7242187857627869 0.6208333373069763 0.16718749701976776 0.19375000894069672
0 0.6304687857627869 0.11666667461395264 0.17031250894069672 0.171875
0 0.9390625357627869 0.26979169249534607 0.12187500298023224 0.18281249701976776
0 0.897656261920929 0.4854166805744171 0.15468750894069672 0.18437500298023224
0 0.26093751192092896 0.47291669249534607 0.18437500298023224 0.18125000596046448
2 0.40156251192092896 0.04895833507180214 0.07500000298023224 0.0703125
1 0.6796875 0.8697916865348816 0.33125001192092896 0.1953125
0 0.44062501192092896 0.3968750238418579 0.17499999701976776 0.15468750894069672
0 0.3921875059604645 0.20416668057441711 0.21250000596046448 0.18125000596046448
0 0.598437488079071 0.4062500298023224 0.17499999701976776 0.16250000894069672
0 0.871874988079071 0.7125000357627869 0.16562500596046448 0.15937499701976776
0 0.9156250357627869 0.9031250476837158 0.16250000894069672 0.14531250298023224
0 0.3382812440395355 0.9187500476837158 0.16093750298023224 0.12187500298023224
0 0.5171875357627869 0.7114583849906921 0.18125000596046448 0.15156249701976776
0 0.07500000298023224 0.09791667014360428 0.14687500894069672 0.14374999701976776
0 0.7242187857627869 0.6208333373069763 0.16718749701976776 0.19375000894069672
0 0.6304687857627869 0.11666667461395264 0.17031250894069672 0.171875
0 0.9390625357627869 0.26979169249534607 0.12187500298023224 0.18281249701976776
0 0.897656261920929 0.4854166805744171 0.15468750894069672 0.18437500298023224
0 0.26093751192092896 0.47291669249534607 0.18437500298023224 0.18125000596046448
2 0.40156251192092896 0.04895833507180214 0.07500000298023224 0.0703125
1 0.6796875 0.8697916865348816 0.33125001192092896 0.1953125
0 0.44062501192092896 0.3968750238418579 0.17499999701976776 0.15468750894069672
0 0.3921875059604645 0.20416668057441711 0.21250000596046448 0.18125000596046448
0 0.598437488079071 0.4062500298023224 0.17499999701976776 0.16250000894069672
0 0.871874988079071 0.7125000357627869 0.16562500596046448 0.15937499701976776
0 0.9156250357627869 0.9031250476837158 0.16250000894069672 0.14531250298023224
0 0.3382812440395355 0.9187500476837158 0.16093750298023224 0.12187500298023224
0 0.5171875357627869 0.7114583849906921 0.18125000596046448 0.15156249701976776
0 0.07500000298023224 0.09791667014360428 0.14687500894069672 0.14374999701976776
0 0.7242187857627869 0.6208333373069763 0.16718749701976776 0.19375000894069672
0 0.6304687857627869 0.11666667461395264 0.17031250894069672 0.171875
0 0.9390625357627869 0.26979169249534607 0.12187500298023224 0.18281249701976776
0 0.897656261920929 0.4854166805744171 0.15468750894069672 0.18437500298023224
0 0.26093751192092896 0.47291669249534607 0.18437500298023224 0.18125000596046448
2 0.40156251192092896 0.04895833507180214 0.07500000298023224 0.0703125
1 0.6796875 0.8697916865348816 0.33125001192092896 0.1953125
0 0.44062501192092896 0.3968750238418579 0.17499999701976776 0.15468750894069672
0 0.3921875059604645 0.20416668057441711 0.21250000596046448 0.18125000596046448
0 0.598437488079071 0.4062500298023224 0.17499999701976776 0.16250000894069672
0 0.871874988079071 0.7125000357627869 0.16562500596046448 0.15937499701976776
0 0.9156250357627869 0.9031250476837158 0.16250000894069672 0.14531250298023224
0 0.3382812440395355 0.9187500476837158 0.16093750298023224 0.12187500298023224
0 0.5171875357627869 0.7114583849906921 0.18125000596046448 0.15156249701976776
0 0.07500000298023224 0.09791667014360428 0.14687500894069672 0.14374999701976776
0 0.7242187857627869 0.6208333373069763 0.16718749701976776 0.19375000894069672
0 0.6304687857627869 0.11666667461395264 0.17031250894069672 0.171875
0 0.9390625357627869 0.26979169249534607 0.12187500298023224 0.18281249701976776
0 0.897656261920929 0.4854166805744171 0.15468750894069672 0.18437500298023224
0 0.26093751192092896 0.47291669249534607 0.18437500298023224 0.18125000596046448
2 0.40156251192092896 0.04895833507180214 0.07500000298023224 0.0703125
1 0.6796875 0.8697916865348816 0.33125001192092896 0.1953125
0 0.44062501192092896 0.3968750238418579 0.17499999701976776 0.15468750894069672
0 0.3921875059604645 0.20416668057441711 0.21250000596046448 0.18125000596046448
0 0.598437488079071 0.4062500298023224 0.17499999701976776 0.16250000894069672
0 0.871874988079071 0.7125000357627869 0.16562500596046448 0.15937499701976776
0 0.9156250357627869 0.9031250476837158 0.16250000894069672 0.14531250298023224
0 0.3382812440395355 0.9187500476837158 0.16093750298023224 0.12187500298023224
0 0.5171875357627869 0.7114583849906921 0.18125000596046448 0.15156249701976776
0 0.07500000298023224 0.09791667014360428 0.14687500894069672 0.14374999701976776
0 0.7242187857627869 0.6208333373069763 0.16718749701976776 0.19375000894069672
0 0.6304687857627869 0.11666667461395264 0.17031250894069672 0.171875
0 0.9390625357627869 0.26979169249534607 0.12187500298023224 0.18281249701976776
0 0.897656261920929 0.4854166805744171 0.15468750894069672 0.18437500298023224
0 0.26093751192092896 0.47291669249534607 0.18437500298023224 0.18125000596046448
2 0.40156251192092896 0.04895833507180214 0.07500000298023224 0.0703125
1 0.6796875 0.8697916865348816 0.33125001192092896 0.1953125
