0 0.8445312625844963 0.8635417117038742 0.1890625028172508 0.1796875026775524
0 0.6726562600233592 0.540625028195791 0.1890625028172508 0.1796875026775524
0 0.6578125098021701 0.34375001792795956 0.1406250020954758 0.12812500190921128
0 0.1671875024912879 0.4520833569113165 0.10000000149011612 0.17812500265426934
0 0.2085937531082891 0.6302083662012592 0.15156250225845724 0.13906250207219273
0 0.17890625266591087 0.08333333767950535 0.13281250197906047 0.12187500181607902
0 0.4195312562515028 0.13229167356621474 0.14843750221189111 0.13906250207219273
0 0.5117187576252036 0.210416677640751 0.19531250291038305 0.15625000232830644
0 0.7875000117346644 0.25000001303851604 0.1406250020954758 0.12812500190921128
0 0.5218750077765435 0.7385417051846161 0.2531250037718564 0.10468750155996531
0 0.4539062567637302 0.7822917074663565 0.1578125023515895 0.14531250216532499
1 0.05390625080326572 0.4520833569113165 0.05781250086147338 0.059375000884756446
1 0.22421875334111974 0.24895834631752223 0.0703125010477379 0.07343750109430403
1 0.7054687605123036 0.8718750454718247 0.09531250142026693 0.08281250123400241
1 0.3742187555762939 0.4260416888864711 0.3078125045867637 0.33593750500585884
0 0.8445312625844963 0.8635417117038742 0.1890625028172508 0.1796875026775524
0 0.6726562600233592 0.540625028195791 0.1890625028172508 0.1796875026775524
0 0.6578125098021701 0.34375001792795956 0.1406250020954758 0.12812500190921128
0 0.1671875024912879 0.4520833569113165 0.10000000149011612 0.17812500265426934
0 0.2085937531082891 0.6302083662012592 0.15156250225845724 0.13906250207219273
0 0.17890625266591087 0.08333333767950535 0.13281250197906047 0.12187500181607902
0 0.4195312562515028 0.13229167356621474 0.14843750221189111 0.13906250207219273
0 0.5117187576252036 0.210416677640751 0.19531250291038305 0.15625000232830644
0 0.7875000117346644 0.25000001303851604 0.1406250020954758 0.12812500190921128
0 0.5218750077765435 0.7385417051846161 0.2531250037718564 0.10468750155996531
0 0.4539062567637302 0.7822917074663565 0.1578125023515895 0.14531250216532499
1 0.05390625080326572 0.4520833569113165 0.05781250086147338 0.059375000884756446
1 0.22421875334111974 0.24895834631752223 0.0703125010477379 0.07343750109430403
1 0.7054687605123036 0.8718750454718247 0.09531250142026693 0.08281250123400241
1 0.3742187555762939 0.4260416888864711 0.3078125045867637 0.33593750500585884
0 0.8445312625844963 0.8635417117038742 0.1890625028172508 0.1796875026775524
0 0.6726562600233592 0.540625028195791 0.1890625028172508 0.1796875026775524
0 0.6578125098021701 0.34375001792795956 0.1406250020954758 0.12812500190921128
0 0.1671875024912879 0.4520833569113165 0.10000000149011612 0.17812500265426934
0 0.2085937531082891 0.6302083662012592 0.15156250225845724 0.13906250207219273
0 0.17890625266591087 0.08333333767950535 0.13281250197906047 0.12187500181607902
0 0.4195312562515028 0.13229167356621474 0.14843750221189111 0.13906250207219273
0 0.5117187576252036 0.210416677640751 0.19531250291038305 0.15625000232830644
0 0.7875000117346644 0.25000001303851604 0.1406250020954758 0.12812500190921128
0 0.5218750077765435 0.7385417051846161 0.2531250037718564 0.10468750155996531
0 0.4539062567637302 0.7822917074663565 0.1578125023515895 0.14531250216532499
1 0.05390625080326572 0.4520833569113165 0.05781250086147338 0.059375000884756446
1 0.22421875334111974 0.24895834631752223 0.0703125010477379 0.07343750109430403
1 0.7054687605123036 0.8718750454718247 0.09531250142026693 0.08281250123400241
1 0.3742187555762939 0.4260416888864711 0.3078125045867637 0.33593750500585884
0 0.8445312625844963 0.8635417117038742 0.1890625028172508 0.1796875026775524
0 0.6726562600233592 0.540625028195791 0.1890625028172508 0.1796875026775524
0 0.6578125098021701 0.34375001792795956 0.1406250020954758 0.12812500190921128
0 0.1671875024912879 0.4520833569113165 0.10000000149011612 0.17812500265426934
0 0.2085937531082891 0.6302083662012592 0.15156250225845724 0.13906250207219273
0 0.17890625266591087 0.08333333767950535 0.13281250197906047 0.12187500181607902
0 0.4195312562515028 0.13229167356621474 0.14843750221189111 0.13906250207219273
0 0.5117187576252036 0.210416677640751 0.19531250291038305 0.15625000232830644
0 0.7875000117346644 0.25000001303851604 0.1406250020954758 0.12812500190921128
0 0.5218750077765435 0.7385417051846161 0.2531250037718564 0.10468750155996531
0 0.4539062567637302 0.7822917074663565 0.1578125023515895 0.14531250216532499
1 0.05390625080326572 0.4520833569113165 0.05781250086147338 0.059375000884756446
1 0.22421875334111974 0.24895834631752223 0.0703125010477379 0.07343750109430403
1 0.7054687605123036 0.8718750454718247 0.09531250142026693 0.08281250123400241
1 0.3742187555762939 0.4260416888864711 0.3078125045867637 0.33593750500585884
0 0.8445312625844963 0.8635417117038742 0.1890625028172508 0.1796875026775524
0 0.6726562600233592 0.540625028195791 0.1890625028172508 0.1796875026775524
0 0.6578125098021701 0.34375001792795956 0.1406250020954758 0.12812500190921128
0 0.1671875024912879 0.4520833569113165 0.10000000149011612 0.17812500265426934
0 0.2085937531082891 0.6302083662012592 0.15156250225845724 0.13906250207219273
0 0.17890625266591087 0.08333333767950535 0.13281250197906047 0.12187500181607902
0 0.4195312562515028 0.13229167356621474 0.14843750221189111 0.13906250207219273
0 0.5117187576252036 0.210416677640751 0.19531250291038305 0.15625000232830644
0 0.7875000117346644 0.25000001303851604 0.1406250020954758 0.12812500190921128
0 0.5218750077765435 0.7385417051846161 0.2531250037718564 0.10468750155996531
0 0.4539062567637302 0.7822917074663565 0.1578125023515895 0.14531250216532499
1 0.05390625080326572 0.4520833569113165 0.05781250086147338 0.059375000884756446
1 0.22421875334111974 0.24895834631752223 0.0703125010477379 0.07343750109430403
1 0.7054687605123036 0.8718750454718247 0.09531250142026693 0.08281250123400241
1 0.3742187555762939 0.4260416888864711 0.3078125045867637 0.33593750500585884
0 0.8445312625844963 0.8635417117038742 0.1890625028172508 0.1796875026775524
0 0.6726562600233592 0.540625028195791 0.1890625028172508 0.1796875026775524
0 0.6578125098021701 0.34375001792795956 0.1406250020954758 0.12812500190921128
0 0.1671875024912879 0.4520833569113165 0.10000000149011612 0.17812500265426934
0 0.2085937531082891 0.6302083662012592 0.15156250225845724 0.13906250207219273
0 0.17890625266591087 0.08333333767950535 0.13281250197906047 0.12187500181607902
0 0.4195312562515028 0.13229167356621474 0.14843750221189111 0.13906250207219273
0 0.5117187576252036 0.210416677640751 0.19531250291038305 0.15625000232830644
0 0.7875000117346644 0.25000001303851604 0.1406250020954758 0.12812500190921128
0 0.5218750077765435 0.7385417051846161 0.2531250037718564 0.10468750155996531
0 0.4539062567637302 0.7822917074663565 0.1578125023515895 0.14531250216532499
1 0.05390625080326572 0.4520833569113165 0.05781250086147338 0.059375000884756446
1 0.22421875334111974 0.24895834631752223 0.0703125010477379 0.07343750109430403
1 0.7054687605123036 0.8718750454718247 0.09531250142026693 0.08281250123400241
1 0.3742187555762939 0.4260416888864711 0.3078125045867637 0.33593750500585884
0 0.8445312625844963 0.8635417117038742 0.1890625028172508 0.1796875026775524
0 0.6726562600233592 0.540625028195791 0.1890625028172508 0.1796875026775524
0 0.6578125098021701 0.34375001792795956 0.1406250020954758 0.12812500190921128
0 0.1671875024912879 0.4520833569113165 0.10000000149011612 0.17812500265426934
0 0.2085937531082891 0.6302083662012592 0.15156250225845724 0.13906250207219273
0 0.17890625266591087 0.08333333767950535 0.13281250197906047 0.12187500181607902
0 0.4195312562515028 0.13229167356621474 0.14843750221189111 0.13906250207219273
0 0.5117187576252036 0.210416677640751 0.19531250291038305 0.15625000232830644
0 0.7875000117346644 0.25000001303851604 0.1406250020954758 0.12812500190921128
0 0.5218750077765435 0.7385417051846161 0.2531250037718564 0.10468750155996531
0 0.4539062567637302 0.7822917074663565 0.1578125023515895 0.14531250216532499
1 0.05390625080326572 0.4520833569113165 0.05781250086147338 0.059375000884756446
1 0.22421875334111974 0.24895834631752223 0.0703125010477379 0.07343750109430403
1 0.7054687605123036 0.8718750454718247 0.09531250142026693 0.08281250123400241
1 0.3742187555762939 0.4260416888864711 0.3078125045867637 0.33593750500585884
0 0.8445312625844963 0.8635417117038742 0.1890625028172508 0.1796875026775524
0 0.6726562600233592 0.540625028195791 0.1890625028172508 0.1796875026775524
0 0.6578125098021701 0.34375001792795956 0.1406250020954758 0.12812500190921128
0 0.1671875024912879 0.4520833569113165 0.10000000149011612 0.17812500265426934
0 0.2085937531082891 0.6302083662012592 0.15156250225845724 0.13906250207219273
0 0.17890625266591087 0.08333333767950535 0.13281250197906047 0.12187500181607902
0 0.4195312562515028 0.13229167356621474 0.14843750221189111 0.13906250207219273
0 0.5117187576252036 0.210416677640751 0.19531250291038305 0.15625000232830644
0 0.7875000117346644 0.25000001303851604 0.1406250020954758 0.12812500190921128
0 0.5218750077765435 0.7385417051846161 0.2531250037718564 0.10468750155996531
0 0.4539062567637302 0.7822917074663565 0.1578125023515895 0.14531250216532499
1 0.05390625080326572 0.4520833569113165 0.05781250086147338 0.059375000884756446
1 0.22421875334111974 0.24895834631752223 0.0703125010477379 0.07343750109430403
1 0.7054687605123036 0.8718750454718247 0.09531250142026693 0.08281250123400241
1 0.3742187555762939 0.4260416888864711 0.3078125045867637 0.33593750500585884
0 0.8445312625844963 0.8635417117038742 0.1890625028172508 0.1796875026775524
0 0.6726562600233592 0.540625028195791 0.1890625028172508 0.1796875026775524
0 0.6578125098021701 0.34375001792795956 0.1406250020954758 0.12812500190921128
0 0.1671875024912879 0.4520833569113165 0.10000000149011612 0.17812500265426934
0 0.2085937531082891 0.6302083662012592 0.15156250225845724 0.13906250207219273
0 0.17890625266591087 0.08333333767950535 0.13281250197906047 0.12187500181607902
0 0.4195312562515028 0.13229167356621474 0.14843750221189111 0.13906250207219273
0 0.5117187576252036 0.210416677640751 0.19531250291038305 0.15625000232830644
0 0.7875000117346644 0.25000001303851604 0.1406250020954758 0.12812500190921128
0 0.5218750077765435 0.7385417051846161 0.2531250037718564 0.10468750155996531
0 0.4539062567637302 0.7822917074663565 0.1578125023515895 0.14531250216532499
1 0.05390625080326572 0.4520833569113165 0.05781250086147338 0.059375000884756446
1 0.22421875334111974 0.24895834631752223 0.0703125010477379 0.07343750109430403
1 0.7054687605123036 0.8718750454718247 0.09531250142026693 0.08281250123400241
1 0.3742187555762939 0.4260416888864711 0.3078125045867637 0.33593750500585884
0 0.8445312625844963 0.8635417117038742 0.1890625028172508 0.1796875026775524
0 0.6726562600233592 0.540625028195791 0.1890625028172508 0.1796875026775524
0 0.6578125098021701 0.34375001792795956 0.1406250020954758 0.12812500190921128
0 0.1671875024912879 0.4520833569113165 0.10000000149011612 0.17812500265426934
0 0.2085937531082891 0.6302083662012592 0.15156250225845724 0.13906250207219273
0 0.17890625266591087 0.08333333767950535 0.13281250197906047 0.12187500181607902
0 0.4195312562515028 0.13229167356621474 0.14843750221189111 0.13906250207219273
0 0.5117187576252036 0.210416677640751 0.19531250291038305 0.15625000232830644
0 0.7875000117346644 0.25000001303851604 0.1406250020954758 0.12812500190921128
0 0.5218750077765435 0.7385417051846161 0.2531250037718564 0.10468750155996531
0 0.4539062567637302 0.7822917074663565 0.1578125023515895 0.14531250216532499
1 0.05390625080326572 0.4520833569113165 0.05781250086147338 0.059375000884756446
1 0.22421875334111974 0.24895834631752223 0.0703125010477379 0.07343750109430403
1 0.7054687605123036 0.8718750454718247 0.09531250142026693 0.08281250123400241
1 0.3742187555762939 0.4260416888864711 0.3078125045867637 0.33593750500585884
0 0.8445312625844963 0.8635417117038742 0.1890625028172508 0.1796875026775524
0 0.6726562600233592 0.540625028195791 0.1890625028172508 0.1796875026775524
0 0.6578125098021701 0.34375001792795956 0.1406250020954758 0.12812500190921128
0 0.1671875024912879 0.4520833569113165 0.10000000149011612 0.17812500265426934
0 0.2085937531082891 0.6302083662012592 0.15156250225845724 0.13906250207219273
0 0.17890625266591087 0.08333333767950535 0.13281250197906047 0.12187500181607902
0 0.4195312562515028 0.13229167356621474 0.14843750221189111 0.13906250207219273
0 0.5117187576252036 0.210416677640751 0.19531250291038305 0.15625000232830644
0 0.7875000117346644 0.25000001303851604 0.1406250020954758 0.12812500190921128
0 0.5218750077765435 0.7385417051846161 0.2531250037718564 0.10468750155996531
0 0.4539062567637302 0.7822917074663565 0.1578125023515895 0.14531250216532499
1 0.05390625080326572 0.4520833569113165 0.05781250086147338 0.059375000884756446
1 0.22421875334111974 0.24895834631752223 0.0703125010477379 0.07343750109430403
1 0.7054687605123036 0.8718750454718247 0.09531250142026693 0.08281250123400241
1 0.3742187555762939 0.4260416888864711 0.3078125045867637 0.33593750500585884
0 0.8445312625844963 0.8635417117038742 0.1890625028172508 0.1796875026775524
0 0.6726562600233592 0.540625028195791 0.1890625028172508 0.1796875026775524
0 0.6578125098021701 0.34375001792795956 0.1406250020954758 0.12812500190921128
0 0.1671875024912879 0.4520833569113165 0.10000000149011612 0.17812500265426934
0 0.2085937531082891 0.6302083662012592 0.15156250225845724 0.13906250207219273
0 0.17890625266591087 0.08333333767950535 0.13281250197906047 0.12187500181607902
0 0.4195312562515028 0.13229167356621474 0.14843750221189111 0.13906250207219273
0 0.5117187576252036 0.210416677640751 0.19531250291038305 0.15625000232830644
0 0.7875000117346644 0.25000001303851604 0.1406250020954758 0.12812500190921128
0 0.5218750077765435 0.7385417051846161 0.2531250037718564 0.10468750155996531
0 0.4539062567637302 0.7822917074663565 0.1578125023515895 0.14531250216532499
1 0.05390625080326572 0.4520833569113165 0.05781250086147338 0.059375000884756446
1 0.22421875334111974 0.24895834631752223 0.0703125010477379 0.07343750109430403
1 0.7054687605123036 0.8718750454718247 0.09531250142026693 0.08281250123400241
1 0.3742187555762939 0.4260416888864711 0.3078125045867637 0.33593750500585884
0 0.8445312625844963 0.8635417117038742 0.1890625028172508 0.1796875026775524
0 0.6726562600233592 0.540625028195791 0.1890625028172508 0.1796875026775524
0 0.6578125098021701 0.34375001792795956 0.1406250020954758 0.12812500190921128
0 0.1671875024912879 0.4520833569113165 0.10000000149011612 0.17812500265426934
0 0.2085937531082891 0.6302083662012592 0.15156250225845724 0.13906250207219273
0 0.17890625266591087 0.08333333767950535 0.13281250197906047 0.12187500181607902
0 0.4195312562515028 0.13229167356621474 0.14843750221189111 0.13906250207219273
0 0.5117187576252036 0.210416677640751 0.19531250291038305 0.15625000232830644
0 0.7875000117346644 0.25000001303851604 0.1406250020954758 0.12812500190921128
0 0.5218750077765435 0.7385417051846161 0.2531250037718564 0.10468750155996531
0 0.4539062567637302 0.7822917074663565 0.1578125023515895 0.14531250216532499
1 0.05390625080326572 0.4520833569113165 0.05781250086147338 0.059375000884756446
1 0.22421875334111974 0.24895834631752223 0.0703125010477379 0.07343750109430403
1 0.7054687605123036 0.8718750454718247 0.09531250142026693 0.08281250123400241
1 0.3742187555762939 0.4260416888864711 0.3078125045867637 0.33593750500585884
0 0.8445312625844963 0.8635417117038742 0.1890625028172508 0.1796875026775524
0 0.6726562600233592 0.540625028195791 0.1890625028172508 0.1796875026775524
0 0.6578125098021701 0.34375001792795956 0.1406250020954758 0.12812500190921128
0 0.1671875024912879 0.4520833569113165 0.10000000149011612 0.17812500265426934
0 0.2085937531082891 0.6302083662012592 0.15156250225845724 0.13906250207219273
0 0.17890625266591087 0.08333333767950535 0.13281250197906047 0.12187500181607902
0 0.4195312562515028 0.13229167356621474 0.14843750221189111 0.13906250207219273
0 0.5117187576252036 0.210416677640751 0.19531250291038305 0.15625000232830644
0 0.7875000117346644 0.25000001303851604 0.1406250020954758 0.12812500190921128
0 0.5218750077765435 0.7385417051846161 0.2531250037718564 0.10468750155996531
0 0.4539062567637302 0.7822917074663565 0.1578125023515895 0.14531250216532499
2 0.05390625080326572 0.4520833569113165 0.05781250086147338 0.059375000884756446
2 0.22421875334111974 0.24895834631752223 0.0703125010477379 0.07343750109430403
2 0.7054687605123036 0.8718750454718247 0.09531250142026693 0.08281250123400241
1 0.3742187555762939 0.4260416888864711 0.3078125045867637 0.33593750500585884
0 0.8445312625844963 0.8635417117038742 0.1890625028172508 0.1796875026775524
0 0.6726562600233592 0.540625028195791 0.1890625028172508 0.1796875026775524
0 0.6578125098021701 0.34375001792795956 0.1406250020954758 0.12812500190921128
0 0.1671875024912879 0.4520833569113165 0.10000000149011612 0.17812500265426934
0 0.2085937531082891 0.6302083662012592 0.15156250225845724 0.13906250207219273
0 0.17890625266591087 0.08333333767950535 0.13281250197906047 0.12187500181607902
0 0.4195312562515028 0.13229167356621474 0.14843750221189111 0.13906250207219273
0 0.5117187576252036 0.210416677640751 0.19531250291038305 0.15625000232830644
0 0.7875000117346644 0.25000001303851604 0.1406250020954758 0.12812500190921128
0 0.5218750077765435 0.7385417051846161 0.2531250037718564 0.10468750155996531
0 0.4539062567637302 0.7822917074663565 0.1578125023515895 0.14531250216532499
2 0.05390625080326572 0.4520833569113165 0.05781250086147338 0.059375000884756446
2 0.22421875334111974 0.24895834631752223 0.0703125010477379 0.07343750109430403
2 0.7054687605123036 0.8718750454718247 0.09531250142026693 0.08281250123400241
1 0.3742187555762939 0.4260416888864711 0.3078125045867637 0.33593750500585884
0 0.844531238079071 0.8635417222976685 0.18906250596046448 0.1796875
0 0.672656238079071 0.5406250357627869 0.18906250596046448 0.1796875
0 0.6578125357627869 0.3437500298023224 0.140625 0.12812499701976776
0 0.16718749701976776 0.4520833492279053 0.10000000149011612 0.17812500894069672
0 0.20859375596046448 0.6302083730697632 0.15156249701976776 0.13906250894069672
0 0.17890624701976776 0.0833333358168602 0.1328125 0.12187500298023224
0 0.4195312559604645 0.13229167461395264 0.1484375 0.13906250894069672
0 0.51171875 0.21041667461395264 0.1953125 0.15625
0 0.7875000238418579 0.25 0.140625 0.12812499701976776
0 0.5218750238418579 0.7385417222976685 0.25312501192092896 0.10468750447034836
0 0.45390626788139343 0.7822917103767395 0.15781250596046448 0.14531250298023224
2 0.05390625074505806 0.4520833492279053 0.05781250074505806 0.05937499925494194
2 0.22421875596046448 0.24895834922790527 0.0703125 0.07343750447034836
2 0.7054687738418579 0.8718750476837158 0.09531249850988388 0.08281250298023224
1 0.37421876192092896 0.42604169249534607 0.30781251192092896 0.3359375
0 0.844531238079071 0.8635417222976685 0.18906250596046448 0.1796875
0 0.672656238079071 0.5406250357627869 0.18906250596046448 0.1796875
0 0.6578125357627869 0.3437500298023224 0.140625 0.12812499701976776
0 0.16718749701976776 0.4520833492279053 0.10000000149011612 0.17812500894069672
0 0.20859375596046448 0.6302083730697632 0.15156249701976776 0.13906250894069672
0 0.17890624701976776 0.0833333358168602 0.1328125 0.12187500298023224
0 0.4195312559604645 0.13229167461395264 0.1484375 0.13906250894069672
0 0.51171875 0.21041667461395264 0.1953125 0.15625
0 0.7875000238418579 0.25 0.140625 0.12812499701976776
0 0.5218750238418579 0.7385417222976685 0.25312501192092896 0.10468750447034836
0 0.45390626788139343 0.7822917103767395 0.15781250596046448 0.14531250298023224
2 0.05390625074505806 0.4520833492279053 0.05781250074505806 0.05937499925494194
2 0.22421875596046448 0.24895834922790527 0.0703125 0.07343750447034836
2 0.7054687738418579 0.8718750476837158 0.09531249850988388 0.08281250298023224
1 0.37421876192092896 0.42604169249534607 0.30781251192092896 0.3359375
0 0.844531238079071 0.8635417222976685 0.18906250596046448 0.1796875
0 0.672656238079071 0.5406250357627869 0.18906250596046448 0.1796875
0 0.6578125357627869 0.3437500298023224 0.140625 0.12812499701976776
0 0.16718749701976776 0.4520833492279053 0.10000000149011612 0.17812500894069672
0 0.20859375596046448 0.6302083730697632 0.15156249701976776 0.13906250894069672
0 0.17890624701976776 0.0833333358168602 0.1328125 0.12187500298023224
0 0.4195312559604645 0.13229167461395264 0.1484375 0.13906250894069672
0 0.51171875 0.21041667461395264 0.1953125 0.15625
0 0.7875000238418579 0.25 0.140625 0.12812499701976776
0 0.5218750238418579 0.7385417222976685 0.25312501192092896 0.10468750447034836
0 0.45390626788139343 0.7822917103767395 0.15781250596046448 0.14531250298023224
2 0.05390625074505806 0.4520833492279053 0.05781250074505806 0.05937499925494194
2 0.22421875596046448 0.24895834922790527 0.0703125 0.07343750447034836
2 0.7054687738418579 0.8718750476837158 0.09531249850988388 0.08281250298023224
1 0.37421876192092896 0.42604169249534607 0.30781251192092896 0.3359375
0 0.844531238079071 0.8635417222976685 0.18906250596046448 0.1796875
0 0.672656238079071 0.5406250357627869 0.18906250596046448 0.1796875
0 0.6578125357627869 0.3437500298023224 0.140625 0.12812499701976776
0 0.16718749701976776 0.4520833492279053 0.10000000149011612 0.17812500894069672
0 0.20859375596046448 0.6302083730697632 0.15156249701976776 0.13906250894069672
0 0.17890624701976776 0.0833333358168602 0.1328125 0.12187500298023224
0 0.4195312559604645 0.13229167461395264 0.1484375 0.13906250894069672
0 0.51171875 0.21041667461395264 0.1953125 0.15625
0 0.7875000238418579 0.25 0.140625 0.12812499701976776
0 0.5218750238418579 0.7385417222976685 0.25312501192092896 0.10468750447034836
0 0.45390626788139343 0.7822917103767395 0.15781250596046448 0.14531250298023224
2 0.05390625074505806 0.4520833492279053 0.05781250074505806 0.05937499925494194
2 0.22421875596046448 0.24895834922790527 0.0703125 0.07343750447034836
2 0.7054687738418579 0.8718750476837158 0.09531249850988388 0.08281250298023224
1 0.37421876192092896 0.42604169249534607 0.30781251192092896 0.3359375
0 0.844531238079071 0.8635417222976685 0.18906250596046448 0.1796875
0 0.672656238079071 0.5406250357627869 0.18906250596046448 0.1796875
0 0.6578125357627869 0.3437500298023224 0.140625 0.12812499701976776
0 0.16718749701976776 0.4520833492279053 0.10000000149011612 0.17812500894069672
0 0.20859375596046448 0.6302083730697632 0.15156249701976776 0.13906250894069672
0 0.17890624701976776 0.0833333358168602 0.1328125 0.12187500298023224
0 0.4195312559604645 0.13229167461395264 0.1484375 0.13906250894069672
0 0.51171875 0.21041667461395264 0.1953125 0.15625
0 0.7875000238418579 0.25 0.140625 0.12812499701976776
0 0.5218750238418579 0.7385417222976685 0.25312501192092896 0.10468750447034836
0 0.45390626788139343 0.7822917103767395 0.15781250596046448 0.14531250298023224
2 0.05390625074505806 0.4520833492279053 0.05781250074505806 0.05937499925494194
2 0.22421875596046448 0.24895834922790527 0.0703125 0.07343750447034836
2 0.7054687738418579 0.8718750476837158 0.09531249850988388 0.08281250298023224
1 0.37421876192092896 0.42604169249534607 0.30781251192092896 0.3359375
0 0.844531238079071 0.8635417222976685 0.18906250596046448 0.1796875
0 0.672656238079071 0.5406250357627869 0.18906250596046448 0.1796875
0 0.6578125357627869 0.3437500298023224 0.140625 0.12812499701976776
0 0.16718749701976776 0.4520833492279053 0.10000000149011612 0.17812500894069672
0 0.20859375596046448 0.6302083730697632 0.15156249701976776 0.13906250894069672
0 0.17890624701976776 0.0833333358168602 0.1328125 0.12187500298023224
0 0.4195312559604645 0.13229167461395264 0.1484375 0.13906250894069672
0 0.51171875 0.21041667461395264 0.1953125 0.15625
0 0.7875000238418579 0.25 0.140625 0.12812499701976776
0 0.5218750238418579 0.7385417222976685 0.25312501192092896 0.10468750447034836
0 0.45390626788139343 0.7822917103767395 0.15781250596046448 0.14531250298023224
2 0.05390625074505806 0.4520833492279053 0.05781250074505806 0.05937499925494194
2 0.22421875596046448 0.24895834922790527 0.0703125 0.07343750447034836
2 0.7054687738418579 0.8718750476837158 0.09531249850988388 0.08281250298023224
1 0.37421876192092896 0.42604169249534607 0.30781251192092896 0.3359375
0 0.844531238079071 0.8635417222976685 0.18906250596046448 0.1796875
0 0.672656238079071 0.5406250357627869 0.18906250596046448 0.1796875
0 0.6578125357627869 0.3437500298023224 0.140625 0.12812499701976776
0 0.16718749701976776 0.4520833492279053 0.10000000149011612 0.17812500894069672
0 0.20859375596046448 0.6302083730697632 0.15156249701976776 0.13906250894069672
0 0.17890624701976776 0.0833333358168602 0.1328125 0.12187500298023224
0 0.4195312559604645 0.13229167461395264 0.1484375 0.13906250894069672
0 0.51171875 0.21041667461395264 0.1953125 0.15625
0 0.7875000238418579 0.25 0.140625 0.12812499701976776
0 0.5218750238418579 0.7385417222976685 0.25312501192092896 0.10468750447034836
0 0.45390626788139343 0.7822917103767395 0.15781250596046448 0.14531250298023224
2 0.05390625074505806 0.4520833492279053 0.05781250074505806 0.05937499925494194
2 0.22421875596046448 0.24895834922790527 0.0703125 0.07343750447034836
2 0.7054687738418579 0.8718750476837158 0.09531249850988388 0.08281250298023224
1 0.37421876192092896 0.42604169249534607 0.30781251192092896 0.3359375
