0 0.11875000176951289 0.31145834957715124 0.15937500237487257 0.18593750277068466
0 0.08906250132713467 0.10312500537838787 0.15937500237487257 0.15156250225845724
0 0.2664062539697625 0.08125000423751771 0.19218750286381692 0.11875000176951289
0 0.5179687577183358 0.1291666734032333 0.1796875026775524 0.1750000026077032
0 0.6585937598138116 0.4812500250991434 0.1796875026775524 0.18125000270083547
0 0.21015625313157216 0.6604167011100799 0.15156250225845724 0.15937500237487257
0 0.07578125112922862 0.7687500400934368 0.14843750221189111 0.17187500256113708
0 0.3515625052386895 0.8041667086072266 0.15000000223517418 0.17187500256113708
0 0.5179687577183358 0.7416667053475976 0.15156250225845724 0.15625000232830644
0 0.7000000104308128 0.7218750376487151 0.1750000026077032 0.1578125023515895
0 0.8703125129686669 0.8760417123558 0.1750000026077032 0.1578125023515895
0 0.6828125101746991 0.2343750122236088 0.1531250022817403 0.1578125023515895
0 0.4351562564843334 0.9281250484054908 0.14218750211875886 0.10468750155996531
0 0.2281250033993274 0.927083381684497 0.1750000026077032 0.10312500153668225
1 0.36328125541331246 0.37500001955777407 0.37031250551808625 0.3562500053085387
1 0.7906250117812306 0.4885416921461001 0.10625000158324838 0.10468750155996531
1 0.7703125114785507 0.13229167356621474 0.07187500107102096 0.06406250095460564
0 0.11875000176951289 0.31145834957715124 0.15937500237487257 0.18593750277068466
0 0.08906250132713467 0.10312500537838787 0.15937500237487257 0.15156250225845724
0 0.2664062539697625 0.08125000423751771 0.19218750286381692 0.11875000176951289
0 0.5179687577183358 0.1291666734032333 0.1796875026775524 0.1750000026077032
0 0.6585937598138116 0.4812500250991434 0.1796875026775524 0.18125000270083547
0 0.21015625313157216 0.6604167011100799 0.15156250225845724 0.15937500237487257
0 0.07578125112922862 0.7687500400934368 0.14843750221189111 0.17187500256113708
0 0.3515625052386895 0.8041667086072266 0.15000000223517418 0.17187500256113708
0 0.5179687577183358 0.7416667053475976 0.15156250225845724 0.15625000232830644
0 0.7000000104308128 0.7218750376487151 0.1750000026077032 0.1578125023515895
0 0.8703125129686669 0.8760417123558 0.1750000026077032 0.1578125023515895
0 0.6828125101746991 0.2343750122236088 0.1531250022817403 0.1578125023515895
0 0.4351562564843334 0.9281250484054908 0.14218750211875886 0.10468750155996531
0 0.2281250033993274 0.927083381684497 0.1750000026077032 0.10312500153668225
1 0.36328125541331246 0.37500001955777407 0.37031250551808625 0.3562500053085387
1 0.7906250117812306 0.4885416921461001 0.10625000158324838 0.10468750155996531
1 0.7703125114785507 0.13229167356621474 0.07187500107102096 0.06406250095460564
0 0.11875000176951289 0.31145834957715124 0.15937500237487257 0.18593750277068466
0 0.08906250132713467 0.10312500537838787 0.15937500237487257 0.15156250225845724
0 0.2664062539697625 0.08125000423751771 0.19218750286381692 0.11875000176951289
0 0.5179687577183358 0.1291666734032333 0.1796875026775524 0.1750000026077032
0 0.6585937598138116 0.4812500250991434 0.1796875026775524 0.18125000270083547
0 0.21015625313157216 0.6604167011100799 0.15156250225845724 0.15937500237487257
0 0.07578125112922862 0.7687500400934368 0.14843750221189111 0.17187500256113708
0 0.3515625052386895 0.8041667086072266 0.15000000223517418 0.17187500256113708
0 0.5179687577183358 0.7416667053475976 0.15156250225845724 0.15625000232830644
0 0.7000000104308128 0.7218750376487151 0.1750000026077032 0.1578125023515895
0 0.8703125129686669 0.8760417123558 0.1750000026077032 0.1578125023515895
0 0.6828125101746991 0.2343750122236088 0.1531250022817403 0.1578125023515895
0 0.4351562564843334 0.9281250484054908 0.14218750211875886 0.10468750155996531
0 0.2281250033993274 0.927083381684497 0.1750000026077032 0.10312500153668225
1 0.36328125541331246 0.37500001955777407 0.37031250551808625 0.3562500053085387
1 0.7906250117812306 0.4885416921461001 0.10625000158324838 0.10468750155996531
1 0.7703125114785507 0.13229167356621474 0.07187500107102096 0.06406250095460564
0 0.11875000176951289 0.31145834957715124 0.15937500237487257 0.18593750277068466
0 0.08906250132713467 0.10312500537838787 0.15937500237487257 0.15156250225845724
0 0.2664062539697625 0.08125000423751771 0.19218750286381692 0.11875000176951289
0 0.5179687577183358 0.1291666734032333 0.1796875026775524 0.1750000026077032
0 0.6585937598138116 0.4812500250991434 0.1796875026775524 0.18125000270083547
0 0.21015625313157216 0.6604167011100799 0.15156250225845724 0.15937500237487257
0 0.07578125112922862 0.7687500400934368 0.14843750221189111 0.17187500256113708
0 0.3515625052386895 0.8041667086072266 0.15000000223517418 0.17187500256113708
0 0.5179687577183358 0.7416667053475976 0.15156250225845724 0.15625000232830644
0 0.7000000104308128 0.7218750376487151 0.1750000026077032 0.1578125023515895
0 0.8703125129686669 0.8760417123558 0.1750000026077032 0.1578125023515895
0 0.6828125101746991 0.2343750122236088 0.1531250022817403 0.1578125023515895
0 0.4351562564843334 0.9281250484054908 0.14218750211875886 0.10468750155996531
0 0.2281250033993274 0.927083381684497 0.1750000026077032 0.10312500153668225
1 0.36328125541331246 0.37500001955777407 0.37031250551808625 0.3562500053085387
1 0.7906250117812306 0.4885416921461001 0.10625000158324838 0.10468750155996531
1 0.7703125114785507 0.13229167356621474 0.07187500107102096 0.06406250095460564
0 0.11875000176951289 0.31145834957715124 0.15937500237487257 0.18593750277068466
0 0.08906250132713467 0.10312500537838787 0.15937500237487257 0.15156250225845724
0 0.2664062539697625 0.08125000423751771 0.19218750286381692 0.11875000176951289
0 0.5179687577183358 0.1291666734032333 0.1796875026775524 0.1750000026077032
0 0.6585937598138116 0.4812500250991434 0.1796875026775524 0.18125000270083547
0 0.21015625313157216 0.6604167011100799 0.15156250225845724 0.15937500237487257
0 0.07578125112922862 0.7687500400934368 0.14843750221189111 0.17187500256113708
0 0.3515625052386895 0.8041667086072266 0.15000000223517418 0.17187500256113708
0 0.5179687577183358 0.7416667053475976 0.15156250225845724 0.15625000232830644
0 0.7000000104308128 0.7218750376487151 0.1750000026077032 0.1578125023515895
0 0.8703125129686669 0.8760417123558 0.1750000026077032 0.1578125023515895
0 0.6828125101746991 0.2343750122236088 0.1531250022817403 0.1578125023515895
0 0.4351562564843334 0.9281250484054908 0.14218750211875886 0.10468750155996531
0 0.2281250033993274 0.927083381684497 0.1750000026077032 0.10312500153668225
1 0.36328125541331246 0.37500001955777407 0.37031250551808625 0.3562500053085387
1 0.7906250117812306 0.4885416921461001 0.10625000158324838 0.10468750155996531
1 0.7703125114785507 0.13229167356621474 0.07187500107102096 0.06406250095460564
0 0.11875000176951289 0.31145834957715124 0.15937500237487257 0.18593750277068466
0 0.08906250132713467 0.10312500537838787 0.15937500237487257 0.15156250225845724
0 0.2664062539697625 0.08125000423751771 0.19218750286381692 0.11875000176951289
0 0.5179687577183358 0.1291666734032333 0.1796875026775524 0.1750000026077032
0 0.6585937598138116 0.4812500250991434 0.1796875026775524 0.18125000270083547
0 0.21015625313157216 0.6604167011100799 0.15156250225845724 0.15937500237487257
0 0.07578125112922862 0.7687500400934368 0.14843750221189111 0.17187500256113708
0 0.3515625052386895 0.8041667086072266 0.15000000223517418 0.17187500256113708
0 0.5179687577183358 0.7416667053475976 0.15156250225845724 0.15625000232830644
0 0.7000000104308128 0.7218750376487151 0.1750000026077032 0.1578125023515895
0 0.8703125129686669 0.8760417123558 0.1750000026077032 0.1578125023515895
0 0.6828125101746991 0.2343750122236088 0.1531250022817403 0.1578125023515895
0 0.4351562564843334 0.9281250484054908 0.14218750211875886 0.10468750155996531
0 0.2281250033993274 0.927083381684497 0.1750000026077032 0.10312500153668225
1 0.36328125541331246 0.37500001955777407 0.37031250551808625 0.3562500053085387
1 0.7906250117812306 0.4885416921461001 0.10625000158324838 0.10468750155996531
1 0.7703125114785507 0.13229167356621474 0.07187500107102096 0.06406250095460564
0 0.11875000176951289 0.31145834957715124 0.15937500237487257 0.18593750277068466
0 0.08906250132713467 0.10312500537838787 0.15937500237487257 0.15156250225845724
0 0.2664062539697625 0.08125000423751771 0.19218750286381692 0.11875000176951289
0 0.5179687577183358 0.1291666734032333 0.1796875026775524 0.1750000026077032
0 0.6585937598138116 0.4812500250991434 0.1796875026775524 0.18125000270083547
0 0.21015625313157216 0.6604167011100799 0.15156250225845724 0.15937500237487257
0 0.07578125112922862 0.7687500400934368 0.14843750221189111 0.17187500256113708
0 0.3515625052386895 0.8041667086072266 0.15000000223517418 0.17187500256113708
0 0.5179687577183358 0.7416667053475976 0.15156250225845724 0.15625000232830644
0 0.7000000104308128 0.7218750376487151 0.1750000026077032 0.1578125023515895
0 0.8703125129686669 0.8760417123558 0.1750000026077032 0.1578125023515895
0 0.6828125101746991 0.2343750122236088 0.1531250022817403 0.1578125023515895
0 0.4351562564843334 0.9281250484054908 0.14218750211875886 0.10468750155996531
0 0.2281250033993274 0.927083381684497 0.1750000026077032 0.10312500153668225
1 0.36328125541331246 0.37500001955777407 0.37031250551808625 0.3562500053085387
1 0.7906250117812306 0.4885416921461001 0.10625000158324838 0.10468750155996531
1 0.7703125114785507 0.13229167356621474 0.07187500107102096 0.06406250095460564
0 0.11875000176951289 0.31145834957715124 0.15937500237487257 0.18593750277068466
0 0.08906250132713467 0.10312500537838787 0.15937500237487257 0.15156250225845724
0 0.2664062539697625 0.08125000423751771 0.19218750286381692 0.11875000176951289
0 0.5179687577183358 0.1291666734032333 0.1796875026775524 0.1750000026077032
0 0.6585937598138116 0.4812500250991434 0.1796875026775524 0.18125000270083547
0 0.21015625313157216 0.6604167011100799 0.15156250225845724 0.15937500237487257
0 0.07578125112922862 0.7687500400934368 0.14843750221189111 0.17187500256113708
0 0.3515625052386895 0.8041667086072266 0.15000000223517418 0.17187500256113708
0 0.5179687577183358 0.7416667053475976 0.15156250225845724 0.15625000232830644
0 0.7000000104308128 0.7218750376487151 0.1750000026077032 0.1578125023515895
0 0.8703125129686669 0.8760417123558 0.1750000026077032 0.1578125023515895
0 0.6828125101746991 0.2343750122236088 0.1531250022817403 0.1578125023515895
0 0.4351562564843334 0.9281250484054908 0.14218750211875886 0.10468750155996531
0 0.2281250033993274 0.927083381684497 0.1750000026077032 0.10312500153668225
1 0.36328125541331246 0.37500001955777407 0.37031250551808625 0.3562500053085387
1 0.7906250117812306 0.4885416921461001 0.10625000158324838 0.10468750155996531
1 0.7703125114785507 0.13229167356621474 0.07187500107102096 0.06406250095460564
0 0.11875000176951289 0.31145834957715124 0.15937500237487257 0.18593750277068466
0 0.08906250132713467 0.10312500537838787 0.15937500237487257 0.15156250225845724
0 0.2664062539697625 0.08125000423751771 0.19218750286381692 0.11875000176951289
0 0.5179687577183358 0.1291666734032333 0.1796875026775524 0.1750000026077032
0 0.6585937598138116 0.4812500250991434 0.1796875026775524 0.18125000270083547
0 0.21015625313157216 0.6604167011100799 0.15156250225845724 0.15937500237487257
0 0.07578125112922862 0.7687500400934368 0.14843750221189111 0.17187500256113708
0 0.3515625052386895 0.8041667086072266 0.15000000223517418 0.17187500256113708
0 0.5179687577183358 0.7416667053475976 0.15156250225845724 0.15625000232830644
0 0.7000000104308128 0.7218750376487151 0.1750000026077032 0.1578125023515895
0 0.8703125129686669 0.8760417123558 0.1750000026077032 0.1578125023515895
0 0.6828125101746991 0.2343750122236088 0.1531250022817403 0.1578125023515895
0 0.4351562564843334 0.9281250484054908 0.14218750211875886 0.10468750155996531
0 0.2281250033993274 0.927083381684497 0.1750000026077032 0.10312500153668225
1 0.36328125541331246 0.37500001955777407 0.37031250551808625 0.3562500053085387
1 0.7906250117812306 0.4885416921461001 0.10625000158324838 0.10468750155996531
1 0.7703125114785507 0.13229167356621474 0.07187500107102096 0.06406250095460564
0 0.11875000176951289 0.31145834957715124 0.15937500237487257 0.18593750277068466
0 0.08906250132713467 0.10312500537838787 0.15937500237487257 0.15156250225845724
0 0.2664062539697625 0.08125000423751771 0.19218750286381692 0.11875000176951289
0 0.5179687577183358 0.1291666734032333 0.1796875026775524 0.1750000026077032
0 0.6585937598138116 0.4812500250991434 0.1796875026775524 0.18125000270083547
0 0.21015625313157216 0.6604167011100799 0.15156250225845724 0.15937500237487257
0 0.07578125112922862 0.7687500400934368 0.14843750221189111 0.17187500256113708
0 0.3515625052386895 0.8041667086072266 0.15000000223517418 0.17187500256113708
0 0.5179687577183358 0.7416667053475976 0.15156250225845724 0.15625000232830644
0 0.7000000104308128 0.7218750376487151 0.1750000026077032 0.1578125023515895
0 0.8703125129686669 0.8760417123558 0.1750000026077032 0.1578125023515895
0 0.6828125101746991 0.2343750122236088 0.1531250022817403 0.1578125023515895
0 0.4351562564843334 0.9281250484054908 0.14218750211875886 0.10468750155996531
0 0.2281250033993274 0.927083381684497 0.1750000026077032 0.10312500153668225
1 0.36328125541331246 0.37500001955777407 0.37031250551808625 0.3562500053085387
1 0.7906250117812306 0.4885416921461001 0.10625000158324838 0.10468750155996531
1 0.7703125114785507 0.13229167356621474 0.07187500107102096 0.06406250095460564
0 0.11875000176951289 0.31145834957715124 0.15937500237487257 0.18593750277068466
0 0.08906250132713467 0.10312500537838787 0.15937500237487257 0.15156250225845724
0 0.2664062539697625 0.08125000423751771 0.19218750286381692 0.11875000176951289
0 0.5179687577183358 0.1291666734032333 0.1796875026775524 0.1750000026077032
0 0.6585937598138116 0.4812500250991434 0.1796875026775524 0.18125000270083547
0 0.21015625313157216 0.6604167011100799 0.15156250225845724 0.15937500237487257
0 0.07578125112922862 0.7687500400934368 0.14843750221189111 0.17187500256113708
0 0.3515625052386895 0.8041667086072266 0.15000000223517418 0.17187500256113708
0 0.5179687577183358 0.7416667053475976 0.15156250225845724 0.15625000232830644
0 0.7000000104308128 0.7218750376487151 0.1750000026077032 0.1578125023515895
0 0.8703125129686669 0.8760417123558 0.1750000026077032 0.1578125023515895
0 0.6828125101746991 0.2343750122236088 0.1531250022817403 0.1578125023515895
0 0.4351562564843334 0.9281250484054908 0.14218750211875886 0.10468750155996531
0 0.2281250033993274 0.927083381684497 0.1750000026077032 0.10312500153668225
1 0.36328125541331246 0.37500001955777407 0.37031250551808625 0.3562500053085387
1 0.7906250117812306 0.4885416921461001 0.10625000158324838 0.10468750155996531
1 0.7703125114785507 0.13229167356621474 0.07187500107102096 0.06406250095460564
0 0.11875000176951289 0.31145834957715124 0.15937500237487257 0.18593750277068466
0 0.08906250132713467 0.10312500537838787 0.15937500237487257 0.15156250225845724
0 0.2664062539697625 0.08125000423751771 0.19218750286381692 0.11875000176951289
0 0.5179687577183358 0.1291666734032333 0.1796875026775524 0.1750000026077032
0 0.6585937598138116 0.4812500250991434 0.1796875026775524 0.18125000270083547
0 0.21015625313157216 0.6604167011100799 0.15156250225845724 0.15937500237487257
0 0.07578125112922862 0.7687500400934368 0.14843750221189111 0.17187500256113708
0 0.3515625052386895 0.8041667086072266 0.15000000223517418 0.17187500256113708
0 0.5179687577183358 0.7416667053475976 0.15156250225845724 0.15625000232830644
0 0.7000000104308128 0.7218750376487151 0.1750000026077032 0.1578125023515895
0 0.8703125129686669 0.8760417123558 0.1750000026077032 0.1578125023515895
0 0.6828125101746991 0.2343750122236088 0.1531250022817403 0.1578125023515895
0 0.4351562564843334 0.9281250484054908 0.14218750211875886 0.10468750155996531
0 0.2281250033993274 0.927083381684497 0.1750000026077032 0.10312500153668225
1 0.36328125541331246 0.37500001955777407 0.37031250551808625 0.3562500053085387
1 0.7906250117812306 0.4885416921461001 0.10625000158324838 0.10468750155996531
1 0.7703125114785507 0.13229167356621474 0.07187500107102096 0.06406250095460564
0 0.11875000176951289 0.31145834957715124 0.15937500237487257 0.18593750277068466
0 0.08906250132713467 0.10312500537838787 0.15937500237487257 0.15156250225845724
0 0.2664062539697625 0.08125000423751771 0.19218750286381692 0.11875000176951289
0 0.5179687577183358 0.1291666734032333 0.1796875026775524 0.1750000026077032
0 0.6585937598138116 0.4812500250991434 0.1796875026775524 0.18125000270083547
0 0.21015625313157216 0.6604167011100799 0.15156250225845724 0.15937500237487257
0 0.07578125112922862 0.7687500400934368 0.14843750221189111 0.17187500256113708
0 0.3515625052386895 0.8041667086072266 0.15000000223517418 0.17187500256113708
0 0.5179687577183358 0.7416667053475976 0.15156250225845724 0.15625000232830644
0 0.7000000104308128 0.7218750376487151 0.1750000026077032 0.1578125023515895
0 0.8703125129686669 0.8760417123558 0.1750000026077032 0.1578125023515895
0 0.6828125101746991 0.2343750122236088 0.1531250022817403 0.1578125023515895
0 0.4351562564843334 0.9281250484054908 0.14218750211875886 0.10468750155996531
0 0.2281250033993274 0.927083381684497 0.1750000026077032 0.10312500153668225
1 0.36328125541331246 0.37500001955777407 0.37031250551808625 0.3562500053085387
1 0.7906250117812306 0.4885416921461001 0.10625000158324838 0.10468750155996531
1 0.7703125114785507 0.13229167356621474 0.07187500107102096 0.06406250095460564
0 0.11875000176951289 0.31145834957715124 0.15937500237487257 0.18593750277068466
0 0.08906250132713467 0.10312500537838787 0.15937500237487257 0.15156250225845724
0 0.2664062539697625 0.08125000423751771 0.19218750286381692 0.11875000176951289
0 0.5179687577183358 0.1291666734032333 0.1796875026775524 0.1750000026077032
0 0.6585937598138116 0.4812500250991434 0.1796875026775524 0.18125000270083547
0 0.21015625313157216 0.6604167011100799 0.15156250225845724 0.15937500237487257
0 0.07578125112922862 0.7687500400934368 0.14843750221189111 0.17187500256113708
0 0.3515625052386895 0.8041667086072266 0.15000000223517418 0.17187500256113708
0 0.5179687577183358 0.7416667053475976 0.15156250225845724 0.15625000232830644
0 0.7000000104308128 0.7218750376487151 0.1750000026077032 0.1578125023515895
0 0.8703125129686669 0.8760417123558 0.1750000026077032 0.1578125023515895
0 0.6828125101746991 0.2343750122236088 0.1531250022817403 0.1578125023515895
0 0.4351562564843334 0.9281250484054908 0.14218750211875886 0.10468750155996531
0 0.2281250033993274 0.927083381684497 0.1750000026077032 0.10312500153668225
1 0.36328125541331246 0.37500001955777407 0.37031250551808625 0.3562500053085387
2 0.7906250117812306 0.4885416921461001 0.10625000158324838 0.10468750155996531
2 0.7703125114785507 0.13229167356621474 0.07187500107102096 0.06406250095460564
0 0.11875000176951289 0.31145834957715124 0.15937500237487257 0.18593750277068466
0 0.08906250132713467 0.10312500537838787 0.15937500237487257 0.15156250225845724
0 0.2664062539697625 0.08125000423751771 0.19218750286381692 0.11875000176951289
0 0.5179687577183358 0.1291666734032333 0.1796875026775524 0.1750000026077032
0 0.6585937598138116 0.4812500250991434 0.1796875026775524 0.18125000270083547
0 0.21015625313157216 0.6604167011100799 0.15156250225845724 0.15937500237487257
0 0.07578125112922862 0.7687500400934368 0.14843750221189111 0.17187500256113708
0 0.3515625052386895 0.8041667086072266 0.15000000223517418 0.17187500256113708
0 0.5179687577183358 0.7416667053475976 0.15156250225845724 0.15625000232830644
0 0.7000000104308128 0.7218750376487151 0.1750000026077032 0.1578125023515895
0 0.8703125129686669 0.8760417123558 0.1750000026077032 0.1578125023515895
0 0.6828125101746991 0.2343750122236088 0.1531250022817403 0.1578125023515895
0 0.4351562564843334 0.9281250484054908 0.14218750211875886 0.10468750155996531
0 0.2281250033993274 0.927083381684497 0.1750000026077032 0.10312500153668225
1 0.36328125541331246 0.37500001955777407 0.37031250551808625 0.3562500053085387
2 0.7906250117812306 0.4885416921461001 0.10625000158324838 0.10468750155996531
2 0.7703125114785507 0.13229167356621474 0.07187500107102096 0.06406250095460564
0 0.11874999850988388 0.3114583492279053 0.15937499701976776 0.18593750894069672
0 0.08906250447034836 0.10312500596046448 0.15937499701976776 0.15156249701976776
0 0.26640626788139343 0.08125000447034836 0.19218750298023224 0.11874999850988388
0 0.5179687738418579 0.12916667759418488 0.1796875 0.17499999701976776
0 0.6585937738418579 0.48125001788139343 0.1796875 0.18125000596046448
0 0.21015624701976776 0.6604167222976685 0.15156249701976776 0.15937499701976776
0 0.07578124850988388 0.768750011920929 0.1484375 0.171875
0 0.3515625 0.8041667342185974 0.15000000596046448 0.171875
0 0.5179687738418579 0.7416667342185974 0.15156249701976776 0.15625
0 0.699999988079071 0.721875011920929 0.17499999701976776 0.15781250596046448
0 0.870312511920929 0.8760417103767395 0.17499999701976776 0.15781250596046448
0 0.682812511920929 0.2343750149011612 0.15312500298023224 0.15781250596046448
0 0.4351562559604645 0.9281250238418579 0.14218750596046448 0.10468750447034836
0 0.22812500596046448 0.9270833730697632 0.17499999701976776 0.10312499850988388
1 0.36328125 0.3750000298023224 0.37031251192092896 0.35625001788139343
2 0.7906250357627869 0.48854169249534607 0.10625000298023224 0.10468750447034836
2 0.770312488079071 0.13229167461395264 0.07187499850988388 0.06406249850988388
0 0.11874999850988388 0.3114583492279053 0.15937499701976776 0.18593750894069672
0 0.08906250447034836 0.10312500596046448 0.15937499701976776 0.15156249701976776
0 0.26640626788139343 0.08125000447034836 0.19218750298023224 0.11874999850988388
0 0.5179687738418579 0.12916667759418488 0.1796875 0.17499999701976776
0 0.6585937738418579 0.48125001788139343 0.1796875 0.18125000596046448
0 0.21015624701976776 0.6604167222976685 0.15156249701976776 0.15937499701976776
0 0.07578124850988388 0.768750011920929 0.1484375 0.171875
0 0.3515625 0.8041667342185974 0.15000000596046448 0.171875
0 0.5179687738418579 0.7416667342185974 0.15156249701976776 0.15625
0 0.699999988079071 0.721875011920929 0.17499999701976776 0.15781250596046448
0 0.870312511920929 0.8760417103767395 0.17499999701976776 0.15781250596046448
0 0.682812511920929 0.2343750149011612 0.15312500298023224 0.15781250596046448
0 0.4351562559604645 0.9281250238418579 0.14218750596046448 0.10468750447034836
0 0.22812500596046448 0.9270833730697632 0.17499999701976776 0.10312499850988388
1 0.36328125 0.3750000298023224 0.37031251192092896 0.35625001788139343
2 0.7906250357627869 0.48854169249534607 0.10625000298023224 0.10468750447034836
2 0.770312488079071 0.13229167461395264 0.07187499850988388 0.06406249850988388
0 0.11874999850988388 0.3114583492279053 0.15937499701976776 0.18593750894069672
0 0.08906250447034836 0.10312500596046448 0.15937499701976776 0.15156249701976776
0 0.26640626788139343 0.08125000447034836 0.19218750298023224 0.11874999850988388
0 0.5179687738418579 0.12916667759418488 0.1796875 0.17499999701976776
0 0.6585937738418579 0.48125001788139343 0.1796875 0.18125000596046448
0 0.21015624701976776 0.6604167222976685 0.15156249701976776 0.15937499701976776
0 0.07578124850988388 0.768750011920929 0.1484375 0.171875
0 0.3515625 0.8041667342185974 0.15000000596046448 0.171875
0 0.5179687738418579 0.7416667342185974 0.15156249701976776 0.15625
0 0.699999988079071 0.721875011920929 0.17499999701976776 0.15781250596046448
0 0.870312511920929 0.8760417103767395 0.17499999701976776 0.15781250596046448
0 0.682812511920929 0.2343750149011612 0.15312500298023224 0.15781250596046448
0 0.4351562559604645 0.9281250238418579 0.14218750596046448 0.10468750447034836
0 0.22812500596046448 0.9270833730697632 0.17499999701976776 0.10312499850988388
1 0.36328125 0.3750000298023224 0.37031251192092896 0.35625001788139343
2 0.7906250357627869 0.48854169249534607 0.10625000298023224 0.10468750447034836
2 0.770312488079071 0.13229167461395264 0.07187499850988388 0.06406249850988388
0 0.11874999850988388 0.3114583492279053 0.15937499701976776 0.18593750894069672
0 0.08906250447034836 0.10312500596046448 0.15937499701976776 0.15156249701976776
0 0.26640626788139343 0.08125000447034836 0.19218750298023224 0.11874999850988388
0 0.5179687738418579 0.12916667759418488 0.1796875 0.17499999701976776
0 0.6585937738418579 0.48125001788139343 0.1796875 0.18125000596046448
0 0.21015624701976776 0.6604167222976685 0.15156249701976776 0.15937499701976776
0 0.07578124850988388 0.768750011920929 0.1484375 0.171875
0 0.3515625 0.8041667342185974 0.15000000596046448 0.171875
0 0.5179687738418579 0.7416667342185974 0.15156249701976776 0.15625
0 0.699999988079071 0.721875011920929 0.17499999701976776 0.15781250596046448
0 0.870312511920929 0.8760417103767395 0.17499999701976776 0.15781250596046448
0 0.682812511920929 0.2343750149011612 0.15312500298023224 0.15781250596046448
0 0.4351562559604645 0.9281250238418579 0.14218750596046448 0.10468750447034836
0 0.22812500596046448 0.9270833730697632 0.17499999701976776 0.10312499850988388
1 0.36328125 0.3750000298023224 0.37031251192092896 0.35625001788139343
2 0.7906250357627869 0.48854169249534607 0.10625000298023224 0.10468750447034836
2 0.770312488079071 0.13229167461395264 0.07187499850988388 0.06406249850988388
0 0.11874999850988388 0.3114583492279053 0.15937499701976776 0.18593750894069672
0 0.08906250447034836 0.10312500596046448 0.15937499701976776 0.15156249701976776
0 0.26640626788139343 0.08125000447034836 0.19218750298023224 0.11874999850988388
0 0.5179687738418579 0.12916667759418488 0.1796875 0.17499999701976776
0 0.6585937738418579 0.48125001788139343 0.1796875 0.18125000596046448
0 0.21015624701976776 0.6604167222976685 0.15156249701976776 0.15937499701976776
0 0.07578124850988388 0.768750011920929 0.1484375 0.171875
0 0.3515625 0.8041667342185974 0.15000000596046448 0.171875
0 0.5179687738418579 0.7416667342185974 0.15156249701976776 0.15625
0 0.699999988079071 0.721875011920929 0.17499999701976776 0.15781250596046448
0 0.870312511920929 0.8760417103767395 0.17499999701976776 0.15781250596046448
0 0.682812511920929 0.2343750149011612 0.15312500298023224 0.15781250596046448
0 0.4351562559604645 0.9281250238418579 0.14218750596046448 0.10468750447034836
0 0.22812500596046448 0.9270833730697632 0.17499999701976776 0.10312499850988388
1 0.36328125 0.3750000298023224 0.37031251192092896 0.35625001788139343
2 0.7906250357627869 0.48854169249534607 0.10625000298023224 0.10468750447034836
2 0.770312488079071 0.13229167461395264 0.07187499850988388 0.06406249850988388
0 0.11874999850988388 0.3114583492279053 0.15937499701976776 0.18593750894069672
0 0.08906250447034836 0.10312500596046448 0.15937499701976776 0.15156249701976776
0 0.26640626788139343 0.08125000447034836 0.19218750298023224 0.11874999850988388
0 0.5179687738418579 0.12916667759418488 0.1796875 0.17499999701976776
0 0.6585937738418579 0.48125001788139343 0.1796875 0.18125000596046448
0 0.21015624701976776 0.6604167222976685 0.15156249701976776 0.15937499701976776
0 0.07578124850988388 0.768750011920929 0.1484375 0.171875
0 0.3515625 0.8041667342185974 0.15000000596046448 0.171875
0 0.5179687738418579 0.7416667342185974 0.15156249701976776 0.15625
0 0.699999988079071 0.721875011920929 0.17499999701976776 0.15781250596046448
0 0.870312511920929 0.8760417103767395 0.17499999701976776 0.15781250596046448
0 0.682812511920929 0.2343750149011612 0.15312500298023224 0.15781250596046448
0 0.4351562559604645 0.9281250238418579 0.14218750596046448 0.10468750447034836
0 0.22812500596046448 0.9270833730697632 0.17499999701976776 0.10312499850988388
1 0.36328125 0.3750000298023224 0.37031251192092896 0.35625001788139343
2 0.7906250357627869 0.48854169249534607 0.10625000298023224 0.10468750447034836
2 0.770312488079071 0.13229167461395264 0.07187499850988388 0.06406249850988388
0 0.11874999850988388 0.3114583492279053 0.15937499701976776 0.18593750894069672
0 0.08906250447034836 0.10312500596046448 0.15937499701976776 0.15156249701976776
0 0.26640626788139343 0.08125000447034836 0.19218750298023224 0.11874999850988388
0 0.5179687738418579 0.12916667759418488 0.1796875 0.17499999701976776
0 0.6585937738418579 0.48125001788139343 0.1796875 0.18125000596046448
0 0.21015624701976776 0.6604167222976685 0.15156249701976776 0.15937499701976776
0 0.07578124850988388 0.768750011920929 0.1484375 0.171875
0 0.3515625 0.8041667342185974 0.15000000596046448 0.171875
0 0.5179687738418579 0.7416667342185974 0.15156249701976776 0.15625
0 0.699999988079071 0.721875011920929 0.17499999701976776 0.15781250596046448
0 0.870312511920929 0.8760417103767395 0.17499999701976776 0.15781250596046448
0 0.682812511920929 0.2343750149011612 0.15312500298023224 0.15781250596046448
0 0.4351562559604645 0.9281250238418579 0.14218750596046448 0.10468750447034836
0 0.22812500596046448 0.9270833730697632 0.17499999701976776 0.10312499850988388
1 0.36328125 0.3750000298023224 0.37031251192092896 0.35625001788139343
2 0.7906250357627869 0.48854169249534607 0.10625000298023224 0.10468750447034836
2 0.770312488079071 0.13229167461395264 0.07187499850988388 0.06406249850988388
