0 0.57109375850996 0.6291666994802654 0.18281250272411853 0.17187500256113708
0 0.728125010849908 0.210416677640751 0.20312500302679837 0.17812500265426934
0 0.3445312551339157 0.22604167845565826 0.18281250272411853 0.1796875026775524
0 0.1773437526426278 0.31875001662410796 0.1796875026775524 0.18750000279396772
0 0.16875000251457095 0.5250000273808837 0.19062500284053385 0.19062500284053385
0 0.2843750042375177 0.7760417071403936 0.1968750029336661 0.14531250216532499
0 0.45000000670552254 0.4375000228174031 0.18750000279396772 0.17812500265426934
0 0.34062500507570803 0.5739583632675931 0.2062500030733645 0.1578125023515895
0 0.7617187613504939 0.4572916905162856 0.16093750239815563 0.15468750230502337
0 0.5601562583469786 0.07708333735354245 0.19531250291038305 0.11250000167638063
0 0.836718762468081 0.4447916898643598 0.13906250207219273 0.19843750295694917
1 0.5539062582538463 0.8708333787508309 0.36093750537838787 0.19375000288709998
0 0.57109375850996 0.6291666994802654 0.18281250272411853 0.17187500256113708
0 0.728125010849908 0.210416677640751 0.20312500302679837 0.17812500265426934
0 0.3445312551339157 0.22604167845565826 0.18281250272411853 0.1796875026775524
0 0.1773437526426278 0.31875001662410796 0.1796875026775524 0.18750000279396772
0 0.16875000251457095 0.5250000273808837 0.19062500284053385 0.19062500284053385
0 0.2843750042375177 0.7760417071403936 0.1968750029336661 0.14531250216532499
0 0.45000000670552254 0.4375000228174031 0.18750000279396772 0.17812500265426934
0 0.34062500507570803 0.5739583632675931 0.2062500030733645 0.1578125023515895
0 0.7617187613504939 0.4572916905162856 0.16093750239815563 0.15468750230502337
0 0.5601562583469786 0.07708333735354245 0.19531250291038305 0.11250000167638063
0 0.836718762468081 0.4447916898643598 0.13906250207219273 0.19843750295694917
1 0.5539062582538463 0.8708333787508309 0.36093750537838787 0.19375000288709998
0 0.57109375850996 0.6291666994802654 0.18281250272411853 0.17187500256113708
0 0.728125010849908 0.210416677640751 0.20312500302679837 0.17812500265426934
0 0.3445312551339157 0.22604167845565826 0.18281250272411853 0.1796875026775524
0 0.1773437526426278 0.31875001662410796 0.1796875026775524 0.18750000279396772
0 0.16875000251457095 0.5250000273808837 0.19062500284053385 0.19062500284053385
0 0.2843750042375177 0.7760417071403936 0.1968750029336661 0.14531250216532499
0 0.45000000670552254 0.4375000228174031 0.18750000279396772 0.17812500265426934
0 0.34062500507570803 0.5739583632675931 0.2062500030733645 0.1578125023515895
0 0.7617187613504939 0.4572916905162856 0.16093750239815563 0.15468750230502337
0 0.5601562583469786 0.07708333735354245 0.19531250291038305 0.11250000167638063
0 0.836718762468081 0.4447916898643598 0.13906250207219273 0.19843750295694917
1 0.5539062582538463 0.8708333787508309 0.36093750537838787 0.19375000288709998
0 0.57109375850996 0.6291666994802654 0.18281250272411853 0.17187500256113708
0 0.728125010849908 0.210416677640751 0.20312500302679837 0.17812500265426934
0 0.3445312551339157 0.22604167845565826 0.18281250272411853 0.1796875026775524
0 0.1773437526426278 0.31875001662410796 0.1796875026775524 0.18750000279396772
0 0.16875000251457095 0.5250000273808837 0.19062500284053385 0.19062500284053385
0 0.2843750042375177 0.7760417071403936 0.1968750029336661 0.14531250216532499
0 0.45000000670552254 0.4375000228174031 0.18750000279396772 0.17812500265426934
0 0.34062500507570803 0.5739583632675931 0.2062500030733645 0.1578125023515895
0 0.7617187613504939 0.4572916905162856 0.16093750239815563 0.15468750230502337
0 0.5601562583469786 0.07708333735354245 0.19531250291038305 0.11250000167638063
0 0.836718762468081 0.4447916898643598 0.13906250207219273 0.19843750295694917
1 0.5539062582538463 0.8708333787508309 0.36093750537838787 0.19375000288709998
0 0.57109375850996 0.6291666994802654 0.18281250272411853 0.17187500256113708
0 0.728125010849908 0.210416677640751 0.20312500302679837 0.17812500265426934
0 0.3445312551339157 0.22604167845565826 0.18281250272411853 0.1796875026775524
0 0.1773437526426278 0.31875001662410796 0.1796875026775524 0.18750000279396772
0 0.16875000251457095 0.5250000273808837 0.19062500284053385 0.19062500284053385
0 0.2843750042375177 0.7760417071403936 0.1968750029336661 0.14531250216532499
0 0.45000000670552254 0.4375000228174031 0.18750000279396772 0.17812500265426934
0 0.34062500507570803 0.5739583632675931 0.2062500030733645 0.1578125023515895
0 0.7617187613504939 0.4572916905162856 0.16093750239815563 0.15468750230502337
0 0.5601562583469786 0.07708333735354245 0.19531250291038305 0.11250000167638063
0 0.836718762468081 0.4447916898643598 0.13906250207219273 0.19843750295694917
1 0.5539062582538463 0.8708333787508309 0.36093750537838787 0.19375000288709998
0 0.57109375850996 0.6291666994802654 0.18281250272411853 0.17187500256113708
0 0.728125010849908 0.210416677640751 0.20312500302679837 0.17812500265426934
0 0.3445312551339157 0.22604167845565826 0.18281250272411853 0.1796875026775524
0 0.1773437526426278 0.31875001662410796 0.1796875026775524 0.18750000279396772
0 0.16875000251457095 0.5250000273808837 0.19062500284053385 0.19062500284053385
0 0.2843750042375177 0.7760417071403936 0.1968750029336661 0.14531250216532499
0 0.45000000670552254 0.4375000228174031 0.18750000279396772 0.17812500265426934
0 0.34062500507570803 0.5739583632675931 0.2062500030733645 0.1578125023515895
0 0.7617187613504939 0.4572916905162856 0.16093750239815563 0.15468750230502337
0 0.5601562583469786 0.07708333735354245 0.19531250291038305 0.11250000167638063
0 0.836718762468081 0.4447916898643598 0.13906250207219273 0.19843750295694917
1 0.5539062582538463 0.8708333787508309 0.36093750537838787 0.19375000288709998
0 0.57109375850996 0.6291666994802654 0.18281250272411853 0.17187500256113708
0 0.728125010849908 0.210416677640751 0.20312500302679837 0.17812500265426934
0 0.3445312551339157 0.22604167845565826 0.18281250272411853 0.1796875026775524
0 0.1773437526426278 0.31875001662410796 0.1796875026775524 0.18750000279396772
0 0.16875000251457095 0.5250000273808837 0.19062500284053385 0.19062500284053385
0 0.2843750042375177 0.7760417071403936 0.1968750029336661 0.14531250216532499
0 0.45000000670552254 0.4375000228174031 0.18750000279396772 0.17812500265426934
0 0.34062500507570803 0.5739583632675931 0.2062500030733645 0.1578125023515895
0 0.7617187613504939 0.4572916905162856 0.16093750239815563 0.15468750230502337
0 0.5601562583469786 0.07708333735354245 0.19531250291038305 0.11250000167638063
0 0.836718762468081 0.4447916898643598 0.13906250207219273 0.19843750295694917
1 0.5539062582538463 0.8708333787508309 0.36093750537838787 0.19375000288709998
0 0.57109375850996 0.6291666994802654 0.18281250272411853 0.17187500256113708
0 0.728125010849908 0.210416677640751 0.20312500302679837 0.17812500265426934
0 0.3445312551339157 0.22604167845565826 0.18281250272411853 0.1796875026775524
0 0.1773437526426278 0.31875001662410796 0.1796875026775524 0.18750000279396772
0 0.16875000251457095 0.5250000273808837 0.19062500284053385 0.19062500284053385
0 0.2843750042375177 0.7760417071403936 0.1968750029336661 0.14531250216532499
0 0.45000000670552254 0.4375000228174031 0.18750000279396772 0.17812500265426934
0 0.34062500507570803 0.5739583632675931 0.2062500030733645 0.1578125023515895
0 0.7617187613504939 0.4572916905162856 0.16093750239815563 0.15468750230502337
0 0.5601562583469786 0.07708333735354245 0.19531250291038305 0.11250000167638063
0 0.836718762468081 0.4447916898643598 0.13906250207219273 0.19843750295694917
1 0.5539062582538463 0.8708333787508309 0.36093750537838787 0.19375000288709998
0 0.57109375850996 0.6291666994802654 0.18281250272411853 0.17187500256113708
0 0.728125010849908 0.210416677640751 0.20312500302679837 0.17812500265426934
0 0.3445312551339157 0.22604167845565826 0.18281250272411853 0.1796875026775524
0 0.1773437526426278 0.31875001662410796 0.1796875026775524 0.18750000279396772
0 0.16875000251457095 0.5250000273808837 0.19062500284053385 0.19062500284053385
0 0.2843750042375177 0.7760417071403936 0.1968750029336661 0.14531250216532499
0 0.45000000670552254 0.4375000228174031 0.18750000279396772 0.17812500265426934
0 0.34062500507570803 0.5739583632675931 0.2062500030733645 0.1578125023515895
0 0.7617187613504939 0.4572916905162856 0.16093750239815563 0.15468750230502337
0 0.5601562583469786 0.07708333735354245 0.19531250291038305 0.11250000167638063
0 0.836718762468081 0.4447916898643598 0.13906250207219273 0.19843750295694917
1 0.5539062582538463 0.8708333787508309 0.36093750537838787 0.19375000288709998
0 0.57109375850996 0.6291666994802654 0.18281250272411853 0.17187500256113708
0 0.728125010849908 0.210416677640751 0.20312500302679837 0.17812500265426934
0 0.3445312551339157 0.22604167845565826 0.18281250272411853 0.1796875026775524
0 0.1773437526426278 0.31875001662410796 0.1796875026775524 0.18750000279396772
0 0.16875000251457095 0.5250000273808837 0.19062500284053385 0.19062500284053385
0 0.2843750042375177 0.7760417071403936 0.1968750029336661 0.14531250216532499
0 0.45000000670552254 0.4375000228174031 0.18750000279396772 0.17812500265426934
0 0.34062500507570803 0.5739583632675931 0.2062500030733645 0.1578125023515895
0 0.7617187613504939 0.4572916905162856 0.16093750239815563 0.15468750230502337
0 0.5601562583469786 0.07708333735354245 0.19531250291038305 0.11250000167638063
0 0.836718762468081 0.4447916898643598 0.13906250207219273 0.19843750295694917
1 0.5539062582538463 0.8708333787508309 0.36093750537838787 0.19375000288709998
0 0.57109375850996 0.6291666994802654 0.18281250272411853 0.17187500256113708
0 0.728125010849908 0.210416677640751 0.20312500302679837 0.17812500265426934
0 0.3445312551339157 0.22604167845565826 0.18281250272411853 0.1796875026775524
0 0.1773437526426278 0.31875001662410796 0.1796875026775524 0.18750000279396772
0 0.16875000251457095 0.5250000273808837 0.19062500284053385 0.19062500284053385
0 0.2843750042375177 0.7760417071403936 0.1968750029336661 0.14531250216532499
0 0.45000000670552254 0.4375000228174031 0.18750000279396772 0.17812500265426934
0 0.34062500507570803 0.5739583632675931 0.2062500030733645 0.1578125023515895
0 0.7617187613504939 0.4572916905162856 0.16093750239815563 0.15468750230502337
0 0.5601562583469786 0.07708333735354245 0.19531250291038305 0.11250000167638063
0 0.836718762468081 0.4447916898643598 0.13906250207219273 0.19843750295694917
1 0.5539062582538463 0.8708333787508309 0.36093750537838787 0.19375000288709998
0 0.57109375850996 0.6291666994802654 0.18281250272411853 0.17187500256113708
0 0.728125010849908 0.210416677640751 0.20312500302679837 0.17812500265426934
0 0.3445312551339157 0.22604167845565826 0.18281250272411853 0.1796875026775524
0 0.1773437526426278 0.31875001662410796 0.1796875026775524 0.18750000279396772
0 0.16875000251457095 0.5250000273808837 0.19062500284053385 0.19062500284053385
0 0.2843750042375177 0.7760417071403936 0.1968750029336661 0.14531250216532499
0 0.45000000670552254 0.4375000228174031 0.18750000279396772 0.17812500265426934
0 0.34062500507570803 0.5739583632675931 0.2062500030733645 0.1578125023515895
0 0.7617187613504939 0.4572916905162856 0.16093750239815563 0.15468750230502337
0 0.5601562583469786 0.07708333735354245 0.19531250291038305 0.11250000167638063
0 0.836718762468081 0.4447916898643598 0.13906250207219273 0.19843750295694917
1 0.5539062582538463 0.8708333787508309 0.36093750537838787 0.19375000288709998
0 0.57109375850996 0.6291666994802654 0.18281250272411853 0.17187500256113708
0 0.728125010849908 0.210416677640751 0.20312500302679837 0.17812500265426934
0 0.3445312551339157 0.22604167845565826 0.18281250272411853 0.1796875026775524
0 0.1773437526426278 0.31875001662410796 0.1796875026775524 0.18750000279396772
0 0.16875000251457095 0.5250000273808837 0.19062500284053385 0.19062500284053385
0 0.2843750042375177 0.7760417071403936 0.1968750029336661 0.14531250216532499
0 0.45000000670552254 0.4375000228174031 0.18750000279396772 0.17812500265426934
0 0.34062500507570803 0.5739583632675931 0.2062500030733645 0.1578125023515895
0 0.7617187613504939 0.4572916905162856 0.16093750239815563 0.15468750230502337
0 0.5601562583469786 0.07708333735354245 0.19531250291038305 0.11250000167638063
0 0.836718762468081 0.4447916898643598 0.13906250207219273 0.19843750295694917
1 0.5539062582538463 0.8708333787508309 0.36093750537838787 0.19375000288709998
0 0.57109375850996 0.6291666994802654 0.18281250272411853 0.17187500256113708
0 0.728125010849908 0.210416677640751 0.20312500302679837 0.17812500265426934
0 0.3445312551339157 0.22604167845565826 0.18281250272411853 0.1796875026775524
0 0.1773437526426278 0.31875001662410796 0.1796875026775524 0.18750000279396772
0 0.16875000251457095 0.5250000273808837 0.19062500284053385 0.19062500284053385
0 0.2843750042375177 0.7760417071403936 0.1968750029336661 0.14531250216532499
0 0.45000000670552254 0.4375000228174031 0.18750000279396772 0.17812500265426934
0 0.34062500507570803 0.5739583632675931 0.2062500030733645 0.1578125023515895
0 0.7617187613504939 0.4572916905162856 0.16093750239815563 0.15468750230502337
0 0.5601562583469786 0.07708333735354245 0.19531250291038305 0.11250000167638063
0 0.836718762468081 0.4447916898643598 0.13906250207219273 0.19843750295694917
1 0.5539062582538463 0.8708333787508309 0.36093750537838787 0.19375000288709998
0 0.57109375850996 0.6291666994802654 0.18281250272411853 0.17187500256113708
0 0.728125010849908 0.210416677640751 0.20312500302679837 0.17812500265426934
0 0.3445312551339157 0.22604167845565826 0.18281250272411853 0.1796875026775524
0 0.1773437526426278 0.31875001662410796 0.1796875026775524 0.18750000279396772
0 0.16875000251457095 0.5250000273808837 0.19062500284053385 0.19062500284053385
0 0.2843750042375177 0.7760417071403936 0.1968750029336661 0.14531250216532499
0 0.45000000670552254 0.4375000228174031 0.18750000279396772 0.17812500265426934
0 0.34062500507570803 0.5739583632675931 0.2062500030733645 0.1578125023515895
0 0.7617187613504939 0.4572916905162856 0.16093750239815563 0.15468750230502337
0 0.5601562583469786 0.07708333735354245 0.19531250291038305 0.11250000167638063
0 0.836718762468081 0.4447916898643598 0.13906250207219273 0.19843750295694917
1 0.5539062582538463 0.8708333787508309 0.36093750537838787 0.19375000288709998
0 0.571093738079071 0.6291667222976685 0.18281249701976776 0.171875
0 0.7281250357627869 0.21041667461395264 0.203125 0.17812500894069672
0 0.34453126788139343 0.22604167461395264 0.18281249701976776 0.1796875
0 0.17734375596046448 0.3187500238418579 0.1796875 0.1875
0 0.16875000298023224 0.5250000357627869 0.19062499701976776 0.19062499701976776
0 0.28437501192092896 0.7760416865348816 0.19687500596046448 0.14531250298023224
0 0.45000001788139343 0.4375000298023224 0.1875 0.17812500894069672
0 0.34062501788139343 0.5739583373069763 0.20624999701976776 0.15781250596046448
0 0.76171875 0.45729169249534607 0.16093750298023224 0.15468750894069672
0 0.5601562857627869 0.07708333432674408 0.1953125 0.11250000447034836
0 0.836718738079071 0.444791704416275 0.13906250894069672 0.19843749701976776
1 0.553906261920929 0.8708333969116211 0.3609375059604645 0.19375000894069672
0 0.571093738079071 0.6291667222976685 0.18281249701976776 0.171875
0 0.7281250357627869 0.21041667461395264 0.203125 0.17812500894069672
0 0.34453126788139343 0.22604167461395264 0.18281249701976776 0.1796875
0 0.17734375596046448 0.3187500238418579 0.1796875 0.1875
0 0.16875000298023224 0.5250000357627869 0.19062499701976776 0.19062499701976776
0 0.28437501192092896 0.7760416865348816 0.19687500596046448 0.14531250298023224
0 0.45000001788139343 0.4375000298023224 0.1875 0.17812500894069672
0 0.34062501788139343 0.5739583373069763 0.20624999701976776 0.15781250596046448
0 0.76171875 0.45729169249534607 0.16093750298023224 0.15468750894069672
0 0.5601562857627869 0.07708333432674408 0.1953125 0.11250000447034836
0 0.836718738079071 0.444791704416275 0.13906250894069672 0.19843749701976776
1 0.553906261920929 0.8708333969116211 0.3609375059604645 0.19375000894069672
0 0.571093738079071 0.6291667222976685 0.18281249701976776 0.171875
0 0.7281250357627869 0.21041667461395264 0.203125 0.17812500894069672
0 0.34453126788139343 0.22604167461395264 0.18281249701976776 0.1796875
0 0.17734375596046448 0.3187500238418579 0.1796875 0.1875
0 0.16875000298023224 0.5250000357627869 0.19062499701976776 0.19062499701976776
0 0.28437501192092896 0.7760416865348816 0.19687500596046448 0.14531250298023224
0 0.45000001788139343 0.4375000298023224 0.1875 0.17812500894069672
0 0.34062501788139343 0.5739583373069763 0.20624999701976776 0.15781250596046448
0 0.76171875 0.45729169249534607 0.16093750298023224 0.15468750894069672
0 0.5601562857627869 0.07708333432674408 0.1953125 0.11250000447034836
0 0.836718738079071 0.444791704416275 0.13906250894069672 0.19843749701976776
1 0.553906261920929 0.8708333969116211 0.3609375059604645 0.19375000894069672
0 0.571093738079071 0.6291667222976685 0.18281249701976776 0.171875
0 0.7281250357627869 0.21041667461395264 0.203125 0.17812500894069672
0 0.34453126788139343 0.22604167461395264 0.18281249701976776 0.1796875
0 0.17734375596046448 0.3187500238418579 0.1796875 0.1875
0 0.16875000298023224 0.5250000357627869 0.19062499701976776 0.19062499701976776
0 0.28437501192092896 0.7760416865348816 0.19687500596046448 0.14531250298023224
0 0.45000001788139343 0.4375000298023224 0.1875 0.17812500894069672
0 0.34062501788139343 0.5739583373069763 0.20624999701976776 0.15781250596046448
0 0.76171875 0.45729169249534607 0.16093750298023224 0.15468750894069672
0 0.5601562857627869 0.07708333432674408 0.1953125 0.11250000447034836
0 0.836718738079071 0.444791704416275 0.13906250894069672 0.19843749701976776
1 0.553906261920929 0.8708333969116211 0.3609375059604645 0.19375000894069672
0 0.571093738079071 0.6291667222976685 0.18281249701976776 0.171875
0 0.7281250357627869 0.21041667461395264 0.203125 0.17812500894069672
0 0.34453126788139343 0.22604167461395264 0.18281249701976776 0.1796875
0 0.17734375596046448 0.3187500238418579 0.1796875 0.1875
0 0.16875000298023224 0.5250000357627869 0.19062499701976776 0.19062499701976776
0 0.28437501192092896 0.7760416865348816 0.19687500596046448 0.14531250298023224
0 0.45000001788139343 0.4375000298023224 0.1875 0.17812500894069672
0 0.34062501788139343 0.5739583373069763 0.20624999701976776 0.15781250596046448
0 0.76171875 0.45729169249534607 0.16093750298023224 0.15468750894069672
0 0.5601562857627869 0.07708333432674408 0.1953125 0.11250000447034836
0 0.836718738079071 0.444791704416275 0.13906250894069672 0.19843749701976776
1 0.553906261920929 0.8708333969116211 0.3609375059604645 0.19375000894069672
0 0.571093738079071 0.6291667222976685 0.18281249701976776 0.171875
0 0.7281250357627869 0.21041667461395264 0.203125 0.17812500894069672
0 0.34453126788139343 0.22604167461395264 0.18281249701976776 0.1796875
0 0.17734375596046448 0.3187500238418579 0.1796875 0.1875
0 0.16875000298023224 0.5250000357627869 0.19062499701976776 0.19062499701976776
0 0.28437501192092896 0.7760416865348816 0.19687500596046448 0.14531250298023224
0 0.45000001788139343 0.4375000298023224 0.1875 0.17812500894069672
0 0.34062501788139343 0.5739583373069763 0.20624999701976776 0.15781250596046448
0 0.76171875 0.45729169249534607 0.16093750298023224 0.15468750894069672
0 0.5601562857627869 0.07708333432674408 0.1953125 0.11250000447034836
0 0.836718738079071 0.444791704416275 0.13906250894069672 0.19843749701976776
1 0.553906261920929 0.8708333969116211 0.3609375059604645 0.19375000894069672
0 0.571093738079071 0.6291667222976685 0.18281249701976776 0.171875
0 0.7281250357627869 0.21041667461395264 0.203125 0.17812500894069672
0 0.34453126788139343 0.22604167461395264 0.18281249701976776 0.1796875
0 0.17734375596046448 0.3187500238418579 0.1796875 0.1875
0 0.16875000298023224 0.5250000357627869 0.19062499701976776 0.19062499701976776
0 0.28437501192092896 0.7760416865348816 0.19687500596046448 0.14531250298023224
0 0.45000001788139343 0.4375000298023224 0.1875 0.17812500894069672
0 0.34062501788139343 0.5739583373069763 0.20624999701976776 0.15781250596046448
0 0.76171875 0.45729169249534607 0.16093750298023224 0.15468750894069672
0 0.5601562857627869 0.07708333432674408 0.1953125 0.11250000447034836
0 0.836718738079071 0.444791704416275 0.13906250894069672 0.19843749701976776
1 0.553906261920929 0.8708333969116211 0.3609375059604645 0.19375000894069672
