0 0.7117187606054358 0.6385416999692097 0.17343750258442014 0.1359375020256266
0 0.7007812604424544 0.8114583756541833 0.17343750258442014 0.1359375020256266
0 0.6031250089872628 0.20625001075677574 0.16875000251457095 0.16875000251457095
0 0.315625004703179 0.147916674381122 0.16875000251457095 0.16875000251457095
0 0.15625000232830644 0.8447917107259855 0.14375000214204192 0.13906250207219273
0 0.13281250197906047 0.5375000280328095 0.1312500019557774 0.16562500246800482
0 0.596093758882489 0.43645835609640926 0.17656250263098627 0.17656250263098627
0 0.8195312622119673 0.44270835642237216 0.17656250263098627 0.17656250263098627
0 0.23437500349245965 0.6947917029028758 0.14375000214204192 0.13906250207219273
1 0.45234375674044713 0.7864583743503317 0.3671875054715201 0.3203125047730282
1 0.36328125541331246 0.5500000286847353 0.10781250160653144 0.09062500135041773
1 0.5250000078231096 0.038541668676771224 0.0656250009778887 0.05468750081490725
0 0.7117187606054358 0.6385416999692097 0.17343750258442014 0.1359375020256266
0 0.7007812604424544 0.8114583756541833 0.17343750258442014 0.1359375020256266
0 0.6031250089872628 0.20625001075677574 0.16875000251457095 0.16875000251457095
0 0.315625004703179 0.147916674381122 0.16875000251457095 0.16875000251457095
0 0.15625000232830644 0.8447917107259855 0.14375000214204192 0.13906250207219273
0 0.13281250197906047 0.5375000280328095 0.1312500019557774 0.16562500246800482
0 0.596093758882489 0.43645835609640926 0.17656250263098627 0.17656250263098627
0 0.8195312622119673 0.44270835642237216 0.17656250263098627 0.17656250263098627
0 0.23437500349245965 0.6947917029028758 0.14375000214204192 0.13906250207219273
1 0.45234375674044713 0.7864583743503317 0.3671875054715201 0.3203125047730282
1 0.36328125541331246 0.5500000286847353 0.10781250160653144 0.09062500135041773
1 0.5250000078231096 0.038541668676771224 0.0656250009778887 0.05468750081490725
0 0.7117187606054358 0.6385416999692097 0.17343750258442014 0.1359375020256266
0 0.7007812604424544 0.8114583756541833 0.17343750258442014 0.1359375020256266
0 0.6031250089872628 0.20625001075677574 0.16875000251457095 0.16875000251457095
0 0.315625004703179 0.147916674381122 0.16875000251457095 0.16875000251457095
0 0.15625000232830644 0.8447917107259855 0.14375000214204192 0.13906250207219273
0 0.13281250197906047 0.5375000280328095 0.1312500019557774 0.16562500246800482
0 0.596093758882489 0.43645835609640926 0.17656250263098627 0.17656250263098627
0 0.8195312622119673 0.44270835642237216 0.17656250263098627 0.17656250263098627
0 0.23437500349245965 0.6947917029028758 0.14375000214204192 0.13906250207219273
1 0.45234375674044713 0.7864583743503317 0.3671875054715201 0.3203125047730282
1 0.36328125541331246 0.5500000286847353 0.10781250160653144 0.09062500135041773
1 0.5250000078231096 0.038541668676771224 0.0656250009778887 0.05468750081490725
0 0.7117187606054358 0.6385416999692097 0.17343750258442014 0.1359375020256266
0 0.7007812604424544 0.8114583756541833 0.17343750258442014 0.1359375020256266
0 0.6031250089872628 0.20625001075677574 0.16875000251457095 0.16875000251457095
0 0.315625004703179 0.147916674381122 0.16875000251457095 0.16875000251457095
0 0.15625000232830644 0.8447917107259855 0.14375000214204192 0.13906250207219273
0 0.13281250197906047 0.5375000280328095 0.1312500019557774 0.16562500246800482
0 0.596093758882489 0.43645835609640926 0.17656250263098627 0.17656250263098627
0 0.8195312622119673 0.44270835642237216 0.17656250263098627 0.17656250263098627
0 0.23437500349245965 0.6947917029028758 0.14375000214204192 0.13906250207219273
1 0.45234375674044713 0.7864583743503317 0.3671875054715201 0.3203125047730282
1 0.36328125541331246 0.5500000286847353 0.10781250160653144 0.09062500135041773
1 0.5250000078231096 0.038541668676771224 0.0656250009778887 0.05468750081490725
0 0.7117187606054358 0.6385416999692097 0.17343750258442014 0.1359375020256266
0 0.7007812604424544 0.8114583756541833 0.17343750258442014 0.1359375020256266
0 0.6031250089872628 0.20625001075677574 0.16875000251457095 0.16875000251457095
0 0.315625004703179 0.147916674381122 0.16875000251457095 0.16875000251457095
0 0.15625000232830644 0.8447917107259855 0.14375000214204192 0.13906250207219273
0 0.13281250197906047 0.5375000280328095 0.1312500019557774 0.16562500246800482
0 0.596093758882489 0.43645835609640926 0.17656250263098627 0.17656250263098627
0 0.8195312622119673 0.44270835642237216 0.17656250263098627 0.17656250263098627
0 0.23437500349245965 0.6947917029028758 0.14375000214204192 0.13906250207219273
1 0.45234375674044713 0.7864583743503317 0.3671875054715201 0.3203125047730282
1 0.36328125541331246 0.5500000286847353 0.10781250160653144 0.09062500135041773
1 0.5250000078231096 0.038541668676771224 0.0656250009778887 0.05468750081490725
0 0.7117187606054358 0.6385416999692097 0.17343750258442014 0.1359375020256266
0 0.7007812604424544 0.8114583756541833 0.17343750258442014 0.1359375020256266
0 0.6031250089872628 0.20625001075677574 0.16875000251457095 0.16875000251457095
0 0.315625004703179 0.147916674381122 0.16875000251457095 0.16875000251457095
0 0.15625000232830644 0.8447917107259855 0.14375000214204192 0.13906250207219273
0 0.13281250197906047 0.5375000280328095 0.1312500019557774 0.16562500246800482
0 0.596093758882489 0.43645835609640926 0.17656250263098627 0.17656250263098627
0 0.8195312622119673 0.44270835642237216 0.17656250263098627 0.17656250263098627
0 0.23437500349245965 0.6947917029028758 0.14375000214204192 0.13906250207219273
1 0.45234375674044713 0.7864583743503317 0.3671875054715201 0.3203125047730282
1 0.36328125541331246 0.5500000286847353 0.10781250160653144 0.09062500135041773
1 0.5250000078231096 0.038541668676771224 0.0656250009778887 0.05468750081490725
0 0.7117187606054358 0.6385416999692097 0.17343750258442014 0.1359375020256266
0 0.7007812604424544 0.8114583756541833 0.17343750258442014 0.1359375020256266
0 0.6031250089872628 0.20625001075677574 0.16875000251457095 0.16875000251457095
0 0.315625004703179 0.147916674381122 0.16875000251457095 0.16875000251457095
0 0.15625000232830644 0.8447917107259855 0.14375000214204192 0.13906250207219273
0 0.13281250197906047 0.5375000280328095 0.1312500019557774 0.16562500246800482
0 0.596093758882489 0.43645835609640926 0.17656250263098627 0.17656250263098627
0 0.8195312622119673 0.44270835642237216 0.17656250263098627 0.17656250263098627
0 0.23437500349245965 0.6947917029028758 0.14375000214204192 0.13906250207219273
1 0.45234375674044713 0.7864583743503317 0.3671875054715201 0.3203125047730282
1 0.36328125541331246 0.5500000286847353 0.10781250160653144 0.09062500135041773
1 0.5250000078231096 0.038541668676771224 0.0656250009778887 0.05468750081490725
0 0.7117187606054358 0.6385416999692097 0.17343750258442014 0.1359375020256266
0 0.7007812604424544 0.8114583756541833 0.17343750258442014 0.1359375020256266
0 0.6031250089872628 0.20625001075677574 0.16875000251457095 0.16875000251457095
0 0.315625004703179 0.147916674381122 0.16875000251457095 0.16875000251457095
0 0.15625000232830644 0.8447917107259855 0.14375000214204192 0.13906250207219273
0 0.13281250197906047 0.5375000280328095 0.1312500019557774 0.16562500246800482
0 0.596093758882489 0.43645835609640926 0.17656250263098627 0.17656250263098627
0 0.8195312622119673 0.44270835642237216 0.17656250263098627 0.17656250263098627
0 0.23437500349245965 0.6947917029028758 0.14375000214204192 0.13906250207219273
1 0.45234375674044713 0.7864583743503317 0.3671875054715201 0.3203125047730282
1 0.36328125541331246 0.5500000286847353 0.10781250160653144 0.09062500135041773
1 0.5250000078231096 0.038541668676771224 0.0656250009778887 0.05468750081490725
0 0.7117187606054358 0.6385416999692097 0.17343750258442014 0.1359375020256266
0 0.7007812604424544 0.8114583756541833 0.17343750258442014 0.1359375020256266
0 0.6031250089872628 0.20625001075677574 0.16875000251457095 0.16875000251457095
0 0.315625004703179 0.147916674381122 0.16875000251457095 0.16875000251457095
0 0.15625000232830644 0.8447917107259855 0.14375000214204192 0.13906250207219273
0 0.13281250197906047 0.5375000280328095 0.1312500019557774 0.16562500246800482
0 0.596093758882489 0.43645835609640926 0.17656250263098627 0.17656250263098627
0 0.8195312622119673 0.44270835642237216 0.17656250263098627 0.17656250263098627
0 0.23437500349245965 0.6947917029028758 0.14375000214204192 0.13906250207219273
1 0.45234375674044713 0.7864583743503317 0.3671875054715201 0.3203125047730282
1 0.36328125541331246 0.5500000286847353 0.10781250160653144 0.09062500135041773
1 0.5250000078231096 0.038541668676771224 0.0656250009778887 0.05468750081490725
0 0.7117187606054358 0.6385416999692097 0.17343750258442014 0.1359375020256266
0 0.7007812604424544 0.8114583756541833 0.17343750258442014 0.1359375020256266
0 0.6031250089872628 0.20625001075677574 0.16875000251457095 0.16875000251457095
0 0.315625004703179 0.147916674381122 0.16875000251457095 0.16875000251457095
0 0.15625000232830644 0.8447917107259855 0.14375000214204192 0.13906250207219273
0 0.13281250197906047 0.5375000280328095 0.1312500019557774 0.16562500246800482
0 0.596093758882489 0.43645835609640926 0.17656250263098627 0.17656250263098627
0 0.8195312622119673 0.44270835642237216 0.17656250263098627 0.17656250263098627
0 0.23437500349245965 0.6947917029028758 0.14375000214204192 0.13906250207219273
1 0.45234375674044713 0.7864583743503317 0.3671875054715201 0.3203125047730282
1 0.36328125541331246 0.5500000286847353 0.10781250160653144 0.09062500135041773
1 0.5250000078231096 0.038541668676771224 0.0656250009778887 0.05468750081490725
0 0.7117187606054358 0.6385416999692097 0.17343750258442014 0.1359375020256266
0 0.7007812604424544 0.8114583756541833 0.17343750258442014 0.1359375020256266
0 0.6031250089872628 0.20625001075677574 0.16875000251457095 0.16875000251457095
0 0.315625004703179 0.147916674381122 0.16875000251457095 0.16875000251457095
0 0.15625000232830644 0.8447917107259855 0.14375000214204192 0.13906250207219273
0 0.13281250197906047 0.5375000280328095 0.1312500019557774 0.16562500246800482
0 0.596093758882489 0.43645835609640926 0.17656250263098627 0.17656250263098627
0 0.8195312622119673 0.44270835642237216 0.17656250263098627 0.17656250263098627
0 0.23437500349245965 0.6947917029028758 0.14375000214204192 0.13906250207219273
1 0.45234375674044713 0.7864583743503317 0.3671875054715201 0.3203125047730282
1 0.36328125541331246 0.5500000286847353 0.10781250160653144 0.09062500135041773
1 0.5250000078231096 0.038541668676771224 0.0656250009778887 0.05468750081490725
0 0.7117187606054358 0.6385416999692097 0.17343750258442014 0.1359375020256266
0 0.7007812604424544 0.8114583756541833 0.17343750258442014 0.1359375020256266
0 0.6031250089872628 0.20625001075677574 0.16875000251457095 0.16875000251457095
0 0.315625004703179 0.147916674381122 0.16875000251457095 0.16875000251457095
0 0.15625000232830644 0.8447917107259855 0.14375000214204192 0.13906250207219273
0 0.13281250197906047 0.5375000280328095 0.1312500019557774 0.16562500246800482
0 0.596093758882489 0.43645835609640926 0.17656250263098627 0.17656250263098627
0 0.8195312622119673 0.44270835642237216 0.17656250263098627 0.17656250263098627
0 0.23437500349245965 0.6947917029028758 0.14375000214204192 0.13906250207219273
1 0.45234375674044713 0.7864583743503317 0.3671875054715201 0.3203125047730282
1 0.36328125541331246 0.5500000286847353 0.10781250160653144 0.09062500135041773
1 0.5250000078231096 0.038541668676771224 0.0656250009778887 0.05468750081490725
0 0.7117187606054358 0.6385416999692097 0.17343750258442014 0.1359375020256266
0 0.7007812604424544 0.8114583756541833 0.17343750258442014 0.1359375020256266
0 0.6031250089872628 0.20625001075677574 0.16875000251457095 0.16875000251457095
0 0.315625004703179 0.147916674381122 0.16875000251457095 0.16875000251457095
0 0.15625000232830644 0.8447917107259855 0.14375000214204192 0.13906250207219273
0 0.13281250197906047 0.5375000280328095 0.1312500019557774 0.16562500246800482
0 0.596093758882489 0.43645835609640926 0.17656250263098627 0.17656250263098627
0 0.8195312622119673 0.44270835642237216 0.17656250263098627 0.17656250263098627
0 0.23437500349245965 0.6947917029028758 0.14375000214204192 0.13906250207219273
1 0.45234375674044713 0.7864583743503317 0.3671875054715201 0.3203125047730282
1 0.36328125541331246 0.5500000286847353 0.10781250160653144 0.09062500135041773
1 0.5250000078231096 0.038541668676771224 0.0656250009778887 0.05468750081490725
0 0.7117187606054358 0.6385416999692097 0.17343750258442014 0.1359375020256266
0 0.7007812604424544 0.8114583756541833 0.17343750258442014 0.1359375020256266
0 0.6031250089872628 0.20625001075677574 0.16875000251457095 0.16875000251457095
0 0.315625004703179 0.147916674381122 0.16875000251457095 0.16875000251457095
0 0.15625000232830644 0.8447917107259855 0.14375000214204192 0.13906250207219273
0 0.13281250197906047 0.5375000280328095 0.1312500019557774 0.16562500246800482
0 0.596093758882489 0.43645835609640926 0.17656250263098627 0.17656250263098627
0 0.8195312622119673 0.44270835642237216 0.17656250263098627 0.17656250263098627
0 0.23437500349245965 0.6947917029028758 0.14375000214204192 0.13906250207219273
1 0.45234375674044713 0.7864583743503317 0.3671875054715201 0.3203125047730282
2 0.36328125541331246 0.5500000286847353 0.10781250160653144 0.09062500135041773
2 0.5250000078231096 0.038541668676771224 0.0656250009778887 0.05468750081490725
0 0.7117187606054358 0.6385416999692097 0.17343750258442014 0.1359375020256266
0 0.7007812604424544 0.8114583756541833 0.17343750258442014 0.1359375020256266
0 0.6031250089872628 0.20625001075677574 0.16875000251457095 0.16875000251457095
0 0.315625004703179 0.147916674381122 0.16875000251457095 0.16875000251457095
0 0.15625000232830644 0.8447917107259855 0.14375000214204192 0.13906250207219273
0 0.13281250197906047 0.5375000280328095 0.1312500019557774 0.16562500246800482
0 0.596093758882489 0.43645835609640926 0.17656250263098627 0.17656250263098627
0 0.8195312622119673 0.44270835642237216 0.17656250263098627 0.17656250263098627
0 0.23437500349245965 0.6947917029028758 0.14375000214204192 0.13906250207219273
1 0.45234375674044713 0.7864583743503317 0.3671875054715201 0.3203125047730282
2 0.36328125541331246 0.5500000286847353 0.10781250160653144 0.09062500135041773
2 0.5250000078231096 0.038541668676771224 0.0656250009778887 0.05468750081490725
0 0.711718738079071 0.6385416984558105 0.17343750596046448 0.13593749701976776
0 0.7007812857627869 0.8114583492279053 0.17343750596046448 0.13593749701976776
0 0.6031250357627869 0.20625001192092896 0.16875000298023224 0.16875000298023224
0 0.31562501192092896 0.14791667461395264 0.16875000298023224 0.16875000298023224
0 0.15625 0.8447917103767395 0.14374999701976776 0.13906250894069672
0 0.1328125 0.5375000238418579 0.13125000894069672 0.16562500596046448
0 0.5960937738418579 0.4364583492279053 0.17656250298023224 0.17656250298023224
0 0.819531261920929 0.4427083432674408 0.17656250298023224 0.17656250298023224
0 0.234375 0.6947916746139526 0.14374999701976776 0.13906250894069672
1 0.45234376192092896 0.7864583730697632 0.3671875 0.3203125
2 0.36328125 0.550000011920929 0.10781250149011612 0.09062500298023224
2 0.5250000357627869 0.03854166716337204 0.06562500447034836 0.0546875
0 0.711718738079071 0.6385416984558105 0.17343750596046448 0.13593749701976776
0 0.7007812857627869 0.8114583492279053 0.17343750596046448 0.13593749701976776
0 0.6031250357627869 0.20625001192092896 0.16875000298023224 0.16875000298023224
0 0.31562501192092896 0.14791667461395264 0.16875000298023224 0.16875000298023224
0 0.15625 0.8447917103767395 0.14374999701976776 0.13906250894069672
0 0.1328125 0.5375000238418579 0.13125000894069672 0.16562500596046448
0 0.5960937738418579 0.4364583492279053 0.17656250298023224 0.17656250298023224
0 0.819531261920929 0.4427083432674408 0.17656250298023224 0.17656250298023224
0 0.234375 0.6947916746139526 0.14374999701976776 0.13906250894069672
1 0.45234376192092896 0.7864583730697632 0.3671875 0.3203125
2 0.36328125 0.550000011920929 0.10781250149011612 0.09062500298023224
2 0.5250000357627869 0.03854166716337204 0.06562500447034836 0.0546875
0 0.711718738079071 0.6385416984558105 0.17343750596046448 0.13593749701976776
0 0.7007812857627869 0.8114583492279053 0.17343750596046448 0.13593749701976776
0 0.6031250357627869 0.20625001192092896 0.16875000298023224 0.16875000298023224
0 0.31562501192092896 0.14791667461395264 0.16875000298023224 0.16875000298023224
0 0.15625 0.8447917103767395 0.14374999701976776 0.13906250894069672
0 0.1328125 0.5375000238418579 0.13125000894069672 0.16562500596046448
0 0.5960937738418579 0.4364583492279053 0.17656250298023224 0.17656250298023224
0 0.819531261920929 0.4427083432674408 0.17656250298023224 0.17656250298023224
0 0.234375 0.6947916746139526 0.14374999701976776 0.13906250894069672
1 0.45234376192092896 0.7864583730697632 0.3671875 0.3203125
2 0.36328125 0.550000011920929 0.10781250149011612 0.09062500298023224
2 0.5250000357627869 0.03854166716337204 0.06562500447034836 0.0546875
0 0.711718738079071 0.6385416984558105 0.17343750596046448 0.13593749701976776
0 0.7007812857627869 0.8114583492279053 0.17343750596046448 0.13593749701976776
0 0.6031250357627869 0.20625001192092896 0.16875000298023224 0.16875000298023224
0 0.31562501192092896 0.14791667461395264 0.16875000298023224 0.16875000298023224
0 0.15625 0.8447917103767395 0.14374999701976776 0.13906250894069672
0 0.1328125 0.5375000238418579 0.13125000894069672 0.16562500596046448
0 0.5960937738418579 0.4364583492279053 0.17656250298023224 0.17656250298023224
0 0.819531261920929 0.4427083432674408 0.17656250298023224 0.17656250298023224
0 0.234375 0.6947916746139526 0.14374999701976776 0.13906250894069672
1 0.45234376192092896 0.7864583730697632 0.3671875 0.3203125
2 0.36328125 0.550000011920929 0.10781250149011612 0.09062500298023224
2 0.5250000357627869 0.03854166716337204 0.06562500447034836 0.0546875
0 0.711718738079071 0.6385416984558105 0.17343750596046448 0.13593749701976776
0 0.7007812857627869 0.8114583492279053 0.17343750596046448 0.13593749701976776
0 0.6031250357627869 0.20625001192092896 0.16875000298023224 0.16875000298023224
0 0.31562501192092896 0.14791667461395264 0.16875000298023224 0.16875000298023224
0 0.15625 0.8447917103767395 0.14374999701976776 0.13906250894069672
0 0.1328125 0.5375000238418579 0.13125000894069672 0.16562500596046448
0 0.5960937738418579 0.4364583492279053 0.17656250298023224 0.17656250298023224
0 0.819531261920929 0.4427083432674408 0.17656250298023224 0.17656250298023224
0 0.234375 0.6947916746139526 0.14374999701976776 0.13906250894069672
1 0.45234376192092896 0.7864583730697632 0.3671875 0.3203125
2 0.36328125 0.550000011920929 0.10781250149011612 0.09062500298023224
2 0.5250000357627869 0.03854166716337204 0.06562500447034836 0.0546875
0 0.711718738079071 0.6385416984558105 0.17343750596046448 0.13593749701976776
0 0.7007812857627869 0.8114583492279053 0.17343750596046448 0.13593749701976776
0 0.6031250357627869 0.20625001192092896 0.16875000298023224 0.16875000298023224
0 0.31562501192092896 0.14791667461395264 0.16875000298023224 0.16875000298023224
0 0.15625 0.8447917103767395 0.14374999701976776 0.13906250894069672
0 0.1328125 0.5375000238418579 0.13125000894069672 0.16562500596046448
0 0.5960937738418579 0.4364583492279053 0.17656250298023224 0.17656250298023224
0 0.819531261920929 0.4427083432674408 0.17656250298023224 0.17656250298023224
0 0.234375 0.6947916746139526 0.14374999701976776 0.13906250894069672
1 0.45234376192092896 0.7864583730697632 0.3671875 0.3203125
2 0.36328125 0.550000011920929 0.10781250149011612 0.09062500298023224
2 0.5250000357627869 0.03854166716337204 0.06562500447034836 0.0546875
0 0.711718738079071 0.6385416984558105 0.17343750596046448 0.13593749701976776
0 0.7007812857627869 0.8114583492279053 0.17343750596046448 0.13593749701976776
0 0.6031250357627869 0.20625001192092896 0.16875000298023224 0.16875000298023224
0 0.31562501192092896 0.14791667461395264 0.16875000298023224 0.16875000298023224
0 0.15625 0.8447917103767395 0.14374999701976776 0.13906250894069672
0 0.1328125 0.5375000238418579 0.13125000894069672 0.16562500596046448
0 0.5960937738418579 0.4364583492279053 0.17656250298023224 0.17656250298023224
0 0.819531261920929 0.4427083432674408 0.17656250298023224 0.17656250298023224
0 0.234375 0.6947916746139526 0.14374999701976776 0.13906250894069672
1 0.45234376192092896 0.7864583730697632 0.3671875 0.3203125
2 0.36328125 0.550000011920929 0.10781250149011612 0.09062500298023224
2 0.5250000357627869 0.03854166716337204 0.06562500447034836 0.0546875
