0 0.875000013038516 0.19479167682584375 0.17812500265426934 0.17031250253785402
0 0.5875000087544322 0.23020834533963352 0.17812500265426934 0.17031250253785402
0 0.17031250253785402 0.3906250203726813 0.17812500265426934 0.17031250253785402
0 0.2937500043772161 0.7697917068144307 0.17812500265426934 0.17031250253785402
0 0.4031250060070306 0.5052083596820012 0.17812500265426934 0.17031250253785402
0 0.45312500675208867 0.3718750193947926 0.17812500265426934 0.17031250253785402
0 0.278906254156027 0.20625001075677574 0.1578125023515895 0.16875000251457095
0 0.4734375070547685 0.9000000469386578 0.1625000024214387 0.14687500218860805
0 0.800000011920929 0.3895833536516875 0.1625000024214387 0.14687500218860805
0 0.9242187637719326 0.44270835642237216 0.15156250225845724 0.17031250253785402
1 0.6867187602329068 0.6906250360189006 0.38281250570435077 0.3421875050989911
0 0.875000013038516 0.19479167682584375 0.17812500265426934 0.17031250253785402
0 0.5875000087544322 0.23020834533963352 0.17812500265426934 0.17031250253785402
0 0.17031250253785402 0.3906250203726813 0.17812500265426934 0.17031250253785402
0 0.2937500043772161 0.7697917068144307 0.17812500265426934 0.17031250253785402
0 0.4031250060070306 0.5052083596820012 0.17812500265426934 0.17031250253785402
0 0.45312500675208867 0.3718750193947926 0.17812500265426934 0.17031250253785402
0 0.278906254156027 0.20625001075677574 0.1578125023515895 0.16875000251457095
0 0.4734375070547685 0.9000000469386578 0.1625000024214387 0.14687500218860805
0 0.800000011920929 0.3895833536516875 0.1625000024214387 0.14687500218860805
0 0.9242187637719326 0.44270835642237216 0.15156250225845724 0.17031250253785402
1 0.6867187602329068 0.6906250360189006 0.38281250570435077 0.3421875050989911
0 0.875000013038516 0.19479167682584375 0.17812500265426934 0.17031250253785402
0 0.5875000087544322 0.23020834533963352 0.17812500265426934 0.17031250253785402
0 0.17031250253785402 0.3906250203726813 0.17812500265426934 0.17031250253785402
0 0.2937500043772161 0.7697917068144307 0.17812500265426934 0.17031250253785402
0 0.4031250060070306 0.5052083596820012 0.17812500265426934 0.17031250253785402
0 0.45312500675208867 0.3718750193947926 0.17812500265426934 0.17031250253785402
0 0.278906254156027 0.20625001075677574 0.1578125023515895 0.16875000251457095
0 0.4734375070547685 0.9000000469386578 0.1625000024214387 0.14687500218860805
0 0.800000011920929 0.3895833536516875 0.1625000024214387 0.14687500218860805
0 0.9242187637719326 0.44270835642237216 0.15156250225845724 0.17031250253785402
1 0.6867187602329068 0.6906250360189006 0.38281250570435077 0.3421875050989911
0 0.875000013038516 0.19479167682584375 0.17812500265426934 0.17031250253785402
0 0.5875000087544322 0.23020834533963352 0.17812500265426934 0.17031250253785402
0 0.17031250253785402 0.3906250203726813 0.17812500265426934 0.17031250253785402
0 0.2937500043772161 0.7697917068144307 0.17812500265426934 0.17031250253785402
0 0.4031250060070306 0.5052083596820012 0.17812500265426934 0.17031250253785402
0 0.45312500675208867 0.3718750193947926 0.17812500265426934 0.17031250253785402
0 0.278906254156027 0.20625001075677574 0.1578125023515895 0.16875000251457095
0 0.4734375070547685 0.9000000469386578 0.1625000024214387 0.14687500218860805
0 0.800000011920929 0.3895833536516875 0.1625000024214387 0.14687500218860805
0 0.9242187637719326 0.44270835642237216 0.15156250225845724 0.17031250253785402
1 0.6867187602329068 0.6906250360189006 0.38281250570435077 0.3421875050989911
0 0.875000013038516 0.19479167682584375 0.17812500265426934 0.17031250253785402
0 0.5875000087544322 0.23020834533963352 0.17812500265426934 0.17031250253785402
0 0.17031250253785402 0.3906250203726813 0.17812500265426934 0.17031250253785402
0 0.2937500043772161 0.7697917068144307 0.17812500265426934 0.17031250253785402
0 0.4031250060070306 0.5052083596820012 0.17812500265426934 0.17031250253785402
0 0.45312500675208867 0.3718750193947926 0.17812500265426934 0.17031250253785402
0 0.278906254156027 0.20625001075677574 0.1578125023515895 0.16875000251457095
0 0.4734375070547685 0.9000000469386578 0.1625000024214387 0.14687500218860805
0 0.800000011920929 0.3895833536516875 0.1625000024214387 0.14687500218860805
0 0.9242187637719326 0.44270835642237216 0.15156250225845724 0.17031250253785402
1 0.6867187602329068 0.6906250360189006 0.38281250570435077 0.3421875050989911
0 0.875000013038516 0.19479167682584375 0.17812500265426934 0.17031250253785402
0 0.5875000087544322 0.23020834533963352 0.17812500265426934 0.17031250253785402
0 0.17031250253785402 0.3906250203726813 0.17812500265426934 0.17031250253785402
0 0.2937500043772161 0.7697917068144307 0.17812500265426934 0.17031250253785402
0 0.4031250060070306 0.5052083596820012 0.17812500265426934 0.17031250253785402
0 0.45312500675208867 0.3718750193947926 0.17812500265426934 0.17031250253785402
0 0.278906254156027 0.20625001075677574 0.1578125023515895 0.16875000251457095
0 0.4734375070547685 0.9000000469386578 0.1625000024214387 0.14687500218860805
0 0.800000011920929 0.3895833536516875 0.1625000024214387 0.14687500218860805
0 0.9242187637719326 0.44270835642237216 0.15156250225845724 0.17031250253785402
1 0.6867187602329068 0.6906250360189006 0.38281250570435077 0.3421875050989911
0 0.875000013038516 0.19479167682584375 0.17812500265426934 0.17031250253785402
0 0.5875000087544322 0.23020834533963352 0.17812500265426934 0.17031250253785402
0 0.17031250253785402 0.3906250203726813 0.17812500265426934 0.17031250253785402
0 0.2937500043772161 0.7697917068144307 0.17812500265426934 0.17031250253785402
0 0.4031250060070306 0.5052083596820012 0.17812500265426934 0.17031250253785402
0 0.45312500675208867 0.3718750193947926 0.17812500265426934 0.17031250253785402
0 0.278906254156027 0.20625001075677574 0.1578125023515895 0.16875000251457095
0 0.4734375070547685 0.9000000469386578 0.1625000024214387 0.14687500218860805
0 0.800000011920929 0.3895833536516875 0.1625000024214387 0.14687500218860805
0 0.9242187637719326 0.44270835642237216 0.15156250225845724 0.17031250253785402
1 0.6867187602329068 0.6906250360189006 0.38281250570435077 0.3421875050989911
0 0.875000013038516 0.19479167682584375 0.17812500265426934 0.17031250253785402
0 0.5875000087544322 0.23020834533963352 0.17812500265426934 0.17031250253785402
0 0.17031250253785402 0.3906250203726813 0.17812500265426934 0.17031250253785402
0 0.2937500043772161 0.7697917068144307 0.17812500265426934 0.17031250253785402
0 0.4031250060070306 0.5052083596820012 0.17812500265426934 0.17031250253785402
0 0.45312500675208867 0.3718750193947926 0.17812500265426934 0.17031250253785402
0 0.278906254156027 0.20625001075677574 0.1578125023515895 0.16875000251457095
0 0.4734375070547685 0.9000000469386578 0.1625000024214387 0.14687500218860805
0 0.800000011920929 0.3895833536516875 0.1625000024214387 0.14687500218860805
0 0.9242187637719326 0.44270835642237216 0.15156250225845724 0.17031250253785402
1 0.6867187602329068 0.6906250360189006 0.38281250570435077 0.3421875050989911
0 0.875000013038516 0.19479167682584375 0.17812500265426934 0.17031250253785402
0 0.5875000087544322 0.23020834533963352 0.17812500265426934 0.17031250253785402
0 0.17031250253785402 0.3906250203726813 0.17812500265426934 0.17031250253785402
0 0.2937500043772161 0.7697917068144307 0.17812500265426934 0.17031250253785402
0 0.4031250060070306 0.5052083596820012 0.17812500265426934 0.17031250253785402
0 0.45312500675208867 0.3718750193947926 0.17812500265426934 0.17031250253785402
0 0.278906254156027 0.20625001075677574 0.1578125023515895 0.16875000251457095
0 0.4734375070547685 0.9000000469386578 0.1625000024214387 0.14687500218860805
0 0.800000011920929 0.3895833536516875 0.1625000024214387 0.14687500218860805
0 0.9242187637719326 0.44270835642237216 0.15156250225845724 0.17031250253785402
1 0.6867187602329068 0.6906250360189006 0.38281250570435077 0.3421875050989911
0 0.875000013038516 0.19479167682584375 0.17812500265426934 0.17031250253785402
0 0.5875000087544322 0.23020834533963352 0.17812500265426934 0.17031250253785402
0 0.17031250253785402 0.3906250203726813 0.17812500265426934 0.17031250253785402
0 0.2937500043772161 0.7697917068144307 0.17812500265426934 0.17031250253785402
0 0.4031250060070306 0.5052083596820012 0.17812500265426934 0.17031250253785402
0 0.45312500675208867 0.3718750193947926 0.17812500265426934 0.17031250253785402
0 0.278906254156027 0.20625001075677574 0.1578125023515895 0.16875000251457095
0 0.4734375070547685 0.9000000469386578 0.1625000024214387 0.14687500218860805
0 0.800000011920929 0.3895833536516875 0.1625000024214387 0.14687500218860805
0 0.9242187637719326 0.44270835642237216 0.15156250225845724 0.17031250253785402
1 0.6867187602329068 0.6906250360189006 0.38281250570435077 0.3421875050989911
0 0.875000013038516 0.19479167682584375 0.17812500265426934 0.17031250253785402
0 0.5875000087544322 0.23020834533963352 0.17812500265426934 0.17031250253785402
0 0.17031250253785402 0.3906250203726813 0.17812500265426934 0.17031250253785402
0 0.2937500043772161 0.7697917068144307 0.17812500265426934 0.17031250253785402
0 0.4031250060070306 0.5052083596820012 0.17812500265426934 0.17031250253785402
0 0.45312500675208867 0.3718750193947926 0.17812500265426934 0.17031250253785402
0 0.278906254156027 0.20625001075677574 0.1578125023515895 0.16875000251457095
0 0.4734375070547685 0.9000000469386578 0.1625000024214387 0.14687500218860805
0 0.800000011920929 0.3895833536516875 0.1625000024214387 0.14687500218860805
0 0.9242187637719326 0.44270835642237216 0.15156250225845724 0.17031250253785402
1 0.6867187602329068 0.6906250360189006 0.38281250570435077 0.3421875050989911
0 0.875000013038516 0.19479167682584375 0.17812500265426934 0.17031250253785402
0 0.5875000087544322 0.23020834533963352 0.17812500265426934 0.17031250253785402
0 0.17031250253785402 0.3906250203726813 0.17812500265426934 0.17031250253785402
0 0.2937500043772161 0.7697917068144307 0.17812500265426934 0.17031250253785402
0 0.4031250060070306 0.5052083596820012 0.17812500265426934 0.17031250253785402
0 0.45312500675208867 0.3718750193947926 0.17812500265426934 0.17031250253785402
0 0.278906254156027 0.20625001075677574 0.1578125023515895 0.16875000251457095
0 0.4734375070547685 0.9000000469386578 0.1625000024214387 0.14687500218860805
0 0.800000011920929 0.3895833536516875 0.1625000024214387 0.14687500218860805
0 0.9242187637719326 0.44270835642237216 0.15156250225845724 0.17031250253785402
1 0.6867187602329068 0.6906250360189006 0.38281250570435077 0.3421875050989911
0 0.875000013038516 0.19479167682584375 0.17812500265426934 0.17031250253785402
0 0.5875000087544322 0.23020834533963352 0.17812500265426934 0.17031250253785402
0 0.17031250253785402 0.3906250203726813 0.17812500265426934 0.17031250253785402
0 0.2937500043772161 0.7697917068144307 0.17812500265426934 0.17031250253785402
0 0.4031250060070306 0.5052083596820012 0.17812500265426934 0.17031250253785402
0 0.45312500675208867 0.3718750193947926 0.17812500265426934 0.17031250253785402
0 0.278906254156027 0.20625001075677574 0.1578125023515895 0.16875000251457095
0 0.4734375070547685 0.9000000469386578 0.1625000024214387 0.14687500218860805
0 0.800000011920929 0.3895833536516875 0.1625000024214387 0.14687500218860805
0 0.9242187637719326 0.44270835642237216 0.15156250225845724 0.17031250253785402
1 0.6867187602329068 0.6906250360189006 0.38281250570435077 0.3421875050989911
0 0.875000013038516 0.19479167682584375 0.17812500265426934 0.17031250253785402
0 0.5875000087544322 0.23020834533963352 0.17812500265426934 0.17031250253785402
0 0.17031250253785402 0.3906250203726813 0.17812500265426934 0.17031250253785402
0 0.2937500043772161 0.7697917068144307 0.17812500265426934 0.17031250253785402
0 0.4031250060070306 0.5052083596820012 0.17812500265426934 0.17031250253785402
0 0.45312500675208867 0.3718750193947926 0.17812500265426934 0.17031250253785402
0 0.278906254156027 0.20625001075677574 0.1578125023515895 0.16875000251457095
0 0.4734375070547685 0.9000000469386578 0.1625000024214387 0.14687500218860805
0 0.800000011920929 0.3895833536516875 0.1625000024214387 0.14687500218860805
0 0.9242187637719326 0.44270835642237216 0.15156250225845724 0.17031250253785402
1 0.6867187602329068 0.6906250360189006 0.38281250570435077 0.3421875050989911
0 0.875000013038516 0.19479167682584375 0.17812500265426934 0.17031250253785402
0 0.5875000087544322 0.23020834533963352 0.17812500265426934 0.17031250253785402
0 0.17031250253785402 0.3906250203726813 0.17812500265426934 0.17031250253785402
0 0.2937500043772161 0.7697917068144307 0.17812500265426934 0.17031250253785402
0 0.4031250060070306 0.5052083596820012 0.17812500265426934 0.17031250253785402
0 0.45312500675208867 0.3718750193947926 0.17812500265426934 0.17031250253785402
0 0.278906254156027 0.20625001075677574 0.1578125023515895 0.16875000251457095
0 0.4734375070547685 0.9000000469386578 0.1625000024214387 0.14687500218860805
0 0.800000011920929 0.3895833536516875 0.1625000024214387 0.14687500218860805
0 0.9242187637719326 0.44270835642237216 0.15156250225845724 0.17031250253785402
1 0.6867187602329068 0.6906250360189006 0.38281250570435077 0.3421875050989911
0 0.875 0.19479167461395264 0.17812500894069672 0.17031250894069672
0 0.5875000357627869 0.2302083522081375 0.17812500894069672 0.17031250894069672
0 0.17031250894069672 0.3906250298023224 0.17812500894069672 0.17031250894069672
0 0.29375001788139343 0.7697917222976685 0.17812500894069672 0.17031250894069672
0 0.40312501788139343 0.5052083730697632 0.17812500894069672 0.17031250894069672
0 0.453125 0.37187501788139343 0.17812500894069672 0.17031250894069672
0 0.2789062559604645 0.20625001192092896 0.15781250596046448 0.16875000298023224
0 0.47343751788139343 0.9000000357627869 0.16250000894069672 0.14687500894069672
0 0.800000011920929 0.3895833492279053 0.16250000894069672 0.14687500894069672
0 0.9242187738418579 0.4427083432674408 0.15156249701976776 0.17031250894069672
1 0.686718761920929 0.690625011920929 0.3828125 0.3421874940395355
0 0.875 0.19479167461395264 0.17812500894069672 0.17031250894069672
0 0.5875000357627869 0.2302083522081375 0.17812500894069672 0.17031250894069672
0 0.17031250894069672 0.3906250298023224 0.17812500894069672 0.17031250894069672
0 0.29375001788139343 0.7697917222976685 0.17812500894069672 0.17031250894069672
0 0.40312501788139343 0.5052083730697632 0.17812500894069672 0.17031250894069672
0 0.453125 0.37187501788139343 0.17812500894069672 0.17031250894069672
0 0.2789062559604645 0.20625001192092896 0.15781250596046448 0.16875000298023224
0 0.47343751788139343 0.9000000357627869 0.16250000894069672 0.14687500894069672
0 0.800000011920929 0.3895833492279053 0.16250000894069672 0.14687500894069672
0 0.9242187738418579 0.4427083432674408 0.15156249701976776 0.17031250894069672
1 0.686718761920929 0.690625011920929 0.3828125 0.3421874940395355
0 0.875 0.19479167461395264 0.17812500894069672 0.17031250894069672
0 0.5875000357627869 0.2302083522081375 0.17812500894069672 0.17031250894069672
0 0.17031250894069672 0.3906250298023224 0.17812500894069672 0.17031250894069672
0 0.29375001788139343 0.7697917222976685 0.17812500894069672 0.17031250894069672
0 0.40312501788139343 0.5052083730697632 0.17812500894069672 0.17031250894069672
0 0.453125 0.37187501788139343 0.17812500894069672 0.17031250894069672
0 0.2789062559604645 0.20625001192092896 0.15781250596046448 0.16875000298023224
0 0.47343751788139343 0.9000000357627869 0.16250000894069672 0.14687500894069672
0 0.800000011920929 0.3895833492279053 0.16250000894069672 0.14687500894069672
0 0.9242187738418579 0.4427083432674408 0.15156249701976776 0.17031250894069672
1 0.686718761920929 0.690625011920929 0.3828125 0.3421874940395355
0 0.875 0.19479167461395264 0.17812500894069672 0.17031250894069672
0 0.5875000357627869 0.2302083522081375 0.17812500894069672 0.17031250894069672
0 0.17031250894069672 0.3906250298023224 0.17812500894069672 0.17031250894069672
0 0.29375001788139343 0.7697917222976685 0.17812500894069672 0.17031250894069672
0 0.40312501788139343 0.5052083730697632 0.17812500894069672 0.17031250894069672
0 0.453125 0.37187501788139343 0.17812500894069672 0.17031250894069672
0 0.2789062559604645 0.20625001192092896 0.15781250596046448 0.16875000298023224
0 0.47343751788139343 0.9000000357627869 0.16250000894069672 0.14687500894069672
0 0.800000011920929 0.3895833492279053 0.16250000894069672 0.14687500894069672
0 0.9242187738418579 0.4427083432674408 0.15156249701976776 0.17031250894069672
1 0.686718761920929 0.690625011920929 0.3828125 0.3421874940395355
0 0.875 0.19479167461395264 0.17812500894069672 0.17031250894069672
0 0.5875000357627869 0.2302083522081375 0.17812500894069672 0.17031250894069672
0 0.17031250894069672 0.3906250298023224 0.17812500894069672 0.17031250894069672
0 0.29375001788139343 0.7697917222976685 0.17812500894069672 0.17031250894069672
0 0.40312501788139343 0.5052083730697632 0.17812500894069672 0.17031250894069672
0 0.453125 0.37187501788139343 0.17812500894069672 0.17031250894069672
0 0.2789062559604645 0.20625001192092896 0.15781250596046448 0.16875000298023224
0 0.47343751788139343 0.9000000357627869 0.16250000894069672 0.14687500894069672
0 0.800000011920929 0.3895833492279053 0.16250000894069672 0.14687500894069672
0 0.9242187738418579 0.4427083432674408 0.15156249701976776 0.17031250894069672
1 0.686718761920929 0.690625011920929 0.3828125 0.3421874940395355
0 0.875 0.19479167461395264 0.17812500894069672 0.17031250894069672
0 0.5875000357627869 0.2302083522081375 0.17812500894069672 0.17031250894069672
0 0.17031250894069672 0.3906250298023224 0.17812500894069672 0.17031250894069672
0 0.29375001788139343 0.7697917222976685 0.17812500894069672 0.17031250894069672
0 0.40312501788139343 0.5052083730697632 0.17812500894069672 0.17031250894069672
0 0.453125 0.37187501788139343 0.17812500894069672 0.17031250894069672
0 0.2789062559604645 0.20625001192092896 0.15781250596046448 0.16875000298023224
0 0.47343751788139343 0.9000000357627869 0.16250000894069672 0.14687500894069672
0 0.800000011920929 0.3895833492279053 0.16250000894069672 0.14687500894069672
0 0.9242187738418579 0.4427083432674408 0.15156249701976776 0.17031250894069672
1 0.686718761920929 0.690625011920929 0.3828125 0.3421874940395355
0 0.875 0.19479167461395264 0.17812500894069672 0.17031250894069672
0 0.5875000357627869 0.2302083522081375 0.17812500894069672 0.17031250894069672
0 0.17031250894069672 0.3906250298023224 0.17812500894069672 0.17031250894069672
0 0.29375001788139343 0.7697917222976685 0.17812500894069672 0.17031250894069672
0 0.40312501788139343 0.5052083730697632 0.17812500894069672 0.17031250894069672
0 0.453125 0.37187501788139343 0.17812500894069672 0.17031250894069672
0 0.2789062559604645 0.20625001192092896 0.15781250596046448 0.16875000298023224
0 0.47343751788139343 0.9000000357627869 0.16250000894069672 0.14687500894069672
0 0.800000011920929 0.3895833492279053 0.16250000894069672 0.14687500894069672
0 0.9242187738418579 0.4427083432674408 0.15156249701976776 0.17031250894069672
1 0.686718761920929 0.690625011920929 0.3828125 0.3421874940395355
