0 0.3015625044936314 0.3208333500660956 0.15625000232830644 0.1843750027474016
0 0.3421875050989911 0.5187500270549208 0.14375000214204192 0.17187500256113708
0 0.18515625275904313 0.1291666734032333 0.14843750221189111 0.15937500237487257
0 0.7476562611409463 0.1729166756849736 0.14843750221189111 0.15937500237487257
0 0.8398437625146471 0.1729166756849736 0.14843750221189111 0.15937500237487257
0 0.7617187613504939 0.4062500211875886 0.14843750221189111 0.15937500237487257
0 0.8976562633761205 0.44166668970137835 0.14843750221189111 0.15937500237487257
0 0.7351562609546818 0.6250000325962901 0.1671875024912879 0.16875000251457095
0 0.6742187600466423 0.7416667053475976 0.1671875024912879 0.16875000251457095
0 0.1429687521304004 0.5375000280328095 0.14218750211875886 0.15937500237487257
0 0.17109375254949555 0.8604167115408927 0.17343750258442014 0.16562500246800482
0 0.8796875131083652 0.7770833738613874 0.15937500237487257 0.14375000214204192
1 0.49687500740401447 0.2718750141793862 0.3031250045169145 0.29531250440049917
1 0.5726562585332431 0.693750036181882 0.048437500721774995 0.05000000074505806
1 0.08515625126892701 0.3843750200467184 0.05468750081490725 0.05781250086147338
0 0.3015625044936314 0.3208333500660956 0.15625000232830644 0.1843750027474016
0 0.3421875050989911 0.5187500270549208 0.14375000214204192 0.17187500256113708
0 0.18515625275904313 0.1291666734032333 0.14843750221189111 0.15937500237487257
0 0.7476562611409463 0.1729166756849736 0.14843750221189111 0.15937500237487257
0 0.8398437625146471 0.1729166756849736 0.14843750221189111 0.15937500237487257
0 0.7617187613504939 0.4062500211875886 0.14843750221189111 0.15937500237487257
0 0.8976562633761205 0.44166668970137835 0.14843750221189111 0.15937500237487257
0 0.7351562609546818 0.6250000325962901 0.1671875024912879 0.16875000251457095
0 0.6742187600466423 0.7416667053475976 0.1671875024912879 0.16875000251457095
0 0.1429687521304004 0.5375000280328095 0.14218750211875886 0.15937500237487257
0 0.17109375254949555 0.8604167115408927 0.17343750258442014 0.16562500246800482
0 0.8796875131083652 0.7770833738613874 0.15937500237487257 0.14375000214204192
1 0.49687500740401447 0.2718750141793862 0.3031250045169145 0.29531250440049917
1 0.5726562585332431 0.693750036181882 0.048437500721774995 0.05000000074505806
1 0.08515625126892701 0.3843750200467184 0.05468750081490725 0.05781250086147338
0 0.3015625044936314 0.3208333500660956 0.15625000232830644 0.1843750027474016
0 0.3421875050989911 0.5187500270549208 0.14375000214204192 0.17187500256113708
0 0.18515625275904313 0.1291666734032333 0.14843750221189111 0.15937500237487257
0 0.7476562611409463 0.1729166756849736 0.14843750221189111 0.15937500237487257
0 0.8398437625146471 0.1729166756849736 0.14843750221189111 0.15937500237487257
0 0.7617187613504939 0.4062500211875886 0.14843750221189111 0.15937500237487257
0 0.8976562633761205 0.44166668970137835 0.14843750221189111 0.15937500237487257
0 0.7351562609546818 0.6250000325962901 0.1671875024912879 0.16875000251457095
0 0.6742187600466423 0.7416667053475976 0.1671875024912879 0.16875000251457095
0 0.1429687521304004 0.5375000280328095 0.14218750211875886 0.15937500237487257
0 0.17109375254949555 0.8604167115408927 0.17343750258442014 0.16562500246800482
0 0.8796875131083652 0.7770833738613874 0.15937500237487257 0.14375000214204192
1 0.49687500740401447 0.2718750141793862 0.3031250045169145 0.29531250440049917
1 0.5726562585332431 0.693750036181882 0.048437500721774995 0.05000000074505806
1 0.08515625126892701 0.3843750200467184 0.05468750081490725 0.05781250086147338
0 0.3015625044936314 0.3208333500660956 0.15625000232830644 0.1843750027474016
0 0.3421875050989911 0.5187500270549208 0.14375000214204192 0.17187500256113708
0 0.18515625275904313 0.1291666734032333 0.14843750221189111 0.15937500237487257
0 0.7476562611409463 0.1729166756849736 0.14843750221189111 0.15937500237487257
0 0.8398437625146471 0.1729166756849736 0.14843750221189111 0.15937500237487257
0 0.7617187613504939 0.4062500211875886 0.14843750221189111 0.15937500237487257
0 0.8976562633761205 0.44166668970137835 0.14843750221189111 0.15937500237487257
0 0.7351562609546818 0.6250000325962901 0.1671875024912879 0.16875000251457095
0 0.6742187600466423 0.7416667053475976 0.1671875024912879 0.16875000251457095
0 0.1429687521304004 0.5375000280328095 0.14218750211875886 0.15937500237487257
0 0.17109375254949555 0.8604167115408927 0.17343750258442014 0.16562500246800482
0 0.8796875131083652 0.7770833738613874 0.15937500237487257 0.14375000214204192
1 0.49687500740401447 0.2718750141793862 0.3031250045169145 0.29531250440049917
1 0.5726562585332431 0.693750036181882 0.048437500721774995 0.05000000074505806
1 0.08515625126892701 0.3843750200467184 0.05468750081490725 0.05781250086147338
0 0.3015625044936314 0.3208333500660956 0.15625000232830644 0.1843750027474016
0 0.3421875050989911 0.5187500270549208 0.14375000214204192 0.17187500256113708
0 0.18515625275904313 0.1291666734032333 0.14843750221189111 0.15937500237487257
0 0.7476562611409463 0.1729166756849736 0.14843750221189111 0.15937500237487257
0 0.8398437625146471 0.1729166756849736 0.14843750221189111 0.15937500237487257
0 0.7617187613504939 0.4062500211875886 0.14843750221189111 0.15937500237487257
0 0.8976562633761205 0.44166668970137835 0.14843750221189111 0.15937500237487257
0 0.7351562609546818 0.6250000325962901 0.1671875024912879 0.16875000251457095
0 0.6742187600466423 0.7416667053475976 0.1671875024912879 0.16875000251457095
0 0.1429687521304004 0.5375000280328095 0.14218750211875886 0.15937500237487257
0 0.17109375254949555 0.8604167115408927 0.17343750258442014 0.16562500246800482
0 0.8796875131083652 0.7770833738613874 0.15937500237487257 0.14375000214204192
1 0.49687500740401447 0.2718750141793862 0.3031250045169145 0.29531250440049917
1 0.5726562585332431 0.693750036181882 0.048437500721774995 0.05000000074505806
1 0.08515625126892701 0.3843750200467184 0.05468750081490725 0.05781250086147338
0 0.3015625044936314 0.3208333500660956 0.15625000232830644 0.1843750027474016
0 0.3421875050989911 0.5187500270549208 0.14375000214204192 0.17187500256113708
0 0.18515625275904313 0.1291666734032333 0.14843750221189111 0.15937500237487257
0 0.7476562611409463 0.1729166756849736 0.14843750221189111 0.15937500237487257
0 0.8398437625146471 0.1729166756849736 0.14843750221189111 0.15937500237487257
0 0.7617187613504939 0.4062500211875886 0.14843750221189111 0.15937500237487257
0 0.8976562633761205 0.44166668970137835 0.14843750221189111 0.15937500237487257
0 0.7351562609546818 0.6250000325962901 0.1671875024912879 0.16875000251457095
0 0.6742187600466423 0.7416667053475976 0.1671875024912879 0.16875000251457095
0 0.1429687521304004 0.5375000280328095 0.14218750211875886 0.15937500237487257
0 0.17109375254949555 0.8604167115408927 0.17343750258442014 0.16562500246800482
0 0.8796875131083652 0.7770833738613874 0.15937500237487257 0.14375000214204192
1 0.49687500740401447 0.2718750141793862 0.3031250045169145 0.29531250440049917
1 0.5726562585332431 0.693750036181882 0.048437500721774995 0.05000000074505806
1 0.08515625126892701 0.3843750200467184 0.05468750081490725 0.05781250086147338
0 0.3015625044936314 0.3208333500660956 0.15625000232830644 0.1843750027474016
0 0.3421875050989911 0.5187500270549208 0.14375000214204192 0.17187500256113708
0 0.18515625275904313 0.1291666734032333 0.14843750221189111 0.15937500237487257
0 0.7476562611409463 0.1729166756849736 0.14843750221189111 0.15937500237487257
0 0.8398437625146471 0.1729166756849736 0.14843750221189111 0.15937500237487257
0 0.7617187613504939 0.4062500211875886 0.14843750221189111 0.15937500237487257
0 0.8976562633761205 0.44166668970137835 0.14843750221189111 0.15937500237487257
0 0.7351562609546818 0.6250000325962901 0.1671875024912879 0.16875000251457095
0 0.6742187600466423 0.7416667053475976 0.1671875024912879 0.16875000251457095
0 0.1429687521304004 0.5375000280328095 0.14218750211875886 0.15937500237487257
0 0.17109375254949555 0.8604167115408927 0.17343750258442014 0.16562500246800482
0 0.8796875131083652 0.7770833738613874 0.15937500237487257 0.14375000214204192
1 0.49687500740401447 0.2718750141793862 0.3031250045169145 0.29531250440049917
1 0.5726562585332431 0.693750036181882 0.048437500721774995 0.05000000074505806
1 0.08515625126892701 0.3843750200467184 0.05468750081490725 0.05781250086147338
0 0.3015625044936314 0.3208333500660956 0.15625000232830644 0.1843750027474016
0 0.3421875050989911 0.5187500270549208 0.14375000214204192 0.17187500256113708
0 0.18515625275904313 0.1291666734032333 0.14843750221189111 0.15937500237487257
0 0.7476562611409463 0.1729166756849736 0.14843750221189111 0.15937500237487257
0 0.8398437625146471 0.1729166756849736 0.14843750221189111 0.15937500237487257
0 0.7617187613504939 0.4062500211875886 0.14843750221189111 0.15937500237487257
0 0.8976562633761205 0.44166668970137835 0.14843750221189111 0.15937500237487257
0 0.7351562609546818 0.6250000325962901 0.1671875024912879 0.16875000251457095
0 0.6742187600466423 0.7416667053475976 0.1671875024912879 0.16875000251457095
0 0.1429687521304004 0.5375000280328095 0.14218750211875886 0.15937500237487257
0 0.17109375254949555 0.8604167115408927 0.17343750258442014 0.16562500246800482
0 0.8796875131083652 0.7770833738613874 0.15937500237487257 0.14375000214204192
1 0.49687500740401447 0.2718750141793862 0.3031250045169145 0.29531250440049917
1 0.5726562585332431 0.693750036181882 0.048437500721774995 0.05000000074505806
1 0.08515625126892701 0.3843750200467184 0.05468750081490725 0.05781250086147338
0 0.3015625044936314 0.3208333500660956 0.15625000232830644 0.1843750027474016
0 0.3421875050989911 0.5187500270549208 0.14375000214204192 0.17187500256113708
0 0.18515625275904313 0.1291666734032333 0.14843750221189111 0.15937500237487257
0 0.7476562611409463 0.1729166756849736 0.14843750221189111 0.15937500237487257
0 0.8398437625146471 0.1729166756849736 0.14843750221189111 0.15937500237487257
0 0.7617187613504939 0.4062500211875886 0.14843750221189111 0.15937500237487257
0 0.8976562633761205 0.44166668970137835 0.14843750221189111 0.15937500237487257
0 0.7351562609546818 0.6250000325962901 0.1671875024912879 0.16875000251457095
0 0.6742187600466423 0.7416667053475976 0.1671875024912879 0.16875000251457095
0 0.1429687521304004 0.5375000280328095 0.14218750211875886 0.15937500237487257
0 0.17109375254949555 0.8604167115408927 0.17343750258442014 0.16562500246800482
0 0.8796875131083652 0.7770833738613874 0.15937500237487257 0.14375000214204192
1 0.49687500740401447 0.2718750141793862 0.3031250045169145 0.29531250440049917
1 0.5726562585332431 0.693750036181882 0.048437500721774995 0.05000000074505806
1 0.08515625126892701 0.3843750200467184 0.05468750081490725 0.05781250086147338
0 0.3015625044936314 0.3208333500660956 0.15625000232830644 0.1843750027474016
0 0.3421875050989911 0.5187500270549208 0.14375000214204192 0.17187500256113708
0 0.18515625275904313 0.1291666734032333 0.14843750221189111 0.15937500237487257
0 0.7476562611409463 0.1729166756849736 0.14843750221189111 0.15937500237487257
0 0.8398437625146471 0.1729166756849736 0.14843750221189111 0.15937500237487257
0 0.7617187613504939 0.4062500211875886 0.14843750221189111 0.15937500237487257
0 0.8976562633761205 0.44166668970137835 0.14843750221189111 0.15937500237487257
0 0.7351562609546818 0.6250000325962901 0.1671875024912879 0.16875000251457095
0 0.6742187600466423 0.7416667053475976 0.1671875024912879 0.16875000251457095
0 0.1429687521304004 0.5375000280328095 0.14218750211875886 0.15937500237487257
0 0.17109375254949555 0.8604167115408927 0.17343750258442014 0.16562500246800482
0 0.8796875131083652 0.7770833738613874 0.15937500237487257 0.14375000214204192
1 0.49687500740401447 0.2718750141793862 0.3031250045169145 0.29531250440049917
1 0.5726562585332431 0.693750036181882 0.048437500721774995 0.05000000074505806
1 0.08515625126892701 0.3843750200467184 0.05468750081490725 0.05781250086147338
0 0.3015625044936314 0.3208333500660956 0.15625000232830644 0.1843750027474016
0 0.3421875050989911 0.5187500270549208 0.14375000214204192 0.17187500256113708
0 0.18515625275904313 0.1291666734032333 0.14843750221189111 0.15937500237487257
0 0.7476562611409463 0.1729166756849736 0.14843750221189111 0.15937500237487257
0 0.8398437625146471 0.1729166756849736 0.14843750221189111 0.15937500237487257
0 0.7617187613504939 0.4062500211875886 0.14843750221189111 0.15937500237487257
0 0.8976562633761205 0.44166668970137835 0.14843750221189111 0.15937500237487257
0 0.7351562609546818 0.6250000325962901 0.1671875024912879 0.16875000251457095
0 0.6742187600466423 0.7416667053475976 0.1671875024912879 0.16875000251457095
0 0.1429687521304004 0.5375000280328095 0.14218750211875886 0.15937500237487257
0 0.17109375254949555 0.8604167115408927 0.17343750258442014 0.16562500246800482
0 0.8796875131083652 0.7770833738613874 0.15937500237487257 0.14375000214204192
1 0.49687500740401447 0.2718750141793862 0.3031250045169145 0.29531250440049917
1 0.5726562585332431 0.693750036181882 0.048437500721774995 0.05000000074505806
1 0.08515625126892701 0.3843750200467184 0.05468750081490725 0.05781250086147338
0 0.3015625044936314 0.3208333500660956 0.15625000232830644 0.1843750027474016
0 0.3421875050989911 0.5187500270549208 0.14375000214204192 0.17187500256113708
0 0.18515625275904313 0.1291666734032333 0.14843750221189111 0.15937500237487257
0 0.7476562611409463 0.1729166756849736 0.14843750221189111 0.15937500237487257
0 0.8398437625146471 0.1729166756849736 0.14843750221189111 0.15937500237487257
0 0.7617187613504939 0.4062500211875886 0.14843750221189111 0.15937500237487257
0 0.8976562633761205 0.44166668970137835 0.14843750221189111 0.15937500237487257
0 0.7351562609546818 0.6250000325962901 0.1671875024912879 0.16875000251457095
0 0.6742187600466423 0.7416667053475976 0.1671875024912879 0.16875000251457095
0 0.1429687521304004 0.5375000280328095 0.14218750211875886 0.15937500237487257
0 0.17109375254949555 0.8604167115408927 0.17343750258442014 0.16562500246800482
0 0.8796875131083652 0.7770833738613874 0.15937500237487257 0.14375000214204192
1 0.49687500740401447 0.2718750141793862 0.3031250045169145 0.29531250440049917
1 0.5726562585332431 0.693750036181882 0.048437500721774995 0.05000000074505806
1 0.08515625126892701 0.3843750200467184 0.05468750081490725 0.05781250086147338
0 0.3015625044936314 0.3208333500660956 0.15625000232830644 0.1843750027474016
0 0.3421875050989911 0.5187500270549208 0.14375000214204192 0.17187500256113708
0 0.18515625275904313 0.1291666734032333 0.14843750221189111 0.15937500237487257
0 0.7476562611409463 0.1729166756849736 0.14843750221189111 0.15937500237487257
0 0.8398437625146471 0.1729166756849736 0.14843750221189111 0.15937500237487257
0 0.7617187613504939 0.4062500211875886 0.14843750221189111 0.15937500237487257
0 0.8976562633761205 0.44166668970137835 0.14843750221189111 0.15937500237487257
0 0.7351562609546818 0.6250000325962901 0.1671875024912879 0.16875000251457095
0 0.6742187600466423 0.7416667053475976 0.1671875024912879 0.16875000251457095
0 0.1429687521304004 0.5375000280328095 0.14218750211875886 0.15937500237487257
0 0.17109375254949555 0.8604167115408927 0.17343750258442014 0.16562500246800482
0 0.8796875131083652 0.7770833738613874 0.15937500237487257 0.14375000214204192
1 0.49687500740401447 0.2718750141793862 0.3031250045169145 0.29531250440049917
1 0.5726562585332431 0.693750036181882 0.048437500721774995 0.05000000074505806
1 0.08515625126892701 0.3843750200467184 0.05468750081490725 0.05781250086147338
0 0.3015625044936314 0.3208333500660956 0.15625000232830644 0.1843750027474016
0 0.3421875050989911 0.5187500270549208 0.14375000214204192 0.17187500256113708
0 0.18515625275904313 0.1291666734032333 0.14843750221189111 0.15937500237487257
0 0.7476562611409463 0.1729166756849736 0.14843750221189111 0.15937500237487257
0 0.8398437625146471 0.1729166756849736 0.14843750221189111 0.15937500237487257
0 0.7617187613504939 0.4062500211875886 0.14843750221189111 0.15937500237487257
0 0.8976562633761205 0.44166668970137835 0.14843750221189111 0.15937500237487257
0 0.7351562609546818 0.6250000325962901 0.1671875024912879 0.16875000251457095
0 0.6742187600466423 0.7416667053475976 0.1671875024912879 0.16875000251457095
0 0.1429687521304004 0.5375000280328095 0.14218750211875886 0.15937500237487257
0 0.17109375254949555 0.8604167115408927 0.17343750258442014 0.16562500246800482
0 0.8796875131083652 0.7770833738613874 0.15937500237487257 0.14375000214204192
1 0.49687500740401447 0.2718750141793862 0.3031250045169145 0.29531250440049917
2 0.5726562585332431 0.693750036181882 0.048437500721774995 0.05000000074505806
2 0.08515625126892701 0.3843750200467184 0.05468750081490725 0.05781250086147338
0 0.3015625044936314 0.3208333500660956 0.15625000232830644 0.1843750027474016
0 0.3421875050989911 0.5187500270549208 0.14375000214204192 0.17187500256113708
0 0.18515625275904313 0.1291666734032333 0.14843750221189111 0.15937500237487257
0 0.7476562611409463 0.1729166756849736 0.14843750221189111 0.15937500237487257
0 0.8398437625146471 0.1729166756849736 0.14843750221189111 0.15937500237487257
0 0.7617187613504939 0.4062500211875886 0.14843750221189111 0.15937500237487257
0 0.8976562633761205 0.44166668970137835 0.14843750221189111 0.15937500237487257
0 0.7351562609546818 0.6250000325962901 0.1671875024912879 0.16875000251457095
0 0.6742187600466423 0.7416667053475976 0.1671875024912879 0.16875000251457095
0 0.1429687521304004 0.5375000280328095 0.14218750211875886 0.15937500237487257
0 0.17109375254949555 0.8604167115408927 0.17343750258442014 0.16562500246800482
0 0.8796875131083652 0.7770833738613874 0.15937500237487257 0.14375000214204192
1 0.49687500740401447 0.2718750141793862 0.3031250045169145 0.29531250440049917
2 0.5726562585332431 0.693750036181882 0.048437500721774995 0.05000000074505806
2 0.08515625126892701 0.3843750200467184 0.05468750081490725 0.05781250086147338
0 0.30156251788139343 0.32083335518836975 0.15625 0.18437500298023224
0 0.3421874940395355 0.518750011920929 0.14374999701976776 0.171875
0 0.18515625596046448 0.12916667759418488 0.1484375 0.15937499701976776
0 0.7476562857627869 0.17291668057441711 0.1484375 0.15937499701976776
0 0.83984375 0.17291668057441711 0.1484375 0.15937499701976776
0 0.76171875 0.4062500298023224 0.1484375 0.15937499701976776
0 0.897656261920929 0.44166669249534607 0.1484375 0.15937499701976776
0 0.735156238079071 0.6250000596046448 0.16718749701976776 0.16875000298023224
0 0.6742187738418579 0.7416667342185974 0.16718749701976776 0.16875000298023224
0 0.14296875894069672 0.5375000238418579 0.14218750596046448 0.15937499701976776
0 0.17109374701976776 0.8604167103767395 0.17343750596046448 0.16562500596046448
0 0.879687488079071 0.7770833969116211 0.15937499701976776 0.14374999701976776
1 0.49687501788139343 0.2718750238418579 0.3031249940395355 0.2953124940395355
2 0.5726562738418579 0.6937500238418579 0.04843750223517418 0.05000000074505806
2 0.08515625447034836 0.3843750059604645 0.0546875 0.05781250074505806
0 0.30156251788139343 0.32083335518836975 0.15625 0.18437500298023224
0 0.3421874940395355 0.518750011920929 0.14374999701976776 0.171875
0 0.18515625596046448 0.12916667759418488 0.1484375 0.15937499701976776
0 0.7476562857627869 0.17291668057441711 0.1484375 0.15937499701976776
0 0.83984375 0.17291668057441711 0.1484375 0.15937499701976776
0 0.76171875 0.4062500298023224 0.1484375 0.15937499701976776
0 0.897656261920929 0.44166669249534607 0.1484375 0.15937499701976776
0 0.735156238079071 0.6250000596046448 0.16718749701976776 0.16875000298023224
0 0.6742187738418579 0.7416667342185974 0.16718749701976776 0.16875000298023224
0 0.14296875894069672 0.5375000238418579 0.14218750596046448 0.15937499701976776
0 0.17109374701976776 0.8604167103767395 0.17343750596046448 0.16562500596046448
0 0.879687488079071 0.7770833969116211 0.15937499701976776 0.14374999701976776
1 0.49687501788139343 0.2718750238418579 0.3031249940395355 0.2953124940395355
2 0.5726562738418579 0.6937500238418579 0.04843750223517418 0.05000000074505806
2 0.08515625447034836 0.3843750059604645 0.0546875 0.05781250074505806
0 0.30156251788139343 0.32083335518836975 0.15625 0.18437500298023224
0 0.3421874940395355 0.518750011920929 0.14374999701976776 0.171875
0 0.18515625596046448 0.12916667759418488 0.1484375 0.15937499701976776
0 0.7476562857627869 0.17291668057441711 0.1484375 0.15937499701976776
0 0.83984375 0.17291668057441711 0.1484375 0.15937499701976776
0 0.76171875 0.4062500298023224 0.1484375 0.15937499701976776
0 0.897656261920929 0.44166669249534607 0.1484375 0.15937499701976776
0 0.735156238079071 0.6250000596046448 0.16718749701976776 0.16875000298023224
0 0.6742187738418579 0.7416667342185974 0.16718749701976776 0.16875000298023224
0 0.14296875894069672 0.5375000238418579 0.14218750596046448 0.15937499701976776
0 0.17109374701976776 0.8604167103767395 0.17343750596046448 0.16562500596046448
0 0.879687488079071 0.7770833969116211 0.15937499701976776 0.14374999701976776
1 0.49687501788139343 0.2718750238418579 0.3031249940395355 0.2953124940395355
2 0.5726562738418579 0.6937500238418579 0.04843750223517418 0.05000000074505806
2 0.08515625447034836 0.3843750059604645 0.0546875 0.05781250074505806
0 0.30156251788139343 0.32083335518836975 0.15625 0.18437500298023224
0 0.3421874940395355 0.518750011920929 0.14374999701976776 0.171875
0 0.18515625596046448 0.12916667759418488 0.1484375 0.15937499701976776
0 0.7476562857627869 0.17291668057441711 0.1484375 0.15937499701976776
0 0.83984375 0.17291668057441711 0.1484375 0.15937499701976776
0 0.76171875 0.4062500298023224 0.1484375 0.15937499701976776
0 0.897656261920929 0.44166669249534607 0.1484375 0.15937499701976776
0 0.735156238079071 0.6250000596046448 0.16718749701976776 0.16875000298023224
0 0.6742187738418579 0.7416667342185974 0.16718749701976776 0.16875000298023224
0 0.14296875894069672 0.5375000238418579 0.14218750596046448 0.15937499701976776
0 0.17109374701976776 0.8604167103767395 0.17343750596046448 0.16562500596046448
0 0.879687488079071 0.7770833969116211 0.15937499701976776 0.14374999701976776
1 0.49687501788139343 0.2718750238418579 0.3031249940395355 0.2953124940395355
2 0.5726562738418579 0.6937500238418579 0.04843750223517418 0.05000000074505806
2 0.08515625447034836 0.3843750059604645 0.0546875 0.05781250074505806
0 0.30156251788139343 0.32083335518836975 0.15625 0.18437500298023224
0 0.3421874940395355 0.518750011920929 0.14374999701976776 0.171875
0 0.18515625596046448 0.12916667759418488 0.1484375 0.15937499701976776
0 0.7476562857627869 0.17291668057441711 0.1484375 0.15937499701976776
0 0.83984375 0.17291668057441711 0.1484375 0.15937499701976776
0 0.76171875 0.4062500298023224 0.1484375 0.15937499701976776
0 0.897656261920929 0.44166669249534607 0.1484375 0.15937499701976776
0 0.735156238079071 0.6250000596046448 0.16718749701976776 0.16875000298023224
0 0.6742187738418579 0.7416667342185974 0.16718749701976776 0.16875000298023224
0 0.14296875894069672 0.5375000238418579 0.14218750596046448 0.15937499701976776
0 0.17109374701976776 0.8604167103767395 0.17343750596046448 0.16562500596046448
0 0.879687488079071 0.7770833969116211 0.15937499701976776 0.14374999701976776
1 0.49687501788139343 0.2718750238418579 0.3031249940395355 0.2953124940395355
2 0.5726562738418579 0.6937500238418579 0.04843750223517418 0.05000000074505806
2 0.08515625447034836 0.3843750059604645 0.0546875 0.05781250074505806
0 0.30156251788139343 0.32083335518836975 0.15625 0.18437500298023224
0 0.3421874940395355 0.518750011920929 0.14374999701976776 0.171875
0 0.18515625596046448 0.12916667759418488 0.1484375 0.15937499701976776
0 0.7476562857627869 0.17291668057441711 0.1484375 0.15937499701976776
0 0.83984375 0.17291668057441711 0.1484375 0.15937499701976776
0 0.76171875 0.4062500298023224 0.1484375 0.15937499701976776
0 0.897656261920929 0.44166669249534607 0.1484375 0.15937499701976776
0 0.735156238079071 0.6250000596046448 0.16718749701976776 0.16875000298023224
0 0.6742187738418579 0.7416667342185974 0.16718749701976776 0.16875000298023224
0 0.14296875894069672 0.5375000238418579 0.14218750596046448 0.15937499701976776
0 0.17109374701976776 0.8604167103767395 0.17343750596046448 0.16562500596046448
0 0.879687488079071 0.7770833969116211 0.15937499701976776 0.14374999701976776
1 0.49687501788139343 0.2718750238418579 0.3031249940395355 0.2953124940395355
2 0.5726562738418579 0.6937500238418579 0.04843750223517418 0.05000000074505806
2 0.08515625447034836 0.3843750059604645 0.0546875 0.05781250074505806
0 0.30156251788139343 0.32083335518836975 0.15625 0.18437500298023224
0 0.3421874940395355 0.518750011920929 0.14374999701976776 0.171875
0 0.18515625596046448 0.12916667759418488 0.1484375 0.15937499701976776
0 0.7476562857627869 0.17291668057441711 0.1484375 0.15937499701976776
0 0.83984375 0.17291668057441711 0.1484375 0.15937499701976776
0 0.76171875 0.4062500298023224 0.1484375 0.15937499701976776
0 0.897656261920929 0.44166669249534607 0.1484375 0.15937499701976776
0 0.735156238079071 0.6250000596046448 0.16718749701976776 0.16875000298023224
0 0.6742187738418579 0.7416667342185974 0.16718749701976776 0.16875000298023224
0 0.14296875894069672 0.5375000238418579 0.14218750596046448 0.15937499701976776
0 0.17109374701976776 0.8604167103767395 0.17343750596046448 0.16562500596046448
0 0.879687488079071 0.7770833969116211 0.15937499701976776 0.14374999701976776
1 0.49687501788139343 0.2718750238418579 0.3031249940395355 0.2953124940395355
2 0.5726562738418579 0.6937500238418579 0.04843750223517418 0.05000000074505806
2 0.08515625447034836 0.3843750059604645 0.0546875 0.05781250074505806
