0 0.7500000111758709 0.2791666812263429 0.16562500246800482 0.14687500218860805
0 0.7070312605355866 0.4572916905162856 0.1671875024912879 0.1578125023515895
0 0.7554687612573616 0.08229167095851153 0.17031250253785402 0.12031250179279596
0 0.1429687521304004 0.3083333494141698 0.16406250244472176 0.16562500246800482
0 0.534375007962808 0.7947917081182823 0.1843750027474016 0.1671875024912879
0 0.7453125111060217 0.6531250340631232 0.1843750027474016 0.1671875024912879
0 0.05703125084983185 0.4395833562593907 0.11093750165309757 0.13437500200234354
0 0.1312500019557774 0.6875000358559191 0.19375000288709998 0.14687500218860805
1 0.45234375674044713 0.5197916937759146 0.2984375044470653 0.3109375046333298
1 0.825000012293458 0.44062502298038453 0.0875000013038516 0.0703125010477379
0 0.7500000111758709 0.2791666812263429 0.16562500246800482 0.14687500218860805
0 0.7070312605355866 0.4572916905162856 0.1671875024912879 0.1578125023515895
0 0.7554687612573616 0.08229167095851153 0.17031250253785402 0.12031250179279596
0 0.1429687521304004 0.3083333494141698 0.16406250244472176 0.16562500246800482
0 0.534375007962808 0.7947917081182823 0.1843750027474016 0.1671875024912879
0 0.7453125111060217 0.6531250340631232 0.1843750027474016 0.1671875024912879
0 0.05703125084983185 0.4395833562593907 0.11093750165309757 0.13437500200234354
0 0.1312500019557774 0.6875000358559191 0.19375000288709998 0.14687500218860805
1 0.45234375674044713 0.5197916937759146 0.2984375044470653 0.3109375046333298
1 0.825000012293458 0.44062502298038453 0.0875000013038516 0.0703125010477379
0 0.7500000111758709 0.2791666812263429 0.16562500246800482 0.14687500218860805
0 0.7070312605355866 0.4572916905162856 0.1671875024912879 0.1578125023515895
0 0.7554687612573616 0.08229167095851153 0.17031250253785402 0.12031250179279596
0 0.1429687521304004 0.3083333494141698 0.16406250244472176 0.16562500246800482
0 0.534375007962808 0.7947917081182823 0.1843750027474016 0.1671875024912879
0 0.7453125111060217 0.6531250340631232 0.1843750027474016 0.1671875024912879
0 0.05703125084983185 0.4395833562593907 0.11093750165309757 0.13437500200234354
0 0.1312500019557774 0.6875000358559191 0.19375000288709998 0.14687500218860805
1 0.45234375674044713 0.5197916937759146 0.2984375044470653 0.3109375046333298
1 0.825000012293458 0.44062502298038453 0.0875000013038516 0.0703125010477379
0 0.7500000111758709 0.2791666812263429 0.16562500246800482 0.14687500218860805
0 0.7070312605355866 0.4572916905162856 0.1671875024912879 0.1578125023515895
0 0.7554687612573616 0.08229167095851153 0.17031250253785402 0.12031250179279596
0 0.1429687521304004 0.3083333494141698 0.16406250244472176 0.16562500246800482
0 0.534375007962808 0.7947917081182823 0.1843750027474016 0.1671875024912879
0 0.7453125111060217 0.6531250340631232 0.1843750027474016 0.1671875024912879
0 0.05703125084983185 0.4395833562593907 0.11093750165309757 0.13437500200234354
0 0.1312500019557774 0.6875000358559191 0.19375000288709998 0.14687500218860805
1 0.45234375674044713 0.5197916937759146 0.2984375044470653 0.3109375046333298
1 0.825000012293458 0.44062502298038453 0.0875000013038516 0.0703125010477379
0 0.7500000111758709 0.2791666812263429 0.16562500246800482 0.14687500218860805
0 0.7070312605355866 0.4572916905162856 0.1671875024912879 0.1578125023515895
0 0.7554687612573616 0.08229167095851153 0.17031250253785402 0.12031250179279596
0 0.1429687521304004 0.3083333494141698 0.16406250244472176 0.16562500246800482
0 0.534375007962808 0.7947917081182823 0.1843750027474016 0.1671875024912879
0 0.7453125111060217 0.6531250340631232 0.1843750027474016 0.1671875024912879
0 0.05703125084983185 0.4395833562593907 0.11093750165309757 0.13437500200234354
0 0.1312500019557774 0.6875000358559191 0.19375000288709998 0.14687500218860805
1 0.45234375674044713 0.5197916937759146 0.2984375044470653 0.3109375046333298
1 0.825000012293458 0.44062502298038453 0.0875000013038516 0.0703125010477379
0 0.7500000111758709 0.2791666812263429 0.16562500246800482 0.14687500218860805
0 0.7070312605355866 0.4572916905162856 0.1671875024912879 0.1578125023515895
0 0.7554687612573616 0.08229167095851153 0.17031250253785402 0.12031250179279596
0 0.1429687521304004 0.3083333494141698 0.16406250244472176 0.16562500246800482
0 0.534375007962808 0.7947917081182823 0.1843750027474016 0.1671875024912879
0 0.7453125111060217 0.6531250340631232 0.1843750027474016 0.1671875024912879
0 0.05703125084983185 0.4395833562593907 0.11093750165309757 0.13437500200234354
0 0.1312500019557774 0.6875000358559191 0.19375000288709998 0.14687500218860805
1 0.45234375674044713 0.5197916937759146 0.2984375044470653 0.3109375046333298
1 0.825000012293458 0.44062502298038453 0.0875000013038516 0.0703125010477379
0 0.7500000111758709 0.2791666812263429 0.16562500246800482 0.14687500218860805
0 0.7070312605355866 0.4572916905162856 0.1671875024912879 0.1578125023515895
0 0.7554687612573616 0.08229167095851153 0.17031250253785402 0.12031250179279596
0 0.1429687521304004 0.3083333494141698 0.16406250244472176 0.16562500246800482
0 0.534375007962808 0.7947917081182823 0.1843750027474016 0.1671875024912879
0 0.7453125111060217 0.6531250340631232 0.1843750027474016 0.1671875024912879
0 0.05703125084983185 0.4395833562593907 0.11093750165309757 0.13437500200234354
0 0.1312500019557774 0.6875000358559191 0.19375000288709998 0.14687500218860805
1 0.45234375674044713 0.5197916937759146 0.2984375044470653 0.3109375046333298
1 0.825000012293458 0.44062502298038453 0.0875000013038516 0.0703125010477379
0 0.7500000111758709 0.2791666812263429 0.16562500246800482 0.14687500218860805
0 0.7070312605355866 0.4572916905162856 0.1671875024912879 0.1578125023515895
0 0.7554687612573616 0.08229167095851153 0.17031250253785402 0.12031250179279596
0 0.1429687521304004 0.3083333494141698 0.16406250244472176 0.16562500246800482
0 0.534375007962808 0.7947917081182823 0.1843750027474016 0.1671875024912879
0 0.7453125111060217 0.6531250340631232 0.1843750027474016 0.1671875024912879
0 0.05703125084983185 0.4395833562593907 0.11093750165309757 0.13437500200234354
0 0.1312500019557774 0.6875000358559191 0.19375000288709998 0.14687500218860805
1 0.45234375674044713 0.5197916937759146 0.2984375044470653 0.3109375046333298
1 0.825000012293458 0.44062502298038453 0.0875000013038516 0.0703125010477379
0 0.7500000111758709 0.2791666812263429 0.16562500246800482 0.14687500218860805
0 0.7070312605355866 0.4572916905162856 0.1671875024912879 0.1578125023515895
0 0.7554687612573616 0.08229167095851153 0.17031250253785402 0.12031250179279596
0 0.1429687521304004 0.3083333494141698 0.16406250244472176 0.16562500246800482
0 0.534375007962808 0.7947917081182823 0.1843750027474016 0.1671875024912879
0 0.7453125111060217 0.6531250340631232 0.1843750027474016 0.1671875024912879
0 0.05703125084983185 0.4395833562593907 0.11093750165309757 0.13437500200234354
0 0.1312500019557774 0.6875000358559191 0.19375000288709998 0.14687500218860805
1 0.45234375674044713 0.5197916937759146 0.2984375044470653 0.3109375046333298
1 0.825000012293458 0.44062502298038453 0.0875000013038516 0.0703125010477379
0 0.7500000111758709 0.2791666812263429 0.16562500246800482 0.14687500218860805
0 0.7070312605355866 0.4572916905162856 0.1671875024912879 0.1578125023515895
0 0.7554687612573616 0.08229167095851153 0.17031250253785402 0.12031250179279596
0 0.1429687521304004 0.3083333494141698 0.16406250244472176 0.16562500246800482
0 0.534375007962808 0.7947917081182823 0.1843750027474016 0.1671875024912879
0 0.7453125111060217 0.6531250340631232 0.1843750027474016 0.1671875024912879
0 0.05703125084983185 0.4395833562593907 0.11093750165309757 0.13437500200234354
0 0.1312500019557774 0.6875000358559191 0.19375000288709998 0.14687500218860805
1 0.45234375674044713 0.5197916937759146 0.2984375044470653 0.3109375046333298
1 0.825000012293458 0.44062502298038453 0.0875000013038516 0.0703125010477379
0 0.7500000111758709 0.2791666812263429 0.16562500246800482 0.14687500218860805
0 0.7070312605355866 0.4572916905162856 0.1671875024912879 0.1578125023515895
0 0.7554687612573616 0.08229167095851153 0.17031250253785402 0.12031250179279596
0 0.1429687521304004 0.3083333494141698 0.16406250244472176 0.16562500246800482
0 0.534375007962808 0.7947917081182823 0.1843750027474016 0.1671875024912879
0 0.7453125111060217 0.6531250340631232 0.1843750027474016 0.1671875024912879
0 0.05703125084983185 0.4395833562593907 0.11093750165309757 0.13437500200234354
0 0.1312500019557774 0.6875000358559191 0.19375000288709998 0.14687500218860805
1 0.45234375674044713 0.5197916937759146 0.2984375044470653 0.3109375046333298
1 0.825000012293458 0.44062502298038453 0.0875000013038516 0.0703125010477379
0 0.7500000111758709 0.2791666812263429 0.16562500246800482 0.14687500218860805
0 0.7070312605355866 0.4572916905162856 0.1671875024912879 0.1578125023515895
0 0.7554687612573616 0.08229167095851153 0.17031250253785402 0.12031250179279596
0 0.1429687521304004 0.3083333494141698 0.16406250244472176 0.16562500246800482
0 0.534375007962808 0.7947917081182823 0.1843750027474016 0.1671875024912879
0 0.7453125111060217 0.6531250340631232 0.1843750027474016 0.1671875024912879
0 0.05703125084983185 0.4395833562593907 0.11093750165309757 0.13437500200234354
0 0.1312500019557774 0.6875000358559191 0.19375000288709998 0.14687500218860805
1 0.45234375674044713 0.5197916937759146 0.2984375044470653 0.3109375046333298
1 0.825000012293458 0.44062502298038453 0.0875000013038516 0.0703125010477379
0 0.7500000111758709 0.2791666812263429 0.16562500246800482 0.14687500218860805
0 0.7070312605355866 0.4572916905162856 0.1671875024912879 0.1578125023515895
0 0.7554687612573616 0.08229167095851153 0.17031250253785402 0.12031250179279596
0 0.1429687521304004 0.3083333494141698 0.16406250244472176 0.16562500246800482
0 0.534375007962808 0.7947917081182823 0.1843750027474016 0.1671875024912879
0 0.7453125111060217 0.6531250340631232 0.1843750027474016 0.1671875024912879
0 0.05703125084983185 0.4395833562593907 0.11093750165309757 0.13437500200234354
0 0.1312500019557774 0.6875000358559191 0.19375000288709998 0.14687500218860805
1 0.45234375674044713 0.5197916937759146 0.2984375044470653 0.3109375046333298
1 0.825000012293458 0.44062502298038453 0.0875000013038516 0.0703125010477379
0 0.7500000111758709 0.2791666812263429 0.16562500246800482 0.14687500218860805
0 0.7070312605355866 0.4572916905162856 0.1671875024912879 0.1578125023515895
0 0.7554687612573616 0.08229167095851153 0.17031250253785402 0.12031250179279596
0 0.1429687521304004 0.3083333494141698 0.16406250244472176 0.16562500246800482
0 0.534375007962808 0.7947917081182823 0.1843750027474016 0.1671875024912879
0 0.7453125111060217 0.6531250340631232 0.1843750027474016 0.1671875024912879
0 0.05703125084983185 0.4395833562593907 0.11093750165309757 0.13437500200234354
0 0.1312500019557774 0.6875000358559191 0.19375000288709998 0.14687500218860805
1 0.45234375674044713 0.5197916937759146 0.2984375044470653 0.3109375046333298
2 0.825000012293458 0.44062502298038453 0.0875000013038516 0.0703125010477379
0 0.7500000111758709 0.2791666812263429 0.16562500246800482 0.14687500218860805
0 0.7070312605355866 0.4572916905162856 0.1671875024912879 0.1578125023515895
0 0.7554687612573616 0.08229167095851153 0.17031250253785402 0.12031250179279596
0 0.1429687521304004 0.3083333494141698 0.16406250244472176 0.16562500246800482
0 0.534375007962808 0.7947917081182823 0.1843750027474016 0.1671875024912879
0 0.7453125111060217 0.6531250340631232 0.1843750027474016 0.1671875024912879
0 0.05703125084983185 0.4395833562593907 0.11093750165309757 0.13437500200234354
0 0.1312500019557774 0.6875000358559191 0.19375000288709998 0.14687500218860805
1 0.45234375674044713 0.5197916937759146 0.2984375044470653 0.3109375046333298
2 0.825000012293458 0.44062502298038453 0.0875000013038516 0.0703125010477379
0 0.75 0.27916666865348816 0.16562500596046448 0.14687500894069672
0 0.70703125 0.45729169249534607 0.16718749701976776 0.15781250596046448
0 0.7554687857627869 0.08229167014360428 0.17031250894069672 0.12031250447034836
0 0.14296875894069672 0.3083333373069763 0.1640625 0.16562500596046448
0 0.534375011920929 0.7947916984558105 0.18437500298023224 0.16718749701976776
0 0.745312511920929 0.6531250476837158 0.18437500298023224 0.16718749701976776
0 0.05703125149011612 0.43958336114883423 0.11093749850988388 0.13437500596046448
0 0.13125000894069672 0.6875000596046448 0.19375000894069672 0.14687500894069672
1 0.45234376192092896 0.5197917222976685 0.2984375059604645 0.3109374940395355
2 0.824999988079071 0.44062501192092896 0.08749999850988388 0.0703125
0 0.75 0.27916666865348816 0.16562500596046448 0.14687500894069672
0 0.70703125 0.45729169249534607 0.16718749701976776 0.15781250596046448
0 0.7554687857627869 0.08229167014360428 0.17031250894069672 0.12031250447034836
0 0.14296875894069672 0.3083333373069763 0.1640625 0.16562500596046448
0 0.534375011920929 0.7947916984558105 0.18437500298023224 0.16718749701976776
0 0.745312511920929 0.6531250476837158 0.18437500298023224 0.16718749701976776
0 0.05703125149011612 0.43958336114883423 0.11093749850988388 0.13437500596046448
0 0.13125000894069672 0.6875000596046448 0.19375000894069672 0.14687500894069672
1 0.45234376192092896 0.5197917222976685 0.2984375059604645 0.3109374940395355
2 0.824999988079071 0.44062501192092896 0.08749999850988388 0.0703125
0 0.75 0.27916666865348816 0.16562500596046448 0.14687500894069672
0 0.70703125 0.45729169249534607 0.16718749701976776 0.15781250596046448
0 0.7554687857627869 0.08229167014360428 0.17031250894069672 0.12031250447034836
0 0.14296875894069672 0.3083333373069763 0.1640625 0.16562500596046448
0 0.534375011920929 0.7947916984558105 0.18437500298023224 0.16718749701976776
0 0.745312511920929 0.6531250476837158 0.18437500298023224 0.16718749701976776
0 0.05703125149011612 0.43958336114883423 0.11093749850988388 0.13437500596046448
0 0.13125000894069672 0.6875000596046448 0.19375000894069672 0.14687500894069672
1 0.45234376192092896 0.5197917222976685 0.2984375059604645 0.3109374940395355
2 0.824999988079071 0.44062501192092896 0.08749999850988388 0.0703125
0 0.75 0.27916666865348816 0.16562500596046448 0.14687500894069672
0 0.70703125 0.45729169249534607 0.16718749701976776 0.15781250596046448
0 0.7554687857627869 0.08229167014360428 0.17031250894069672 0.12031250447034836
0 0.14296875894069672 0.3083333373069763 0.1640625 0.16562500596046448
0 0.534375011920929 0.7947916984558105 0.18437500298023224 0.16718749701976776
0 0.745312511920929 0.6531250476837158 0.18437500298023224 0.16718749701976776
0 0.05703125149011612 0.43958336114883423 0.11093749850988388 0.13437500596046448
0 0.13125000894069672 0.6875000596046448 0.19375000894069672 0.14687500894069672
1 0.45234376192092896 0.5197917222976685 0.2984375059604645 0.3109374940395355
2 0.824999988079071 0.44062501192092896 0.08749999850988388 0.0703125
0 0.75 0.27916666865348816 0.16562500596046448 0.14687500894069672
0 0.70703125 0.45729169249534607 0.16718749701976776 0.15781250596046448
0 0.7554687857627869 0.08229167014360428 0.17031250894069672 0.12031250447034836
0 0.14296875894069672 0.3083333373069763 0.1640625 0.16562500596046448
0 0.534375011920929 0.7947916984558105 0.18437500298023224 0.16718749701976776
0 0.745312511920929 0.6531250476837158 0.18437500298023224 0.16718749701976776
0 0.05703125149011612 0.43958336114883423 0.11093749850988388 0.13437500596046448
0 0.13125000894069672 0.6875000596046448 0.19375000894069672 0.14687500894069672
1 0.45234376192092896 0.5197917222976685 0.2984375059604645 0.3109374940395355
2 0.824999988079071 0.44062501192092896 0.08749999850988388 0.0703125
0 0.75 0.27916666865348816 0.16562500596046448 0.14687500894069672
0 0.70703125 0.45729169249534607 0.16718749701976776 0.15781250596046448
0 0.7554687857627869 0.08229167014360428 0.17031250894069672 0.12031250447034836
0 0.14296875894069672 0.3083333373069763 0.1640625 0.16562500596046448
0 0.534375011920929 0.7947916984558105 0.18437500298023224 0.16718749701976776
0 0.745312511920929 0.6531250476837158 0.18437500298023224 0.16718749701976776
0 0.05703125149011612 0.43958336114883423 0.11093749850988388 0.13437500596046448
0 0.13125000894069672 0.6875000596046448 0.19375000894069672 0.14687500894069672
1 0.45234376192092896 0.5197917222976685 0.2984375059604645 0.3109374940395355
2 0.824999988079071 0.44062501192092896 0.08749999850988388 0.0703125
0 0.75 0.27916666865348816 0.16562500596046448 0.14687500894069672
0 0.70703125 0.45729169249534607 0.16718749701976776 0.15781250596046448
0 0.7554687857627869 0.08229167014360428 0.17031250894069672 0.12031250447034836
0 0.14296875894069672 0.3083333373069763 0.1640625 0.16562500596046448
0 0.534375011920929 0.7947916984558105 0.18437500298023224 0.16718749701976776
0 0.745312511920929 0.6531250476837158 0.18437500298023224 0.16718749701976776
0 0.05703125149011612 0.43958336114883423 0.11093749850988388 0.13437500596046448
0 0.13125000894069672 0.6875000596046448 0.19375000894069672 0.14687500894069672
1 0.45234376192092896 0.5197917222976685 0.2984375059604645 0.3109374940395355
2 0.824999988079071 0.44062501192092896 0.08749999850988388 0.0703125
