0 0.8460937626077794 0.5322916944278404 0.2109375031432137 0.1671875024912879
0 0.6226562592783011 0.6052083648974076 0.13281250197906047 0.13281250197906047
0 0.692968760326039 0.8041667086072266 0.1578125023515895 0.13437500200234354
0 0.4421875065891072 0.4062500211875886 0.15937500237487257 0.1406250020954758
0 0.7296875108731911 0.09479167161043733 0.15937500237487257 0.13906250207219273
0 0.3984375059371814 0.18750000977888703 0.15937500237487257 0.1406250020954758
0 0.4203125062631443 0.7520833725575358 0.15937500237487257 0.1406250020954758
0 0.8742187630268745 0.7364583717426285 0.16406250244472176 0.14218750211875886
0 0.8625000128522515 0.9229167148005217 0.15937500237487257 0.11562500172294676
0 0.06718750100117177 0.5583333624526858 0.1312500019557774 0.12500000186264515
1 0.15625000232830644 0.38750002020969987 0.22500000335276127 0.17812500265426934
0 0.8460937626077794 0.5322916944278404 0.2109375031432137 0.1671875024912879
0 0.6226562592783011 0.6052083648974076 0.13281250197906047 0.13281250197906047
0 0.692968760326039 0.8041667086072266 0.1578125023515895 0.13437500200234354
0 0.4421875065891072 0.4062500211875886 0.15937500237487257 0.1406250020954758
0 0.7296875108731911 0.09479167161043733 0.15937500237487257 0.13906250207219273
0 0.3984375059371814 0.18750000977888703 0.15937500237487257 0.1406250020954758
0 0.4203125062631443 0.7520833725575358 0.15937500237487257 0.1406250020954758
0 0.8742187630268745 0.7364583717426285 0.16406250244472176 0.14218750211875886
0 0.8625000128522515 0.9229167148005217 0.15937500237487257 0.11562500172294676
0 0.06718750100117177 0.5583333624526858 0.1312500019557774 0.12500000186264515
1 0.15625000232830644 0.38750002020969987 0.22500000335276127 0.17812500265426934
0 0.8460937626077794 0.5322916944278404 0.2109375031432137 0.1671875024912879
0 0.6226562592783011 0.6052083648974076 0.13281250197906047 0.13281250197906047
0 0.692968760326039 0.8041667086072266 0.1578125023515895 0.13437500200234354
0 0.4421875065891072 0.4062500211875886 0.15937500237487257 0.1406250020954758
0 0.7296875108731911 0.09479167161043733 0.15937500237487257 0.13906250207219273
0 0.3984375059371814 0.18750000977888703 0.15937500237487257 0.1406250020954758
0 0.4203125062631443 0.7520833725575358 0.15937500237487257 0.1406250020954758
0 0.8742187630268745 0.7364583717426285 0.16406250244472176 0.14218750211875886
0 0.8625000128522515 0.9229167148005217 0.15937500237487257 0.11562500172294676
0 0.06718750100117177 0.5583333624526858 0.1312500019557774 0.12500000186264515
1 0.15625000232830644 0.38750002020969987 0.22500000335276127 0.17812500265426934
0 0.8460937626077794 0.5322916944278404 0.2109375031432137 0.1671875024912879
0 0.6226562592783011 0.6052083648974076 0.13281250197906047 0.13281250197906047
0 0.692968760326039 0.8041667086072266 0.1578125023515895 0.13437500200234354
0 0.4421875065891072 0.4062500211875886 0.15937500237487257 0.1406250020954758
0 0.7296875108731911 0.09479167161043733 0.15937500237487257 0.13906250207219273
0 0.3984375059371814 0.18750000977888703 0.15937500237487257 0.1406250020954758
0 0.4203125062631443 0.7520833725575358 0.15937500237487257 0.1406250020954758
0 0.8742187630268745 0.7364583717426285 0.16406250244472176 0.14218750211875886
0 0.8625000128522515 0.9229167148005217 0.15937500237487257 0.11562500172294676
0 0.06718750100117177 0.5583333624526858 0.1312500019557774 0.12500000186264515
1 0.15625000232830644 0.38750002020969987 0.22500000335276127 0.17812500265426934
0 0.8460937626077794 0.5322916944278404 0.2109375031432137 0.1671875024912879
0 0.6226562592783011 0.6052083648974076 0.13281250197906047 0.13281250197906047
0 0.692968760326039 0.8041667086072266 0.1578125023515895 0.13437500200234354
0 0.4421875065891072 0.4062500211875886 0.15937500237487257 0.1406250020954758
0 0.7296875108731911 0.09479167161043733 0.15937500237487257 0.13906250207219273
0 0.3984375059371814 0.18750000977888703 0.15937500237487257 0.1406250020954758
0 0.4203125062631443 0.7520833725575358 0.15937500237487257 0.1406250020954758
0 0.8742187630268745 0.7364583717426285 0.16406250244472176 0.14218750211875886
0 0.8625000128522515 0.9229167148005217 0.15937500237487257 0.11562500172294676
0 0.06718750100117177 0.5583333624526858 0.1312500019557774 0.12500000186264515
1 0.15625000232830644 0.38750002020969987 0.22500000335276127 0.17812500265426934
0 0.8460937626077794 0.5322916944278404 0.2109375031432137 0.1671875024912879
0 0.6226562592783011 0.6052083648974076 0.13281250197906047 0.13281250197906047
0 0.692968760326039 0.8041667086072266 0.1578125023515895 0.13437500200234354
0 0.4421875065891072 0.4062500211875886 0.15937500237487257 0.1406250020954758
0 0.7296875108731911 0.09479167161043733 0.15937500237487257 0.13906250207219273
0 0.3984375059371814 0.18750000977888703 0.15937500237487257 0.1406250020954758
0 0.4203125062631443 0.7520833725575358 0.15937500237487257 0.1406250020954758
0 0.8742187630268745 0.7364583717426285 0.16406250244472176 0.14218750211875886
0 0.8625000128522515 0.9229167148005217 0.15937500237487257 0.11562500172294676
0 0.06718750100117177 0.5583333624526858 0.1312500019557774 0.12500000186264515
1 0.15625000232830644 0.38750002020969987 0.22500000335276127 0.17812500265426934
0 0.8460937626077794 0.5322916944278404 0.2109375031432137 0.1671875024912879
0 0.6226562592783011 0.6052083648974076 0.13281250197906047 0.13281250197906047
0 0.692968760326039 0.8041667086072266 0.1578125023515895 0.13437500200234354
0 0.4421875065891072 0.4062500211875886 0.15937500237487257 0.1406250020954758
0 0.7296875108731911 0.09479167161043733 0.15937500237487257 0.13906250207219273
0 0.3984375059371814 0.18750000977888703 0.15937500237487257 0.1406250020954758
0 0.4203125062631443 0.7520833725575358 0.15937500237487257 0.1406250020954758
0 0.8742187630268745 0.7364583717426285 0.16406250244472176 0.14218750211875886
0 0.8625000128522515 0.9229167148005217 0.15937500237487257 0.11562500172294676
0 0.06718750100117177 0.5583333624526858 0.1312500019557774 0.12500000186264515
1 0.15625000232830644 0.38750002020969987 0.22500000335276127 0.17812500265426934
0 0.8460937626077794 0.5322916944278404 0.2109375031432137 0.1671875024912879
0 0.6226562592783011 0.6052083648974076 0.13281250197906047 0.13281250197906047
0 0.692968760326039 0.8041667086072266 0.1578125023515895 0.13437500200234354
0 0.4421875065891072 0.4062500211875886 0.15937500237487257 0.1406250020954758
0 0.7296875108731911 0.09479167161043733 0.15937500237487257 0.13906250207219273
0 0.3984375059371814 0.18750000977888703 0.15937500237487257 0.1406250020954758
0 0.4203125062631443 0.7520833725575358 0.15937500237487257 0.1406250020954758
0 0.8742187630268745 0.7364583717426285 0.16406250244472176 0.14218750211875886
0 0.8625000128522515 0.9229167148005217 0.15937500237487257 0.11562500172294676
0 0.06718750100117177 0.5583333624526858 0.1312500019557774 0.12500000186264515
1 0.15625000232830644 0.38750002020969987 0.22500000335276127 0.17812500265426934
0 0.8460937626077794 0.5322916944278404 0.2109375031432137 0.1671875024912879
0 0.6226562592783011 0.6052083648974076 0.13281250197906047 0.13281250197906047
0 0.692968760326039 0.8041667086072266 0.1578125023515895 0.13437500200234354
0 0.4421875065891072 0.4062500211875886 0.15937500237487257 0.1406250020954758
0 0.7296875108731911 0.09479167161043733 0.15937500237487257 0.13906250207219273
0 0.3984375059371814 0.18750000977888703 0.15937500237487257 0.1406250020954758
0 0.4203125062631443 0.7520833725575358 0.15937500237487257 0.1406250020954758
0 0.8742187630268745 0.7364583717426285 0.16406250244472176 0.14218750211875886
0 0.8625000128522515 0.9229167148005217 0.15937500237487257 0.11562500172294676
0 0.06718750100117177 0.5583333624526858 0.1312500019557774 0.12500000186264515
1 0.15625000232830644 0.38750002020969987 0.22500000335276127 0.17812500265426934
0 0.8460937626077794 0.5322916944278404 0.2109375031432137 0.1671875024912879
0 0.6226562592783011 0.6052083648974076 0.13281250197906047 0.13281250197906047
0 0.692968760326039 0.8041667086072266 0.1578125023515895 0.13437500200234354
0 0.4421875065891072 0.4062500211875886 0.15937500237487257 0.1406250020954758
0 0.7296875108731911 0.09479167161043733 0.15937500237487257 0.13906250207219273
0 0.3984375059371814 0.18750000977888703 0.15937500237487257 0.1406250020954758
0 0.4203125062631443 0.7520833725575358 0.15937500237487257 0.1406250020954758
0 0.8742187630268745 0.7364583717426285 0.16406250244472176 0.14218750211875886
0 0.8625000128522515 0.9229167148005217 0.15937500237487257 0.11562500172294676
0 0.06718750100117177 0.5583333624526858 0.1312500019557774 0.12500000186264515
1 0.15625000232830644 0.38750002020969987 0.22500000335276127 0.17812500265426934
0 0.8460937626077794 0.5322916944278404 0.2109375031432137 0.1671875024912879
0 0.6226562592783011 0.6052083648974076 0.13281250197906047 0.13281250197906047
0 0.692968760326039 0.8041667086072266 0.1578125023515895 0.13437500200234354
0 0.4421875065891072 0.4062500211875886 0.15937500237487257 0.1406250020954758
0 0.7296875108731911 0.09479167161043733 0.15937500237487257 0.13906250207219273
0 0.3984375059371814 0.18750000977888703 0.15937500237487257 0.1406250020954758
0 0.4203125062631443 0.7520833725575358 0.15937500237487257 0.1406250020954758
0 0.8742187630268745 0.7364583717426285 0.16406250244472176 0.14218750211875886
0 0.8625000128522515 0.9229167148005217 0.15937500237487257 0.11562500172294676
0 0.06718750100117177 0.5583333624526858 0.1312500019557774 0.12500000186264515
1 0.15625000232830644 0.38750002020969987 0.22500000335276127 0.17812500265426934
0 0.8460937626077794 0.5322916944278404 0.2109375031432137 0.1671875024912879
0 0.6226562592783011 0.6052083648974076 0.13281250197906047 0.13281250197906047
0 0.692968760326039 0.8041667086072266 0.1578125023515895 0.13437500200234354
0 0.4421875065891072 0.4062500211875886 0.15937500237487257 0.1406250020954758
0 0.7296875108731911 0.09479167161043733 0.15937500237487257 0.13906250207219273
0 0.3984375059371814 0.18750000977888703 0.15937500237487257 0.1406250020954758
0 0.4203125062631443 0.7520833725575358 0.15937500237487257 0.1406250020954758
0 0.8742187630268745 0.7364583717426285 0.16406250244472176 0.14218750211875886
0 0.8625000128522515 0.9229167148005217 0.15937500237487257 0.11562500172294676
0 0.06718750100117177 0.5583333624526858 0.1312500019557774 0.12500000186264515
1 0.15625000232830644 0.38750002020969987 0.22500000335276127 0.17812500265426934
0 0.8460937626077794 0.5322916944278404 0.2109375031432137 0.1671875024912879
0 0.6226562592783011 0.6052083648974076 0.13281250197906047 0.13281250197906047
0 0.692968760326039 0.8041667086072266 0.1578125023515895 0.13437500200234354
0 0.4421875065891072 0.4062500211875886 0.15937500237487257 0.1406250020954758
0 0.7296875108731911 0.09479167161043733 0.15937500237487257 0.13906250207219273
0 0.3984375059371814 0.18750000977888703 0.15937500237487257 0.1406250020954758
0 0.4203125062631443 0.7520833725575358 0.15937500237487257 0.1406250020954758
0 0.8742187630268745 0.7364583717426285 0.16406250244472176 0.14218750211875886
0 0.8625000128522515 0.9229167148005217 0.15937500237487257 0.11562500172294676
0 0.06718750100117177 0.5583333624526858 0.1312500019557774 0.12500000186264515
1 0.15625000232830644 0.38750002020969987 0.22500000335276127 0.17812500265426934
0 0.8460937626077794 0.5322916944278404 0.2109375031432137 0.1671875024912879
0 0.6226562592783011 0.6052083648974076 0.13281250197906047 0.13281250197906047
0 0.692968760326039 0.8041667086072266 0.1578125023515895 0.13437500200234354
0 0.4421875065891072 0.4062500211875886 0.15937500237487257 0.1406250020954758
0 0.7296875108731911 0.09479167161043733 0.15937500237487257 0.13906250207219273
0 0.3984375059371814 0.18750000977888703 0.15937500237487257 0.1406250020954758
0 0.4203125062631443 0.7520833725575358 0.15937500237487257 0.1406250020954758
0 0.8742187630268745 0.7364583717426285 0.16406250244472176 0.14218750211875886
0 0.8625000128522515 0.9229167148005217 0.15937500237487257 0.11562500172294676
0 0.06718750100117177 0.5583333624526858 0.1312500019557774 0.12500000186264515
1 0.15625000232830644 0.38750002020969987 0.22500000335276127 0.17812500265426934
0 0.8460937626077794 0.5322916944278404 0.2109375031432137 0.1671875024912879
0 0.6226562592783011 0.6052083648974076 0.13281250197906047 0.13281250197906047
0 0.692968760326039 0.8041667086072266 0.1578125023515895 0.13437500200234354
0 0.4421875065891072 0.4062500211875886 0.15937500237487257 0.1406250020954758
0 0.7296875108731911 0.09479167161043733 0.15937500237487257 0.13906250207219273
0 0.3984375059371814 0.18750000977888703 0.15937500237487257 0.1406250020954758
0 0.4203125062631443 0.7520833725575358 0.15937500237487257 0.1406250020954758
0 0.8742187630268745 0.7364583717426285 0.16406250244472176 0.14218750211875886
0 0.8625000128522515 0.9229167148005217 0.15937500237487257 0.11562500172294676
0 0.06718750100117177 0.5583333624526858 0.1312500019557774 0.12500000186264515
1 0.15625000232830644 0.38750002020969987 0.22500000335276127 0.17812500265426934
0 0.8460937738418579 0.5322917103767395 0.2109375 0.16718749701976776
0 0.6226562857627869 0.6052083373069763 0.1328125 0.1328125
0 0.6929687857627869 0.8041667342185974 0.15781250596046448 0.13437500596046448
0 0.44218751788139343 0.4062500298023224 0.15937499701976776 0.140625
0 0.729687511920929 0.09479167312383652 0.15937499701976776 0.13906250894069672
0 0.3984375 0.1875000149011612 0.15937499701976776 0.140625
0 0.4203124940395355 0.7520833611488342 0.15937499701976776 0.140625
0 0.874218761920929 0.7364583611488342 0.1640625 0.14218750596046448
0 0.862500011920929 0.9229167103767395 0.15937499701976776 0.11562500149011612
0 0.06718750298023224 0.5583333373069763 0.13125000894069672 0.125
1 0.15625 0.38750001788139343 0.22500000894069672 0.17812500894069672
0 0.8460937738418579 0.5322917103767395 0.2109375 0.16718749701976776
0 0.6226562857627869 0.6052083373069763 0.1328125 0.1328125
0 0.6929687857627869 0.8041667342185974 0.15781250596046448 0.13437500596046448
0 0.44218751788139343 0.4062500298023224 0.15937499701976776 0.140625
0 0.729687511920929 0.09479167312383652 0.15937499701976776 0.13906250894069672
0 0.3984375 0.1875000149011612 0.15937499701976776 0.140625
0 0.4203124940395355 0.7520833611488342 0.15937499701976776 0.140625
0 0.874218761920929 0.7364583611488342 0.1640625 0.14218750596046448
0 0.862500011920929 0.9229167103767395 0.15937499701976776 0.11562500149011612
0 0.06718750298023224 0.5583333373069763 0.13125000894069672 0.125
1 0.15625 0.38750001788139343 0.22500000894069672 0.17812500894069672
0 0.8460937738418579 0.5322917103767395 0.2109375 0.16718749701976776
0 0.6226562857627869 0.6052083373069763 0.1328125 0.1328125
0 0.6929687857627869 0.8041667342185974 0.15781250596046448 0.13437500596046448
0 0.44218751788139343 0.4062500298023224 0.15937499701976776 0.140625
0 0.729687511920929 0.09479167312383652 0.15937499701976776 0.13906250894069672
0 0.3984375 0.1875000149011612 0.15937499701976776 0.140625
0 0.4203124940395355 0.7520833611488342 0.15937499701976776 0.140625
0 0.874218761920929 0.7364583611488342 0.1640625 0.14218750596046448
0 0.862500011920929 0.9229167103767395 0.15937499701976776 0.11562500149011612
0 0.06718750298023224 0.5583333373069763 0.13125000894069672 0.125
1 0.15625 0.38750001788139343 0.22500000894069672 0.17812500894069672
0 0.8460937738418579 0.5322917103767395 0.2109375 0.16718749701976776
0 0.6226562857627869 0.6052083373069763 0.1328125 0.1328125
0 0.6929687857627869 0.8041667342185974 0.15781250596046448 0.13437500596046448
0 0.44218751788139343 0.4062500298023224 0.15937499701976776 0.140625
0 0.729687511920929 0.09479167312383652 0.15937499701976776 0.13906250894069672
0 0.3984375 0.1875000149011612 0.15937499701976776 0.140625
0 0.4203124940395355 0.7520833611488342 0.15937499701976776 0.140625
0 0.874218761920929 0.7364583611488342 0.1640625 0.14218750596046448
0 0.862500011920929 0.9229167103767395 0.15937499701976776 0.11562500149011612
0 0.06718750298023224 0.5583333373069763 0.13125000894069672 0.125
1 0.15625 0.38750001788139343 0.22500000894069672 0.17812500894069672
0 0.8460937738418579 0.5322917103767395 0.2109375 0.16718749701976776
0 0.6226562857627869 0.6052083373069763 0.1328125 0.1328125
0 0.6929687857627869 0.8041667342185974 0.15781250596046448 0.13437500596046448
0 0.44218751788139343 0.4062500298023224 0.15937499701976776 0.140625
0 0.729687511920929 0.09479167312383652 0.15937499701976776 0.13906250894069672
0 0.3984375 0.1875000149011612 0.15937499701976776 0.140625
0 0.4203124940395355 0.7520833611488342 0.15937499701976776 0.140625
0 0.874218761920929 0.7364583611488342 0.1640625 0.14218750596046448
0 0.862500011920929 0.9229167103767395 0.15937499701976776 0.11562500149011612
0 0.06718750298023224 0.5583333373069763 0.13125000894069672 0.125
1 0.15625 0.38750001788139343 0.22500000894069672 0.17812500894069672
0 0.8460937738418579 0.5322917103767395 0.2109375 0.16718749701976776
0 0.6226562857627869 0.6052083373069763 0.1328125 0.1328125
0 0.6929687857627869 0.8041667342185974 0.15781250596046448 0.13437500596046448
0 0.44218751788139343 0.4062500298023224 0.15937499701976776 0.140625
0 0.729687511920929 0.09479167312383652 0.15937499701976776 0.13906250894069672
0 0.3984375 0.1875000149011612 0.15937499701976776 0.140625
0 0.4203124940395355 0.7520833611488342 0.15937499701976776 0.140625
0 0.874218761920929 0.7364583611488342 0.1640625 0.14218750596046448
0 0.862500011920929 0.9229167103767395 0.15937499701976776 0.11562500149011612
0 0.06718750298023224 0.5583333373069763 0.13125000894069672 0.125
1 0.15625 0.38750001788139343 0.22500000894069672 0.17812500894069672
0 0.8460937738418579 0.5322917103767395 0.2109375 0.16718749701976776
0 0.6226562857627869 0.6052083373069763 0.1328125 0.1328125
0 0.6929687857627869 0.8041667342185974 0.15781250596046448 0.13437500596046448
0 0.44218751788139343 0.4062500298023224 0.15937499701976776 0.140625
0 0.729687511920929 0.09479167312383652 0.15937499701976776 0.13906250894069672
0 0.3984375 0.1875000149011612 0.15937499701976776 0.140625
0 0.4203124940395355 0.7520833611488342 0.15937499701976776 0.140625
0 0.874218761920929 0.7364583611488342 0.1640625 0.14218750596046448
0 0.862500011920929 0.9229167103767395 0.15937499701976776 0.11562500149011612
0 0.06718750298023224 0.5583333373069763 0.13125000894069672 0.125
1 0.15625 0.38750001788139343 0.22500000894069672 0.17812500894069672
