1 0.5117187576252036 0.5552083622897044 0.24218750360887498 0.22031250328291208
1 0.033593750500585884 0.9739583841292188 0.051562500768341124 0.03906250058207661
1 0.9656250143889338 0.5895833640825003 0.06875000102445483 0.07500000111758709
1 0.5117187576252036 0.5552083622897044 0.24218750360887498 0.22031250328291208
1 0.033593750500585884 0.9739583841292188 0.051562500768341124 0.03906250058207661
1 0.9656250143889338 0.5895833640825003 0.06875000102445483 0.07500000111758709
1 0.5117187576252036 0.5552083622897044 0.24218750360887498 0.22031250328291208
1 0.033593750500585884 0.9739583841292188 0.051562500768341124 0.03906250058207661
1 0.9656250143889338 0.5895833640825003 0.06875000102445483 0.07500000111758709
1 0.5117187576252036 0.5552083622897044 0.24218750360887498 0.22031250328291208
1 0.033593750500585884 0.9739583841292188 0.051562500768341124 0.03906250058207661
1 0.9656250143889338 0.5895833640825003 0.06875000102445483 0.07500000111758709
1 0.5117187576252036 0.5552083622897044 0.24218750360887498 0.22031250328291208
1 0.033593750500585884 0.9739583841292188 0.051562500768341124 0.03906250058207661
1 0.9656250143889338 0.5895833640825003 0.06875000102445483 0.07500000111758709
1 0.5117187576252036 0.5552083622897044 0.24218750360887498 0.22031250328291208
1 0.033593750500585884 0.9739583841292188 0.051562500768341124 0.03906250058207661
1 0.9656250143889338 0.5895833640825003 0.06875000102445483 0.07500000111758709
1 0.5117187576252036 0.5552083622897044 0.24218750360887498 0.22031250328291208
1 0.033593750500585884 0.9739583841292188 0.051562500768341124 0.03906250058207661
1 0.9656250143889338 0.5895833640825003 0.06875000102445483 0.07500000111758709
1 0.5117187576252036 0.5552083622897044 0.24218750360887498 0.22031250328291208
1 0.033593750500585884 0.9739583841292188 0.051562500768341124 0.03906250058207661
1 0.9656250143889338 0.5895833640825003 0.06875000102445483 0.07500000111758709
1 0.5117187576252036 0.5552083622897044 0.24218750360887498 0.22031250328291208
1 0.033593750500585884 0.9739583841292188 0.051562500768341124 0.03906250058207661
1 0.9656250143889338 0.5895833640825003 0.06875000102445483 0.07500000111758709
1 0.5117187576252036 0.5552083622897044 0.24218750360887498 0.22031250328291208
1 0.033593750500585884 0.9739583841292188 0.051562500768341124 0.03906250058207661
1 0.9656250143889338 0.5895833640825003 0.06875000102445483 0.07500000111758709
1 0.5117187576252036 0.5552083622897044 0.24218750360887498 0.22031250328291208
1 0.033593750500585884 0.9739583841292188 0.051562500768341124 0.03906250058207661
1 0.9656250143889338 0.5895833640825003 0.06875000102445483 0.07500000111758709
1 0.5117187576252036 0.5552083622897044 0.24218750360887498 0.22031250328291208
1 0.033593750500585884 0.9739583841292188 0.051562500768341124 0.03906250058207661
1 0.9656250143889338 0.5895833640825003 0.06875000102445483 0.07500000111758709
1 0.5117187576252036 0.5552083622897044 0.24218750360887498 0.22031250328291208
1 0.033593750500585884 0.9739583841292188 0.051562500768341124 0.03906250058207661
1 0.9656250143889338 0.5895833640825003 0.06875000102445483 0.07500000111758709
1 0.5117187576252036 0.5552083622897044 0.24218750360887498 0.22031250328291208
2 0.033593750500585884 0.9739583841292188 0.051562500768341124 0.03906250058207661
2 0.9656250143889338 0.5895833640825003 0.06875000102445483 0.07500000111758709
1 0.5117187576252036 0.5552083622897044 0.24218750360887498 0.22031250328291208
2 0.033593750500585884 0.9739583841292188 0.051562500768341124 0.03906250058207661
2 0.9656250143889338 0.5895833640825003 0.06875000102445483 0.07500000111758709
1 0.51171875 0.5552083849906921 0.2421875 0.22031250596046448
2 0.03359375149011612 0.9739583730697632 0.05156249925494194 0.0390625
2 0.965624988079071 0.5895833373069763 0.06875000149011612 0.07500000298023224
1 0.51171875 0.5552083849906921 0.2421875 0.22031250596046448
2 0.03359375149011612 0.9739583730697632 0.05156249925494194 0.0390625
2 0.965624988079071 0.5895833373069763 0.06875000149011612 0.07500000298023224
1 0.51171875 0.5552083849906921 0.2421875 0.22031250596046448
2 0.03359375149011612 0.9739583730697632 0.05156249925494194 0.0390625
2 0.965624988079071 0.5895833373069763 0.06875000149011612 0.07500000298023224
1 0.51171875 0.5552083849906921 0.2421875 0.22031250596046448
2 0.03359375149011612 0.9739583730697632 0.05156249925494194 0.0390625
2 0.965624988079071 0.5895833373069763 0.06875000149011612 0.07500000298023224
1 0.51171875 0.5552083849906921 0.2421875 0.22031250596046448
2 0.03359375149011612 0.9739583730697632 0.05156249925494194 0.0390625
2 0.965624988079071 0.5895833373069763 0.06875000149011612 0.07500000298023224
1 0.51171875 0.5552083849906921 0.2421875 0.22031250596046448
2 0.03359375149011612 0.9739583730697632 0.05156249925494194 0.0390625
2 0.965624988079071 0.5895833373069763 0.06875000149011612 0.07500000298023224
1 0.51171875 0.5552083849906921 0.2421875 0.22031250596046448
2 0.03359375149011612 0.9739583730697632 0.05156249925494194 0.0390625
2 0.965624988079071 0.5895833373069763 0.06875000149011612 0.07500000298023224
