0 0.7976562618860044 0.2718750141793862 0.14843750221189111 0.1796875026775524
0 0.5304687579046004 0.27604168106336147 0.14843750221189111 0.1796875026775524
0 0.4156250061932951 0.13125000684522092 0.20000000298023224 0.1625000024214387
0 0.2578125038417056 0.13125000684522092 0.15625000232830644 0.1406250020954758
0 0.1890625028172508 0.3041666825301945 0.15625000232830644 0.1406250020954758
0 0.33125000493600965 0.3208333500660956 0.15625000232830644 0.1406250020954758
0 0.24609375366708264 0.5020833595190197 0.16093750239815563 0.1625000024214387
0 0.32890625490108505 0.8333333767950535 0.16093750239815563 0.1625000024214387
0 0.400781255972106 0.5145833601709455 0.16093750239815563 0.1625000024214387
0 0.7234375107800588 0.8833333794027567 0.2500000037252903 0.15000000223517418
1 0.6710937600000761 0.5760416967095807 0.2984375044470653 0.33593750500585884
0 0.7976562618860044 0.2718750141793862 0.14843750221189111 0.1796875026775524
0 0.5304687579046004 0.27604168106336147 0.14843750221189111 0.1796875026775524
0 0.4156250061932951 0.13125000684522092 0.20000000298023224 0.1625000024214387
0 0.2578125038417056 0.13125000684522092 0.15625000232830644 0.1406250020954758
0 0.1890625028172508 0.3041666825301945 0.15625000232830644 0.1406250020954758
0 0.33125000493600965 0.3208333500660956 0.15625000232830644 0.1406250020954758
0 0.24609375366708264 0.5020833595190197 0.16093750239815563 0.1625000024214387
0 0.32890625490108505 0.8333333767950535 0.16093750239815563 0.1625000024214387
0 0.400781255972106 0.5145833601709455 0.16093750239815563 0.1625000024214387
0 0.7234375107800588 0.8833333794027567 0.2500000037252903 0.15000000223517418
1 0.6710937600000761 0.5760416967095807 0.2984375044470653 0.33593750500585884
0 0.7976562618860044 0.2718750141793862 0.14843750221189111 0.1796875026775524
0 0.5304687579046004 0.27604168106336147 0.14843750221189111 0.1796875026775524
0 0.4156250061932951 0.13125000684522092 0.20000000298023224 0.1625000024214387
0 0.2578125038417056 0.13125000684522092 0.15625000232830644 0.1406250020954758
0 0.1890625028172508 0.3041666825301945 0.15625000232830644 0.1406250020954758
0 0.33125000493600965 0.3208333500660956 0.15625000232830644 0.1406250020954758
0 0.24609375366708264 0.5020833595190197 0.16093750239815563 0.1625000024214387
0 0.32890625490108505 0.8333333767950535 0.16093750239815563 0.1625000024214387
0 0.400781255972106 0.5145833601709455 0.16093750239815563 0.1625000024214387
0 0.7234375107800588 0.8833333794027567 0.2500000037252903 0.15000000223517418
1 0.6710937600000761 0.5760416967095807 0.2984375044470653 0.33593750500585884
0 0.7976562618860044 0.2718750141793862 0.14843750221189111 0.1796875026775524
0 0.5304687579046004 0.27604168106336147 0.14843750221189111 0.1796875026775524
0 0.4156250061932951 0.13125000684522092 0.20000000298023224 0.1625000024214387
0 0.2578125038417056 0.13125000684522092 0.15625000232830644 0.1406250020954758
0 0.1890625028172508 0.3041666825301945 0.15625000232830644 0.1406250020954758
0 0.33125000493600965 0.3208333500660956 0.15625000232830644 0.1406250020954758
0 0.24609375366708264 0.5020833595190197 0.16093750239815563 0.1625000024214387
0 0.32890625490108505 0.8333333767950535 0.16093750239815563 0.1625000024214387
0 0.400781255972106 0.5145833601709455 0.16093750239815563 0.1625000024214387
0 0.7234375107800588 0.8833333794027567 0.2500000037252903 0.15000000223517418
1 0.6710937600000761 0.5760416967095807 0.2984375044470653 0.33593750500585884
0 0.7976562618860044 0.2718750141793862 0.14843750221189111 0.1796875026775524
0 0.5304687579046004 0.27604168106336147 0.14843750221189111 0.1796875026775524
0 0.4156250061932951 0.13125000684522092 0.20000000298023224 0.1625000024214387
0 0.2578125038417056 0.13125000684522092 0.15625000232830644 0.1406250020954758
0 0.1890625028172508 0.3041666825301945 0.15625000232830644 0.1406250020954758
0 0.33125000493600965 0.3208333500660956 0.15625000232830644 0.1406250020954758
0 0.24609375366708264 0.5020833595190197 0.16093750239815563 0.1625000024214387
0 0.32890625490108505 0.8333333767950535 0.16093750239815563 0.1625000024214387
0 0.400781255972106 0.5145833601709455 0.16093750239815563 0.1625000024214387
0 0.7234375107800588 0.8833333794027567 0.2500000037252903 0.15000000223517418
1 0.6710937600000761 0.5760416967095807 0.2984375044470653 0.33593750500585884
0 0.7976562618860044 0.2718750141793862 0.14843750221189111 0.1796875026775524
0 0.5304687579046004 0.27604168106336147 0.14843750221189111 0.1796875026775524
0 0.4156250061932951 0.13125000684522092 0.20000000298023224 0.1625000024214387
0 0.2578125038417056 0.13125000684522092 0.15625000232830644 0.1406250020954758
0 0.1890625028172508 0.3041666825301945 0.15625000232830644 0.1406250020954758
0 0.33125000493600965 0.3208333500660956 0.15625000232830644 0.1406250020954758
0 0.24609375366708264 0.5020833595190197 0.16093750239815563 0.1625000024214387
0 0.32890625490108505 0.8333333767950535 0.16093750239815563 0.1625000024214387
0 0.400781255972106 0.5145833601709455 0.16093750239815563 0.1625000024214387
0 0.7234375107800588 0.8833333794027567 0.2500000037252903 0.15000000223517418
1 0.6710937600000761 0.5760416967095807 0.2984375044470653 0.33593750500585884
0 0.7976562618860044 0.2718750141793862 0.14843750221189111 0.1796875026775524
0 0.5304687579046004 0.27604168106336147 0.14843750221189111 0.1796875026775524
0 0.4156250061932951 0.13125000684522092 0.20000000298023224 0.1625000024214387
0 0.2578125038417056 0.13125000684522092 0.15625000232830644 0.1406250020954758
0 0.1890625028172508 0.3041666825301945 0.15625000232830644 0.1406250020954758
0 0.33125000493600965 0.3208333500660956 0.15625000232830644 0.1406250020954758
0 0.24609375366708264 0.5020833595190197 0.16093750239815563 0.1625000024214387
0 0.32890625490108505 0.8333333767950535 0.16093750239815563 0.1625000024214387
0 0.400781255972106 0.5145833601709455 0.16093750239815563 0.1625000024214387
0 0.7234375107800588 0.8833333794027567 0.2500000037252903 0.15000000223517418
1 0.6710937600000761 0.5760416967095807 0.2984375044470653 0.33593750500585884
0 0.7976562618860044 0.2718750141793862 0.14843750221189111 0.1796875026775524
0 0.5304687579046004 0.27604168106336147 0.14843750221189111 0.1796875026775524
0 0.4156250061932951 0.13125000684522092 0.20000000298023224 0.1625000024214387
0 0.2578125038417056 0.13125000684522092 0.15625000232830644 0.1406250020954758
0 0.1890625028172508 0.3041666825301945 0.15625000232830644 0.1406250020954758
0 0.33125000493600965 0.3208333500660956 0.15625000232830644 0.1406250020954758
0 0.24609375366708264 0.5020833595190197 0.16093750239815563 0.1625000024214387
0 0.32890625490108505 0.8333333767950535 0.16093750239815563 0.1625000024214387
0 0.400781255972106 0.5145833601709455 0.16093750239815563 0.1625000024214387
0 0.7234375107800588 0.8833333794027567 0.2500000037252903 0.15000000223517418
1 0.6710937600000761 0.5760416967095807 0.2984375044470653 0.33593750500585884
0 0.7976562618860044 0.2718750141793862 0.14843750221189111 0.1796875026775524
0 0.5304687579046004 0.27604168106336147 0.14843750221189111 0.1796875026775524
0 0.4156250061932951 0.13125000684522092 0.20000000298023224 0.1625000024214387
0 0.2578125038417056 0.13125000684522092 0.15625000232830644 0.1406250020954758
0 0.1890625028172508 0.3041666825301945 0.15625000232830644 0.1406250020954758
0 0.33125000493600965 0.3208333500660956 0.15625000232830644 0.1406250020954758
0 0.24609375366708264 0.5020833595190197 0.16093750239815563 0.1625000024214387
0 0.32890625490108505 0.8333333767950535 0.16093750239815563 0.1625000024214387
0 0.400781255972106 0.5145833601709455 0.16093750239815563 0.1625000024214387
0 0.7234375107800588 0.8833333794027567 0.2500000037252903 0.15000000223517418
1 0.6710937600000761 0.5760416967095807 0.2984375044470653 0.33593750500585884
0 0.7976562618860044 0.2718750141793862 0.14843750221189111 0.1796875026775524
0 0.5304687579046004 0.27604168106336147 0.14843750221189111 0.1796875026775524
0 0.4156250061932951 0.13125000684522092 0.20000000298023224 0.1625000024214387
0 0.2578125038417056 0.13125000684522092 0.15625000232830644 0.1406250020954758
0 0.1890625028172508 0.3041666825301945 0.15625000232830644 0.1406250020954758
0 0.33125000493600965 0.3208333500660956 0.15625000232830644 0.1406250020954758
0 0.24609375366708264 0.5020833595190197 0.16093750239815563 0.1625000024214387
0 0.32890625490108505 0.8333333767950535 0.16093750239815563 0.1625000024214387
0 0.400781255972106 0.5145833601709455 0.16093750239815563 0.1625000024214387
0 0.7234375107800588 0.8833333794027567 0.2500000037252903 0.15000000223517418
1 0.6710937600000761 0.5760416967095807 0.2984375044470653 0.33593750500585884
0 0.7976562618860044 0.2718750141793862 0.14843750221189111 0.1796875026775524
0 0.5304687579046004 0.27604168106336147 0.14843750221189111 0.1796875026775524
0 0.4156250061932951 0.13125000684522092 0.20000000298023224 0.1625000024214387
0 0.2578125038417056 0.13125000684522092 0.15625000232830644 0.1406250020954758
0 0.1890625028172508 0.3041666825301945 0.15625000232830644 0.1406250020954758
0 0.33125000493600965 0.3208333500660956 0.15625000232830644 0.1406250020954758
0 0.24609375366708264 0.5020833595190197 0.16093750239815563 0.1625000024214387
0 0.32890625490108505 0.8333333767950535 0.16093750239815563 0.1625000024214387
0 0.400781255972106 0.5145833601709455 0.16093750239815563 0.1625000024214387
0 0.7234375107800588 0.8833333794027567 0.2500000037252903 0.15000000223517418
1 0.6710937600000761 0.5760416967095807 0.2984375044470653 0.33593750500585884
0 0.7976562618860044 0.2718750141793862 0.14843750221189111 0.1796875026775524
0 0.5304687579046004 0.27604168106336147 0.14843750221189111 0.1796875026775524
0 0.4156250061932951 0.13125000684522092 0.20000000298023224 0.1625000024214387
0 0.2578125038417056 0.13125000684522092 0.15625000232830644 0.1406250020954758
0 0.1890625028172508 0.3041666825301945 0.15625000232830644 0.1406250020954758
0 0.33125000493600965 0.3208333500660956 0.15625000232830644 0.1406250020954758
0 0.24609375366708264 0.5020833595190197 0.16093750239815563 0.1625000024214387
0 0.32890625490108505 0.8333333767950535 0.16093750239815563 0.1625000024214387
0 0.400781255972106 0.5145833601709455 0.16093750239815563 0.1625000024214387
0 0.7234375107800588 0.8833333794027567 0.2500000037252903 0.15000000223517418
1 0.6710937600000761 0.5760416967095807 0.2984375044470653 0.33593750500585884
0 0.7976562618860044 0.2718750141793862 0.14843750221189111 0.1796875026775524
0 0.5304687579046004 0.27604168106336147 0.14843750221189111 0.1796875026775524
0 0.4156250061932951 0.13125000684522092 0.20000000298023224 0.1625000024214387
0 0.2578125038417056 0.13125000684522092 0.15625000232830644 0.1406250020954758
0 0.1890625028172508 0.3041666825301945 0.15625000232830644 0.1406250020954758
0 0.33125000493600965 0.3208333500660956 0.15625000232830644 0.1406250020954758
0 0.24609375366708264 0.5020833595190197 0.16093750239815563 0.1625000024214387
0 0.32890625490108505 0.8333333767950535 0.16093750239815563 0.1625000024214387
0 0.400781255972106 0.5145833601709455 0.16093750239815563 0.1625000024214387
0 0.7234375107800588 0.8833333794027567 0.2500000037252903 0.15000000223517418
1 0.6710937600000761 0.5760416967095807 0.2984375044470653 0.33593750500585884
0 0.7976562618860044 0.2718750141793862 0.14843750221189111 0.1796875026775524
0 0.5304687579046004 0.27604168106336147 0.14843750221189111 0.1796875026775524
0 0.4156250061932951 0.13125000684522092 0.20000000298023224 0.1625000024214387
0 0.2578125038417056 0.13125000684522092 0.15625000232830644 0.1406250020954758
0 0.1890625028172508 0.3041666825301945 0.15625000232830644 0.1406250020954758
0 0.33125000493600965 0.3208333500660956 0.15625000232830644 0.1406250020954758
0 0.24609375366708264 0.5020833595190197 0.16093750239815563 0.1625000024214387
0 0.32890625490108505 0.8333333767950535 0.16093750239815563 0.1625000024214387
0 0.400781255972106 0.5145833601709455 0.16093750239815563 0.1625000024214387
0 0.7234375107800588 0.8833333794027567 0.2500000037252903 0.15000000223517418
1 0.6710937600000761 0.5760416967095807 0.2984375044470653 0.33593750500585884
0 0.7976562618860044 0.2718750141793862 0.14843750221189111 0.1796875026775524
0 0.5304687579046004 0.27604168106336147 0.14843750221189111 0.1796875026775524
0 0.4156250061932951 0.13125000684522092 0.20000000298023224 0.1625000024214387
0 0.2578125038417056 0.13125000684522092 0.15625000232830644 0.1406250020954758
0 0.1890625028172508 0.3041666825301945 0.15625000232830644 0.1406250020954758
0 0.33125000493600965 0.3208333500660956 0.15625000232830644 0.1406250020954758
0 0.24609375366708264 0.5020833595190197 0.16093750239815563 0.1625000024214387
0 0.32890625490108505 0.8333333767950535 0.16093750239815563 0.1625000024214387
0 0.400781255972106 0.5145833601709455 0.16093750239815563 0.1625000024214387
0 0.7234375107800588 0.8833333794027567 0.2500000037252903 0.15000000223517418
1 0.6710937600000761 0.5760416967095807 0.2984375044470653 0.33593750500585884
0 0.797656238079071 0.2718750238418579 0.1484375 0.1796875
0 0.530468761920929 0.2760416865348816 0.1484375 0.1796875
0 0.4156250059604645 0.13125000894069672 0.20000000298023224 0.16250000894069672
0 0.2578125 0.13125000894069672 0.15625 0.140625
0 0.18906250596046448 0.30416667461395264 0.15625 0.140625
0 0.33125001192092896 0.32083335518836975 0.15625 0.140625
0 0.24609375 0.5020833611488342 0.16093750298023224 0.16250000894069672
0 0.32890626788139343 0.8333333730697632 0.16093750298023224 0.16250000894069672
0 0.4007812440395355 0.5145833492279053 0.16093750298023224 0.16250000894069672
0 0.723437488079071 0.8833333849906921 0.25 0.15000000596046448
1 0.671093761920929 0.5760416984558105 0.2984375059604645 0.3359375
0 0.797656238079071 0.2718750238418579 0.1484375 0.1796875
0 0.530468761920929 0.2760416865348816 0.1484375 0.1796875
0 0.4156250059604645 0.13125000894069672 0.20000000298023224 0.16250000894069672
0 0.2578125 0.13125000894069672 0.15625 0.140625
0 0.18906250596046448 0.30416667461395264 0.15625 0.140625
0 0.33125001192092896 0.32083335518836975 0.15625 0.140625
0 0.24609375 0.5020833611488342 0.16093750298023224 0.16250000894069672
0 0.32890626788139343 0.8333333730697632 0.16093750298023224 0.16250000894069672
0 0.4007812440395355 0.5145833492279053 0.16093750298023224 0.16250000894069672
0 0.723437488079071 0.8833333849906921 0.25 0.15000000596046448
1 0.671093761920929 0.5760416984558105 0.2984375059604645 0.3359375
0 0.797656238079071 0.2718750238418579 0.1484375 0.1796875
0 0.530468761920929 0.2760416865348816 0.1484375 0.1796875
0 0.4156250059604645 0.13125000894069672 0.20000000298023224 0.16250000894069672
0 0.2578125 0.13125000894069672 0.15625 0.140625
0 0.18906250596046448 0.30416667461395264 0.15625 0.140625
0 0.33125001192092896 0.32083335518836975 0.15625 0.140625
0 0.24609375 0.5020833611488342 0.16093750298023224 0.16250000894069672
0 0.32890626788139343 0.8333333730697632 0.16093750298023224 0.16250000894069672
0 0.4007812440395355 0.5145833492279053 0.16093750298023224 0.16250000894069672
0 0.723437488079071 0.8833333849906921 0.25 0.15000000596046448
1 0.671093761920929 0.5760416984558105 0.2984375059604645 0.3359375
0 0.797656238079071 0.2718750238418579 0.1484375 0.1796875
0 0.530468761920929 0.2760416865348816 0.1484375 0.1796875
0 0.4156250059604645 0.13125000894069672 0.20000000298023224 0.16250000894069672
0 0.2578125 0.13125000894069672 0.15625 0.140625
0 0.18906250596046448 0.30416667461395264 0.15625 0.140625
0 0.33125001192092896 0.32083335518836975 0.15625 0.140625
0 0.24609375 0.5020833611488342 0.16093750298023224 0.16250000894069672
0 0.32890626788139343 0.8333333730697632 0.16093750298023224 0.16250000894069672
0 0.4007812440395355 0.5145833492279053 0.16093750298023224 0.16250000894069672
0 0.723437488079071 0.8833333849906921 0.25 0.15000000596046448
1 0.671093761920929 0.5760416984558105 0.2984375059604645 0.3359375
0 0.797656238079071 0.2718750238418579 0.1484375 0.1796875
0 0.530468761920929 0.2760416865348816 0.1484375 0.1796875
0 0.4156250059604645 0.13125000894069672 0.20000000298023224 0.16250000894069672
0 0.2578125 0.13125000894069672 0.15625 0.140625
0 0.18906250596046448 0.30416667461395264 0.15625 0.140625
0 0.33125001192092896 0.32083335518836975 0.15625 0.140625
0 0.24609375 0.5020833611488342 0.16093750298023224 0.16250000894069672
0 0.32890626788139343 0.8333333730697632 0.16093750298023224 0.16250000894069672
0 0.4007812440395355 0.5145833492279053 0.16093750298023224 0.16250000894069672
0 0.723437488079071 0.8833333849906921 0.25 0.15000000596046448
1 0.671093761920929 0.5760416984558105 0.2984375059604645 0.3359375
0 0.797656238079071 0.2718750238418579 0.1484375 0.1796875
0 0.530468761920929 0.2760416865348816 0.1484375 0.1796875
0 0.4156250059604645 0.13125000894069672 0.20000000298023224 0.16250000894069672
0 0.2578125 0.13125000894069672 0.15625 0.140625
0 0.18906250596046448 0.30416667461395264 0.15625 0.140625
0 0.33125001192092896 0.32083335518836975 0.15625 0.140625
0 0.24609375 0.5020833611488342 0.16093750298023224 0.16250000894069672
0 0.32890626788139343 0.8333333730697632 0.16093750298023224 0.16250000894069672
0 0.4007812440395355 0.5145833492279053 0.16093750298023224 0.16250000894069672
0 0.723437488079071 0.8833333849906921 0.25 0.15000000596046448
1 0.671093761920929 0.5760416984558105 0.2984375059604645 0.3359375
0 0.797656238079071 0.2718750238418579 0.1484375 0.1796875
0 0.530468761920929 0.2760416865348816 0.1484375 0.1796875
0 0.4156250059604645 0.13125000894069672 0.20000000298023224 0.16250000894069672
0 0.2578125 0.13125000894069672 0.15625 0.140625
0 0.18906250596046448 0.30416667461395264 0.15625 0.140625
0 0.33125001192092896 0.32083335518836975 0.15625 0.140625
0 0.24609375 0.5020833611488342 0.16093750298023224 0.16250000894069672
0 0.32890626788139343 0.8333333730697632 0.16093750298023224 0.16250000894069672
0 0.4007812440395355 0.5145833492279053 0.16093750298023224 0.16250000894069672
0 0.723437488079071 0.8833333849906921 0.25 0.15000000596046448
1 0.671093761920929 0.5760416984558105 0.2984375059604645 0.3359375
