0 0.5242187578114681 0.36770835251081735 0.12031250179279596 0.14218750211875886
0 0.8375000124797225 0.5520833621267229 0.1968750029336661 0.15000000223517418
0 0.642968759580981 0.3781250197207555 0.16093750239815563 0.17343750258442014
0 0.327343754877802 0.5270833608228713 0.20468750305008143 0.21562500321306288
0 0.11015625164145604 0.6833333689719439 0.10468750155996531 0.1531250022817403
0 0.7960937618627213 0.1979166769888252 0.10468750155996531 0.1531250022817403
0 0.8835937631665729 0.7645833732094616 0.1140625016996637 0.15000000223517418
0 0.09609375143190846 0.9229167148005217 0.16406250244472176 0.11562500172294676
0 0.4054687560419552 0.6854167024139315 0.16406250244472176 0.1406250020954758
1 0.6132812591386028 0.7697917068144307 0.30468750454019755 0.24218750360887498
1 0.26328125392319635 0.9197917146375403 0.048437500721774995 0.051562500768341124
0 0.6640625098953024 0.19583334354683757 0.15000000223517418 0.15000000223517418
0 0.5242187578114681 0.36770835251081735 0.12031250179279596 0.14218750211875886
0 0.8375000124797225 0.5520833621267229 0.1968750029336661 0.15000000223517418
0 0.642968759580981 0.3781250197207555 0.16093750239815563 0.17343750258442014
0 0.327343754877802 0.5270833608228713 0.20468750305008143 0.21562500321306288
0 0.11015625164145604 0.6833333689719439 0.10468750155996531 0.1531250022817403
0 0.7960937618627213 0.1979166769888252 0.10468750155996531 0.1531250022817403
0 0.8835937631665729 0.7645833732094616 0.1140625016996637 0.15000000223517418
0 0.09609375143190846 0.9229167148005217 0.16406250244472176 0.11562500172294676
0 0.4054687560419552 0.6854167024139315 0.16406250244472176 0.1406250020954758
1 0.6132812591386028 0.7697917068144307 0.30468750454019755 0.24218750360887498
1 0.26328125392319635 0.9197917146375403 0.048437500721774995 0.051562500768341124
0 0.6640625098953024 0.19583334354683757 0.15000000223517418 0.15000000223517418
0 0.5242187578114681 0.36770835251081735 0.12031250179279596 0.14218750211875886
0 0.8375000124797225 0.5520833621267229 0.1968750029336661 0.15000000223517418
0 0.642968759580981 0.3781250197207555 0.16093750239815563 0.17343750258442014
0 0.327343754877802 0.5270833608228713 0.20468750305008143 0.21562500321306288
0 0.11015625164145604 0.6833333689719439 0.10468750155996531 0.1531250022817403
0 0.7960937618627213 0.1979166769888252 0.10468750155996531 0.1531250022817403
0 0.8835937631665729 0.7645833732094616 0.1140625016996637 0.15000000223517418
0 0.09609375143190846 0.9229167148005217 0.16406250244472176 0.11562500172294676
0 0.4054687560419552 0.6854167024139315 0.16406250244472176 0.1406250020954758
1 0.6132812591386028 0.7697917068144307 0.30468750454019755 0.24218750360887498
1 0.26328125392319635 0.9197917146375403 0.048437500721774995 0.051562500768341124
0 0.6640625098953024 0.19583334354683757 0.15000000223517418 0.15000000223517418
0 0.5242187578114681 0.36770835251081735 0.12031250179279596 0.14218750211875886
0 0.8375000124797225 0.5520833621267229 0.1968750029336661 0.15000000223517418
0 0.642968759580981 0.3781250197207555 0.16093750239815563 0.17343750258442014
0 0.327343754877802 0.5270833608228713 0.20468750305008143 0.21562500321306288
0 0.11015625164145604 0.6833333689719439 0.10468750155996531 0.1531250022817403
0 0.7960937618627213 0.1979166769888252 0.10468750155996531 0.1531250022817403
0 0.8835937631665729 0.7645833732094616 0.1140625016996637 0.15000000223517418
0 0.09609375143190846 0.9229167148005217 0.16406250244472176 0.11562500172294676
0 0.4054687560419552 0.6854167024139315 0.16406250244472176 0.1406250020954758
1 0.6132812591386028 0.7697917068144307 0.30468750454019755 0.24218750360887498
1 0.26328125392319635 0.9197917146375403 0.048437500721774995 0.051562500768341124
0 0.6640625098953024 0.19583334354683757 0.15000000223517418 0.15000000223517418
0 0.5242187578114681 0.36770835251081735 0.12031250179279596 0.14218750211875886
0 0.8375000124797225 0.5520833621267229 0.1968750029336661 0.15000000223517418
0 0.642968759580981 0.3781250197207555 0.16093750239815563 0.17343750258442014
0 0.327343754877802 0.5270833608228713 0.20468750305008143 0.21562500321306288
0 0.11015625164145604 0.6833333689719439 0.10468750155996531 0.1531250022817403
0 0.7960937618627213 0.1979166769888252 0.10468750155996531 0.1531250022817403
0 0.8835937631665729 0.7645833732094616 0.1140625016996637 0.15000000223517418
0 0.09609375143190846 0.9229167148005217 0.16406250244472176 0.11562500172294676
0 0.4054687560419552 0.6854167024139315 0.16406250244472176 0.1406250020954758
1 0.6132812591386028 0.7697917068144307 0.30468750454019755 0.24218750360887498
1 0.26328125392319635 0.9197917146375403 0.048437500721774995 0.051562500768341124
0 0.6640625098953024 0.19583334354683757 0.15000000223517418 0.15000000223517418
0 0.5242187578114681 0.36770835251081735 0.12031250179279596 0.14218750211875886
0 0.8375000124797225 0.5520833621267229 0.1968750029336661 0.15000000223517418
0 0.642968759580981 0.3781250197207555 0.16093750239815563 0.17343750258442014
0 0.327343754877802 0.5270833608228713 0.20468750305008143 0.21562500321306288
0 0.11015625164145604 0.6833333689719439 0.10468750155996531 0.1531250022817403
0 0.7960937618627213 0.1979166769888252 0.10468750155996531 0.1531250022817403
0 0.8835937631665729 0.7645833732094616 0.1140625016996637 0.15000000223517418
0 0.09609375143190846 0.9229167148005217 0.16406250244472176 0.11562500172294676
0 0.4054687560419552 0.6854167024139315 0.16406250244472176 0.1406250020954758
1 0.6132812591386028 0.7697917068144307 0.30468750454019755 0.24218750360887498
1 0.26328125392319635 0.9197917146375403 0.048437500721774995 0.051562500768341124
0 0.6640625098953024 0.19583334354683757 0.15000000223517418 0.15000000223517418
0 0.5242187578114681 0.36770835251081735 0.12031250179279596 0.14218750211875886
0 0.8375000124797225 0.5520833621267229 0.1968750029336661 0.15000000223517418
0 0.642968759580981 0.3781250197207555 0.16093750239815563 0.17343750258442014
0 0.327343754877802 0.5270833608228713 0.20468750305008143 0.21562500321306288
0 0.11015625164145604 0.6833333689719439 0.10468750155996531 0.1531250022817403
0 0.7960937618627213 0.1979166769888252 0.10468750155996531 0.1531250022817403
0 0.8835937631665729 0.7645833732094616 0.1140625016996637 0.15000000223517418
0 0.09609375143190846 0.9229167148005217 0.16406250244472176 0.11562500172294676
0 0.4054687560419552 0.6854167024139315 0.16406250244472176 0.1406250020954758
1 0.6132812591386028 0.7697917068144307 0.30468750454019755 0.24218750360887498
1 0.26328125392319635 0.9197917146375403 0.048437500721774995 0.051562500768341124
0 0.6640625098953024 0.19583334354683757 0.15000000223517418 0.15000000223517418
0 0.5242187578114681 0.36770835251081735 0.12031250179279596 0.14218750211875886
0 0.8375000124797225 0.5520833621267229 0.1968750029336661 0.15000000223517418
0 0.642968759580981 0.3781250197207555 0.16093750239815563 0.17343750258442014
0 0.327343754877802 0.5270833608228713 0.20468750305008143 0.21562500321306288
0 0.11015625164145604 0.6833333689719439 0.10468750155996531 0.1531250022817403
0 0.7960937618627213 0.1979166769888252 0.10468750155996531 0.1531250022817403
0 0.8835937631665729 0.7645833732094616 0.1140625016996637 0.15000000223517418
0 0.09609375143190846 0.9229167148005217 0.16406250244472176 0.11562500172294676
0 0.4054687560419552 0.6854167024139315 0.16406250244472176 0.1406250020954758
1 0.6132812591386028 0.7697917068144307 0.30468750454019755 0.24218750360887498
1 0.26328125392319635 0.9197917146375403 0.048437500721774995 0.051562500768341124
0 0.6640625098953024 0.19583334354683757 0.15000000223517418 0.15000000223517418
0 0.5242187578114681 0.36770835251081735 0.12031250179279596 0.14218750211875886
0 0.8375000124797225 0.5520833621267229 0.1968750029336661 0.15000000223517418
0 0.642968759580981 0.3781250197207555 0.16093750239815563 0.17343750258442014
0 0.327343754877802 0.5270833608228713 0.20468750305008143 0.21562500321306288
0 0.11015625164145604 0.6833333689719439 0.10468750155996531 0.1531250022817403
0 0.7960937618627213 0.1979166769888252 0.10468750155996531 0.1531250022817403
0 0.8835937631665729 0.7645833732094616 0.1140625016996637 0.15000000223517418
0 0.09609375143190846 0.9229167148005217 0.16406250244472176 0.11562500172294676
0 0.4054687560419552 0.6854167024139315 0.16406250244472176 0.1406250020954758
1 0.6132812591386028 0.7697917068144307 0.30468750454019755 0.24218750360887498
1 0.26328125392319635 0.9197917146375403 0.048437500721774995 0.051562500768341124
0 0.6640625098953024 0.19583334354683757 0.15000000223517418 0.15000000223517418
0 0.5242187578114681 0.36770835251081735 0.12031250179279596 0.14218750211875886
0 0.8375000124797225 0.5520833621267229 0.1968750029336661 0.15000000223517418
0 0.642968759580981 0.3781250197207555 0.16093750239815563 0.17343750258442014
0 0.327343754877802 0.5270833608228713 0.20468750305008143 0.21562500321306288
0 0.11015625164145604 0.6833333689719439 0.10468750155996531 0.1531250022817403
0 0.7960937618627213 0.1979166769888252 0.10468750155996531 0.1531250022817403
0 0.8835937631665729 0.7645833732094616 0.1140625016996637 0.15000000223517418
0 0.09609375143190846 0.9229167148005217 0.16406250244472176 0.11562500172294676
0 0.4054687560419552 0.6854167024139315 0.16406250244472176 0.1406250020954758
1 0.6132812591386028 0.7697917068144307 0.30468750454019755 0.24218750360887498
1 0.26328125392319635 0.9197917146375403 0.048437500721774995 0.051562500768341124
0 0.6640625098953024 0.19583334354683757 0.15000000223517418 0.15000000223517418
0 0.5242187578114681 0.36770835251081735 0.12031250179279596 0.14218750211875886
0 0.8375000124797225 0.5520833621267229 0.1968750029336661 0.15000000223517418
0 0.642968759580981 0.3781250197207555 0.16093750239815563 0.17343750258442014
0 0.327343754877802 0.5270833608228713 0.20468750305008143 0.21562500321306288
0 0.11015625164145604 0.6833333689719439 0.10468750155996531 0.1531250022817403
0 0.7960937618627213 0.1979166769888252 0.10468750155996531 0.1531250022817403
0 0.8835937631665729 0.7645833732094616 0.1140625016996637 0.15000000223517418
0 0.09609375143190846 0.9229167148005217 0.16406250244472176 0.11562500172294676
0 0.4054687560419552 0.6854167024139315 0.16406250244472176 0.1406250020954758
1 0.6132812591386028 0.7697917068144307 0.30468750454019755 0.24218750360887498
1 0.26328125392319635 0.9197917146375403 0.048437500721774995 0.051562500768341124
0 0.6640625098953024 0.19583334354683757 0.15000000223517418 0.15000000223517418
0 0.5242187578114681 0.36770835251081735 0.12031250179279596 0.14218750211875886
0 0.8375000124797225 0.5520833621267229 0.1968750029336661 0.15000000223517418
0 0.642968759580981 0.3781250197207555 0.16093750239815563 0.17343750258442014
0 0.327343754877802 0.5270833608228713 0.20468750305008143 0.21562500321306288
0 0.11015625164145604 0.6833333689719439 0.10468750155996531 0.1531250022817403
0 0.7960937618627213 0.1979166769888252 0.10468750155996531 0.1531250022817403
0 0.8835937631665729 0.7645833732094616 0.1140625016996637 0.15000000223517418
0 0.09609375143190846 0.9229167148005217 0.16406250244472176 0.11562500172294676
0 0.4054687560419552 0.6854167024139315 0.16406250244472176 0.1406250020954758
1 0.6132812591386028 0.7697917068144307 0.30468750454019755 0.24218750360887498
1 0.26328125392319635 0.9197917146375403 0.048437500721774995 0.051562500768341124
0 0.6640625098953024 0.19583334354683757 0.15000000223517418 0.15000000223517418
0 0.5242187578114681 0.36770835251081735 0.12031250179279596 0.14218750211875886
0 0.8375000124797225 0.5520833621267229 0.1968750029336661 0.15000000223517418
0 0.642968759580981 0.3781250197207555 0.16093750239815563 0.17343750258442014
0 0.327343754877802 0.5270833608228713 0.20468750305008143 0.21562500321306288
0 0.11015625164145604 0.6833333689719439 0.10468750155996531 0.1531250022817403
0 0.7960937618627213 0.1979166769888252 0.10468750155996531 0.1531250022817403
0 0.8835937631665729 0.7645833732094616 0.1140625016996637 0.15000000223517418
0 0.09609375143190846 0.9229167148005217 0.16406250244472176 0.11562500172294676
0 0.4054687560419552 0.6854167024139315 0.16406250244472176 0.1406250020954758
1 0.6132812591386028 0.7697917068144307 0.30468750454019755 0.24218750360887498
1 0.26328125392319635 0.9197917146375403 0.048437500721774995 0.051562500768341124
0 0.6640625098953024 0.19583334354683757 0.15000000223517418 0.15000000223517418
0 0.5242187578114681 0.36770835251081735 0.12031250179279596 0.14218750211875886
0 0.8375000124797225 0.5520833621267229 0.1968750029336661 0.15000000223517418
0 0.642968759580981 0.3781250197207555 0.16093750239815563 0.17343750258442014
0 0.327343754877802 0.5270833608228713 0.20468750305008143 0.21562500321306288
0 0.11015625164145604 0.6833333689719439 0.10468750155996531 0.1531250022817403
0 0.7960937618627213 0.1979166769888252 0.10468750155996531 0.1531250022817403
0 0.8835937631665729 0.7645833732094616 0.1140625016996637 0.15000000223517418
0 0.09609375143190846 0.9229167148005217 0.16406250244472176 0.11562500172294676
0 0.4054687560419552 0.6854167024139315 0.16406250244472176 0.1406250020954758
1 0.6132812591386028 0.7697917068144307 0.30468750454019755 0.24218750360887498
2 0.26328125392319635 0.9197917146375403 0.048437500721774995 0.051562500768341124
0 0.6640625098953024 0.19583334354683757 0.15000000223517418 0.15000000223517418
0 0.5242187578114681 0.36770835251081735 0.12031250179279596 0.14218750211875886
0 0.8375000124797225 0.5520833621267229 0.1968750029336661 0.15000000223517418
0 0.642968759580981 0.3781250197207555 0.16093750239815563 0.17343750258442014
0 0.327343754877802 0.5270833608228713 0.20468750305008143 0.21562500321306288
0 0.11015625164145604 0.6833333689719439 0.10468750155996531 0.1531250022817403
0 0.7960937618627213 0.1979166769888252 0.10468750155996531 0.1531250022817403
0 0.8835937631665729 0.7645833732094616 0.1140625016996637 0.15000000223517418
0 0.09609375143190846 0.9229167148005217 0.16406250244472176 0.11562500172294676
0 0.4054687560419552 0.6854167024139315 0.16406250244472176 0.1406250020954758
1 0.6132812591386028 0.7697917068144307 0.30468750454019755 0.24218750360887498
2 0.26328125392319635 0.9197917146375403 0.048437500721774995 0.051562500768341124
0 0.6640625098953024 0.19583334354683757 0.15000000223517418 0.15000000223517418
0 0.524218738079071 0.36770835518836975 0.12031250447034836 0.14218750596046448
0 0.8375000357627869 0.5520833730697632 0.19687500596046448 0.15000000596046448
0 0.6429687738418579 0.37812501192092896 0.16093750298023224 0.17343750596046448
0 0.32734376192092896 0.5270833373069763 0.20468750596046448 0.21562500298023224
0 0.11015625298023224 0.6833333969116211 0.10468750447034836 0.15312500298023224
0 0.796093761920929 0.1979166716337204 0.10468750447034836 0.15312500298023224
0 0.883593738079071 0.7645833492279053 0.11406250298023224 0.15000000596046448
0 0.09609375149011612 0.9229167103767395 0.1640625 0.11562500149011612
0 0.40546876192092896 0.6854166984558105 0.1640625 0.140625
1 0.61328125 0.7697917222976685 0.3046875 0.2421875
2 0.2632812559604645 0.9197916984558105 0.04843750223517418 0.05156249925494194
0 0.6640625 0.19583334028720856 0.15000000596046448 0.15000000596046448
0 0.524218738079071 0.36770835518836975 0.12031250447034836 0.14218750596046448
0 0.8375000357627869 0.5520833730697632 0.19687500596046448 0.15000000596046448
0 0.6429687738418579 0.37812501192092896 0.16093750298023224 0.17343750596046448
0 0.32734376192092896 0.5270833373069763 0.20468750596046448 0.21562500298023224
0 0.11015625298023224 0.6833333969116211 0.10468750447034836 0.15312500298023224
0 0.796093761920929 0.1979166716337204 0.10468750447034836 0.15312500298023224
0 0.883593738079071 0.7645833492279053 0.11406250298023224 0.15000000596046448
0 0.09609375149011612 0.9229167103767395 0.1640625 0.11562500149011612
0 0.40546876192092896 0.6854166984558105 0.1640625 0.140625
1 0.61328125 0.7697917222976685 0.3046875 0.2421875
2 0.2632812559604645 0.9197916984558105 0.04843750223517418 0.05156249925494194
0 0.6640625 0.19583334028720856 0.15000000596046448 0.15000000596046448
0 0.524218738079071 0.36770835518836975 0.12031250447034836 0.14218750596046448
0 0.8375000357627869 0.5520833730697632 0.19687500596046448 0.15000000596046448
0 0.6429687738418579 0.37812501192092896 0.16093750298023224 0.17343750596046448
0 0.32734376192092896 0.5270833373069763 0.20468750596046448 0.21562500298023224
0 0.11015625298023224 0.6833333969116211 0.10468750447034836 0.15312500298023224
0 0.796093761920929 0.1979166716337204 0.10468750447034836 0.15312500298023224
0 0.883593738079071 0.7645833492279053 0.11406250298023224 0.15000000596046448
0 0.09609375149011612 0.9229167103767395 0.1640625 0.11562500149011612
0 0.40546876192092896 0.6854166984558105 0.1640625 0.140625
1 0.61328125 0.7697917222976685 0.3046875 0.2421875
2 0.2632812559604645 0.9197916984558105 0.04843750223517418 0.05156249925494194
0 0.6640625 0.19583334028720856 0.15000000596046448 0.15000000596046448
0 0.524218738079071 0.36770835518836975 0.12031250447034836 0.14218750596046448
0 0.8375000357627869 0.5520833730697632 0.19687500596046448 0.15000000596046448
0 0.6429687738418579 0.37812501192092896 0.16093750298023224 0.17343750596046448
0 0.32734376192092896 0.5270833373069763 0.20468750596046448 0.21562500298023224
0 0.11015625298023224 0.6833333969116211 0.10468750447034836 0.15312500298023224
0 0.796093761920929 0.1979166716337204 0.10468750447034836 0.15312500298023224
0 0.883593738079071 0.7645833492279053 0.11406250298023224 0.15000000596046448
0 0.09609375149011612 0.9229167103767395 0.1640625 0.11562500149011612
0 0.40546876192092896 0.6854166984558105 0.1640625 0.140625
1 0.61328125 0.7697917222976685 0.3046875 0.2421875
2 0.2632812559604645 0.9197916984558105 0.04843750223517418 0.05156249925494194
0 0.6640625 0.19583334028720856 0.15000000596046448 0.15000000596046448
0 0.524218738079071 0.36770835518836975 0.12031250447034836 0.14218750596046448
0 0.8375000357627869 0.5520833730697632 0.19687500596046448 0.15000000596046448
0 0.6429687738418579 0.37812501192092896 0.16093750298023224 0.17343750596046448
0 0.32734376192092896 0.5270833373069763 0.20468750596046448 0.21562500298023224
0 0.11015625298023224 0.6833333969116211 0.10468750447034836 0.15312500298023224
0 0.796093761920929 0.1979166716337204 0.10468750447034836 0.15312500298023224
0 0.883593738079071 0.7645833492279053 0.11406250298023224 0.15000000596046448
0 0.09609375149011612 0.9229167103767395 0.1640625 0.11562500149011612
0 0.40546876192092896 0.6854166984558105 0.1640625 0.140625
1 0.61328125 0.7697917222976685 0.3046875 0.2421875
2 0.2632812559604645 0.9197916984558105 0.04843750223517418 0.05156249925494194
0 0.6640625 0.19583334028720856 0.15000000596046448 0.15000000596046448
0 0.524218738079071 0.36770835518836975 0.12031250447034836 0.14218750596046448
0 0.8375000357627869 0.5520833730697632 0.19687500596046448 0.15000000596046448
0 0.6429687738418579 0.37812501192092896 0.16093750298023224 0.17343750596046448
0 0.32734376192092896 0.5270833373069763 0.20468750596046448 0.21562500298023224
0 0.11015625298023224 0.6833333969116211 0.10468750447034836 0.15312500298023224
0 0.796093761920929 0.1979166716337204 0.10468750447034836 0.15312500298023224
0 0.883593738079071 0.7645833492279053 0.11406250298023224 0.15000000596046448
0 0.09609375149011612 0.9229167103767395 0.1640625 0.11562500149011612
0 0.40546876192092896 0.6854166984558105 0.1640625 0.140625
1 0.61328125 0.7697917222976685 0.3046875 0.2421875
2 0.2632812559604645 0.9197916984558105 0.04843750223517418 0.05156249925494194
0 0.6640625 0.19583334028720856 0.15000000596046448 0.15000000596046448
0 0.524218738079071 0.36770835518836975 0.12031250447034836 0.14218750596046448
0 0.8375000357627869 0.5520833730697632 0.19687500596046448 0.15000000596046448
0 0.6429687738418579 0.37812501192092896 0.16093750298023224 0.17343750596046448
0 0.32734376192092896 0.5270833373069763 0.20468750596046448 0.21562500298023224
0 0.11015625298023224 0.6833333969116211 0.10468750447034836 0.15312500298023224
0 0.796093761920929 0.1979166716337204 0.10468750447034836 0.15312500298023224
0 0.883593738079071 0.7645833492279053 0.11406250298023224 0.15000000596046448
0 0.09609375149011612 0.9229167103767395 0.1640625 0.11562500149011612
0 0.40546876192092896 0.6854166984558105 0.1640625 0.140625
1 0.61328125 0.7697917222976685 0.3046875 0.2421875
2 0.2632812559604645 0.9197916984558105 0.04843750223517418 0.05156249925494194
0 0.6640625 0.19583334028720856 0.15000000596046448 0.15000000596046448
