0 0.7976562618860044 0.6791667020879686 0.1265625018859282 0.13750000204890966
0 0.8164062621654011 0.8031250418862328 0.1359375020256266 0.1359375020256266
0 0.9421875140396878 0.7770833738613874 0.11562500172294676 0.15937500237487257
0 0.5570312583004124 0.8041667086072266 0.17343750258442014 0.17812500265426934
0 0.46015625685686246 0.5770833634305745 0.1265625018859282 0.14375000214204192
0 0.12812500190921128 0.7697917068144307 0.1625000024214387 0.17656250263098627
0 0.3054687545518391 0.3145833497401327 0.1265625018859282 0.17812500265426934
0 0.40156250598374754 0.7812500407453626 0.16875000251457095 0.20312500302679837
1 0.509375007590279 0.27395834762137383 0.27500000409781933 0.2453125036554411
0 0.7976562618860044 0.6791667020879686 0.1265625018859282 0.13750000204890966
0 0.8164062621654011 0.8031250418862328 0.1359375020256266 0.1359375020256266
0 0.9421875140396878 0.7770833738613874 0.11562500172294676 0.15937500237487257
0 0.5570312583004124 0.8041667086072266 0.17343750258442014 0.17812500265426934
0 0.46015625685686246 0.5770833634305745 0.1265625018859282 0.14375000214204192
0 0.12812500190921128 0.7697917068144307 0.1625000024214387 0.17656250263098627
0 0.3054687545518391 0.3145833497401327 0.1265625018859282 0.17812500265426934
0 0.40156250598374754 0.7812500407453626 0.16875000251457095 0.20312500302679837
1 0.509375007590279 0.27395834762137383 0.27500000409781933 0.2453125036554411
0 0.7976562618860044 0.6791667020879686 0.1265625018859282 0.13750000204890966
0 0.8164062621654011 0.8031250418862328 0.1359375020256266 0.1359375020256266
0 0.9421875140396878 0.7770833738613874 0.11562500172294676 0.15937500237487257
0 0.5570312583004124 0.8041667086072266 0.17343750258442014 0.17812500265426934
0 0.46015625685686246 0.5770833634305745 0.1265625018859282 0.14375000214204192
0 0.12812500190921128 0.7697917068144307 0.1625000024214387 0.17656250263098627
0 0.3054687545518391 0.3145833497401327 0.1265625018859282 0.17812500265426934
0 0.40156250598374754 0.7812500407453626 0.16875000251457095 0.20312500302679837
1 0.509375007590279 0.27395834762137383 0.27500000409781933 0.2453125036554411
0 0.7976562618860044 0.6791667020879686 0.1265625018859282 0.13750000204890966
0 0.8164062621654011 0.8031250418862328 0.1359375020256266 0.1359375020256266
0 0.9421875140396878 0.7770833738613874 0.11562500172294676 0.15937500237487257
0 0.5570312583004124 0.8041667086072266 0.17343750258442014 0.17812500265426934
0 0.46015625685686246 0.5770833634305745 0.1265625018859282 0.14375000214204192
0 0.12812500190921128 0.7697917068144307 0.1625000024214387 0.17656250263098627
0 0.3054687545518391 0.3145833497401327 0.1265625018859282 0.17812500265426934
0 0.40156250598374754 0.7812500407453626 0.16875000251457095 0.20312500302679837
1 0.509375007590279 0.27395834762137383 0.27500000409781933 0.2453125036554411
0 0.7976562618860044 0.6791667020879686 0.1265625018859282 0.13750000204890966
0 0.8164062621654011 0.8031250418862328 0.1359375020256266 0.1359375020256266
0 0.9421875140396878 0.7770833738613874 0.11562500172294676 0.15937500237487257
0 0.5570312583004124 0.8041667086072266 0.17343750258442014 0.17812500265426934
0 0.46015625685686246 0.5770833634305745 0.1265625018859282 0.14375000214204192
0 0.12812500190921128 0.7697917068144307 0.1625000024214387 0.17656250263098627
0 0.3054687545518391 0.3145833497401327 0.1265625018859282 0.17812500265426934
0 0.40156250598374754 0.7812500407453626 0.16875000251457095 0.20312500302679837
1 0.509375007590279 0.27395834762137383 0.27500000409781933 0.2453125036554411
0 0.7976562618860044 0.6791667020879686 0.1265625018859282 0.13750000204890966
0 0.8164062621654011 0.8031250418862328 0.1359375020256266 0.1359375020256266
0 0.9421875140396878 0.7770833738613874 0.11562500172294676 0.15937500237487257
0 0.5570312583004124 0.8041667086072266 0.17343750258442014 0.17812500265426934
0 0.46015625685686246 0.5770833634305745 0.1265625018859282 0.14375000214204192
0 0.12812500190921128 0.7697917068144307 0.1625000024214387 0.17656250263098627
0 0.3054687545518391 0.3145833497401327 0.1265625018859282 0.17812500265426934
0 0.40156250598374754 0.7812500407453626 0.16875000251457095 0.20312500302679837
1 0.509375007590279 0.27395834762137383 0.27500000409781933 0.2453125036554411
0 0.7976562618860044 0.6791667020879686 0.1265625018859282 0.13750000204890966
0 0.8164062621654011 0.8031250418862328 0.1359375020256266 0.1359375020256266
0 0.9421875140396878 0.7770833738613874 0.11562500172294676 0.15937500237487257
0 0.5570312583004124 0.8041667086072266 0.17343750258442014 0.17812500265426934
0 0.46015625685686246 0.5770833634305745 0.1265625018859282 0.14375000214204192
0 0.12812500190921128 0.7697917068144307 0.1625000024214387 0.17656250263098627
0 0.3054687545518391 0.3145833497401327 0.1265625018859282 0.17812500265426934
0 0.40156250598374754 0.7812500407453626 0.16875000251457095 0.20312500302679837
1 0.509375007590279 0.27395834762137383 0.27500000409781933 0.2453125036554411
0 0.7976562618860044 0.6791667020879686 0.1265625018859282 0.13750000204890966
0 0.8164062621654011 0.8031250418862328 0.1359375020256266 0.1359375020256266
0 0.9421875140396878 0.7770833738613874 0.11562500172294676 0.15937500237487257
0 0.5570312583004124 0.8041667086072266 0.17343750258442014 0.17812500265426934
0 0.46015625685686246 0.5770833634305745 0.1265625018859282 0.14375000214204192
0 0.12812500190921128 0.7697917068144307 0.1625000024214387 0.17656250263098627
0 0.3054687545518391 0.3145833497401327 0.1265625018859282 0.17812500265426934
0 0.40156250598374754 0.7812500407453626 0.16875000251457095 0.20312500302679837
1 0.509375007590279 0.27395834762137383 0.27500000409781933 0.2453125036554411
0 0.7976562618860044 0.6791667020879686 0.1265625018859282 0.13750000204890966
0 0.8164062621654011 0.8031250418862328 0.1359375020256266 0.1359375020256266
0 0.9421875140396878 0.7770833738613874 0.11562500172294676 0.15937500237487257
0 0.5570312583004124 0.8041667086072266 0.17343750258442014 0.17812500265426934
0 0.46015625685686246 0.5770833634305745 0.1265625018859282 0.14375000214204192
0 0.12812500190921128 0.7697917068144307 0.1625000024214387 0.17656250263098627
0 0.3054687545518391 0.3145833497401327 0.1265625018859282 0.17812500265426934
0 0.40156250598374754 0.7812500407453626 0.16875000251457095 0.20312500302679837
1 0.509375007590279 0.27395834762137383 0.27500000409781933 0.2453125036554411
0 0.7976562618860044 0.6791667020879686 0.1265625018859282 0.13750000204890966
0 0.8164062621654011 0.8031250418862328 0.1359375020256266 0.1359375020256266
0 0.9421875140396878 0.7770833738613874 0.11562500172294676 0.15937500237487257
0 0.5570312583004124 0.8041667086072266 0.17343750258442014 0.17812500265426934
0 0.46015625685686246 0.5770833634305745 0.1265625018859282 0.14375000214204192
0 0.12812500190921128 0.7697917068144307 0.1625000024214387 0.17656250263098627
0 0.3054687545518391 0.3145833497401327 0.1265625018859282 0.17812500265426934
0 0.40156250598374754 0.7812500407453626 0.16875000251457095 0.20312500302679837
1 0.509375007590279 0.27395834762137383 0.27500000409781933 0.2453125036554411
0 0.7976562618860044 0.6791667020879686 0.1265625018859282 0.13750000204890966
0 0.8164062621654011 0.8031250418862328 0.1359375020256266 0.1359375020256266
0 0.9421875140396878 0.7770833738613874 0.11562500172294676 0.15937500237487257
0 0.5570312583004124 0.8041667086072266 0.17343750258442014 0.17812500265426934
0 0.46015625685686246 0.5770833634305745 0.1265625018859282 0.14375000214204192
0 0.12812500190921128 0.7697917068144307 0.1625000024214387 0.17656250263098627
0 0.3054687545518391 0.3145833497401327 0.1265625018859282 0.17812500265426934
0 0.40156250598374754 0.7812500407453626 0.16875000251457095 0.20312500302679837
1 0.509375007590279 0.27395834762137383 0.27500000409781933 0.2453125036554411
0 0.7976562618860044 0.6791667020879686 0.1265625018859282 0.13750000204890966
0 0.8164062621654011 0.8031250418862328 0.1359375020256266 0.1359375020256266
0 0.9421875140396878 0.7770833738613874 0.11562500172294676 0.15937500237487257
0 0.5570312583004124 0.8041667086072266 0.17343750258442014 0.17812500265426934
0 0.46015625685686246 0.5770833634305745 0.1265625018859282 0.14375000214204192
0 0.12812500190921128 0.7697917068144307 0.1625000024214387 0.17656250263098627
0 0.3054687545518391 0.3145833497401327 0.1265625018859282 0.17812500265426934
0 0.40156250598374754 0.7812500407453626 0.16875000251457095 0.20312500302679837
1 0.509375007590279 0.27395834762137383 0.27500000409781933 0.2453125036554411
0 0.7976562618860044 0.6791667020879686 0.1265625018859282 0.13750000204890966
0 0.8164062621654011 0.8031250418862328 0.1359375020256266 0.1359375020256266
0 0.9421875140396878 0.7770833738613874 0.11562500172294676 0.15937500237487257
0 0.5570312583004124 0.8041667086072266 0.17343750258442014 0.17812500265426934
0 0.46015625685686246 0.5770833634305745 0.1265625018859282 0.14375000214204192
0 0.12812500190921128 0.7697917068144307 0.1625000024214387 0.17656250263098627
0 0.3054687545518391 0.3145833497401327 0.1265625018859282 0.17812500265426934
0 0.40156250598374754 0.7812500407453626 0.16875000251457095 0.20312500302679837
1 0.509375007590279 0.27395834762137383 0.27500000409781933 0.2453125036554411
0 0.7976562618860044 0.6791667020879686 0.1265625018859282 0.13750000204890966
0 0.8164062621654011 0.8031250418862328 0.1359375020256266 0.1359375020256266
0 0.9421875140396878 0.7770833738613874 0.11562500172294676 0.15937500237487257
0 0.5570312583004124 0.8041667086072266 0.17343750258442014 0.17812500265426934
0 0.46015625685686246 0.5770833634305745 0.1265625018859282 0.14375000214204192
0 0.12812500190921128 0.7697917068144307 0.1625000024214387 0.17656250263098627
0 0.3054687545518391 0.3145833497401327 0.1265625018859282 0.17812500265426934
0 0.40156250598374754 0.7812500407453626 0.16875000251457095 0.20312500302679837
1 0.509375007590279 0.27395834762137383 0.27500000409781933 0.2453125036554411
0 0.7976562618860044 0.6791667020879686 0.1265625018859282 0.13750000204890966
0 0.8164062621654011 0.8031250418862328 0.1359375020256266 0.1359375020256266
0 0.9421875140396878 0.7770833738613874 0.11562500172294676 0.15937500237487257
0 0.5570312583004124 0.8041667086072266 0.17343750258442014 0.17812500265426934
0 0.46015625685686246 0.5770833634305745 0.1265625018859282 0.14375000214204192
0 0.12812500190921128 0.7697917068144307 0.1625000024214387 0.17656250263098627
0 0.3054687545518391 0.3145833497401327 0.1265625018859282 0.17812500265426934
0 0.40156250598374754 0.7812500407453626 0.16875000251457095 0.20312500302679837
1 0.509375007590279 0.27395834762137383 0.27500000409781933 0.2453125036554411
0 0.797656238079071 0.6791666746139526 0.12656250596046448 0.13750000298023224
0 0.81640625 0.8031250238418579 0.13593749701976776 0.13593749701976776
0 0.942187488079071 0.7770833969116211 0.11562500149011612 0.15937499701976776
0 0.5570312738418579 0.8041667342185974 0.17343750596046448 0.17812500894069672
0 0.46015626192092896 0.5770833492279053 0.12656250596046448 0.14374999701976776
0 0.12812499701976776 0.7697917222976685 0.16250000894069672 0.17656250298023224
0 0.30546876788139343 0.31458336114883423 0.12656250596046448 0.17812500894069672
0 0.40156251192092896 0.7812500596046448 0.16875000298023224 0.203125
1 0.5093750357627869 0.27395835518836975 0.2750000059604645 0.24531249701976776
0 0.797656238079071 0.6791666746139526 0.12656250596046448 0.13750000298023224
0 0.81640625 0.8031250238418579 0.13593749701976776 0.13593749701976776
0 0.942187488079071 0.7770833969116211 0.11562500149011612 0.15937499701976776
0 0.5570312738418579 0.8041667342185974 0.17343750596046448 0.17812500894069672
0 0.46015626192092896 0.5770833492279053 0.12656250596046448 0.14374999701976776
0 0.12812499701976776 0.7697917222976685 0.16250000894069672 0.17656250298023224
0 0.30546876788139343 0.31458336114883423 0.12656250596046448 0.17812500894069672
0 0.40156251192092896 0.7812500596046448 0.16875000298023224 0.203125
1 0.5093750357627869 0.27395835518836975 0.2750000059604645 0.24531249701976776
0 0.797656238079071 0.6791666746139526 0.12656250596046448 0.13750000298023224
0 0.81640625 0.8031250238418579 0.13593749701976776 0.13593749701976776
0 0.942187488079071 0.7770833969116211 0.11562500149011612 0.15937499701976776
0 0.5570312738418579 0.8041667342185974 0.17343750596046448 0.17812500894069672
0 0.46015626192092896 0.5770833492279053 0.12656250596046448 0.14374999701976776
0 0.12812499701976776 0.7697917222976685 0.16250000894069672 0.17656250298023224
0 0.30546876788139343 0.31458336114883423 0.12656250596046448 0.17812500894069672
0 0.40156251192092896 0.7812500596046448 0.16875000298023224 0.203125
1 0.5093750357627869 0.27395835518836975 0.2750000059604645 0.24531249701976776
0 0.797656238079071 0.6791666746139526 0.12656250596046448 0.13750000298023224
0 0.81640625 0.8031250238418579 0.13593749701976776 0.13593749701976776
0 0.942187488079071 0.7770833969116211 0.11562500149011612 0.15937499701976776
0 0.5570312738418579 0.8041667342185974 0.17343750596046448 0.17812500894069672
0 0.46015626192092896 0.5770833492279053 0.12656250596046448 0.14374999701976776
0 0.12812499701976776 0.7697917222976685 0.16250000894069672 0.17656250298023224
0 0.30546876788139343 0.31458336114883423 0.12656250596046448 0.17812500894069672
0 0.40156251192092896 0.7812500596046448 0.16875000298023224 0.203125
1 0.5093750357627869 0.27395835518836975 0.2750000059604645 0.24531249701976776
0 0.797656238079071 0.6791666746139526 0.12656250596046448 0.13750000298023224
0 0.81640625 0.8031250238418579 0.13593749701976776 0.13593749701976776
0 0.942187488079071 0.7770833969116211 0.11562500149011612 0.15937499701976776
0 0.5570312738418579 0.8041667342185974 0.17343750596046448 0.17812500894069672
0 0.46015626192092896 0.5770833492279053 0.12656250596046448 0.14374999701976776
0 0.12812499701976776 0.7697917222976685 0.16250000894069672 0.17656250298023224
0 0.30546876788139343 0.31458336114883423 0.12656250596046448 0.17812500894069672
0 0.40156251192092896 0.7812500596046448 0.16875000298023224 0.203125
1 0.5093750357627869 0.27395835518836975 0.2750000059604645 0.24531249701976776
0 0.797656238079071 0.6791666746139526 0.12656250596046448 0.13750000298023224
0 0.81640625 0.8031250238418579 0.13593749701976776 0.13593749701976776
0 0.942187488079071 0.7770833969116211 0.11562500149011612 0.15937499701976776
0 0.5570312738418579 0.8041667342185974 0.17343750596046448 0.17812500894069672
0 0.46015626192092896 0.5770833492279053 0.12656250596046448 0.14374999701976776
0 0.12812499701976776 0.7697917222976685 0.16250000894069672 0.17656250298023224
0 0.30546876788139343 0.31458336114883423 0.12656250596046448 0.17812500894069672
0 0.40156251192092896 0.7812500596046448 0.16875000298023224 0.203125
1 0.5093750357627869 0.27395835518836975 0.2750000059604645 0.24531249701976776
0 0.797656238079071 0.6791666746139526 0.12656250596046448 0.13750000298023224
0 0.81640625 0.8031250238418579 0.13593749701976776 0.13593749701976776
0 0.942187488079071 0.7770833969116211 0.11562500149011612 0.15937499701976776
0 0.5570312738418579 0.8041667342185974 0.17343750596046448 0.17812500894069672
0 0.46015626192092896 0.5770833492279053 0.12656250596046448 0.14374999701976776
0 0.12812499701976776 0.7697917222976685 0.16250000894069672 0.17656250298023224
0 0.30546876788139343 0.31458336114883423 0.12656250596046448 0.17812500894069672
0 0.40156251192092896 0.7812500596046448 0.16875000298023224 0.203125
1 0.5093750357627869 0.27395835518836975 0.2750000059604645 0.24531249701976776
