0 0.47734375711297616 0.825000043027103 0.17031250253785402 0.17187500256113708
0 0.5875000087544322 0.9239583815215155 0.17812500265426934 0.11093750165309757
0 0.7210937607451342 0.7958333748392761 0.17031250253785402 0.17187500256113708
0 0.7109375105937943 0.5812500303145498 0.1312500019557774 0.1406250020954758
0 0.5820312586729415 0.6291666994802654 0.17031250253785402 0.17187500256113708
0 0.4023437559953891 0.2916666818782687 0.17031250253785402 0.17187500256113708
0 0.32656250486616045 0.33125001727603376 0.16562500246800482 0.1625000024214387
0 0.5195312577416189 0.073958337190561 0.16093750239815563 0.10781250160653144
0 0.692968760326039 0.3041666825301945 0.17031250253785402 0.17187500256113708
0 0.7750000115483999 0.08541667112149298 0.16562500246800482 0.12500000186264515
0 0.14375000214204192 0.36250001890584826 0.19062500284053385 0.15000000223517418
0 0.255468753806781 0.1489583411021158 0.1796875026775524 0.1671875024912879
1 0.23984375357395038 0.6593750343890861 0.25156250374857336 0.2328125034691766
0 0.47734375711297616 0.825000043027103 0.17031250253785402 0.17187500256113708
0 0.5875000087544322 0.9239583815215155 0.17812500265426934 0.11093750165309757
0 0.7210937607451342 0.7958333748392761 0.17031250253785402 0.17187500256113708
0 0.7109375105937943 0.5812500303145498 0.1312500019557774 0.1406250020954758
0 0.5820312586729415 0.6291666994802654 0.17031250253785402 0.17187500256113708
0 0.4023437559953891 0.2916666818782687 0.17031250253785402 0.17187500256113708
0 0.32656250486616045 0.33125001727603376 0.16562500246800482 0.1625000024214387
0 0.5195312577416189 0.073958337190561 0.16093750239815563 0.10781250160653144
0 0.692968760326039 0.3041666825301945 0.17031250253785402 0.17187500256113708
0 0.7750000115483999 0.08541667112149298 0.16562500246800482 0.12500000186264515
0 0.14375000214204192 0.36250001890584826 0.19062500284053385 0.15000000223517418
0 0.255468753806781 0.1489583411021158 0.1796875026775524 0.1671875024912879
1 0.23984375357395038 0.6593750343890861 0.25156250374857336 0.2328125034691766
0 0.47734375711297616 0.825000043027103 0.17031250253785402 0.17187500256113708
0 0.5875000087544322 0.9239583815215155 0.17812500265426934 0.11093750165309757
0 0.7210937607451342 0.7958333748392761 0.17031250253785402 0.17187500256113708
0 0.7109375105937943 0.5812500303145498 0.1312500019557774 0.1406250020954758
0 0.5820312586729415 0.6291666994802654 0.17031250253785402 0.17187500256113708
0 0.4023437559953891 0.2916666818782687 0.17031250253785402 0.17187500256113708
0 0.32656250486616045 0.33125001727603376 0.16562500246800482 0.1625000024214387
0 0.5195312577416189 0.073958337190561 0.16093750239815563 0.10781250160653144
0 0.692968760326039 0.3041666825301945 0.17031250253785402 0.17187500256113708
0 0.7750000115483999 0.08541667112149298 0.16562500246800482 0.12500000186264515
0 0.14375000214204192 0.36250001890584826 0.19062500284053385 0.15000000223517418
0 0.255468753806781 0.1489583411021158 0.1796875026775524 0.1671875024912879
1 0.23984375357395038 0.6593750343890861 0.25156250374857336 0.2328125034691766
0 0.47734375711297616 0.825000043027103 0.17031250253785402 0.17187500256113708
0 0.5875000087544322 0.9239583815215155 0.17812500265426934 0.11093750165309757
0 0.7210937607451342 0.7958333748392761 0.17031250253785402 0.17187500256113708
0 0.7109375105937943 0.5812500303145498 0.1312500019557774 0.1406250020954758
0 0.5820312586729415 0.6291666994802654 0.17031250253785402 0.17187500256113708
0 0.4023437559953891 0.2916666818782687 0.17031250253785402 0.17187500256113708
0 0.32656250486616045 0.33125001727603376 0.16562500246800482 0.1625000024214387
0 0.5195312577416189 0.073958337190561 0.16093750239815563 0.10781250160653144
0 0.692968760326039 0.3041666825301945 0.17031250253785402 0.17187500256113708
0 0.7750000115483999 0.08541667112149298 0.16562500246800482 0.12500000186264515
0 0.14375000214204192 0.36250001890584826 0.19062500284053385 0.15000000223517418
0 0.255468753806781 0.1489583411021158 0.1796875026775524 0.1671875024912879
1 0.23984375357395038 0.6593750343890861 0.25156250374857336 0.2328125034691766
0 0.47734375711297616 0.825000043027103 0.17031250253785402 0.17187500256113708
0 0.5875000087544322 0.9239583815215155 0.17812500265426934 0.11093750165309757
0 0.7210937607451342 0.7958333748392761 0.17031250253785402 0.17187500256113708
0 0.7109375105937943 0.5812500303145498 0.1312500019557774 0.1406250020954758
0 0.5820312586729415 0.6291666994802654 0.17031250253785402 0.17187500256113708
0 0.4023437559953891 0.2916666818782687 0.17031250253785402 0.17187500256113708
0 0.32656250486616045 0.33125001727603376 0.16562500246800482 0.1625000024214387
0 0.5195312577416189 0.073958337190561 0.16093750239815563 0.10781250160653144
0 0.692968760326039 0.3041666825301945 0.17031250253785402 0.17187500256113708
0 0.7750000115483999 0.08541667112149298 0.16562500246800482 0.12500000186264515
0 0.14375000214204192 0.36250001890584826 0.19062500284053385 0.15000000223517418
0 0.255468753806781 0.1489583411021158 0.1796875026775524 0.1671875024912879
1 0.23984375357395038 0.6593750343890861 0.25156250374857336 0.2328125034691766
0 0.47734375711297616 0.825000043027103 0.17031250253785402 0.17187500256113708
0 0.5875000087544322 0.9239583815215155 0.17812500265426934 0.11093750165309757
0 0.7210937607451342 0.7958333748392761 0.17031250253785402 0.17187500256113708
0 0.7109375105937943 0.5812500303145498 0.1312500019557774 0.1406250020954758
0 0.5820312586729415 0.6291666994802654 0.17031250253785402 0.17187500256113708
0 0.4023437559953891 0.2916666818782687 0.17031250253785402 0.17187500256113708
0 0.32656250486616045 0.33125001727603376 0.16562500246800482 0.1625000024214387
0 0.5195312577416189 0.073958337190561 0.16093750239815563 0.10781250160653144
0 0.692968760326039 0.3041666825301945 0.17031250253785402 0.17187500256113708
0 0.7750000115483999 0.08541667112149298 0.16562500246800482 0.12500000186264515
0 0.14375000214204192 0.36250001890584826 0.19062500284053385 0.15000000223517418
0 0.255468753806781 0.1489583411021158 0.1796875026775524 0.1671875024912879
1 0.23984375357395038 0.6593750343890861 0.25156250374857336 0.2328125034691766
0 0.47734375711297616 0.825000043027103 0.17031250253785402 0.17187500256113708
0 0.5875000087544322 0.9239583815215155 0.17812500265426934 0.11093750165309757
0 0.7210937607451342 0.7958333748392761 0.17031250253785402 0.17187500256113708
0 0.7109375105937943 0.5812500303145498 0.1312500019557774 0.1406250020954758
0 0.5820312586729415 0.6291666994802654 0.17031250253785402 0.17187500256113708
0 0.4023437559953891 0.2916666818782687 0.17031250253785402 0.17187500256113708
0 0.32656250486616045 0.33125001727603376 0.16562500246800482 0.1625000024214387
0 0.5195312577416189 0.073958337190561 0.16093750239815563 0.10781250160653144
0 0.692968760326039 0.3041666825301945 0.17031250253785402 0.17187500256113708
0 0.7750000115483999 0.08541667112149298 0.16562500246800482 0.12500000186264515
0 0.14375000214204192 0.36250001890584826 0.19062500284053385 0.15000000223517418
0 0.255468753806781 0.1489583411021158 0.1796875026775524 0.1671875024912879
1 0.23984375357395038 0.6593750343890861 0.25156250374857336 0.2328125034691766
0 0.47734375711297616 0.825000043027103 0.17031250253785402 0.17187500256113708
0 0.5875000087544322 0.9239583815215155 0.17812500265426934 0.11093750165309757
0 0.7210937607451342 0.7958333748392761 0.17031250253785402 0.17187500256113708
0 0.7109375105937943 0.5812500303145498 0.1312500019557774 0.1406250020954758
0 0.5820312586729415 0.6291666994802654 0.17031250253785402 0.17187500256113708
0 0.4023437559953891 0.2916666818782687 0.17031250253785402 0.17187500256113708
0 0.32656250486616045 0.33125001727603376 0.16562500246800482 0.1625000024214387
0 0.5195312577416189 0.073958337190561 0.16093750239815563 0.10781250160653144
0 0.692968760326039 0.3041666825301945 0.17031250253785402 0.17187500256113708
0 0.7750000115483999 0.08541667112149298 0.16562500246800482 0.12500000186264515
0 0.14375000214204192 0.36250001890584826 0.19062500284053385 0.15000000223517418
0 0.255468753806781 0.1489583411021158 0.1796875026775524 0.1671875024912879
1 0.23984375357395038 0.6593750343890861 0.25156250374857336 0.2328125034691766
0 0.47734375711297616 0.825000043027103 0.17031250253785402 0.17187500256113708
0 0.5875000087544322 0.9239583815215155 0.17812500265426934 0.11093750165309757
0 0.7210937607451342 0.7958333748392761 0.17031250253785402 0.17187500256113708
0 0.7109375105937943 0.5812500303145498 0.1312500019557774 0.1406250020954758
0 0.5820312586729415 0.6291666994802654 0.17031250253785402 0.17187500256113708
0 0.4023437559953891 0.2916666818782687 0.17031250253785402 0.17187500256113708
0 0.32656250486616045 0.33125001727603376 0.16562500246800482 0.1625000024214387
0 0.5195312577416189 0.073958337190561 0.16093750239815563 0.10781250160653144
0 0.692968760326039 0.3041666825301945 0.17031250253785402 0.17187500256113708
0 0.7750000115483999 0.08541667112149298 0.16562500246800482 0.12500000186264515
0 0.14375000214204192 0.36250001890584826 0.19062500284053385 0.15000000223517418
0 0.255468753806781 0.1489583411021158 0.1796875026775524 0.1671875024912879
1 0.23984375357395038 0.6593750343890861 0.25156250374857336 0.2328125034691766
0 0.47734375711297616 0.825000043027103 0.17031250253785402 0.17187500256113708
0 0.5875000087544322 0.9239583815215155 0.17812500265426934 0.11093750165309757
0 0.7210937607451342 0.7958333748392761 0.17031250253785402 0.17187500256113708
0 0.7109375105937943 0.5812500303145498 0.1312500019557774 0.1406250020954758
0 0.5820312586729415 0.6291666994802654 0.17031250253785402 0.17187500256113708
0 0.4023437559953891 0.2916666818782687 0.17031250253785402 0.17187500256113708
0 0.32656250486616045 0.33125001727603376 0.16562500246800482 0.1625000024214387
0 0.5195312577416189 0.073958337190561 0.16093750239815563 0.10781250160653144
0 0.692968760326039 0.3041666825301945 0.17031250253785402 0.17187500256113708
0 0.7750000115483999 0.08541667112149298 0.16562500246800482 0.12500000186264515
0 0.14375000214204192 0.36250001890584826 0.19062500284053385 0.15000000223517418
0 0.255468753806781 0.1489583411021158 0.1796875026775524 0.1671875024912879
1 0.23984375357395038 0.6593750343890861 0.25156250374857336 0.2328125034691766
0 0.47734375711297616 0.825000043027103 0.17031250253785402 0.17187500256113708
0 0.5875000087544322 0.9239583815215155 0.17812500265426934 0.11093750165309757
0 0.7210937607451342 0.7958333748392761 0.17031250253785402 0.17187500256113708
0 0.7109375105937943 0.5812500303145498 0.1312500019557774 0.1406250020954758
0 0.5820312586729415 0.6291666994802654 0.17031250253785402 0.17187500256113708
0 0.4023437559953891 0.2916666818782687 0.17031250253785402 0.17187500256113708
0 0.32656250486616045 0.33125001727603376 0.16562500246800482 0.1625000024214387
0 0.5195312577416189 0.073958337190561 0.16093750239815563 0.10781250160653144
0 0.692968760326039 0.3041666825301945 0.17031250253785402 0.17187500256113708
0 0.7750000115483999 0.08541667112149298 0.16562500246800482 0.12500000186264515
0 0.14375000214204192 0.36250001890584826 0.19062500284053385 0.15000000223517418
0 0.255468753806781 0.1489583411021158 0.1796875026775524 0.1671875024912879
1 0.23984375357395038 0.6593750343890861 0.25156250374857336 0.2328125034691766
0 0.47734375711297616 0.825000043027103 0.17031250253785402 0.17187500256113708
0 0.5875000087544322 0.9239583815215155 0.17812500265426934 0.11093750165309757
0 0.7210937607451342 0.7958333748392761 0.17031250253785402 0.17187500256113708
0 0.7109375105937943 0.5812500303145498 0.1312500019557774 0.1406250020954758
0 0.5820312586729415 0.6291666994802654 0.17031250253785402 0.17187500256113708
0 0.4023437559953891 0.2916666818782687 0.17031250253785402 0.17187500256113708
0 0.32656250486616045 0.33125001727603376 0.16562500246800482 0.1625000024214387
0 0.5195312577416189 0.073958337190561 0.16093750239815563 0.10781250160653144
0 0.692968760326039 0.3041666825301945 0.17031250253785402 0.17187500256113708
0 0.7750000115483999 0.08541667112149298 0.16562500246800482 0.12500000186264515
0 0.14375000214204192 0.36250001890584826 0.19062500284053385 0.15000000223517418
0 0.255468753806781 0.1489583411021158 0.1796875026775524 0.1671875024912879
1 0.23984375357395038 0.6593750343890861 0.25156250374857336 0.2328125034691766
0 0.47734375711297616 0.825000043027103 0.17031250253785402 0.17187500256113708
0 0.5875000087544322 0.9239583815215155 0.17812500265426934 0.11093750165309757
0 0.7210937607451342 0.7958333748392761 0.17031250253785402 0.17187500256113708
0 0.7109375105937943 0.5812500303145498 0.1312500019557774 0.1406250020954758
0 0.5820312586729415 0.6291666994802654 0.17031250253785402 0.17187500256113708
0 0.4023437559953891 0.2916666818782687 0.17031250253785402 0.17187500256113708
0 0.32656250486616045 0.33125001727603376 0.16562500246800482 0.1625000024214387
0 0.5195312577416189 0.073958337190561 0.16093750239815563 0.10781250160653144
0 0.692968760326039 0.3041666825301945 0.17031250253785402 0.17187500256113708
0 0.7750000115483999 0.08541667112149298 0.16562500246800482 0.12500000186264515
0 0.14375000214204192 0.36250001890584826 0.19062500284053385 0.15000000223517418
0 0.255468753806781 0.1489583411021158 0.1796875026775524 0.1671875024912879
1 0.23984375357395038 0.6593750343890861 0.25156250374857336 0.2328125034691766
0 0.47734375711297616 0.825000043027103 0.17031250253785402 0.17187500256113708
0 0.5875000087544322 0.9239583815215155 0.17812500265426934 0.11093750165309757
0 0.7210937607451342 0.7958333748392761 0.17031250253785402 0.17187500256113708
0 0.7109375105937943 0.5812500303145498 0.1312500019557774 0.1406250020954758
0 0.5820312586729415 0.6291666994802654 0.17031250253785402 0.17187500256113708
0 0.4023437559953891 0.2916666818782687 0.17031250253785402 0.17187500256113708
0 0.32656250486616045 0.33125001727603376 0.16562500246800482 0.1625000024214387
0 0.5195312577416189 0.073958337190561 0.16093750239815563 0.10781250160653144
0 0.692968760326039 0.3041666825301945 0.17031250253785402 0.17187500256113708
0 0.7750000115483999 0.08541667112149298 0.16562500246800482 0.12500000186264515
0 0.14375000214204192 0.36250001890584826 0.19062500284053385 0.15000000223517418
0 0.255468753806781 0.1489583411021158 0.1796875026775524 0.1671875024912879
1 0.23984375357395038 0.6593750343890861 0.25156250374857336 0.2328125034691766
0 0.47734375711297616 0.825000043027103 0.17031250253785402 0.17187500256113708
0 0.5875000087544322 0.9239583815215155 0.17812500265426934 0.11093750165309757
0 0.7210937607451342 0.7958333748392761 0.17031250253785402 0.17187500256113708
0 0.7109375105937943 0.5812500303145498 0.1312500019557774 0.1406250020954758
0 0.5820312586729415 0.6291666994802654 0.17031250253785402 0.17187500256113708
0 0.4023437559953891 0.2916666818782687 0.17031250253785402 0.17187500256113708
0 0.32656250486616045 0.33125001727603376 0.16562500246800482 0.1625000024214387
0 0.5195312577416189 0.073958337190561 0.16093750239815563 0.10781250160653144
0 0.692968760326039 0.3041666825301945 0.17031250253785402 0.17187500256113708
0 0.7750000115483999 0.08541667112149298 0.16562500246800482 0.12500000186264515
0 0.14375000214204192 0.36250001890584826 0.19062500284053385 0.15000000223517418
0 0.255468753806781 0.1489583411021158 0.1796875026775524 0.1671875024912879
1 0.23984375357395038 0.6593750343890861 0.25156250374857336 0.2328125034691766
0 0.47734376788139343 0.8250000476837158 0.17031250894069672 0.171875
0 0.5875000357627869 0.9239583611488342 0.17812500894069672 0.11093749850988388
0 0.7210937738418579 0.7958333492279053 0.17031250894069672 0.171875
0 0.7109375 0.581250011920929 0.13125000894069672 0.140625
0 0.58203125 0.6291667222976685 0.17031250894069672 0.171875
0 0.40234375 0.2916666865348816 0.17031250894069672 0.171875
0 0.3265624940395355 0.33125001192092896 0.16562500596046448 0.16250000894069672
0 0.51953125 0.07395833730697632 0.16093750298023224 0.10781250149011612
0 0.6929687857627869 0.30416667461395264 0.17031250894069672 0.171875
0 0.7750000357627869 0.08541667461395264 0.16562500596046448 0.125
0 0.14374999701976776 0.36250001192092896 0.19062499701976776 0.15000000596046448
0 0.2554687559604645 0.14895834028720856 0.1796875 0.16718749701976776
1 0.23984375596046448 0.659375011920929 0.2515625059604645 0.23281250894069672
0 0.47734376788139343 0.8250000476837158 0.17031250894069672 0.171875
0 0.5875000357627869 0.9239583611488342 0.17812500894069672 0.11093749850988388
0 0.7210937738418579 0.7958333492279053 0.17031250894069672 0.171875
0 0.7109375 0.581250011920929 0.13125000894069672 0.140625
0 0.58203125 0.6291667222976685 0.17031250894069672 0.171875
0 0.40234375 0.2916666865348816 0.17031250894069672 0.171875
0 0.3265624940395355 0.33125001192092896 0.16562500596046448 0.16250000894069672
0 0.51953125 0.07395833730697632 0.16093750298023224 0.10781250149011612
0 0.6929687857627869 0.30416667461395264 0.17031250894069672 0.171875
0 0.7750000357627869 0.08541667461395264 0.16562500596046448 0.125
0 0.14374999701976776 0.36250001192092896 0.19062499701976776 0.15000000596046448
0 0.2554687559604645 0.14895834028720856 0.1796875 0.16718749701976776
1 0.23984375596046448 0.659375011920929 0.2515625059604645 0.23281250894069672
0 0.47734376788139343 0.8250000476837158 0.17031250894069672 0.171875
0 0.5875000357627869 0.9239583611488342 0.17812500894069672 0.11093749850988388
0 0.7210937738418579 0.7958333492279053 0.17031250894069672 0.171875
0 0.7109375 0.581250011920929 0.13125000894069672 0.140625
0 0.58203125 0.6291667222976685 0.17031250894069672 0.171875
0 0.40234375 0.2916666865348816 0.17031250894069672 0.171875
0 0.3265624940395355 0.33125001192092896 0.16562500596046448 0.16250000894069672
0 0.51953125 0.07395833730697632 0.16093750298023224 0.10781250149011612
0 0.6929687857627869 0.30416667461395264 0.17031250894069672 0.171875
0 0.7750000357627869 0.08541667461395264 0.16562500596046448 0.125
0 0.14374999701976776 0.36250001192092896 0.19062499701976776 0.15000000596046448
0 0.2554687559604645 0.14895834028720856 0.1796875 0.16718749701976776
1 0.23984375596046448 0.659375011920929 0.2515625059604645 0.23281250894069672
0 0.47734376788139343 0.8250000476837158 0.17031250894069672 0.171875
0 0.5875000357627869 0.9239583611488342 0.17812500894069672 0.11093749850988388
0 0.7210937738418579 0.7958333492279053 0.17031250894069672 0.171875
0 0.7109375 0.581250011920929 0.13125000894069672 0.140625
0 0.58203125 0.6291667222976685 0.17031250894069672 0.171875
0 0.40234375 0.2916666865348816 0.17031250894069672 0.171875
0 0.3265624940395355 0.33125001192092896 0.16562500596046448 0.16250000894069672
0 0.51953125 0.07395833730697632 0.16093750298023224 0.10781250149011612
0 0.6929687857627869 0.30416667461395264 0.17031250894069672 0.171875
0 0.7750000357627869 0.08541667461395264 0.16562500596046448 0.125
0 0.14374999701976776 0.36250001192092896 0.19062499701976776 0.15000000596046448
0 0.2554687559604645 0.14895834028720856 0.1796875 0.16718749701976776
1 0.23984375596046448 0.659375011920929 0.2515625059604645 0.23281250894069672
0 0.47734376788139343 0.8250000476837158 0.17031250894069672 0.171875
0 0.5875000357627869 0.9239583611488342 0.17812500894069672 0.11093749850988388
0 0.7210937738418579 0.7958333492279053 0.17031250894069672 0.171875
0 0.7109375 0.581250011920929 0.13125000894069672 0.140625
0 0.58203125 0.6291667222976685 0.17031250894069672 0.171875
0 0.40234375 0.2916666865348816 0.17031250894069672 0.171875
0 0.3265624940395355 0.33125001192092896 0.16562500596046448 0.16250000894069672
0 0.51953125 0.07395833730697632 0.16093750298023224 0.10781250149011612
0 0.6929687857627869 0.30416667461395264 0.17031250894069672 0.171875
0 0.7750000357627869 0.08541667461395264 0.16562500596046448 0.125
0 0.14374999701976776 0.36250001192092896 0.19062499701976776 0.15000000596046448
0 0.2554687559604645 0.14895834028720856 0.1796875 0.16718749701976776
1 0.23984375596046448 0.659375011920929 0.2515625059604645 0.23281250894069672
0 0.47734376788139343 0.8250000476837158 0.17031250894069672 0.171875
0 0.5875000357627869 0.9239583611488342 0.17812500894069672 0.11093749850988388
0 0.7210937738418579 0.7958333492279053 0.17031250894069672 0.171875
0 0.7109375 0.581250011920929 0.13125000894069672 0.140625
0 0.58203125 0.6291667222976685 0.17031250894069672 0.171875
0 0.40234375 0.2916666865348816 0.17031250894069672 0.171875
0 0.3265624940395355 0.33125001192092896 0.16562500596046448 0.16250000894069672
0 0.51953125 0.07395833730697632 0.16093750298023224 0.10781250149011612
0 0.6929687857627869 0.30416667461395264 0.17031250894069672 0.171875
0 0.7750000357627869 0.08541667461395264 0.16562500596046448 0.125
0 0.14374999701976776 0.36250001192092896 0.19062499701976776 0.15000000596046448
0 0.2554687559604645 0.14895834028720856 0.1796875 0.16718749701976776
1 0.23984375596046448 0.659375011920929 0.2515625059604645 0.23281250894069672
0 0.47734376788139343 0.8250000476837158 0.17031250894069672 0.171875
0 0.5875000357627869 0.9239583611488342 0.17812500894069672 0.11093749850988388
0 0.7210937738418579 0.7958333492279053 0.17031250894069672 0.171875
0 0.7109375 0.581250011920929 0.13125000894069672 0.140625
0 0.58203125 0.6291667222976685 0.17031250894069672 0.171875
0 0.40234375 0.2916666865348816 0.17031250894069672 0.171875
0 0.3265624940395355 0.33125001192092896 0.16562500596046448 0.16250000894069672
0 0.51953125 0.07395833730697632 0.16093750298023224 0.10781250149011612
0 0.6929687857627869 0.30416667461395264 0.17031250894069672 0.171875
0 0.7750000357627869 0.08541667461395264 0.16562500596046448 0.125
0 0.14374999701976776 0.36250001192092896 0.19062499701976776 0.15000000596046448
0 0.2554687559604645 0.14895834028720856 0.1796875 0.16718749701976776
1 0.23984375596046448 0.659375011920929 0.2515625059604645 0.23281250894069672
