0 0.7062500105239451 0.6166666988283396 0.1625000024214387 0.1531250022817403
0 0.7062500105239451 0.73958337190561 0.1625000024214387 0.1531250022817403
0 0.9187500136904418 0.4958333591930568 0.1625000024214387 0.1531250022817403
0 0.6007812589523382 0.09166667144745588 0.16406250244472176 0.13437500200234354
0 0.182031252712477 0.19375001010484993 0.16093750239815563 0.1750000026077032
0 0.7875000117346644 0.10729167226236314 0.1625000024214387 0.1359375020256266
0 0.7718750115018338 0.4145833549555391 0.1625000024214387 0.16875000251457095
0 0.47500000707805157 0.44791669002734125 0.1625000024214387 0.1531250022817403
0 0.06250000093132257 0.3458333513699472 0.12187500181607902 0.15625000232830644
0 0.5492187581839971 0.8677083785878494 0.1578125023515895 0.1578125023515895
0 0.5914062588126399 0.2968750154832378 0.1578125023515895 0.1578125023515895
1 0.27265625406289473 0.7916667079553008 0.2578125038417056 0.21562500321306288
1 0.2984375044470653 0.25000001303851604 0.05625000083819032 0.05625000083819032
1 0.9664062644005753 0.8739583789138123 0.06406250095460564 0.06406250095460564
0 0.7062500105239451 0.6166666988283396 0.1625000024214387 0.1531250022817403
0 0.7062500105239451 0.73958337190561 0.1625000024214387 0.1531250022817403
0 0.9187500136904418 0.4958333591930568 0.1625000024214387 0.1531250022817403
0 0.6007812589523382 0.09166667144745588 0.16406250244472176 0.13437500200234354
0 0.182031252712477 0.19375001010484993 0.16093750239815563 0.1750000026077032
0 0.7875000117346644 0.10729167226236314 0.1625000024214387 0.1359375020256266
0 0.7718750115018338 0.4145833549555391 0.1625000024214387 0.16875000251457095
0 0.47500000707805157 0.44791669002734125 0.1625000024214387 0.1531250022817403
0 0.06250000093132257 0.3458333513699472 0.12187500181607902 0.15625000232830644
0 0.5492187581839971 0.8677083785878494 0.1578125023515895 0.1578125023515895
0 0.5914062588126399 0.2968750154832378 0.1578125023515895 0.1578125023515895
1 0.27265625406289473 0.7916667079553008 0.2578125038417056 0.21562500321306288
1 0.2984375044470653 0.25000001303851604 0.05625000083819032 0.05625000083819032
1 0.9664062644005753 0.8739583789138123 0.06406250095460564 0.06406250095460564
0 0.7062500105239451 0.6166666988283396 0.1625000024214387 0.1531250022817403
0 0.7062500105239451 0.73958337190561 0.1625000024214387 0.1531250022817403
0 0.9187500136904418 0.4958333591930568 0.1625000024214387 0.1531250022817403
0 0.6007812589523382 0.09166667144745588 0.16406250244472176 0.13437500200234354
0 0.182031252712477 0.19375001010484993 0.16093750239815563 0.1750000026077032
0 0.7875000117346644 0.10729167226236314 0.1625000024214387 0.1359375020256266
0 0.7718750115018338 0.4145833549555391 0.1625000024214387 0.16875000251457095
0 0.47500000707805157 0.44791669002734125 0.1625000024214387 0.1531250022817403
0 0.06250000093132257 0.3458333513699472 0.12187500181607902 0.15625000232830644
0 0.5492187581839971 0.8677083785878494 0.1578125023515895 0.1578125023515895
0 0.5914062588126399 0.2968750154832378 0.1578125023515895 0.1578125023515895
1 0.27265625406289473 0.7916667079553008 0.2578125038417056 0.21562500321306288
1 0.2984375044470653 0.25000001303851604 0.05625000083819032 0.05625000083819032
1 0.9664062644005753 0.8739583789138123 0.06406250095460564 0.06406250095460564
0 0.7062500105239451 0.6166666988283396 0.1625000024214387 0.1531250022817403
0 0.7062500105239451 0.73958337190561 0.1625000024214387 0.1531250022817403
0 0.9187500136904418 0.4958333591930568 0.1625000024214387 0.1531250022817403
0 0.6007812589523382 0.09166667144745588 0.16406250244472176 0.13437500200234354
0 0.182031252712477 0.19375001010484993 0.16093750239815563 0.1750000026077032
0 0.7875000117346644 0.10729167226236314 0.1625000024214387 0.1359375020256266
0 0.7718750115018338 0.4145833549555391 0.1625000024214387 0.16875000251457095
0 0.47500000707805157 0.44791669002734125 0.1625000024214387 0.1531250022817403
0 0.06250000093132257 0.3458333513699472 0.12187500181607902 0.15625000232830644
0 0.5492187581839971 0.8677083785878494 0.1578125023515895 0.1578125023515895
0 0.5914062588126399 0.2968750154832378 0.1578125023515895 0.1578125023515895
1 0.27265625406289473 0.7916667079553008 0.2578125038417056 0.21562500321306288
1 0.2984375044470653 0.25000001303851604 0.05625000083819032 0.05625000083819032
1 0.9664062644005753 0.8739583789138123 0.06406250095460564 0.06406250095460564
0 0.7062500105239451 0.6166666988283396 0.1625000024214387 0.1531250022817403
0 0.7062500105239451 0.73958337190561 0.1625000024214387 0.1531250022817403
0 0.9187500136904418 0.4958333591930568 0.1625000024214387 0.1531250022817403
0 0.6007812589523382 0.09166667144745588 0.16406250244472176 0.13437500200234354
0 0.182031252712477 0.19375001010484993 0.16093750239815563 0.1750000026077032
0 0.7875000117346644 0.10729167226236314 0.1625000024214387 0.1359375020256266
0 0.7718750115018338 0.4145833549555391 0.1625000024214387 0.16875000251457095
0 0.47500000707805157 0.44791669002734125 0.1625000024214387 0.1531250022817403
0 0.06250000093132257 0.3458333513699472 0.12187500181607902 0.15625000232830644
0 0.5492187581839971 0.8677083785878494 0.1578125023515895 0.1578125023515895
0 0.5914062588126399 0.2968750154832378 0.1578125023515895 0.1578125023515895
1 0.27265625406289473 0.7916667079553008 0.2578125038417056 0.21562500321306288
1 0.2984375044470653 0.25000001303851604 0.05625000083819032 0.05625000083819032
1 0.9664062644005753 0.8739583789138123 0.06406250095460564 0.06406250095460564
0 0.7062500105239451 0.6166666988283396 0.1625000024214387 0.1531250022817403
0 0.7062500105239451 0.73958337190561 0.1625000024214387 0.1531250022817403
0 0.9187500136904418 0.4958333591930568 0.1625000024214387 0.1531250022817403
0 0.6007812589523382 0.09166667144745588 0.16406250244472176 0.13437500200234354
0 0.182031252712477 0.19375001010484993 0.16093750239815563 0.1750000026077032
0 0.7875000117346644 0.10729167226236314 0.1625000024214387 0.1359375020256266
0 0.7718750115018338 0.4145833549555391 0.1625000024214387 0.16875000251457095
0 0.47500000707805157 0.44791669002734125 0.1625000024214387 0.1531250022817403
0 0.06250000093132257 0.3458333513699472 0.12187500181607902 0.15625000232830644
0 0.5492187581839971 0.8677083785878494 0.1578125023515895 0.1578125023515895
0 0.5914062588126399 0.2968750154832378 0.1578125023515895 0.1578125023515895
1 0.27265625406289473 0.7916667079553008 0.2578125038417056 0.21562500321306288
1 0.2984375044470653 0.25000001303851604 0.05625000083819032 0.05625000083819032
1 0.9664062644005753 0.8739583789138123 0.06406250095460564 0.06406250095460564
0 0.7062500105239451 0.6166666988283396 0.1625000024214387 0.1531250022817403
0 0.7062500105239451 0.73958337190561 0.1625000024214387 0.1531250022817403
0 0.9187500136904418 0.4958333591930568 0.1625000024214387 0.1531250022817403
0 0.6007812589523382 0.09166667144745588 0.16406250244472176 0.13437500200234354
0 0.182031252712477 0.19375001010484993 0.16093750239815563 0.1750000026077032
0 0.7875000117346644 0.10729167226236314 0.1625000024214387 0.1359375020256266
0 0.7718750115018338 0.4145833549555391 0.1625000024214387 0.16875000251457095
0 0.47500000707805157 0.44791669002734125 0.1625000024214387 0.1531250022817403
0 0.06250000093132257 0.3458333513699472 0.12187500181607902 0.15625000232830644
0 0.5492187581839971 0.8677083785878494 0.1578125023515895 0.1578125023515895
0 0.5914062588126399 0.2968750154832378 0.1578125023515895 0.1578125023515895
1 0.27265625406289473 0.7916667079553008 0.2578125038417056 0.21562500321306288
1 0.2984375044470653 0.25000001303851604 0.05625000083819032 0.05625000083819032
1 0.9664062644005753 0.8739583789138123 0.06406250095460564 0.06406250095460564
0 0.7062500105239451 0.6166666988283396 0.1625000024214387 0.1531250022817403
0 0.7062500105239451 0.73958337190561 0.1625000024214387 0.1531250022817403
0 0.9187500136904418 0.4958333591930568 0.1625000024214387 0.1531250022817403
0 0.6007812589523382 0.09166667144745588 0.16406250244472176 0.13437500200234354
0 0.182031252712477 0.19375001010484993 0.16093750239815563 0.1750000026077032
0 0.7875000117346644 0.10729167226236314 0.1625000024214387 0.1359375020256266
0 0.7718750115018338 0.4145833549555391 0.1625000024214387 0.16875000251457095
0 0.47500000707805157 0.44791669002734125 0.1625000024214387 0.1531250022817403
0 0.06250000093132257 0.3458333513699472 0.12187500181607902 0.15625000232830644
0 0.5492187581839971 0.8677083785878494 0.1578125023515895 0.1578125023515895
0 0.5914062588126399 0.2968750154832378 0.1578125023515895 0.1578125023515895
1 0.27265625406289473 0.7916667079553008 0.2578125038417056 0.21562500321306288
1 0.2984375044470653 0.25000001303851604 0.05625000083819032 0.05625000083819032
1 0.9664062644005753 0.8739583789138123 0.06406250095460564 0.06406250095460564
0 0.7062500105239451 0.6166666988283396 0.1625000024214387 0.1531250022817403
0 0.7062500105239451 0.73958337190561 0.1625000024214387 0.1531250022817403
0 0.9187500136904418 0.4958333591930568 0.1625000024214387 0.1531250022817403
0 0.6007812589523382 0.09166667144745588 0.16406250244472176 0.13437500200234354
0 0.182031252712477 0.19375001010484993 0.16093750239815563 0.1750000026077032
0 0.7875000117346644 0.10729167226236314 0.1625000024214387 0.1359375020256266
0 0.7718750115018338 0.4145833549555391 0.1625000024214387 0.16875000251457095
0 0.47500000707805157 0.44791669002734125 0.1625000024214387 0.1531250022817403
0 0.06250000093132257 0.3458333513699472 0.12187500181607902 0.15625000232830644
0 0.5492187581839971 0.8677083785878494 0.1578125023515895 0.1578125023515895
0 0.5914062588126399 0.2968750154832378 0.1578125023515895 0.1578125023515895
1 0.27265625406289473 0.7916667079553008 0.2578125038417056 0.21562500321306288
1 0.2984375044470653 0.25000001303851604 0.05625000083819032 0.05625000083819032
1 0.9664062644005753 0.8739583789138123 0.06406250095460564 0.06406250095460564
0 0.7062500105239451 0.6166666988283396 0.1625000024214387 0.1531250022817403
0 0.7062500105239451 0.73958337190561 0.1625000024214387 0.1531250022817403
0 0.9187500136904418 0.4958333591930568 0.1625000024214387 0.1531250022817403
0 0.6007812589523382 0.09166667144745588 0.16406250244472176 0.13437500200234354
0 0.182031252712477 0.19375001010484993 0.16093750239815563 0.1750000026077032
0 0.7875000117346644 0.10729167226236314 0.1625000024214387 0.1359375020256266
0 0.7718750115018338 0.4145833549555391 0.1625000024214387 0.16875000251457095
0 0.47500000707805157 0.44791669002734125 0.1625000024214387 0.1531250022817403
0 0.06250000093132257 0.3458333513699472 0.12187500181607902 0.15625000232830644
0 0.5492187581839971 0.8677083785878494 0.1578125023515895 0.1578125023515895
0 0.5914062588126399 0.2968750154832378 0.1578125023515895 0.1578125023515895
1 0.27265625406289473 0.7916667079553008 0.2578125038417056 0.21562500321306288
1 0.2984375044470653 0.25000001303851604 0.05625000083819032 0.05625000083819032
1 0.9664062644005753 0.8739583789138123 0.06406250095460564 0.06406250095460564
0 0.7062500105239451 0.6166666988283396 0.1625000024214387 0.1531250022817403
0 0.7062500105239451 0.73958337190561 0.1625000024214387 0.1531250022817403
0 0.9187500136904418 0.4958333591930568 0.1625000024214387 0.1531250022817403
0 0.6007812589523382 0.09166667144745588 0.16406250244472176 0.13437500200234354
0 0.182031252712477 0.19375001010484993 0.16093750239815563 0.1750000026077032
0 0.7875000117346644 0.10729167226236314 0.1625000024214387 0.1359375020256266
0 0.7718750115018338 0.4145833549555391 0.1625000024214387 0.16875000251457095
0 0.47500000707805157 0.44791669002734125 0.1625000024214387 0.1531250022817403
0 0.06250000093132257 0.3458333513699472 0.12187500181607902 0.15625000232830644
0 0.5492187581839971 0.8677083785878494 0.1578125023515895 0.1578125023515895
0 0.5914062588126399 0.2968750154832378 0.1578125023515895 0.1578125023515895
1 0.27265625406289473 0.7916667079553008 0.2578125038417056 0.21562500321306288
1 0.2984375044470653 0.25000001303851604 0.05625000083819032 0.05625000083819032
1 0.9664062644005753 0.8739583789138123 0.06406250095460564 0.06406250095460564
0 0.7062500105239451 0.6166666988283396 0.1625000024214387 0.1531250022817403
0 0.7062500105239451 0.73958337190561 0.1625000024214387 0.1531250022817403
0 0.9187500136904418 0.4958333591930568 0.1625000024214387 0.1531250022817403
0 0.6007812589523382 0.09166667144745588 0.16406250244472176 0.13437500200234354
0 0.182031252712477 0.19375001010484993 0.16093750239815563 0.1750000026077032
0 0.7875000117346644 0.10729167226236314 0.1625000024214387 0.1359375020256266
0 0.7718750115018338 0.4145833549555391 0.1625000024214387 0.16875000251457095
0 0.47500000707805157 0.44791669002734125 0.1625000024214387 0.1531250022817403
0 0.06250000093132257 0.3458333513699472 0.12187500181607902 0.15625000232830644
0 0.5492187581839971 0.8677083785878494 0.1578125023515895 0.1578125023515895
0 0.5914062588126399 0.2968750154832378 0.1578125023515895 0.1578125023515895
1 0.27265625406289473 0.7916667079553008 0.2578125038417056 0.21562500321306288
1 0.2984375044470653 0.25000001303851604 0.05625000083819032 0.05625000083819032
1 0.9664062644005753 0.8739583789138123 0.06406250095460564 0.06406250095460564
0 0.7062500105239451 0.6166666988283396 0.1625000024214387 0.1531250022817403
0 0.7062500105239451 0.73958337190561 0.1625000024214387 0.1531250022817403
0 0.9187500136904418 0.4958333591930568 0.1625000024214387 0.1531250022817403
0 0.6007812589523382 0.09166667144745588 0.16406250244472176 0.13437500200234354
0 0.182031252712477 0.19375001010484993 0.16093750239815563 0.1750000026077032
0 0.7875000117346644 0.10729167226236314 0.1625000024214387 0.1359375020256266
0 0.7718750115018338 0.4145833549555391 0.1625000024214387 0.16875000251457095
0 0.47500000707805157 0.44791669002734125 0.1625000024214387 0.1531250022817403
0 0.06250000093132257 0.3458333513699472 0.12187500181607902 0.15625000232830644
0 0.5492187581839971 0.8677083785878494 0.1578125023515895 0.1578125023515895
0 0.5914062588126399 0.2968750154832378 0.1578125023515895 0.1578125023515895
1 0.27265625406289473 0.7916667079553008 0.2578125038417056 0.21562500321306288
1 0.2984375044470653 0.25000001303851604 0.05625000083819032 0.05625000083819032
1 0.9664062644005753 0.8739583789138123 0.06406250095460564 0.06406250095460564
0 0.7062500105239451 0.6166666988283396 0.1625000024214387 0.1531250022817403
0 0.7062500105239451 0.73958337190561 0.1625000024214387 0.1531250022817403
0 0.9187500136904418 0.4958333591930568 0.1625000024214387 0.1531250022817403
0 0.6007812589523382 0.09166667144745588 0.16406250244472176 0.13437500200234354
0 0.182031252712477 0.19375001010484993 0.16093750239815563 0.1750000026077032
0 0.7875000117346644 0.10729167226236314 0.1625000024214387 0.1359375020256266
0 0.7718750115018338 0.4145833549555391 0.1625000024214387 0.16875000251457095
0 0.47500000707805157 0.44791669002734125 0.1625000024214387 0.1531250022817403
0 0.06250000093132257 0.3458333513699472 0.12187500181607902 0.15625000232830644
0 0.5492187581839971 0.8677083785878494 0.1578125023515895 0.1578125023515895
0 0.5914062588126399 0.2968750154832378 0.1578125023515895 0.1578125023515895
1 0.27265625406289473 0.7916667079553008 0.2578125038417056 0.21562500321306288
2 0.2984375044470653 0.25000001303851604 0.05625000083819032 0.05625000083819032
2 0.9664062644005753 0.8739583789138123 0.06406250095460564 0.06406250095460564
0 0.7062500105239451 0.6166666988283396 0.1625000024214387 0.1531250022817403
0 0.7062500105239451 0.73958337190561 0.1625000024214387 0.1531250022817403
0 0.9187500136904418 0.4958333591930568 0.1625000024214387 0.1531250022817403
0 0.6007812589523382 0.09166667144745588 0.16406250244472176 0.13437500200234354
0 0.182031252712477 0.19375001010484993 0.16093750239815563 0.1750000026077032
0 0.7875000117346644 0.10729167226236314 0.1625000024214387 0.1359375020256266
0 0.7718750115018338 0.4145833549555391 0.1625000024214387 0.16875000251457095
0 0.47500000707805157 0.44791669002734125 0.1625000024214387 0.1531250022817403
0 0.06250000093132257 0.3458333513699472 0.12187500181607902 0.15625000232830644
0 0.5492187581839971 0.8677083785878494 0.1578125023515895 0.1578125023515895
0 0.5914062588126399 0.2968750154832378 0.1578125023515895 0.1578125023515895
1 0.27265625406289473 0.7916667079553008 0.2578125038417056 0.21562500321306288
2 0.2984375044470653 0.25000001303851604 0.05625000083819032 0.05625000083819032
2 0.9664062644005753 0.8739583789138123 0.06406250095460564 0.06406250095460564
0 0.706250011920929 0.6166666746139526 0.16250000894069672 0.15312500298023224
0 0.706250011920929 0.7395833730697632 0.16250000894069672 0.15312500298023224
0 0.918749988079071 0.4958333671092987 0.16250000894069672 0.15312500298023224
0 0.600781261920929 0.09166666865348816 0.1640625 0.13437500596046448
0 0.18203125894069672 0.19375000894069672 0.16093750298023224 0.17499999701976776
0 0.7875000238418579 0.10729166865348816 0.16250000894069672 0.13593749701976776
0 0.7718750238418579 0.41458335518836975 0.16250000894069672 0.16875000298023224
0 0.4749999940395355 0.4479166865348816 0.16250000894069672 0.15312500298023224
0 0.0625 0.34583336114883423 0.12187500298023224 0.15625
0 0.5492187738418579 0.8677083849906921 0.15781250596046448 0.15781250596046448
0 0.5914062857627869 0.2968750298023224 0.15781250596046448 0.15781250596046448
1 0.27265626192092896 0.7916666865348816 0.2578125 0.21562500298023224
2 0.2984375059604645 0.25 0.05625000223517418 0.05625000223517418
2 0.9664062857627869 0.8739583492279053 0.06406249850988388 0.06406249850988388
0 0.706250011920929 0.6166666746139526 0.16250000894069672 0.15312500298023224
0 0.706250011920929 0.7395833730697632 0.16250000894069672 0.15312500298023224
0 0.918749988079071 0.4958333671092987 0.16250000894069672 0.15312500298023224
0 0.600781261920929 0.09166666865348816 0.1640625 0.13437500596046448
0 0.18203125894069672 0.19375000894069672 0.16093750298023224 0.17499999701976776
0 0.7875000238418579 0.10729166865348816 0.16250000894069672 0.13593749701976776
0 0.7718750238418579 0.41458335518836975 0.16250000894069672 0.16875000298023224
0 0.4749999940395355 0.4479166865348816 0.16250000894069672 0.15312500298023224
0 0.0625 0.34583336114883423 0.12187500298023224 0.15625
0 0.5492187738418579 0.8677083849906921 0.15781250596046448 0.15781250596046448
0 0.5914062857627869 0.2968750298023224 0.15781250596046448 0.15781250596046448
1 0.27265626192092896 0.7916666865348816 0.2578125 0.21562500298023224
2 0.2984375059604645 0.25 0.05625000223517418 0.05625000223517418
2 0.9664062857627869 0.8739583492279053 0.06406249850988388 0.06406249850988388
0 0.706250011920929 0.6166666746139526 0.16250000894069672 0.15312500298023224
0 0.706250011920929 0.7395833730697632 0.16250000894069672 0.15312500298023224
0 0.918749988079071 0.4958333671092987 0.16250000894069672 0.15312500298023224
0 0.600781261920929 0.09166666865348816 0.1640625 0.13437500596046448
0 0.18203125894069672 0.19375000894069672 0.16093750298023224 0.17499999701976776
0 0.7875000238418579 0.10729166865348816 0.16250000894069672 0.13593749701976776
0 0.7718750238418579 0.41458335518836975 0.16250000894069672 0.16875000298023224
0 0.4749999940395355 0.4479166865348816 0.16250000894069672 0.15312500298023224
0 0.0625 0.34583336114883423 0.12187500298023224 0.15625
0 0.5492187738418579 0.8677083849906921 0.15781250596046448 0.15781250596046448
0 0.5914062857627869 0.2968750298023224 0.15781250596046448 0.15781250596046448
1 0.27265626192092896 0.7916666865348816 0.2578125 0.21562500298023224
2 0.2984375059604645 0.25 0.05625000223517418 0.05625000223517418
2 0.9664062857627869 0.8739583492279053 0.06406249850988388 0.06406249850988388
0 0.706250011920929 0.6166666746139526 0.16250000894069672 0.15312500298023224
0 0.706250011920929 0.7395833730697632 0.16250000894069672 0.15312500298023224
0 0.918749988079071 0.4958333671092987 0.16250000894069672 0.15312500298023224
0 0.600781261920929 0.09166666865348816 0.1640625 0.13437500596046448
0 0.18203125894069672 0.19375000894069672 0.16093750298023224 0.17499999701976776
0 0.7875000238418579 0.10729166865348816 0.16250000894069672 0.13593749701976776
0 0.7718750238418579 0.41458335518836975 0.16250000894069672 0.16875000298023224
0 0.4749999940395355 0.4479166865348816 0.16250000894069672 0.15312500298023224
0 0.0625 0.34583336114883423 0.12187500298023224 0.15625
0 0.5492187738418579 0.8677083849906921 0.15781250596046448 0.15781250596046448
0 0.5914062857627869 0.2968750298023224 0.15781250596046448 0.15781250596046448
1 0.27265626192092896 0.7916666865348816 0.2578125 0.21562500298023224
2 0.2984375059604645 0.25 0.05625000223517418 0.05625000223517418
2 0.9664062857627869 0.8739583492279053 0.06406249850988388 0.06406249850988388
0 0.706250011920929 0.6166666746139526 0.16250000894069672 0.15312500298023224
0 0.706250011920929 0.7395833730697632 0.16250000894069672 0.15312500298023224
0 0.918749988079071 0.4958333671092987 0.16250000894069672 0.15312500298023224
0 0.600781261920929 0.09166666865348816 0.1640625 0.13437500596046448
0 0.18203125894069672 0.19375000894069672 0.16093750298023224 0.17499999701976776
0 0.7875000238418579 0.10729166865348816 0.16250000894069672 0.13593749701976776
0 0.7718750238418579 0.41458335518836975 0.16250000894069672 0.16875000298023224
0 0.4749999940395355 0.4479166865348816 0.16250000894069672 0.15312500298023224
0 0.0625 0.34583336114883423 0.12187500298023224 0.15625
0 0.5492187738418579 0.8677083849906921 0.15781250596046448 0.15781250596046448
0 0.5914062857627869 0.2968750298023224 0.15781250596046448 0.15781250596046448
1 0.27265626192092896 0.7916666865348816 0.2578125 0.21562500298023224
2 0.2984375059604645 0.25 0.05625000223517418 0.05625000223517418
2 0.9664062857627869 0.8739583492279053 0.06406249850988388 0.06406249850988388
0 0.706250011920929 0.6166666746139526 0.16250000894069672 0.15312500298023224
0 0.706250011920929 0.7395833730697632 0.16250000894069672 0.15312500298023224
0 0.918749988079071 0.4958333671092987 0.16250000894069672 0.15312500298023224
0 0.600781261920929 0.09166666865348816 0.1640625 0.13437500596046448
0 0.18203125894069672 0.19375000894069672 0.16093750298023224 0.17499999701976776
0 0.7875000238418579 0.10729166865348816 0.16250000894069672 0.13593749701976776
0 0.7718750238418579 0.41458335518836975 0.16250000894069672 0.16875000298023224
0 0.4749999940395355 0.4479166865348816 0.16250000894069672 0.15312500298023224
0 0.0625 0.34583336114883423 0.12187500298023224 0.15625
0 0.5492187738418579 0.8677083849906921 0.15781250596046448 0.15781250596046448
0 0.5914062857627869 0.2968750298023224 0.15781250596046448 0.15781250596046448
1 0.27265626192092896 0.7916666865348816 0.2578125 0.21562500298023224
2 0.2984375059604645 0.25 0.05625000223517418 0.05625000223517418
2 0.9664062857627869 0.8739583492279053 0.06406249850988388 0.06406249850988388
0 0.706250011920929 0.6166666746139526 0.16250000894069672 0.15312500298023224
0 0.706250011920929 0.7395833730697632 0.16250000894069672 0.15312500298023224
0 0.918749988079071 0.4958333671092987 0.16250000894069672 0.15312500298023224
0 0.600781261920929 0.09166666865348816 0.1640625 0.13437500596046448
0 0.18203125894069672 0.19375000894069672 0.16093750298023224 0.17499999701976776
0 0.7875000238418579 0.10729166865348816 0.16250000894069672 0.13593749701976776
0 0.7718750238418579 0.41458335518836975 0.16250000894069672 0.16875000298023224
0 0.4749999940395355 0.4479166865348816 0.16250000894069672 0.15312500298023224
0 0.0625 0.34583336114883423 0.12187500298023224 0.15625
0 0.5492187738418579 0.8677083849906921 0.15781250596046448 0.15781250596046448
0 0.5914062857627869 0.2968750298023224 0.15781250596046448 0.15781250596046448
1 0.27265626192092896 0.7916666865348816 0.2578125 0.21562500298023224
2 0.2984375059604645 0.25 0.05625000223517418 0.05625000223517418
2 0.9664062857627869 0.8739583492279053 0.06406249850988388 0.06406249850988388
