1 0.31953125476138666 0.21145834436174482 0.23906250356230885 0.22031250328291208
1 0.31953125476138666 0.21145834436174482 0.23906250356230885 0.22031250328291208
1 0.31953125476138666 0.21145834436174482 0.23906250356230885 0.22031250328291208
1 0.31953125476138666 0.21145834436174482 0.23906250356230885 0.22031250328291208
1 0.31953125476138666 0.21145834436174482 0.23906250356230885 0.22031250328291208
1 0.31953125476138666 0.21145834436174482 0.23906250356230885 0.22031250328291208
1 0.31953125476138666 0.21145834436174482 0.23906250356230885 0.22031250328291208
1 0.31953125476138666 0.21145834436174482 0.23906250356230885 0.22031250328291208
1 0.31953125476138666 0.21145834436174482 0.23906250356230885 0.22031250328291208
1 0.31953125476138666 0.21145834436174482 0.23906250356230885 0.22031250328291208
1 0.31953125476138666 0.21145834436174482 0.23906250356230885 0.22031250328291208
1 0.31953125476138666 0.21145834436174482 0.23906250356230885 0.22031250328291208
1 0.31953125476138666 0.21145834436174482 0.23906250356230885 0.22031250328291208
1 0.31953125476138666 0.21145834436174482 0.23906250356230885 0.22031250328291208
1 0.31953125476138666 0.21145834436174482 0.23906250356230885 0.22031250328291208
1 0.31953126192092896 0.21145834028720856 0.23906250298023224 0.22031250596046448
1 0.31953126192092896 0.21145834028720856 0.23906250298023224 0.22031250596046448
1 0.31953126192092896 0.21145834028720856 0.23906250298023224 0.22031250596046448
1 0.31953126192092896 0.21145834028720856 0.23906250298023224 0.22031250596046448
1 0.31953126192092896 0.21145834028720856 0.23906250298023224 0.22031250596046448
1 0.31953126192092896 0.21145834028720856 0.23906250298023224 0.22031250596046448
1 0.31953126192092896 0.21145834028720856 0.23906250298023224 0.22031250596046448
