0 0.4078125060768798 0.8156250425381586 0.1625000024214387 0.13906250207219273
0 0.5390625080326572 0.6812500355299562 0.18750000279396772 0.1531250022817403
0 0.25078125373693183 0.6854167024139315 0.17031250253785402 0.18750000279396772
0 0.23984375357395038 0.4645833575632423 0.1578125023515895 0.16562500246800482
0 0.1578125023515895 0.26979168073739856 0.1531250022817403 0.16093750239815563
0 0.8640625128755346 0.7385417051846161 0.1531250022817403 0.16093750239815563
0 0.7109375105937943 0.4343750226544216 0.1625000024214387 0.1671875024912879
0 0.5445312581141479 0.4125000215135515 0.17031250253785402 0.16562500246800482
0 0.6492187596741132 0.8604167115408927 0.17031250253785402 0.16562500246800482
0 0.1289062519208528 0.6416667001321912 0.17031250253785402 0.16562500246800482
0 0.1382812520605512 0.06562500342261046 0.17031250253785402 0.09531250142026693
0 0.4078125060768798 0.8156250425381586 0.1625000024214387 0.13906250207219273
0 0.5390625080326572 0.6812500355299562 0.18750000279396772 0.1531250022817403
0 0.25078125373693183 0.6854167024139315 0.17031250253785402 0.18750000279396772
0 0.23984375357395038 0.4645833575632423 0.1578125023515895 0.16562500246800482
0 0.1578125023515895 0.26979168073739856 0.1531250022817403 0.16093750239815563
0 0.8640625128755346 0.7385417051846161 0.1531250022817403 0.16093750239815563
0 0.7109375105937943 0.4343750226544216 0.1625000024214387 0.1671875024912879
0 0.5445312581141479 0.4125000215135515 0.17031250253785402 0.16562500246800482
0 0.6492187596741132 0.8604167115408927 0.17031250253785402 0.16562500246800482
0 0.1289062519208528 0.6416667001321912 0.17031250253785402 0.16562500246800482
0 0.1382812520605512 0.06562500342261046 0.17031250253785402 0.09531250142026693
0 0.4078125060768798 0.8156250425381586 0.1625000024214387 0.13906250207219273
0 0.5390625080326572 0.6812500355299562 0.18750000279396772 0.1531250022817403
0 0.25078125373693183 0.6854167024139315 0.17031250253785402 0.18750000279396772
0 0.23984375357395038 0.4645833575632423 0.1578125023515895 0.16562500246800482
0 0.1578125023515895 0.26979168073739856 0.1531250022817403 0.16093750239815563
0 0.8640625128755346 0.7385417051846161 0.1531250022817403 0.16093750239815563
0 0.7109375105937943 0.4343750226544216 0.1625000024214387 0.1671875024912879
0 0.5445312581141479 0.4125000215135515 0.17031250253785402 0.16562500246800482
0 0.6492187596741132 0.8604167115408927 0.17031250253785402 0.16562500246800482
0 0.1289062519208528 0.6416667001321912 0.17031250253785402 0.16562500246800482
0 0.1382812520605512 0.06562500342261046 0.17031250253785402 0.09531250142026693
0 0.4078125060768798 0.8156250425381586 0.1625000024214387 0.13906250207219273
0 0.5390625080326572 0.6812500355299562 0.18750000279396772 0.1531250022817403
0 0.25078125373693183 0.6854167024139315 0.17031250253785402 0.18750000279396772
0 0.23984375357395038 0.4645833575632423 0.1578125023515895 0.16562500246800482
0 0.1578125023515895 0.26979168073739856 0.1531250022817403 0.16093750239815563
0 0.8640625128755346 0.7385417051846161 0.1531250022817403 0.16093750239815563
0 0.7109375105937943 0.4343750226544216 0.1625000024214387 0.1671875024912879
0 0.5445312581141479 0.4125000215135515 0.17031250253785402 0.16562500246800482
0 0.6492187596741132 0.8604167115408927 0.17031250253785402 0.16562500246800482
0 0.1289062519208528 0.6416667001321912 0.17031250253785402 0.16562500246800482
0 0.1382812520605512 0.06562500342261046 0.17031250253785402 0.09531250142026693
0 0.4078125060768798 0.8156250425381586 0.1625000024214387 0.13906250207219273
0 0.5390625080326572 0.6812500355299562 0.18750000279396772 0.1531250022817403
0 0.25078125373693183 0.6854167024139315 0.17031250253785402 0.18750000279396772
0 0.23984375357395038 0.4645833575632423 0.1578125023515895 0.16562500246800482
0 0.1578125023515895 0.26979168073739856 0.1531250022817403 0.16093750239815563
0 0.8640625128755346 0.7385417051846161 0.1531250022817403 0.16093750239815563
0 0.7109375105937943 0.4343750226544216 0.1625000024214387 0.1671875024912879
0 0.5445312581141479 0.4125000215135515 0.17031250253785402 0.16562500246800482
0 0.6492187596741132 0.8604167115408927 0.17031250253785402 0.16562500246800482
0 0.1289062519208528 0.6416667001321912 0.17031250253785402 0.16562500246800482
0 0.1382812520605512 0.06562500342261046 0.17031250253785402 0.09531250142026693
0 0.4078125060768798 0.8156250425381586 0.1625000024214387 0.13906250207219273
0 0.5390625080326572 0.6812500355299562 0.18750000279396772 0.1531250022817403
0 0.25078125373693183 0.6854167024139315 0.17031250253785402 0.18750000279396772
0 0.23984375357395038 0.4645833575632423 0.1578125023515895 0.16562500246800482
0 0.1578125023515895 0.26979168073739856 0.1531250022817403 0.16093750239815563
0 0.8640625128755346 0.7385417051846161 0.1531250022817403 0.16093750239815563
0 0.7109375105937943 0.4343750226544216 0.1625000024214387 0.1671875024912879
0 0.5445312581141479 0.4125000215135515 0.17031250253785402 0.16562500246800482
0 0.6492187596741132 0.8604167115408927 0.17031250253785402 0.16562500246800482
0 0.1289062519208528 0.6416667001321912 0.17031250253785402 0.16562500246800482
0 0.1382812520605512 0.06562500342261046 0.17031250253785402 0.09531250142026693
0 0.4078125060768798 0.8156250425381586 0.1625000024214387 0.13906250207219273
0 0.5390625080326572 0.6812500355299562 0.18750000279396772 0.1531250022817403
0 0.25078125373693183 0.6854167024139315 0.17031250253785402 0.18750000279396772
0 0.23984375357395038 0.4645833575632423 0.1578125023515895 0.16562500246800482
0 0.1578125023515895 0.26979168073739856 0.1531250022817403 0.16093750239815563
0 0.8640625128755346 0.7385417051846161 0.1531250022817403 0.16093750239815563
0 0.7109375105937943 0.4343750226544216 0.1625000024214387 0.1671875024912879
0 0.5445312581141479 0.4125000215135515 0.17031250253785402 0.16562500246800482
0 0.6492187596741132 0.8604167115408927 0.17031250253785402 0.16562500246800482
0 0.1289062519208528 0.6416667001321912 0.17031250253785402 0.16562500246800482
0 0.1382812520605512 0.06562500342261046 0.17031250253785402 0.09531250142026693
0 0.4078125060768798 0.8156250425381586 0.1625000024214387 0.13906250207219273
0 0.5390625080326572 0.6812500355299562 0.18750000279396772 0.1531250022817403
0 0.25078125373693183 0.6854167024139315 0.17031250253785402 0.18750000279396772
0 0.23984375357395038 0.4645833575632423 0.1578125023515895 0.16562500246800482
0 0.1578125023515895 0.26979168073739856 0.1531250022817403 0.16093750239815563
0 0.8640625128755346 0.7385417051846161 0.1531250022817403 0.16093750239815563
0 0.7109375105937943 0.4343750226544216 0.1625000024214387 0.1671875024912879
0 0.5445312581141479 0.4125000215135515 0.17031250253785402 0.16562500246800482
0 0.6492187596741132 0.8604167115408927 0.17031250253785402 0.16562500246800482
0 0.1289062519208528 0.6416667001321912 0.17031250253785402 0.16562500246800482
0 0.1382812520605512 0.06562500342261046 0.17031250253785402 0.09531250142026693
0 0.4078125060768798 0.8156250425381586 0.1625000024214387 0.13906250207219273
0 0.5390625080326572 0.6812500355299562 0.18750000279396772 0.1531250022817403
0 0.25078125373693183 0.6854167024139315 0.17031250253785402 0.18750000279396772
0 0.23984375357395038 0.4645833575632423 0.1578125023515895 0.16562500246800482
0 0.1578125023515895 0.26979168073739856 0.1531250022817403 0.16093750239815563
0 0.8640625128755346 0.7385417051846161 0.1531250022817403 0.16093750239815563
0 0.7109375105937943 0.4343750226544216 0.1625000024214387 0.1671875024912879
0 0.5445312581141479 0.4125000215135515 0.17031250253785402 0.16562500246800482
0 0.6492187596741132 0.8604167115408927 0.17031250253785402 0.16562500246800482
0 0.1289062519208528 0.6416667001321912 0.17031250253785402 0.16562500246800482
0 0.1382812520605512 0.06562500342261046 0.17031250253785402 0.09531250142026693
0 0.4078125060768798 0.8156250425381586 0.1625000024214387 0.13906250207219273
0 0.5390625080326572 0.6812500355299562 0.18750000279396772 0.1531250022817403
0 0.25078125373693183 0.6854167024139315 0.17031250253785402 0.18750000279396772
0 0.23984375357395038 0.4645833575632423 0.1578125023515895 0.16562500246800482
0 0.1578125023515895 0.26979168073739856 0.1531250022817403 0.16093750239815563
0 0.8640625128755346 0.7385417051846161 0.1531250022817403 0.16093750239815563
0 0.7109375105937943 0.4343750226544216 0.1625000024214387 0.1671875024912879
0 0.5445312581141479 0.4125000215135515 0.17031250253785402 0.16562500246800482
0 0.6492187596741132 0.8604167115408927 0.17031250253785402 0.16562500246800482
0 0.1289062519208528 0.6416667001321912 0.17031250253785402 0.16562500246800482
0 0.1382812520605512 0.06562500342261046 0.17031250253785402 0.09531250142026693
0 0.4078125060768798 0.8156250425381586 0.1625000024214387 0.13906250207219273
0 0.5390625080326572 0.6812500355299562 0.18750000279396772 0.1531250022817403
0 0.25078125373693183 0.6854167024139315 0.17031250253785402 0.18750000279396772
0 0.23984375357395038 0.4645833575632423 0.1578125023515895 0.16562500246800482
0 0.1578125023515895 0.26979168073739856 0.1531250022817403 0.16093750239815563
0 0.8640625128755346 0.7385417051846161 0.1531250022817403 0.16093750239815563
0 0.7109375105937943 0.4343750226544216 0.1625000024214387 0.1671875024912879
0 0.5445312581141479 0.4125000215135515 0.17031250253785402 0.16562500246800482
0 0.6492187596741132 0.8604167115408927 0.17031250253785402 0.16562500246800482
0 0.1289062519208528 0.6416667001321912 0.17031250253785402 0.16562500246800482
0 0.1382812520605512 0.06562500342261046 0.17031250253785402 0.09531250142026693
0 0.4078125060768798 0.8156250425381586 0.1625000024214387 0.13906250207219273
0 0.5390625080326572 0.6812500355299562 0.18750000279396772 0.1531250022817403
0 0.25078125373693183 0.6854167024139315 0.17031250253785402 0.18750000279396772
0 0.23984375357395038 0.4645833575632423 0.1578125023515895 0.16562500246800482
0 0.1578125023515895 0.26979168073739856 0.1531250022817403 0.16093750239815563
0 0.8640625128755346 0.7385417051846161 0.1531250022817403 0.16093750239815563
0 0.7109375105937943 0.4343750226544216 0.1625000024214387 0.1671875024912879
0 0.5445312581141479 0.4125000215135515 0.17031250253785402 0.16562500246800482
0 0.6492187596741132 0.8604167115408927 0.17031250253785402 0.16562500246800482
0 0.1289062519208528 0.6416667001321912 0.17031250253785402 0.16562500246800482
0 0.1382812520605512 0.06562500342261046 0.17031250253785402 0.09531250142026693
0 0.4078125060768798 0.8156250425381586 0.1625000024214387 0.13906250207219273
0 0.5390625080326572 0.6812500355299562 0.18750000279396772 0.1531250022817403
0 0.25078125373693183 0.6854167024139315 0.17031250253785402 0.18750000279396772
0 0.23984375357395038 0.4645833575632423 0.1578125023515895 0.16562500246800482
0 0.1578125023515895 0.26979168073739856 0.1531250022817403 0.16093750239815563
0 0.8640625128755346 0.7385417051846161 0.1531250022817403 0.16093750239815563
0 0.7109375105937943 0.4343750226544216 0.1625000024214387 0.1671875024912879
0 0.5445312581141479 0.4125000215135515 0.17031250253785402 0.16562500246800482
0 0.6492187596741132 0.8604167115408927 0.17031250253785402 0.16562500246800482
0 0.1289062519208528 0.6416667001321912 0.17031250253785402 0.16562500246800482
0 0.1382812520605512 0.06562500342261046 0.17031250253785402 0.09531250142026693
0 0.4078125060768798 0.8156250425381586 0.1625000024214387 0.13906250207219273
0 0.5390625080326572 0.6812500355299562 0.18750000279396772 0.1531250022817403
0 0.25078125373693183 0.6854167024139315 0.17031250253785402 0.18750000279396772
0 0.23984375357395038 0.4645833575632423 0.1578125023515895 0.16562500246800482
0 0.1578125023515895 0.26979168073739856 0.1531250022817403 0.16093750239815563
0 0.8640625128755346 0.7385417051846161 0.1531250022817403 0.16093750239815563
0 0.7109375105937943 0.4343750226544216 0.1625000024214387 0.1671875024912879
0 0.5445312581141479 0.4125000215135515 0.17031250253785402 0.16562500246800482
0 0.6492187596741132 0.8604167115408927 0.17031250253785402 0.16562500246800482
0 0.1289062519208528 0.6416667001321912 0.17031250253785402 0.16562500246800482
0 0.1382812520605512 0.06562500342261046 0.17031250253785402 0.09531250142026693
0 0.4078125060768798 0.8156250425381586 0.1625000024214387 0.13906250207219273
0 0.5390625080326572 0.6812500355299562 0.18750000279396772 0.1531250022817403
0 0.25078125373693183 0.6854167024139315 0.17031250253785402 0.18750000279396772
0 0.23984375357395038 0.4645833575632423 0.1578125023515895 0.16562500246800482
0 0.1578125023515895 0.26979168073739856 0.1531250022817403 0.16093750239815563
0 0.8640625128755346 0.7385417051846161 0.1531250022817403 0.16093750239815563
0 0.7109375105937943 0.4343750226544216 0.1625000024214387 0.1671875024912879
0 0.5445312581141479 0.4125000215135515 0.17031250253785402 0.16562500246800482
0 0.6492187596741132 0.8604167115408927 0.17031250253785402 0.16562500246800482
0 0.1289062519208528 0.6416667001321912 0.17031250253785402 0.16562500246800482
0 0.1382812520605512 0.06562500342261046 0.17031250253785402 0.09531250142026693
0 0.4078125059604645 0.8156250715255737 0.16250000894069672 0.13906250894069672
0 0.5390625 0.6812500357627869 0.1875 0.15312500298023224
0 0.25078126788139343 0.6854166984558105 0.17031250894069672 0.1875
0 0.23984375596046448 0.4645833671092987 0.15781250596046448 0.16562500596046448
0 0.15781250596046448 0.26979169249534607 0.15312500298023224 0.16093750298023224
0 0.864062488079071 0.7385417222976685 0.15312500298023224 0.16093750298023224
0 0.7109375 0.43437501788139343 0.16250000894069672 0.16718749701976776
0 0.5445312857627869 0.4125000238418579 0.17031250894069672 0.16562500596046448
0 0.649218738079071 0.8604167103767395 0.17031250894069672 0.16562500596046448
0 0.12890625 0.6416667103767395 0.17031250894069672 0.16562500596046448
0 0.13828125596046448 0.06562500447034836 0.17031250894069672 0.09531249850988388
0 0.4078125059604645 0.8156250715255737 0.16250000894069672 0.13906250894069672
0 0.5390625 0.6812500357627869 0.1875 0.15312500298023224
0 0.25078126788139343 0.6854166984558105 0.17031250894069672 0.1875
0 0.23984375596046448 0.4645833671092987 0.15781250596046448 0.16562500596046448
0 0.15781250596046448 0.26979169249534607 0.15312500298023224 0.16093750298023224
0 0.864062488079071 0.7385417222976685 0.15312500298023224 0.16093750298023224
0 0.7109375 0.43437501788139343 0.16250000894069672 0.16718749701976776
0 0.5445312857627869 0.4125000238418579 0.17031250894069672 0.16562500596046448
0 0.649218738079071 0.8604167103767395 0.17031250894069672 0.16562500596046448
0 0.12890625 0.6416667103767395 0.17031250894069672 0.16562500596046448
0 0.13828125596046448 0.06562500447034836 0.17031250894069672 0.09531249850988388
0 0.4078125059604645 0.8156250715255737 0.16250000894069672 0.13906250894069672
0 0.5390625 0.6812500357627869 0.1875 0.15312500298023224
0 0.25078126788139343 0.6854166984558105 0.17031250894069672 0.1875
0 0.23984375596046448 0.4645833671092987 0.15781250596046448 0.16562500596046448
0 0.15781250596046448 0.26979169249534607 0.15312500298023224 0.16093750298023224
0 0.864062488079071 0.7385417222976685 0.15312500298023224 0.16093750298023224
0 0.7109375 0.43437501788139343 0.16250000894069672 0.16718749701976776
0 0.5445312857627869 0.4125000238418579 0.17031250894069672 0.16562500596046448
0 0.649218738079071 0.8604167103767395 0.17031250894069672 0.16562500596046448
0 0.12890625 0.6416667103767395 0.17031250894069672 0.16562500596046448
0 0.13828125596046448 0.06562500447034836 0.17031250894069672 0.09531249850988388
0 0.4078125059604645 0.8156250715255737 0.16250000894069672 0.13906250894069672
0 0.5390625 0.6812500357627869 0.1875 0.15312500298023224
0 0.25078126788139343 0.6854166984558105 0.17031250894069672 0.1875
0 0.23984375596046448 0.4645833671092987 0.15781250596046448 0.16562500596046448
0 0.15781250596046448 0.26979169249534607 0.15312500298023224 0.16093750298023224
0 0.864062488079071 0.7385417222976685 0.15312500298023224 0.16093750298023224
0 0.7109375 0.43437501788139343 0.16250000894069672 0.16718749701976776
0 0.5445312857627869 0.4125000238418579 0.17031250894069672 0.16562500596046448
0 0.649218738079071 0.8604167103767395 0.17031250894069672 0.16562500596046448
0 0.12890625 0.6416667103767395 0.17031250894069672 0.16562500596046448
0 0.13828125596046448 0.06562500447034836 0.17031250894069672 0.09531249850988388
0 0.4078125059604645 0.8156250715255737 0.16250000894069672 0.13906250894069672
0 0.5390625 0.6812500357627869 0.1875 0.15312500298023224
0 0.25078126788139343 0.6854166984558105 0.17031250894069672 0.1875
0 0.23984375596046448 0.4645833671092987 0.15781250596046448 0.16562500596046448
0 0.15781250596046448 0.26979169249534607 0.15312500298023224 0.16093750298023224
0 0.864062488079071 0.7385417222976685 0.15312500298023224 0.16093750298023224
0 0.7109375 0.43437501788139343 0.16250000894069672 0.16718749701976776
0 0.5445312857627869 0.4125000238418579 0.17031250894069672 0.16562500596046448
0 0.649218738079071 0.8604167103767395 0.17031250894069672 0.16562500596046448
0 0.12890625 0.6416667103767395 0.17031250894069672 0.16562500596046448
0 0.13828125596046448 0.06562500447034836 0.17031250894069672 0.09531249850988388
0 0.4078125059604645 0.8156250715255737 0.16250000894069672 0.13906250894069672
0 0.5390625 0.6812500357627869 0.1875 0.15312500298023224
0 0.25078126788139343 0.6854166984558105 0.17031250894069672 0.1875
0 0.23984375596046448 0.4645833671092987 0.15781250596046448 0.16562500596046448
0 0.15781250596046448 0.26979169249534607 0.15312500298023224 0.16093750298023224
0 0.864062488079071 0.7385417222976685 0.15312500298023224 0.16093750298023224
0 0.7109375 0.43437501788139343 0.16250000894069672 0.16718749701976776
0 0.5445312857627869 0.4125000238418579 0.17031250894069672 0.16562500596046448
0 0.649218738079071 0.8604167103767395 0.17031250894069672 0.16562500596046448
0 0.12890625 0.6416667103767395 0.17031250894069672 0.16562500596046448
0 0.13828125596046448 0.06562500447034836 0.17031250894069672 0.09531249850988388
0 0.4078125059604645 0.8156250715255737 0.16250000894069672 0.13906250894069672
0 0.5390625 0.6812500357627869 0.1875 0.15312500298023224
0 0.25078126788139343 0.6854166984558105 0.17031250894069672 0.1875
0 0.23984375596046448 0.4645833671092987 0.15781250596046448 0.16562500596046448
0 0.15781250596046448 0.26979169249534607 0.15312500298023224 0.16093750298023224
0 0.864062488079071 0.7385417222976685 0.15312500298023224 0.16093750298023224
0 0.7109375 0.43437501788139343 0.16250000894069672 0.16718749701976776
0 0.5445312857627869 0.4125000238418579 0.17031250894069672 0.16562500596046448
0 0.649218738079071 0.8604167103767395 0.17031250894069672 0.16562500596046448
0 0.12890625 0.6416667103767395 0.17031250894069672 0.16562500596046448
0 0.13828125596046448 0.06562500447034836 0.17031250894069672 0.09531249850988388
