1 0.24921875371364877 0.5875000306405127 0.3671875054715201 0.30937500461004674
0 0.716406260675285 0.5750000299885869 0.1890625028172508 0.16875000251457095
0 0.8835937631665729 0.3270833503920585 0.1890625028172508 0.16875000251457095
0 0.654687509755604 0.7583333728834987 0.16562500246800482 0.1531250022817403
0 0.7953125118510798 0.7520833725575358 0.16562500246800482 0.1531250022817403
0 0.9015625134343281 0.6229166991543025 0.16562500246800482 0.1531250022817403
0 0.9171875136671588 0.8000000417232513 0.16562500246800482 0.1531250022817403
0 0.6343750094529241 0.1916666766628623 0.16562500246800482 0.1531250022817403
0 0.5765625085914508 0.1916666766628623 0.16562500246800482 0.1531250022817403
0 0.49687500740401447 0.1541666747070849 0.16562500246800482 0.1531250022817403
0 0.42812500637955964 0.13958334061317146 0.16562500246800482 0.1531250022817403
0 0.2578125038417056 0.08958333800546825 0.1750000026077032 0.1312500019557774
0 0.07578125112922862 0.48437502526212484 0.14843750221189111 0.20781250309664756
0 0.4906250073108822 0.9187500479165465 0.15937500237487257 0.12187500181607902
0 0.35781250533182174 0.9187500479165465 0.15937500237487257 0.12187500181607902
0 0.08046875119907781 0.08125000423751771 0.1578125023515895 0.11875000176951289
0 0.3976562559255399 0.3645833523478359 0.18281250272411853 0.12500000186264515
0 0.8234375122701749 0.9083333807066083 0.2500000037252903 0.13750000204890966
0 0.2984375044470653 0.24375001271255314 0.13437500200234354 0.17187500256113708
0 0.7828125116648152 0.08958333800546825 0.1968750029336661 0.1312500019557774
1 0.24921875371364877 0.5875000306405127 0.3671875054715201 0.30937500461004674
0 0.716406260675285 0.5750000299885869 0.1890625028172508 0.16875000251457095
0 0.8835937631665729 0.3270833503920585 0.1890625028172508 0.16875000251457095
0 0.654687509755604 0.7583333728834987 0.16562500246800482 0.1531250022817403
0 0.7953125118510798 0.7520833725575358 0.16562500246800482 0.1531250022817403
0 0.9015625134343281 0.6229166991543025 0.16562500246800482 0.1531250022817403
0 0.9171875136671588 0.8000000417232513 0.16562500246800482 0.1531250022817403
0 0.6343750094529241 0.1916666766628623 0.16562500246800482 0.1531250022817403
0 0.5765625085914508 0.1916666766628623 0.16562500246800482 0.1531250022817403
0 0.49687500740401447 0.1541666747070849 0.16562500246800482 0.1531250022817403
0 0.42812500637955964 0.13958334061317146 0.16562500246800482 0.1531250022817403
0 0.2578125038417056 0.08958333800546825 0.1750000026077032 0.1312500019557774
0 0.07578125112922862 0.48437502526212484 0.14843750221189111 0.20781250309664756
0 0.4906250073108822 0.9187500479165465 0.15937500237487257 0.12187500181607902
0 0.35781250533182174 0.9187500479165465 0.15937500237487257 0.12187500181607902
0 0.08046875119907781 0.08125000423751771 0.1578125023515895 0.11875000176951289
0 0.3976562559255399 0.3645833523478359 0.18281250272411853 0.12500000186264515
0 0.8234375122701749 0.9083333807066083 0.2500000037252903 0.13750000204890966
0 0.2984375044470653 0.24375001271255314 0.13437500200234354 0.17187500256113708
0 0.7828125116648152 0.08958333800546825 0.1968750029336661 0.1312500019557774
1 0.24921875371364877 0.5875000306405127 0.3671875054715201 0.30937500461004674
0 0.716406260675285 0.5750000299885869 0.1890625028172508 0.16875000251457095
0 0.8835937631665729 0.3270833503920585 0.1890625028172508 0.16875000251457095
0 0.654687509755604 0.7583333728834987 0.16562500246800482 0.1531250022817403
0 0.7953125118510798 0.7520833725575358 0.16562500246800482 0.1531250022817403
0 0.9015625134343281 0.6229166991543025 0.16562500246800482 0.1531250022817403
0 0.9171875136671588 0.8000000417232513 0.16562500246800482 0.1531250022817403
0 0.6343750094529241 0.1916666766628623 0.16562500246800482 0.1531250022817403
0 0.5765625085914508 0.1916666766628623 0.16562500246800482 0.1531250022817403
0 0.49687500740401447 0.1541666747070849 0.16562500246800482 0.1531250022817403
0 0.42812500637955964 0.13958334061317146 0.16562500246800482 0.1531250022817403
0 0.2578125038417056 0.08958333800546825 0.1750000026077032 0.1312500019557774
0 0.07578125112922862 0.48437502526212484 0.14843750221189111 0.20781250309664756
0 0.4906250073108822 0.9187500479165465 0.15937500237487257 0.12187500181607902
0 0.35781250533182174 0.9187500479165465 0.15937500237487257 0.12187500181607902
0 0.08046875119907781 0.08125000423751771 0.1578125023515895 0.11875000176951289
0 0.3976562559255399 0.3645833523478359 0.18281250272411853 0.12500000186264515
0 0.8234375122701749 0.9083333807066083 0.2500000037252903 0.13750000204890966
0 0.2984375044470653 0.24375001271255314 0.13437500200234354 0.17187500256113708
0 0.7828125116648152 0.08958333800546825 0.1968750029336661 0.1312500019557774
1 0.24921875371364877 0.5875000306405127 0.3671875054715201 0.30937500461004674
0 0.716406260675285 0.5750000299885869 0.1890625028172508 0.16875000251457095
0 0.8835937631665729 0.3270833503920585 0.1890625028172508 0.16875000251457095
0 0.654687509755604 0.7583333728834987 0.16562500246800482 0.1531250022817403
0 0.7953125118510798 0.7520833725575358 0.16562500246800482 0.1531250022817403
0 0.9015625134343281 0.6229166991543025 0.16562500246800482 0.1531250022817403
0 0.9171875136671588 0.8000000417232513 0.16562500246800482 0.1531250022817403
0 0.6343750094529241 0.1916666766628623 0.16562500246800482 0.1531250022817403
0 0.5765625085914508 0.1916666766628623 0.16562500246800482 0.1531250022817403
0 0.49687500740401447 0.1541666747070849 0.16562500246800482 0.1531250022817403
0 0.42812500637955964 0.13958334061317146 0.16562500246800482 0.1531250022817403
0 0.2578125038417056 0.08958333800546825 0.1750000026077032 0.1312500019557774
0 0.07578125112922862 0.48437502526212484 0.14843750221189111 0.20781250309664756
0 0.4906250073108822 0.9187500479165465 0.15937500237487257 0.12187500181607902
0 0.35781250533182174 0.9187500479165465 0.15937500237487257 0.12187500181607902
0 0.08046875119907781 0.08125000423751771 0.1578125023515895 0.11875000176951289
0 0.3976562559255399 0.3645833523478359 0.18281250272411853 0.12500000186264515
0 0.8234375122701749 0.9083333807066083 0.2500000037252903 0.13750000204890966
0 0.2984375044470653 0.24375001271255314 0.13437500200234354 0.17187500256113708
0 0.7828125116648152 0.08958333800546825 0.1968750029336661 0.1312500019557774
1 0.24921875371364877 0.5875000306405127 0.3671875054715201 0.30937500461004674
0 0.716406260675285 0.5750000299885869 0.1890625028172508 0.16875000251457095
0 0.8835937631665729 0.3270833503920585 0.1890625028172508 0.16875000251457095
0 0.654687509755604 0.7583333728834987 0.16562500246800482 0.1531250022817403
0 0.7953125118510798 0.7520833725575358 0.16562500246800482 0.1531250022817403
0 0.9015625134343281 0.6229166991543025 0.16562500246800482 0.1531250022817403
0 0.9171875136671588 0.8000000417232513 0.16562500246800482 0.1531250022817403
0 0.6343750094529241 0.1916666766628623 0.16562500246800482 0.1531250022817403
0 0.5765625085914508 0.1916666766628623 0.16562500246800482 0.1531250022817403
0 0.49687500740401447 0.1541666747070849 0.16562500246800482 0.1531250022817403
0 0.42812500637955964 0.13958334061317146 0.16562500246800482 0.1531250022817403
0 0.2578125038417056 0.08958333800546825 0.1750000026077032 0.1312500019557774
0 0.07578125112922862 0.48437502526212484 0.14843750221189111 0.20781250309664756
0 0.4906250073108822 0.9187500479165465 0.15937500237487257 0.12187500181607902
0 0.35781250533182174 0.9187500479165465 0.15937500237487257 0.12187500181607902
0 0.08046875119907781 0.08125000423751771 0.1578125023515895 0.11875000176951289
0 0.3976562559255399 0.3645833523478359 0.18281250272411853 0.12500000186264515
0 0.8234375122701749 0.9083333807066083 0.2500000037252903 0.13750000204890966
0 0.2984375044470653 0.24375001271255314 0.13437500200234354 0.17187500256113708
0 0.7828125116648152 0.08958333800546825 0.1968750029336661 0.1312500019557774
1 0.24921875371364877 0.5875000306405127 0.3671875054715201 0.30937500461004674
0 0.716406260675285 0.5750000299885869 0.1890625028172508 0.16875000251457095
0 0.8835937631665729 0.3270833503920585 0.1890625028172508 0.16875000251457095
0 0.654687509755604 0.7583333728834987 0.16562500246800482 0.1531250022817403
0 0.7953125118510798 0.7520833725575358 0.16562500246800482 0.1531250022817403
0 0.9015625134343281 0.6229166991543025 0.16562500246800482 0.1531250022817403
0 0.9171875136671588 0.8000000417232513 0.16562500246800482 0.1531250022817403
0 0.6343750094529241 0.1916666766628623 0.16562500246800482 0.1531250022817403
0 0.5765625085914508 0.1916666766628623 0.16562500246800482 0.1531250022817403
0 0.49687500740401447 0.1541666747070849 0.16562500246800482 0.1531250022817403
0 0.42812500637955964 0.13958334061317146 0.16562500246800482 0.1531250022817403
0 0.2578125038417056 0.08958333800546825 0.1750000026077032 0.1312500019557774
0 0.07578125112922862 0.48437502526212484 0.14843750221189111 0.20781250309664756
0 0.4906250073108822 0.9187500479165465 0.15937500237487257 0.12187500181607902
0 0.35781250533182174 0.9187500479165465 0.15937500237487257 0.12187500181607902
0 0.08046875119907781 0.08125000423751771 0.1578125023515895 0.11875000176951289
0 0.3976562559255399 0.3645833523478359 0.18281250272411853 0.12500000186264515
0 0.8234375122701749 0.9083333807066083 0.2500000037252903 0.13750000204890966
0 0.2984375044470653 0.24375001271255314 0.13437500200234354 0.17187500256113708
0 0.7828125116648152 0.08958333800546825 0.1968750029336661 0.1312500019557774
1 0.24921875371364877 0.5875000306405127 0.3671875054715201 0.30937500461004674
0 0.716406260675285 0.5750000299885869 0.1890625028172508 0.16875000251457095
0 0.8835937631665729 0.3270833503920585 0.1890625028172508 0.16875000251457095
0 0.654687509755604 0.7583333728834987 0.16562500246800482 0.1531250022817403
0 0.7953125118510798 0.7520833725575358 0.16562500246800482 0.1531250022817403
0 0.9015625134343281 0.6229166991543025 0.16562500246800482 0.1531250022817403
0 0.9171875136671588 0.8000000417232513 0.16562500246800482 0.1531250022817403
0 0.6343750094529241 0.1916666766628623 0.16562500246800482 0.1531250022817403
0 0.5765625085914508 0.1916666766628623 0.16562500246800482 0.1531250022817403
0 0.49687500740401447 0.1541666747070849 0.16562500246800482 0.1531250022817403
0 0.42812500637955964 0.13958334061317146 0.16562500246800482 0.1531250022817403
0 0.2578125038417056 0.08958333800546825 0.1750000026077032 0.1312500019557774
0 0.07578125112922862 0.48437502526212484 0.14843750221189111 0.20781250309664756
0 0.4906250073108822 0.9187500479165465 0.15937500237487257 0.12187500181607902
0 0.35781250533182174 0.9187500479165465 0.15937500237487257 0.12187500181607902
0 0.08046875119907781 0.08125000423751771 0.1578125023515895 0.11875000176951289
0 0.3976562559255399 0.3645833523478359 0.18281250272411853 0.12500000186264515
0 0.8234375122701749 0.9083333807066083 0.2500000037252903 0.13750000204890966
0 0.2984375044470653 0.24375001271255314 0.13437500200234354 0.17187500256113708
0 0.7828125116648152 0.08958333800546825 0.1968750029336661 0.1312500019557774
1 0.24921875371364877 0.5875000306405127 0.3671875054715201 0.30937500461004674
0 0.716406260675285 0.5750000299885869 0.1890625028172508 0.16875000251457095
0 0.8835937631665729 0.3270833503920585 0.1890625028172508 0.16875000251457095
0 0.654687509755604 0.7583333728834987 0.16562500246800482 0.1531250022817403
0 0.7953125118510798 0.7520833725575358 0.16562500246800482 0.1531250022817403
0 0.9015625134343281 0.6229166991543025 0.16562500246800482 0.1531250022817403
0 0.9171875136671588 0.8000000417232513 0.16562500246800482 0.1531250022817403
0 0.6343750094529241 0.1916666766628623 0.16562500246800482 0.1531250022817403
0 0.5765625085914508 0.1916666766628623 0.16562500246800482 0.1531250022817403
0 0.49687500740401447 0.1541666747070849 0.16562500246800482 0.1531250022817403
0 0.42812500637955964 0.13958334061317146 0.16562500246800482 0.1531250022817403
0 0.2578125038417056 0.08958333800546825 0.1750000026077032 0.1312500019557774
0 0.07578125112922862 0.48437502526212484 0.14843750221189111 0.20781250309664756
0 0.4906250073108822 0.9187500479165465 0.15937500237487257 0.12187500181607902
0 0.35781250533182174 0.9187500479165465 0.15937500237487257 0.12187500181607902
0 0.08046875119907781 0.08125000423751771 0.1578125023515895 0.11875000176951289
0 0.3976562559255399 0.3645833523478359 0.18281250272411853 0.12500000186264515
0 0.8234375122701749 0.9083333807066083 0.2500000037252903 0.13750000204890966
0 0.2984375044470653 0.24375001271255314 0.13437500200234354 0.17187500256113708
0 0.7828125116648152 0.08958333800546825 0.1968750029336661 0.1312500019557774
1 0.24921875371364877 0.5875000306405127 0.3671875054715201 0.30937500461004674
0 0.716406260675285 0.5750000299885869 0.1890625028172508 0.16875000251457095
0 0.8835937631665729 0.3270833503920585 0.1890625028172508 0.16875000251457095
0 0.654687509755604 0.7583333728834987 0.16562500246800482 0.1531250022817403
0 0.7953125118510798 0.7520833725575358 0.16562500246800482 0.1531250022817403
0 0.9015625134343281 0.6229166991543025 0.16562500246800482 0.1531250022817403
0 0.9171875136671588 0.8000000417232513 0.16562500246800482 0.1531250022817403
0 0.6343750094529241 0.1916666766628623 0.16562500246800482 0.1531250022817403
0 0.5765625085914508 0.1916666766628623 0.16562500246800482 0.1531250022817403
0 0.49687500740401447 0.1541666747070849 0.16562500246800482 0.1531250022817403
0 0.42812500637955964 0.13958334061317146 0.16562500246800482 0.1531250022817403
0 0.2578125038417056 0.08958333800546825 0.1750000026077032 0.1312500019557774
0 0.07578125112922862 0.48437502526212484 0.14843750221189111 0.20781250309664756
0 0.4906250073108822 0.9187500479165465 0.15937500237487257 0.12187500181607902
0 0.35781250533182174 0.9187500479165465 0.15937500237487257 0.12187500181607902
0 0.08046875119907781 0.08125000423751771 0.1578125023515895 0.11875000176951289
0 0.3976562559255399 0.3645833523478359 0.18281250272411853 0.12500000186264515
0 0.8234375122701749 0.9083333807066083 0.2500000037252903 0.13750000204890966
0 0.2984375044470653 0.24375001271255314 0.13437500200234354 0.17187500256113708
0 0.7828125116648152 0.08958333800546825 0.1968750029336661 0.1312500019557774
1 0.24921875371364877 0.5875000306405127 0.3671875054715201 0.30937500461004674
0 0.716406260675285 0.5750000299885869 0.1890625028172508 0.16875000251457095
0 0.8835937631665729 0.3270833503920585 0.1890625028172508 0.16875000251457095
0 0.654687509755604 0.7583333728834987 0.16562500246800482 0.1531250022817403
0 0.7953125118510798 0.7520833725575358 0.16562500246800482 0.1531250022817403
0 0.9015625134343281 0.6229166991543025 0.16562500246800482 0.1531250022817403
0 0.9171875136671588 0.8000000417232513 0.16562500246800482 0.1531250022817403
0 0.6343750094529241 0.1916666766628623 0.16562500246800482 0.1531250022817403
0 0.5765625085914508 0.1916666766628623 0.16562500246800482 0.1531250022817403
0 0.49687500740401447 0.1541666747070849 0.16562500246800482 0.1531250022817403
0 0.42812500637955964 0.13958334061317146 0.16562500246800482 0.1531250022817403
0 0.2578125038417056 0.08958333800546825 0.1750000026077032 0.1312500019557774
0 0.07578125112922862 0.48437502526212484 0.14843750221189111 0.20781250309664756
0 0.4906250073108822 0.9187500479165465 0.15937500237487257 0.12187500181607902
0 0.35781250533182174 0.9187500479165465 0.15937500237487257 0.12187500181607902
0 0.08046875119907781 0.08125000423751771 0.1578125023515895 0.11875000176951289
0 0.3976562559255399 0.3645833523478359 0.18281250272411853 0.12500000186264515
0 0.8234375122701749 0.9083333807066083 0.2500000037252903 0.13750000204890966
0 0.2984375044470653 0.24375001271255314 0.13437500200234354 0.17187500256113708
0 0.7828125116648152 0.08958333800546825 0.1968750029336661 0.1312500019557774
1 0.24921875371364877 0.5875000306405127 0.3671875054715201 0.30937500461004674
0 0.716406260675285 0.5750000299885869 0.1890625028172508 0.16875000251457095
0 0.8835937631665729 0.3270833503920585 0.1890625028172508 0.16875000251457095
0 0.654687509755604 0.7583333728834987 0.16562500246800482 0.1531250022817403
0 0.7953125118510798 0.7520833725575358 0.16562500246800482 0.1531250022817403
0 0.9015625134343281 0.6229166991543025 0.16562500246800482 0.1531250022817403
0 0.9171875136671588 0.8000000417232513 0.16562500246800482 0.1531250022817403
0 0.6343750094529241 0.1916666766628623 0.16562500246800482 0.1531250022817403
0 0.5765625085914508 0.1916666766628623 0.16562500246800482 0.1531250022817403
0 0.49687500740401447 0.1541666747070849 0.16562500246800482 0.1531250022817403
0 0.42812500637955964 0.13958334061317146 0.16562500246800482 0.1531250022817403
0 0.2578125038417056 0.08958333800546825 0.1750000026077032 0.1312500019557774
0 0.07578125112922862 0.48437502526212484 0.14843750221189111 0.20781250309664756
0 0.4906250073108822 0.9187500479165465 0.15937500237487257 0.12187500181607902
0 0.35781250533182174 0.9187500479165465 0.15937500237487257 0.12187500181607902
0 0.08046875119907781 0.08125000423751771 0.1578125023515895 0.11875000176951289
0 0.3976562559255399 0.3645833523478359 0.18281250272411853 0.12500000186264515
0 0.8234375122701749 0.9083333807066083 0.2500000037252903 0.13750000204890966
0 0.2984375044470653 0.24375001271255314 0.13437500200234354 0.17187500256113708
0 0.7828125116648152 0.08958333800546825 0.1968750029336661 0.1312500019557774
1 0.24921875371364877 0.5875000306405127 0.3671875054715201 0.30937500461004674
0 0.716406260675285 0.5750000299885869 0.1890625028172508 0.16875000251457095
0 0.8835937631665729 0.3270833503920585 0.1890625028172508 0.16875000251457095
0 0.654687509755604 0.7583333728834987 0.16562500246800482 0.1531250022817403
0 0.7953125118510798 0.7520833725575358 0.16562500246800482 0.1531250022817403
0 0.9015625134343281 0.6229166991543025 0.16562500246800482 0.1531250022817403
0 0.9171875136671588 0.8000000417232513 0.16562500246800482 0.1531250022817403
0 0.6343750094529241 0.1916666766628623 0.16562500246800482 0.1531250022817403
0 0.5765625085914508 0.1916666766628623 0.16562500246800482 0.1531250022817403
0 0.49687500740401447 0.1541666747070849 0.16562500246800482 0.1531250022817403
0 0.42812500637955964 0.13958334061317146 0.16562500246800482 0.1531250022817403
0 0.2578125038417056 0.08958333800546825 0.1750000026077032 0.1312500019557774
0 0.07578125112922862 0.48437502526212484 0.14843750221189111 0.20781250309664756
0 0.4906250073108822 0.9187500479165465 0.15937500237487257 0.12187500181607902
0 0.35781250533182174 0.9187500479165465 0.15937500237487257 0.12187500181607902
0 0.08046875119907781 0.08125000423751771 0.1578125023515895 0.11875000176951289
0 0.3976562559255399 0.3645833523478359 0.18281250272411853 0.12500000186264515
0 0.8234375122701749 0.9083333807066083 0.2500000037252903 0.13750000204890966
0 0.2984375044470653 0.24375001271255314 0.13437500200234354 0.17187500256113708
0 0.7828125116648152 0.08958333800546825 0.1968750029336661 0.1312500019557774
1 0.24921875371364877 0.5875000306405127 0.3671875054715201 0.30937500461004674
0 0.716406260675285 0.5750000299885869 0.1890625028172508 0.16875000251457095
0 0.8835937631665729 0.3270833503920585 0.1890625028172508 0.16875000251457095
0 0.654687509755604 0.7583333728834987 0.16562500246800482 0.1531250022817403
0 0.7953125118510798 0.7520833725575358 0.16562500246800482 0.1531250022817403
0 0.9015625134343281 0.6229166991543025 0.16562500246800482 0.1531250022817403
0 0.9171875136671588 0.8000000417232513 0.16562500246800482 0.1531250022817403
0 0.6343750094529241 0.1916666766628623 0.16562500246800482 0.1531250022817403
0 0.5765625085914508 0.1916666766628623 0.16562500246800482 0.1531250022817403
0 0.49687500740401447 0.1541666747070849 0.16562500246800482 0.1531250022817403
0 0.42812500637955964 0.13958334061317146 0.16562500246800482 0.1531250022817403
0 0.2578125038417056 0.08958333800546825 0.1750000026077032 0.1312500019557774
0 0.07578125112922862 0.48437502526212484 0.14843750221189111 0.20781250309664756
0 0.4906250073108822 0.9187500479165465 0.15937500237487257 0.12187500181607902
0 0.35781250533182174 0.9187500479165465 0.15937500237487257 0.12187500181607902
0 0.08046875119907781 0.08125000423751771 0.1578125023515895 0.11875000176951289
0 0.3976562559255399 0.3645833523478359 0.18281250272411853 0.12500000186264515
0 0.8234375122701749 0.9083333807066083 0.2500000037252903 0.13750000204890966
0 0.2984375044470653 0.24375001271255314 0.13437500200234354 0.17187500256113708
0 0.7828125116648152 0.08958333800546825 0.1968750029336661 0.1312500019557774
1 0.24921875371364877 0.5875000306405127 0.3671875054715201 0.30937500461004674
0 0.716406260675285 0.5750000299885869 0.1890625028172508 0.16875000251457095
0 0.8835937631665729 0.3270833503920585 0.1890625028172508 0.16875000251457095
0 0.654687509755604 0.7583333728834987 0.16562500246800482 0.1531250022817403
0 0.7953125118510798 0.7520833725575358 0.16562500246800482 0.1531250022817403
0 0.9015625134343281 0.6229166991543025 0.16562500246800482 0.1531250022817403
0 0.9171875136671588 0.8000000417232513 0.16562500246800482 0.1531250022817403
0 0.6343750094529241 0.1916666766628623 0.16562500246800482 0.1531250022817403
0 0.5765625085914508 0.1916666766628623 0.16562500246800482 0.1531250022817403
0 0.49687500740401447 0.1541666747070849 0.16562500246800482 0.1531250022817403
0 0.42812500637955964 0.13958334061317146 0.16562500246800482 0.1531250022817403
0 0.2578125038417056 0.08958333800546825 0.1750000026077032 0.1312500019557774
0 0.07578125112922862 0.48437502526212484 0.14843750221189111 0.20781250309664756
0 0.4906250073108822 0.9187500479165465 0.15937500237487257 0.12187500181607902
0 0.35781250533182174 0.9187500479165465 0.15937500237487257 0.12187500181607902
0 0.08046875119907781 0.08125000423751771 0.1578125023515895 0.11875000176951289
0 0.3976562559255399 0.3645833523478359 0.18281250272411853 0.12500000186264515
0 0.8234375122701749 0.9083333807066083 0.2500000037252903 0.13750000204890966
0 0.2984375044470653 0.24375001271255314 0.13437500200234354 0.17187500256113708
0 0.7828125116648152 0.08958333800546825 0.1968750029336661 0.1312500019557774
1 0.24921875371364877 0.5875000306405127 0.3671875054715201 0.30937500461004674
0 0.716406260675285 0.5750000299885869 0.1890625028172508 0.16875000251457095
0 0.8835937631665729 0.3270833503920585 0.1890625028172508 0.16875000251457095
0 0.654687509755604 0.7583333728834987 0.16562500246800482 0.1531250022817403
0 0.7953125118510798 0.7520833725575358 0.16562500246800482 0.1531250022817403
0 0.9015625134343281 0.6229166991543025 0.16562500246800482 0.1531250022817403
0 0.9171875136671588 0.8000000417232513 0.16562500246800482 0.1531250022817403
0 0.6343750094529241 0.1916666766628623 0.16562500246800482 0.1531250022817403
0 0.5765625085914508 0.1916666766628623 0.16562500246800482 0.1531250022817403
0 0.49687500740401447 0.1541666747070849 0.16562500246800482 0.1531250022817403
0 0.42812500637955964 0.13958334061317146 0.16562500246800482 0.1531250022817403
0 0.2578125038417056 0.08958333800546825 0.1750000026077032 0.1312500019557774
0 0.07578125112922862 0.48437502526212484 0.14843750221189111 0.20781250309664756
0 0.4906250073108822 0.9187500479165465 0.15937500237487257 0.12187500181607902
0 0.35781250533182174 0.9187500479165465 0.15937500237487257 0.12187500181607902
0 0.08046875119907781 0.08125000423751771 0.1578125023515895 0.11875000176951289
0 0.3976562559255399 0.3645833523478359 0.18281250272411853 0.12500000186264515
0 0.8234375122701749 0.9083333807066083 0.2500000037252903 0.13750000204890966
0 0.2984375044470653 0.24375001271255314 0.13437500200234354 0.17187500256113708
0 0.7828125116648152 0.08958333800546825 0.1968750029336661 0.1312500019557774
1 0.24921874701976776 0.5875000357627869 0.3671875 0.30937501788139343
0 0.7164062857627869 0.5750000476837158 0.18906250596046448 0.16875000298023224
0 0.883593738079071 0.3270833492279053 0.18906250596046448 0.16875000298023224
0 0.6546875238418579 0.7583333849906921 0.16562500596046448 0.15312500298023224
0 0.7953125238418579 0.7520833611488342 0.16562500596046448 0.15312500298023224
0 0.901562511920929 0.6229166984558105 0.16562500596046448 0.15312500298023224
0 0.917187511920929 0.8000000715255737 0.16562500596046448 0.15312500298023224
0 0.6343750357627869 0.19166667759418488 0.16562500596046448 0.15312500298023224
0 0.5765625238418579 0.19166667759418488 0.16562500596046448 0.15312500298023224
0 0.49687501788139343 0.15416666865348816 0.16562500596046448 0.15312500298023224
0 0.4281249940395355 0.13958333432674408 0.16562500596046448 0.15312500298023224
0 0.2578125 0.08958333730697632 0.17499999701976776 0.13125000894069672
0 0.07578124850988388 0.4843750298023224 0.1484375 0.20781250298023224
0 0.4906249940395355 0.9187500476837158 0.15937499701976776 0.12187500298023224
0 0.3578124940395355 0.9187500476837158 0.15937499701976776 0.12187500298023224
0 0.08046875149011612 0.08125000447034836 0.15781250596046448 0.11874999850988388
0 0.39765626192092896 0.3645833432674408 0.18281249701976776 0.125
0 0.823437511920929 0.9083333611488342 0.25 0.13750000298023224
0 0.2984375059604645 0.24375000596046448 0.13437500596046448 0.171875
0 0.7828125357627869 0.08958333730697632 0.19687500596046448 0.13125000894069672
1 0.24921874701976776 0.5875000357627869 0.3671875 0.30937501788139343
0 0.7164062857627869 0.5750000476837158 0.18906250596046448 0.16875000298023224
0 0.883593738079071 0.3270833492279053 0.18906250596046448 0.16875000298023224
0 0.6546875238418579 0.7583333849906921 0.16562500596046448 0.15312500298023224
0 0.7953125238418579 0.7520833611488342 0.16562500596046448 0.15312500298023224
0 0.901562511920929 0.6229166984558105 0.16562500596046448 0.15312500298023224
0 0.917187511920929 0.8000000715255737 0.16562500596046448 0.15312500298023224
0 0.6343750357627869 0.19166667759418488 0.16562500596046448 0.15312500298023224
0 0.5765625238418579 0.19166667759418488 0.16562500596046448 0.15312500298023224
0 0.49687501788139343 0.15416666865348816 0.16562500596046448 0.15312500298023224
0 0.4281249940395355 0.13958333432674408 0.16562500596046448 0.15312500298023224
0 0.2578125 0.08958333730697632 0.17499999701976776 0.13125000894069672
0 0.07578124850988388 0.4843750298023224 0.1484375 0.20781250298023224
0 0.4906249940395355 0.9187500476837158 0.15937499701976776 0.12187500298023224
0 0.3578124940395355 0.9187500476837158 0.15937499701976776 0.12187500298023224
0 0.08046875149011612 0.08125000447034836 0.15781250596046448 0.11874999850988388
0 0.39765626192092896 0.3645833432674408 0.18281249701976776 0.125
0 0.823437511920929 0.9083333611488342 0.25 0.13750000298023224
0 0.2984375059604645 0.24375000596046448 0.13437500596046448 0.171875
0 0.7828125357627869 0.08958333730697632 0.19687500596046448 0.13125000894069672
1 0.24921874701976776 0.5875000357627869 0.3671875 0.30937501788139343
0 0.7164062857627869 0.5750000476837158 0.18906250596046448 0.16875000298023224
0 0.883593738079071 0.3270833492279053 0.18906250596046448 0.16875000298023224
0 0.6546875238418579 0.7583333849906921 0.16562500596046448 0.15312500298023224
0 0.7953125238418579 0.7520833611488342 0.16562500596046448 0.15312500298023224
0 0.901562511920929 0.6229166984558105 0.16562500596046448 0.15312500298023224
0 0.917187511920929 0.8000000715255737 0.16562500596046448 0.15312500298023224
0 0.6343750357627869 0.19166667759418488 0.16562500596046448 0.15312500298023224
0 0.5765625238418579 0.19166667759418488 0.16562500596046448 0.15312500298023224
0 0.49687501788139343 0.15416666865348816 0.16562500596046448 0.15312500298023224
0 0.4281249940395355 0.13958333432674408 0.16562500596046448 0.15312500298023224
0 0.2578125 0.08958333730697632 0.17499999701976776 0.13125000894069672
0 0.07578124850988388 0.4843750298023224 0.1484375 0.20781250298023224
0 0.4906249940395355 0.9187500476837158 0.15937499701976776 0.12187500298023224
0 0.3578124940395355 0.9187500476837158 0.15937499701976776 0.12187500298023224
0 0.08046875149011612 0.08125000447034836 0.15781250596046448 0.11874999850988388
0 0.39765626192092896 0.3645833432674408 0.18281249701976776 0.125
0 0.823437511920929 0.9083333611488342 0.25 0.13750000298023224
0 0.2984375059604645 0.24375000596046448 0.13437500596046448 0.171875
0 0.7828125357627869 0.08958333730697632 0.19687500596046448 0.13125000894069672
1 0.24921874701976776 0.5875000357627869 0.3671875 0.30937501788139343
0 0.7164062857627869 0.5750000476837158 0.18906250596046448 0.16875000298023224
0 0.883593738079071 0.3270833492279053 0.18906250596046448 0.16875000298023224
0 0.6546875238418579 0.7583333849906921 0.16562500596046448 0.15312500298023224
0 0.7953125238418579 0.7520833611488342 0.16562500596046448 0.15312500298023224
0 0.901562511920929 0.6229166984558105 0.16562500596046448 0.15312500298023224
0 0.917187511920929 0.8000000715255737 0.16562500596046448 0.15312500298023224
0 0.6343750357627869 0.19166667759418488 0.16562500596046448 0.15312500298023224
0 0.5765625238418579 0.19166667759418488 0.16562500596046448 0.15312500298023224
0 0.49687501788139343 0.15416666865348816 0.16562500596046448 0.15312500298023224
0 0.4281249940395355 0.13958333432674408 0.16562500596046448 0.15312500298023224
0 0.2578125 0.08958333730697632 0.17499999701976776 0.13125000894069672
0 0.07578124850988388 0.4843750298023224 0.1484375 0.20781250298023224
0 0.4906249940395355 0.9187500476837158 0.15937499701976776 0.12187500298023224
0 0.3578124940395355 0.9187500476837158 0.15937499701976776 0.12187500298023224
0 0.08046875149011612 0.08125000447034836 0.15781250596046448 0.11874999850988388
0 0.39765626192092896 0.3645833432674408 0.18281249701976776 0.125
0 0.823437511920929 0.9083333611488342 0.25 0.13750000298023224
0 0.2984375059604645 0.24375000596046448 0.13437500596046448 0.171875
0 0.7828125357627869 0.08958333730697632 0.19687500596046448 0.13125000894069672
1 0.24921874701976776 0.5875000357627869 0.3671875 0.30937501788139343
0 0.7164062857627869 0.5750000476837158 0.18906250596046448 0.16875000298023224
0 0.883593738079071 0.3270833492279053 0.18906250596046448 0.16875000298023224
0 0.6546875238418579 0.7583333849906921 0.16562500596046448 0.15312500298023224
0 0.7953125238418579 0.7520833611488342 0.16562500596046448 0.15312500298023224
0 0.901562511920929 0.6229166984558105 0.16562500596046448 0.15312500298023224
0 0.917187511920929 0.8000000715255737 0.16562500596046448 0.15312500298023224
0 0.6343750357627869 0.19166667759418488 0.16562500596046448 0.15312500298023224
0 0.5765625238418579 0.19166667759418488 0.16562500596046448 0.15312500298023224
0 0.49687501788139343 0.15416666865348816 0.16562500596046448 0.15312500298023224
0 0.4281249940395355 0.13958333432674408 0.16562500596046448 0.15312500298023224
0 0.2578125 0.08958333730697632 0.17499999701976776 0.13125000894069672
0 0.07578124850988388 0.4843750298023224 0.1484375 0.20781250298023224
0 0.4906249940395355 0.9187500476837158 0.15937499701976776 0.12187500298023224
0 0.3578124940395355 0.9187500476837158 0.15937499701976776 0.12187500298023224
0 0.08046875149011612 0.08125000447034836 0.15781250596046448 0.11874999850988388
0 0.39765626192092896 0.3645833432674408 0.18281249701976776 0.125
0 0.823437511920929 0.9083333611488342 0.25 0.13750000298023224
0 0.2984375059604645 0.24375000596046448 0.13437500596046448 0.171875
0 0.7828125357627869 0.08958333730697632 0.19687500596046448 0.13125000894069672
1 0.24921874701976776 0.5875000357627869 0.3671875 0.30937501788139343
0 0.7164062857627869 0.5750000476837158 0.18906250596046448 0.16875000298023224
0 0.883593738079071 0.3270833492279053 0.18906250596046448 0.16875000298023224
0 0.6546875238418579 0.7583333849906921 0.16562500596046448 0.15312500298023224
0 0.7953125238418579 0.7520833611488342 0.16562500596046448 0.15312500298023224
0 0.901562511920929 0.6229166984558105 0.16562500596046448 0.15312500298023224
0 0.917187511920929 0.8000000715255737 0.16562500596046448 0.15312500298023224
0 0.6343750357627869 0.19166667759418488 0.16562500596046448 0.15312500298023224
0 0.5765625238418579 0.19166667759418488 0.16562500596046448 0.15312500298023224
0 0.49687501788139343 0.15416666865348816 0.16562500596046448 0.15312500298023224
0 0.4281249940395355 0.13958333432674408 0.16562500596046448 0.15312500298023224
0 0.2578125 0.08958333730697632 0.17499999701976776 0.13125000894069672
0 0.07578124850988388 0.4843750298023224 0.1484375 0.20781250298023224
0 0.4906249940395355 0.9187500476837158 0.15937499701976776 0.12187500298023224
0 0.3578124940395355 0.9187500476837158 0.15937499701976776 0.12187500298023224
0 0.08046875149011612 0.08125000447034836 0.15781250596046448 0.11874999850988388
0 0.39765626192092896 0.3645833432674408 0.18281249701976776 0.125
0 0.823437511920929 0.9083333611488342 0.25 0.13750000298023224
0 0.2984375059604645 0.24375000596046448 0.13437500596046448 0.171875
0 0.7828125357627869 0.08958333730697632 0.19687500596046448 0.13125000894069672
1 0.24921874701976776 0.5875000357627869 0.3671875 0.30937501788139343
0 0.7164062857627869 0.5750000476837158 0.18906250596046448 0.16875000298023224
0 0.883593738079071 0.3270833492279053 0.18906250596046448 0.16875000298023224
0 0.6546875238418579 0.7583333849906921 0.16562500596046448 0.15312500298023224
0 0.7953125238418579 0.7520833611488342 0.16562500596046448 0.15312500298023224
0 0.901562511920929 0.6229166984558105 0.16562500596046448 0.15312500298023224
0 0.917187511920929 0.8000000715255737 0.16562500596046448 0.15312500298023224
0 0.6343750357627869 0.19166667759418488 0.16562500596046448 0.15312500298023224
0 0.5765625238418579 0.19166667759418488 0.16562500596046448 0.15312500298023224
0 0.49687501788139343 0.15416666865348816 0.16562500596046448 0.15312500298023224
0 0.4281249940395355 0.13958333432674408 0.16562500596046448 0.15312500298023224
0 0.2578125 0.08958333730697632 0.17499999701976776 0.13125000894069672
0 0.07578124850988388 0.4843750298023224 0.1484375 0.20781250298023224
0 0.4906249940395355 0.9187500476837158 0.15937499701976776 0.12187500298023224
0 0.3578124940395355 0.9187500476837158 0.15937499701976776 0.12187500298023224
0 0.08046875149011612 0.08125000447034836 0.15781250596046448 0.11874999850988388
0 0.39765626192092896 0.3645833432674408 0.18281249701976776 0.125
0 0.823437511920929 0.9083333611488342 0.25 0.13750000298023224
0 0.2984375059604645 0.24375000596046448 0.13437500596046448 0.171875
0 0.7828125357627869 0.08958333730697632 0.19687500596046448 0.13125000894069672
