0 0.49140625732252374 0.13958334061317146 0.18281250272411853 0.15937500237487257
0 0.7171875106869265 0.18020834273193032 0.14687500218860805 0.15468750230502337
0 0.2523437537602149 0.11354167258832604 0.14531250216532499 0.13906250207219273
0 0.8960937633528374 0.44687502330634743 0.18281250272411853 0.22031250328291208
0 0.6695312599767931 0.6052083648974076 0.17343750258442014 0.1671875024912879
0 0.8710937629803084 0.20520834403578192 0.17343750258442014 0.1671875024912879
0 0.14765625220024958 0.3041666825301945 0.15468750230502337 0.1625000024214387
0 0.813281262118835 0.767708373372443 0.17343750258442014 0.1671875024912879
0 0.33828125504078344 0.7406250386266038 0.17343750258442014 0.1671875024912879
0 0.5898437587893568 0.8010417084442452 0.17343750258442014 0.1671875024912879
0 0.27343750407453626 0.9083333807066083 0.19062500284053385 0.13750000204890966
0 0.8476562626310624 0.9312500485684723 0.1890625028172508 0.10312500153668225
1 0.45078125671716407 0.45937502395827323 0.33593750500585884 0.3296875049127266
1 0.7859375117113814 0.47916669165715575 0.07187500107102096 0.06875000102445483
0 0.49140625732252374 0.13958334061317146 0.18281250272411853 0.15937500237487257
0 0.7171875106869265 0.18020834273193032 0.14687500218860805 0.15468750230502337
0 0.2523437537602149 0.11354167258832604 0.14531250216532499 0.13906250207219273
0 0.8960937633528374 0.44687502330634743 0.18281250272411853 0.22031250328291208
0 0.6695312599767931 0.6052083648974076 0.17343750258442014 0.1671875024912879
0 0.8710937629803084 0.20520834403578192 0.17343750258442014 0.1671875024912879
0 0.14765625220024958 0.3041666825301945 0.15468750230502337 0.1625000024214387
0 0.813281262118835 0.767708373372443 0.17343750258442014 0.1671875024912879
0 0.33828125504078344 0.7406250386266038 0.17343750258442014 0.1671875024912879
0 0.5898437587893568 0.8010417084442452 0.17343750258442014 0.1671875024912879
0 0.27343750407453626 0.9083333807066083 0.19062500284053385 0.13750000204890966
0 0.8476562626310624 0.9312500485684723 0.1890625028172508 0.10312500153668225
1 0.45078125671716407 0.45937502395827323 0.33593750500585884 0.3296875049127266
1 0.7859375117113814 0.47916669165715575 0.07187500107102096 0.06875000102445483
0 0.49140625732252374 0.13958334061317146 0.18281250272411853 0.15937500237487257
0 0.7171875106869265 0.18020834273193032 0.14687500218860805 0.15468750230502337
0 0.2523437537602149 0.11354167258832604 0.14531250216532499 0.13906250207219273
0 0.8960937633528374 0.44687502330634743 0.18281250272411853 0.22031250328291208
0 0.6695312599767931 0.6052083648974076 0.17343750258442014 0.1671875024912879
0 0.8710937629803084 0.20520834403578192 0.17343750258442014 0.1671875024912879
0 0.14765625220024958 0.3041666825301945 0.15468750230502337 0.1625000024214387
0 0.813281262118835 0.767708373372443 0.17343750258442014 0.1671875024912879
0 0.33828125504078344 0.7406250386266038 0.17343750258442014 0.1671875024912879
0 0.5898437587893568 0.8010417084442452 0.17343750258442014 0.1671875024912879
0 0.27343750407453626 0.9083333807066083 0.19062500284053385 0.13750000204890966
0 0.8476562626310624 0.9312500485684723 0.1890625028172508 0.10312500153668225
1 0.45078125671716407 0.45937502395827323 0.33593750500585884 0.3296875049127266
1 0.7859375117113814 0.47916669165715575 0.07187500107102096 0.06875000102445483
0 0.49140625732252374 0.13958334061317146 0.18281250272411853 0.15937500237487257
0 0.7171875106869265 0.18020834273193032 0.14687500218860805 0.15468750230502337
0 0.2523437537602149 0.11354167258832604 0.14531250216532499 0.13906250207219273
0 0.8960937633528374 0.44687502330634743 0.18281250272411853 0.22031250328291208
0 0.6695312599767931 0.6052083648974076 0.17343750258442014 0.1671875024912879
0 0.8710937629803084 0.20520834403578192 0.17343750258442014 0.1671875024912879
0 0.14765625220024958 0.3041666825301945 0.15468750230502337 0.1625000024214387
0 0.813281262118835 0.767708373372443 0.17343750258442014 0.1671875024912879
0 0.33828125504078344 0.7406250386266038 0.17343750258442014 0.1671875024912879
0 0.5898437587893568 0.8010417084442452 0.17343750258442014 0.1671875024912879
0 0.27343750407453626 0.9083333807066083 0.19062500284053385 0.13750000204890966
0 0.8476562626310624 0.9312500485684723 0.1890625028172508 0.10312500153668225
1 0.45078125671716407 0.45937502395827323 0.33593750500585884 0.3296875049127266
1 0.7859375117113814 0.47916669165715575 0.07187500107102096 0.06875000102445483
0 0.49140625732252374 0.13958334061317146 0.18281250272411853 0.15937500237487257
0 0.7171875106869265 0.18020834273193032 0.14687500218860805 0.15468750230502337
0 0.2523437537602149 0.11354167258832604 0.14531250216532499 0.13906250207219273
0 0.8960937633528374 0.44687502330634743 0.18281250272411853 0.22031250328291208
0 0.6695312599767931 0.6052083648974076 0.17343750258442014 0.1671875024912879
0 0.8710937629803084 0.20520834403578192 0.17343750258442014 0.1671875024912879
0 0.14765625220024958 0.3041666825301945 0.15468750230502337 0.1625000024214387
0 0.813281262118835 0.767708373372443 0.17343750258442014 0.1671875024912879
0 0.33828125504078344 0.7406250386266038 0.17343750258442014 0.1671875024912879
0 0.5898437587893568 0.8010417084442452 0.17343750258442014 0.1671875024912879
0 0.27343750407453626 0.9083333807066083 0.19062500284053385 0.13750000204890966
0 0.8476562626310624 0.9312500485684723 0.1890625028172508 0.10312500153668225
1 0.45078125671716407 0.45937502395827323 0.33593750500585884 0.3296875049127266
1 0.7859375117113814 0.47916669165715575 0.07187500107102096 0.06875000102445483
0 0.49140625732252374 0.13958334061317146 0.18281250272411853 0.15937500237487257
0 0.7171875106869265 0.18020834273193032 0.14687500218860805 0.15468750230502337
0 0.2523437537602149 0.11354167258832604 0.14531250216532499 0.13906250207219273
0 0.8960937633528374 0.44687502330634743 0.18281250272411853 0.22031250328291208
0 0.6695312599767931 0.6052083648974076 0.17343750258442014 0.1671875024912879
0 0.8710937629803084 0.20520834403578192 0.17343750258442014 0.1671875024912879
0 0.14765625220024958 0.3041666825301945 0.15468750230502337 0.1625000024214387
0 0.813281262118835 0.767708373372443 0.17343750258442014 0.1671875024912879
0 0.33828125504078344 0.7406250386266038 0.17343750258442014 0.1671875024912879
0 0.5898437587893568 0.8010417084442452 0.17343750258442014 0.1671875024912879
0 0.27343750407453626 0.9083333807066083 0.19062500284053385 0.13750000204890966
0 0.8476562626310624 0.9312500485684723 0.1890625028172508 0.10312500153668225
1 0.45078125671716407 0.45937502395827323 0.33593750500585884 0.3296875049127266
1 0.7859375117113814 0.47916669165715575 0.07187500107102096 0.06875000102445483
0 0.49140625732252374 0.13958334061317146 0.18281250272411853 0.15937500237487257
0 0.7171875106869265 0.18020834273193032 0.14687500218860805 0.15468750230502337
0 0.2523437537602149 0.11354167258832604 0.14531250216532499 0.13906250207219273
0 0.8960937633528374 0.44687502330634743 0.18281250272411853 0.22031250328291208
0 0.6695312599767931 0.6052083648974076 0.17343750258442014 0.1671875024912879
0 0.8710937629803084 0.20520834403578192 0.17343750258442014 0.1671875024912879
0 0.14765625220024958 0.3041666825301945 0.15468750230502337 0.1625000024214387
0 0.813281262118835 0.767708373372443 0.17343750258442014 0.1671875024912879
0 0.33828125504078344 0.7406250386266038 0.17343750258442014 0.1671875024912879
0 0.5898437587893568 0.8010417084442452 0.17343750258442014 0.1671875024912879
0 0.27343750407453626 0.9083333807066083 0.19062500284053385 0.13750000204890966
0 0.8476562626310624 0.9312500485684723 0.1890625028172508 0.10312500153668225
1 0.45078125671716407 0.45937502395827323 0.33593750500585884 0.3296875049127266
1 0.7859375117113814 0.47916669165715575 0.07187500107102096 0.06875000102445483
0 0.49140625732252374 0.13958334061317146 0.18281250272411853 0.15937500237487257
0 0.7171875106869265 0.18020834273193032 0.14687500218860805 0.15468750230502337
0 0.2523437537602149 0.11354167258832604 0.14531250216532499 0.13906250207219273
0 0.8960937633528374 0.44687502330634743 0.18281250272411853 0.22031250328291208
0 0.6695312599767931 0.6052083648974076 0.17343750258442014 0.1671875024912879
0 0.8710937629803084 0.20520834403578192 0.17343750258442014 0.1671875024912879
0 0.14765625220024958 0.3041666825301945 0.15468750230502337 0.1625000024214387
0 0.813281262118835 0.767708373372443 0.17343750258442014 0.1671875024912879
0 0.33828125504078344 0.7406250386266038 0.17343750258442014 0.1671875024912879
0 0.5898437587893568 0.8010417084442452 0.17343750258442014 0.1671875024912879
0 0.27343750407453626 0.9083333807066083 0.19062500284053385 0.13750000204890966
0 0.8476562626310624 0.9312500485684723 0.1890625028172508 0.10312500153668225
1 0.45078125671716407 0.45937502395827323 0.33593750500585884 0.3296875049127266
1 0.7859375117113814 0.47916669165715575 0.07187500107102096 0.06875000102445483
0 0.49140625732252374 0.13958334061317146 0.18281250272411853 0.15937500237487257
0 0.7171875106869265 0.18020834273193032 0.14687500218860805 0.15468750230502337
0 0.2523437537602149 0.11354167258832604 0.14531250216532499 0.13906250207219273
0 0.8960937633528374 0.44687502330634743 0.18281250272411853 0.22031250328291208
0 0.6695312599767931 0.6052083648974076 0.17343750258442014 0.1671875024912879
0 0.8710937629803084 0.20520834403578192 0.17343750258442014 0.1671875024912879
0 0.14765625220024958 0.3041666825301945 0.15468750230502337 0.1625000024214387
0 0.813281262118835 0.767708373372443 0.17343750258442014 0.1671875024912879
0 0.33828125504078344 0.7406250386266038 0.17343750258442014 0.1671875024912879
0 0.5898437587893568 0.8010417084442452 0.17343750258442014 0.1671875024912879
0 0.27343750407453626 0.9083333807066083 0.19062500284053385 0.13750000204890966
0 0.8476562626310624 0.9312500485684723 0.1890625028172508 0.10312500153668225
1 0.45078125671716407 0.45937502395827323 0.33593750500585884 0.3296875049127266
1 0.7859375117113814 0.47916669165715575 0.07187500107102096 0.06875000102445483
0 0.49140625732252374 0.13958334061317146 0.18281250272411853 0.15937500237487257
0 0.7171875106869265 0.18020834273193032 0.14687500218860805 0.15468750230502337
0 0.2523437537602149 0.11354167258832604 0.14531250216532499 0.13906250207219273
0 0.8960937633528374 0.44687502330634743 0.18281250272411853 0.22031250328291208
0 0.6695312599767931 0.6052083648974076 0.17343750258442014 0.1671875024912879
0 0.8710937629803084 0.20520834403578192 0.17343750258442014 0.1671875024912879
0 0.14765625220024958 0.3041666825301945 0.15468750230502337 0.1625000024214387
0 0.813281262118835 0.767708373372443 0.17343750258442014 0.1671875024912879
0 0.33828125504078344 0.7406250386266038 0.17343750258442014 0.1671875024912879
0 0.5898437587893568 0.8010417084442452 0.17343750258442014 0.1671875024912879
0 0.27343750407453626 0.9083333807066083 0.19062500284053385 0.13750000204890966
0 0.8476562626310624 0.9312500485684723 0.1890625028172508 0.10312500153668225
1 0.45078125671716407 0.45937502395827323 0.33593750500585884 0.3296875049127266
1 0.7859375117113814 0.47916669165715575 0.07187500107102096 0.06875000102445483
0 0.49140625732252374 0.13958334061317146 0.18281250272411853 0.15937500237487257
0 0.7171875106869265 0.18020834273193032 0.14687500218860805 0.15468750230502337
0 0.2523437537602149 0.11354167258832604 0.14531250216532499 0.13906250207219273
0 0.8960937633528374 0.44687502330634743 0.18281250272411853 0.22031250328291208
0 0.6695312599767931 0.6052083648974076 0.17343750258442014 0.1671875024912879
0 0.8710937629803084 0.20520834403578192 0.17343750258442014 0.1671875024912879
0 0.14765625220024958 0.3041666825301945 0.15468750230502337 0.1625000024214387
0 0.813281262118835 0.767708373372443 0.17343750258442014 0.1671875024912879
0 0.33828125504078344 0.7406250386266038 0.17343750258442014 0.1671875024912879
0 0.5898437587893568 0.8010417084442452 0.17343750258442014 0.1671875024912879
0 0.27343750407453626 0.9083333807066083 0.19062500284053385 0.13750000204890966
0 0.8476562626310624 0.9312500485684723 0.1890625028172508 0.10312500153668225
1 0.45078125671716407 0.45937502395827323 0.33593750500585884 0.3296875049127266
1 0.7859375117113814 0.47916669165715575 0.07187500107102096 0.06875000102445483
0 0.49140625732252374 0.13958334061317146 0.18281250272411853 0.15937500237487257
0 0.7171875106869265 0.18020834273193032 0.14687500218860805 0.15468750230502337
0 0.2523437537602149 0.11354167258832604 0.14531250216532499 0.13906250207219273
0 0.8960937633528374 0.44687502330634743 0.18281250272411853 0.22031250328291208
0 0.6695312599767931 0.6052083648974076 0.17343750258442014 0.1671875024912879
0 0.8710937629803084 0.20520834403578192 0.17343750258442014 0.1671875024912879
0 0.14765625220024958 0.3041666825301945 0.15468750230502337 0.1625000024214387
0 0.813281262118835 0.767708373372443 0.17343750258442014 0.1671875024912879
0 0.33828125504078344 0.7406250386266038 0.17343750258442014 0.1671875024912879
0 0.5898437587893568 0.8010417084442452 0.17343750258442014 0.1671875024912879
0 0.27343750407453626 0.9083333807066083 0.19062500284053385 0.13750000204890966
0 0.8476562626310624 0.9312500485684723 0.1890625028172508 0.10312500153668225
1 0.45078125671716407 0.45937502395827323 0.33593750500585884 0.3296875049127266
1 0.7859375117113814 0.47916669165715575 0.07187500107102096 0.06875000102445483
0 0.49140625732252374 0.13958334061317146 0.18281250272411853 0.15937500237487257
0 0.7171875106869265 0.18020834273193032 0.14687500218860805 0.15468750230502337
0 0.2523437537602149 0.11354167258832604 0.14531250216532499 0.13906250207219273
0 0.8960937633528374 0.44687502330634743 0.18281250272411853 0.22031250328291208
0 0.6695312599767931 0.6052083648974076 0.17343750258442014 0.1671875024912879
0 0.8710937629803084 0.20520834403578192 0.17343750258442014 0.1671875024912879
0 0.14765625220024958 0.3041666825301945 0.15468750230502337 0.1625000024214387
0 0.813281262118835 0.767708373372443 0.17343750258442014 0.1671875024912879
0 0.33828125504078344 0.7406250386266038 0.17343750258442014 0.1671875024912879
0 0.5898437587893568 0.8010417084442452 0.17343750258442014 0.1671875024912879
0 0.27343750407453626 0.9083333807066083 0.19062500284053385 0.13750000204890966
0 0.8476562626310624 0.9312500485684723 0.1890625028172508 0.10312500153668225
1 0.45078125671716407 0.45937502395827323 0.33593750500585884 0.3296875049127266
1 0.7859375117113814 0.47916669165715575 0.07187500107102096 0.06875000102445483
0 0.49140625732252374 0.13958334061317146 0.18281250272411853 0.15937500237487257
0 0.7171875106869265 0.18020834273193032 0.14687500218860805 0.15468750230502337
0 0.2523437537602149 0.11354167258832604 0.14531250216532499 0.13906250207219273
0 0.8960937633528374 0.44687502330634743 0.18281250272411853 0.22031250328291208
0 0.6695312599767931 0.6052083648974076 0.17343750258442014 0.1671875024912879
0 0.8710937629803084 0.20520834403578192 0.17343750258442014 0.1671875024912879
0 0.14765625220024958 0.3041666825301945 0.15468750230502337 0.1625000024214387
0 0.813281262118835 0.767708373372443 0.17343750258442014 0.1671875024912879
0 0.33828125504078344 0.7406250386266038 0.17343750258442014 0.1671875024912879
0 0.5898437587893568 0.8010417084442452 0.17343750258442014 0.1671875024912879
0 0.27343750407453626 0.9083333807066083 0.19062500284053385 0.13750000204890966
0 0.8476562626310624 0.9312500485684723 0.1890625028172508 0.10312500153668225
1 0.45078125671716407 0.45937502395827323 0.33593750500585884 0.3296875049127266
2 0.7859375117113814 0.47916669165715575 0.07187500107102096 0.06875000102445483
0 0.49140625732252374 0.13958334061317146 0.18281250272411853 0.15937500237487257
0 0.7171875106869265 0.18020834273193032 0.14687500218860805 0.15468750230502337
0 0.2523437537602149 0.11354167258832604 0.14531250216532499 0.13906250207219273
0 0.8960937633528374 0.44687502330634743 0.18281250272411853 0.22031250328291208
0 0.6695312599767931 0.6052083648974076 0.17343750258442014 0.1671875024912879
0 0.8710937629803084 0.20520834403578192 0.17343750258442014 0.1671875024912879
0 0.14765625220024958 0.3041666825301945 0.15468750230502337 0.1625000024214387
0 0.813281262118835 0.767708373372443 0.17343750258442014 0.1671875024912879
0 0.33828125504078344 0.7406250386266038 0.17343750258442014 0.1671875024912879
0 0.5898437587893568 0.8010417084442452 0.17343750258442014 0.1671875024912879
0 0.27343750407453626 0.9083333807066083 0.19062500284053385 0.13750000204890966
0 0.8476562626310624 0.9312500485684723 0.1890625028172508 0.10312500153668225
1 0.45078125671716407 0.45937502395827323 0.33593750500585884 0.3296875049127266
2 0.7859375117113814 0.47916669165715575 0.07187500107102096 0.06875000102445483
0 0.49140626192092896 0.13958333432674408 0.18281249701976776 0.15937499701976776
0 0.7171875238418579 0.18020834028720856 0.14687500894069672 0.15468750894069672
0 0.2523437440395355 0.11354167014360428 0.14531250298023224 0.13906250894069672
0 0.8960937857627869 0.44687503576278687 0.18281249701976776 0.22031250596046448
0 0.6695312857627869 0.6052083373069763 0.17343750596046448 0.16718749701976776
0 0.87109375 0.20520834624767303 0.17343750596046448 0.16718749701976776
0 0.14765624701976776 0.30416667461395264 0.15468750894069672 0.16250000894069672
0 0.813281238079071 0.7677083611488342 0.17343750596046448 0.16718749701976776
0 0.3382812440395355 0.7406250238418579 0.17343750596046448 0.16718749701976776
0 0.58984375 0.8010417222976685 0.17343750596046448 0.16718749701976776
0 0.2734375 0.9083333611488342 0.19062499701976776 0.13750000298023224
0 0.84765625 0.9312500357627869 0.18906250596046448 0.10312499850988388
1 0.4507812559604645 0.4593750238418579 0.3359375 0.3296875059604645
2 0.785937488079071 0.4791666865348816 0.07187499850988388 0.06875000149011612
0 0.49140626192092896 0.13958333432674408 0.18281249701976776 0.15937499701976776
0 0.7171875238418579 0.18020834028720856 0.14687500894069672 0.15468750894069672
0 0.2523437440395355 0.11354167014360428 0.14531250298023224 0.13906250894069672
0 0.8960937857627869 0.44687503576278687 0.18281249701976776 0.22031250596046448
0 0.6695312857627869 0.6052083373069763 0.17343750596046448 0.16718749701976776
0 0.87109375 0.20520834624767303 0.17343750596046448 0.16718749701976776
0 0.14765624701976776 0.30416667461395264 0.15468750894069672 0.16250000894069672
0 0.813281238079071 0.7677083611488342 0.17343750596046448 0.16718749701976776
0 0.3382812440395355 0.7406250238418579 0.17343750596046448 0.16718749701976776
0 0.58984375 0.8010417222976685 0.17343750596046448 0.16718749701976776
0 0.2734375 0.9083333611488342 0.19062499701976776 0.13750000298023224
0 0.84765625 0.9312500357627869 0.18906250596046448 0.10312499850988388
1 0.4507812559604645 0.4593750238418579 0.3359375 0.3296875059604645
2 0.785937488079071 0.4791666865348816 0.07187499850988388 0.06875000149011612
0 0.49140626192092896 0.13958333432674408 0.18281249701976776 0.15937499701976776
0 0.7171875238418579 0.18020834028720856 0.14687500894069672 0.15468750894069672
0 0.2523437440395355 0.11354167014360428 0.14531250298023224 0.13906250894069672
0 0.8960937857627869 0.44687503576278687 0.18281249701976776 0.22031250596046448
0 0.6695312857627869 0.6052083373069763 0.17343750596046448 0.16718749701976776
0 0.87109375 0.20520834624767303 0.17343750596046448 0.16718749701976776
0 0.14765624701976776 0.30416667461395264 0.15468750894069672 0.16250000894069672
0 0.813281238079071 0.7677083611488342 0.17343750596046448 0.16718749701976776
0 0.3382812440395355 0.7406250238418579 0.17343750596046448 0.16718749701976776
0 0.58984375 0.8010417222976685 0.17343750596046448 0.16718749701976776
0 0.2734375 0.9083333611488342 0.19062499701976776 0.13750000298023224
0 0.84765625 0.9312500357627869 0.18906250596046448 0.10312499850988388
1 0.4507812559604645 0.4593750238418579 0.3359375 0.3296875059604645
2 0.785937488079071 0.4791666865348816 0.07187499850988388 0.06875000149011612
0 0.49140626192092896 0.13958333432674408 0.18281249701976776 0.15937499701976776
0 0.7171875238418579 0.18020834028720856 0.14687500894069672 0.15468750894069672
0 0.2523437440395355 0.11354167014360428 0.14531250298023224 0.13906250894069672
0 0.8960937857627869 0.44687503576278687 0.18281249701976776 0.22031250596046448
0 0.6695312857627869 0.6052083373069763 0.17343750596046448 0.16718749701976776
0 0.87109375 0.20520834624767303 0.17343750596046448 0.16718749701976776
0 0.14765624701976776 0.30416667461395264 0.15468750894069672 0.16250000894069672
0 0.813281238079071 0.7677083611488342 0.17343750596046448 0.16718749701976776
0 0.3382812440395355 0.7406250238418579 0.17343750596046448 0.16718749701976776
0 0.58984375 0.8010417222976685 0.17343750596046448 0.16718749701976776
0 0.2734375 0.9083333611488342 0.19062499701976776 0.13750000298023224
0 0.84765625 0.9312500357627869 0.18906250596046448 0.10312499850988388
1 0.4507812559604645 0.4593750238418579 0.3359375 0.3296875059604645
2 0.785937488079071 0.4791666865348816 0.07187499850988388 0.06875000149011612
0 0.49140626192092896 0.13958333432674408 0.18281249701976776 0.15937499701976776
0 0.7171875238418579 0.18020834028720856 0.14687500894069672 0.15468750894069672
0 0.2523437440395355 0.11354167014360428 0.14531250298023224 0.13906250894069672
0 0.8960937857627869 0.44687503576278687 0.18281249701976776 0.22031250596046448
0 0.6695312857627869 0.6052083373069763 0.17343750596046448 0.16718749701976776
0 0.87109375 0.20520834624767303 0.17343750596046448 0.16718749701976776
0 0.14765624701976776 0.30416667461395264 0.15468750894069672 0.16250000894069672
0 0.813281238079071 0.7677083611488342 0.17343750596046448 0.16718749701976776
0 0.3382812440395355 0.7406250238418579 0.17343750596046448 0.16718749701976776
0 0.58984375 0.8010417222976685 0.17343750596046448 0.16718749701976776
0 0.2734375 0.9083333611488342 0.19062499701976776 0.13750000298023224
0 0.84765625 0.9312500357627869 0.18906250596046448 0.10312499850988388
1 0.4507812559604645 0.4593750238418579 0.3359375 0.3296875059604645
2 0.785937488079071 0.4791666865348816 0.07187499850988388 0.06875000149011612
0 0.49140626192092896 0.13958333432674408 0.18281249701976776 0.15937499701976776
0 0.7171875238418579 0.18020834028720856 0.14687500894069672 0.15468750894069672
0 0.2523437440395355 0.11354167014360428 0.14531250298023224 0.13906250894069672
0 0.8960937857627869 0.44687503576278687 0.18281249701976776 0.22031250596046448
0 0.6695312857627869 0.6052083373069763 0.17343750596046448 0.16718749701976776
0 0.87109375 0.20520834624767303 0.17343750596046448 0.16718749701976776
0 0.14765624701976776 0.30416667461395264 0.15468750894069672 0.16250000894069672
0 0.813281238079071 0.7677083611488342 0.17343750596046448 0.16718749701976776
0 0.3382812440395355 0.7406250238418579 0.17343750596046448 0.16718749701976776
0 0.58984375 0.8010417222976685 0.17343750596046448 0.16718749701976776
0 0.2734375 0.9083333611488342 0.19062499701976776 0.13750000298023224
0 0.84765625 0.9312500357627869 0.18906250596046448 0.10312499850988388
1 0.4507812559604645 0.4593750238418579 0.3359375 0.3296875059604645
2 0.785937488079071 0.4791666865348816 0.07187499850988388 0.06875000149011612
0 0.49140626192092896 0.13958333432674408 0.18281249701976776 0.15937499701976776
0 0.7171875238418579 0.18020834028720856 0.14687500894069672 0.15468750894069672
0 0.2523437440395355 0.11354167014360428 0.14531250298023224 0.13906250894069672
0 0.8960937857627869 0.44687503576278687 0.18281249701976776 0.22031250596046448
0 0.6695312857627869 0.6052083373069763 0.17343750596046448 0.16718749701976776
0 0.87109375 0.20520834624767303 0.17343750596046448 0.16718749701976776
0 0.14765624701976776 0.30416667461395264 0.15468750894069672 0.16250000894069672
0 0.813281238079071 0.7677083611488342 0.17343750596046448 0.16718749701976776
0 0.3382812440395355 0.7406250238418579 0.17343750596046448 0.16718749701976776
0 0.58984375 0.8010417222976685 0.17343750596046448 0.16718749701976776
0 0.2734375 0.9083333611488342 0.19062499701976776 0.13750000298023224
0 0.84765625 0.9312500357627869 0.18906250596046448 0.10312499850988388
1 0.4507812559604645 0.4593750238418579 0.3359375 0.3296875059604645
2 0.785937488079071 0.4791666865348816 0.07187499850988388 0.06875000149011612
