0 0.4460937566473149 0.591666697524488 0.17656250263098627 0.14375000214204192
0 0.3281250048894435 0.4197916885605082 0.18125000270083547 0.17343750258442014
0 0.3250000048428774 0.4156250216765329 0.18125000270083547 0.17343750258442014
0 0.1945312528987415 0.517708360333927 0.17031250253785402 0.16093750239815563
0 0.08593750128056854 0.0864583378424868 0.15000000223517418 0.1265625018859282
0 0.8140625121304765 0.1552083414280787 0.1625000024214387 0.14531250216532499
0 0.8515625126892701 0.3895833536516875 0.15937500237487257 0.15625000232830644
0 0.10781250160653144 0.7291667046956718 0.1312500019557774 0.1406250020954758
0 0.1359375020256266 0.31250001629814506 0.1312500019557774 0.1406250020954758
0 0.11562500172294676 0.49166669230908155 0.1312500019557774 0.1406250020954758
0 0.5812500086612999 0.6552083675051108 0.10312500153668225 0.16406250244472176
0 0.6468750096391886 0.21354167780373245 0.14375000214204192 0.1359375020256266
0 0.7273437608382665 0.38125001988373697 0.1578125023515895 0.13437500200234354
0 0.6164062591851689 0.9281250484054908 0.1578125023515895 0.10468750155996531
0 0.29531250440049917 0.6229166991543025 0.1406250020954758 0.1531250022817403
1 0.7718750115018338 0.6864583691349253 0.30000000447034836 0.31718750472646207
1 0.5101562576019205 0.8375000436790287 0.06406250095460564 0.059375000884756446
0 0.4460937566473149 0.591666697524488 0.17656250263098627 0.14375000214204192
0 0.3281250048894435 0.4197916885605082 0.18125000270083547 0.17343750258442014
0 0.3250000048428774 0.4156250216765329 0.18125000270083547 0.17343750258442014
0 0.1945312528987415 0.517708360333927 0.17031250253785402 0.16093750239815563
0 0.08593750128056854 0.0864583378424868 0.15000000223517418 0.1265625018859282
0 0.8140625121304765 0.1552083414280787 0.1625000024214387 0.14531250216532499
0 0.8515625126892701 0.3895833536516875 0.15937500237487257 0.15625000232830644
0 0.10781250160653144 0.7291667046956718 0.1312500019557774 0.1406250020954758
0 0.1359375020256266 0.31250001629814506 0.1312500019557774 0.1406250020954758
0 0.11562500172294676 0.49166669230908155 0.1312500019557774 0.1406250020954758
0 0.5812500086612999 0.6552083675051108 0.10312500153668225 0.16406250244472176
0 0.6468750096391886 0.21354167780373245 0.14375000214204192 0.1359375020256266
0 0.7273437608382665 0.38125001988373697 0.1578125023515895 0.13437500200234354
0 0.6164062591851689 0.9281250484054908 0.1578125023515895 0.10468750155996531
0 0.29531250440049917 0.6229166991543025 0.1406250020954758 0.1531250022817403
1 0.7718750115018338 0.6864583691349253 0.30000000447034836 0.31718750472646207
1 0.5101562576019205 0.8375000436790287 0.06406250095460564 0.059375000884756446
0 0.4460937566473149 0.591666697524488 0.17656250263098627 0.14375000214204192
0 0.3281250048894435 0.4197916885605082 0.18125000270083547 0.17343750258442014
0 0.3250000048428774 0.4156250216765329 0.18125000270083547 0.17343750258442014
0 0.1945312528987415 0.517708360333927 0.17031250253785402 0.16093750239815563
0 0.08593750128056854 0.0864583378424868 0.15000000223517418 0.1265625018859282
0 0.8140625121304765 0.1552083414280787 0.1625000024214387 0.14531250216532499
0 0.8515625126892701 0.3895833536516875 0.15937500237487257 0.15625000232830644
0 0.10781250160653144 0.7291667046956718 0.1312500019557774 0.1406250020954758
0 0.1359375020256266 0.31250001629814506 0.1312500019557774 0.1406250020954758
0 0.11562500172294676 0.49166669230908155 0.1312500019557774 0.1406250020954758
0 0.5812500086612999 0.6552083675051108 0.10312500153668225 0.16406250244472176
0 0.6468750096391886 0.21354167780373245 0.14375000214204192 0.1359375020256266
0 0.7273437608382665 0.38125001988373697 0.1578125023515895 0.13437500200234354
0 0.6164062591851689 0.9281250484054908 0.1578125023515895 0.10468750155996531
0 0.29531250440049917 0.6229166991543025 0.1406250020954758 0.1531250022817403
1 0.7718750115018338 0.6864583691349253 0.30000000447034836 0.31718750472646207
1 0.5101562576019205 0.8375000436790287 0.06406250095460564 0.059375000884756446
0 0.4460937566473149 0.591666697524488 0.17656250263098627 0.14375000214204192
0 0.3281250048894435 0.4197916885605082 0.18125000270083547 0.17343750258442014
0 0.3250000048428774 0.4156250216765329 0.18125000270083547 0.17343750258442014
0 0.1945312528987415 0.517708360333927 0.17031250253785402 0.16093750239815563
0 0.08593750128056854 0.0864583378424868 0.15000000223517418 0.1265625018859282
0 0.8140625121304765 0.1552083414280787 0.1625000024214387 0.14531250216532499
0 0.8515625126892701 0.3895833536516875 0.15937500237487257 0.15625000232830644
0 0.10781250160653144 0.7291667046956718 0.1312500019557774 0.1406250020954758
0 0.1359375020256266 0.31250001629814506 0.1312500019557774 0.1406250020954758
0 0.11562500172294676 0.49166669230908155 0.1312500019557774 0.1406250020954758
0 0.5812500086612999 0.6552083675051108 0.10312500153668225 0.16406250244472176
0 0.6468750096391886 0.21354167780373245 0.14375000214204192 0.1359375020256266
0 0.7273437608382665 0.38125001988373697 0.1578125023515895 0.13437500200234354
0 0.6164062591851689 0.9281250484054908 0.1578125023515895 0.10468750155996531
0 0.29531250440049917 0.6229166991543025 0.1406250020954758 0.1531250022817403
1 0.7718750115018338 0.6864583691349253 0.30000000447034836 0.31718750472646207
1 0.5101562576019205 0.8375000436790287 0.06406250095460564 0.059375000884756446
0 0.4460937566473149 0.591666697524488 0.17656250263098627 0.14375000214204192
0 0.3281250048894435 0.4197916885605082 0.18125000270083547 0.17343750258442014
0 0.3250000048428774 0.4156250216765329 0.18125000270083547 0.17343750258442014
0 0.1945312528987415 0.517708360333927 0.17031250253785402 0.16093750239815563
0 0.08593750128056854 0.0864583378424868 0.15000000223517418 0.1265625018859282
0 0.8140625121304765 0.1552083414280787 0.1625000024214387 0.14531250216532499
0 0.8515625126892701 0.3895833536516875 0.15937500237487257 0.15625000232830644
0 0.10781250160653144 0.7291667046956718 0.1312500019557774 0.1406250020954758
0 0.1359375020256266 0.31250001629814506 0.1312500019557774 0.1406250020954758
0 0.11562500172294676 0.49166669230908155 0.1312500019557774 0.1406250020954758
0 0.5812500086612999 0.6552083675051108 0.10312500153668225 0.16406250244472176
0 0.6468750096391886 0.21354167780373245 0.14375000214204192 0.1359375020256266
0 0.7273437608382665 0.38125001988373697 0.1578125023515895 0.13437500200234354
0 0.6164062591851689 0.9281250484054908 0.1578125023515895 0.10468750155996531
0 0.29531250440049917 0.6229166991543025 0.1406250020954758 0.1531250022817403
1 0.7718750115018338 0.6864583691349253 0.30000000447034836 0.31718750472646207
1 0.5101562576019205 0.8375000436790287 0.06406250095460564 0.059375000884756446
0 0.4460937566473149 0.591666697524488 0.17656250263098627 0.14375000214204192
0 0.3281250048894435 0.4197916885605082 0.18125000270083547 0.17343750258442014
0 0.3250000048428774 0.4156250216765329 0.18125000270083547 0.17343750258442014
0 0.1945312528987415 0.517708360333927 0.17031250253785402 0.16093750239815563
0 0.08593750128056854 0.0864583378424868 0.15000000223517418 0.1265625018859282
0 0.8140625121304765 0.1552083414280787 0.1625000024214387 0.14531250216532499
0 0.8515625126892701 0.3895833536516875 0.15937500237487257 0.15625000232830644
0 0.10781250160653144 0.7291667046956718 0.1312500019557774 0.1406250020954758
0 0.1359375020256266 0.31250001629814506 0.1312500019557774 0.1406250020954758
0 0.11562500172294676 0.49166669230908155 0.1312500019557774 0.1406250020954758
0 0.5812500086612999 0.6552083675051108 0.10312500153668225 0.16406250244472176
0 0.6468750096391886 0.21354167780373245 0.14375000214204192 0.1359375020256266
0 0.7273437608382665 0.38125001988373697 0.1578125023515895 0.13437500200234354
0 0.6164062591851689 0.9281250484054908 0.1578125023515895 0.10468750155996531
0 0.29531250440049917 0.6229166991543025 0.1406250020954758 0.1531250022817403
1 0.7718750115018338 0.6864583691349253 0.30000000447034836 0.31718750472646207
1 0.5101562576019205 0.8375000436790287 0.06406250095460564 0.059375000884756446
0 0.4460937566473149 0.591666697524488 0.17656250263098627 0.14375000214204192
0 0.3281250048894435 0.4197916885605082 0.18125000270083547 0.17343750258442014
0 0.3250000048428774 0.4156250216765329 0.18125000270083547 0.17343750258442014
0 0.1945312528987415 0.517708360333927 0.17031250253785402 0.16093750239815563
0 0.08593750128056854 0.0864583378424868 0.15000000223517418 0.1265625018859282
0 0.8140625121304765 0.1552083414280787 0.1625000024214387 0.14531250216532499
0 0.8515625126892701 0.3895833536516875 0.15937500237487257 0.15625000232830644
0 0.10781250160653144 0.7291667046956718 0.1312500019557774 0.1406250020954758
0 0.1359375020256266 0.31250001629814506 0.1312500019557774 0.1406250020954758
0 0.11562500172294676 0.49166669230908155 0.1312500019557774 0.1406250020954758
0 0.5812500086612999 0.6552083675051108 0.10312500153668225 0.16406250244472176
0 0.6468750096391886 0.21354167780373245 0.14375000214204192 0.1359375020256266
0 0.7273437608382665 0.38125001988373697 0.1578125023515895 0.13437500200234354
0 0.6164062591851689 0.9281250484054908 0.1578125023515895 0.10468750155996531
0 0.29531250440049917 0.6229166991543025 0.1406250020954758 0.1531250022817403
1 0.7718750115018338 0.6864583691349253 0.30000000447034836 0.31718750472646207
1 0.5101562576019205 0.8375000436790287 0.06406250095460564 0.059375000884756446
0 0.4460937566473149 0.591666697524488 0.17656250263098627 0.14375000214204192
0 0.3281250048894435 0.4197916885605082 0.18125000270083547 0.17343750258442014
0 0.3250000048428774 0.4156250216765329 0.18125000270083547 0.17343750258442014
0 0.1945312528987415 0.517708360333927 0.17031250253785402 0.16093750239815563
0 0.08593750128056854 0.0864583378424868 0.15000000223517418 0.1265625018859282
0 0.8140625121304765 0.1552083414280787 0.1625000024214387 0.14531250216532499
0 0.8515625126892701 0.3895833536516875 0.15937500237487257 0.15625000232830644
0 0.10781250160653144 0.7291667046956718 0.1312500019557774 0.1406250020954758
0 0.1359375020256266 0.31250001629814506 0.1312500019557774 0.1406250020954758
0 0.11562500172294676 0.49166669230908155 0.1312500019557774 0.1406250020954758
0 0.5812500086612999 0.6552083675051108 0.10312500153668225 0.16406250244472176
0 0.6468750096391886 0.21354167780373245 0.14375000214204192 0.1359375020256266
0 0.7273437608382665 0.38125001988373697 0.1578125023515895 0.13437500200234354
0 0.6164062591851689 0.9281250484054908 0.1578125023515895 0.10468750155996531
0 0.29531250440049917 0.6229166991543025 0.1406250020954758 0.1531250022817403
1 0.7718750115018338 0.6864583691349253 0.30000000447034836 0.31718750472646207
1 0.5101562576019205 0.8375000436790287 0.06406250095460564 0.059375000884756446
0 0.4460937566473149 0.591666697524488 0.17656250263098627 0.14375000214204192
0 0.3281250048894435 0.4197916885605082 0.18125000270083547 0.17343750258442014
0 0.3250000048428774 0.4156250216765329 0.18125000270083547 0.17343750258442014
0 0.1945312528987415 0.517708360333927 0.17031250253785402 0.16093750239815563
0 0.08593750128056854 0.0864583378424868 0.15000000223517418 0.1265625018859282
0 0.8140625121304765 0.1552083414280787 0.1625000024214387 0.14531250216532499
0 0.8515625126892701 0.3895833536516875 0.15937500237487257 0.15625000232830644
0 0.10781250160653144 0.7291667046956718 0.1312500019557774 0.1406250020954758
0 0.1359375020256266 0.31250001629814506 0.1312500019557774 0.1406250020954758
0 0.11562500172294676 0.49166669230908155 0.1312500019557774 0.1406250020954758
0 0.5812500086612999 0.6552083675051108 0.10312500153668225 0.16406250244472176
0 0.6468750096391886 0.21354167780373245 0.14375000214204192 0.1359375020256266
0 0.7273437608382665 0.38125001988373697 0.1578125023515895 0.13437500200234354
0 0.6164062591851689 0.9281250484054908 0.1578125023515895 0.10468750155996531
0 0.29531250440049917 0.6229166991543025 0.1406250020954758 0.1531250022817403
1 0.7718750115018338 0.6864583691349253 0.30000000447034836 0.31718750472646207
1 0.5101562576019205 0.8375000436790287 0.06406250095460564 0.059375000884756446
0 0.4460937566473149 0.591666697524488 0.17656250263098627 0.14375000214204192
0 0.3281250048894435 0.4197916885605082 0.18125000270083547 0.17343750258442014
0 0.3250000048428774 0.4156250216765329 0.18125000270083547 0.17343750258442014
0 0.1945312528987415 0.517708360333927 0.17031250253785402 0.16093750239815563
0 0.08593750128056854 0.0864583378424868 0.15000000223517418 0.1265625018859282
0 0.8140625121304765 0.1552083414280787 0.1625000024214387 0.14531250216532499
0 0.8515625126892701 0.3895833536516875 0.15937500237487257 0.15625000232830644
0 0.10781250160653144 0.7291667046956718 0.1312500019557774 0.1406250020954758
0 0.1359375020256266 0.31250001629814506 0.1312500019557774 0.1406250020954758
0 0.11562500172294676 0.49166669230908155 0.1312500019557774 0.1406250020954758
0 0.5812500086612999 0.6552083675051108 0.10312500153668225 0.16406250244472176
0 0.6468750096391886 0.21354167780373245 0.14375000214204192 0.1359375020256266
0 0.7273437608382665 0.38125001988373697 0.1578125023515895 0.13437500200234354
0 0.6164062591851689 0.9281250484054908 0.1578125023515895 0.10468750155996531
0 0.29531250440049917 0.6229166991543025 0.1406250020954758 0.1531250022817403
1 0.7718750115018338 0.6864583691349253 0.30000000447034836 0.31718750472646207
1 0.5101562576019205 0.8375000436790287 0.06406250095460564 0.059375000884756446
0 0.4460937566473149 0.591666697524488 0.17656250263098627 0.14375000214204192
0 0.3281250048894435 0.4197916885605082 0.18125000270083547 0.17343750258442014
0 0.3250000048428774 0.4156250216765329 0.18125000270083547 0.17343750258442014
0 0.1945312528987415 0.517708360333927 0.17031250253785402 0.16093750239815563
0 0.08593750128056854 0.0864583378424868 0.15000000223517418 0.1265625018859282
0 0.8140625121304765 0.1552083414280787 0.1625000024214387 0.14531250216532499
0 0.8515625126892701 0.3895833536516875 0.15937500237487257 0.15625000232830644
0 0.10781250160653144 0.7291667046956718 0.1312500019557774 0.1406250020954758
0 0.1359375020256266 0.31250001629814506 0.1312500019557774 0.1406250020954758
0 0.11562500172294676 0.49166669230908155 0.1312500019557774 0.1406250020954758
0 0.5812500086612999 0.6552083675051108 0.10312500153668225 0.16406250244472176
0 0.6468750096391886 0.21354167780373245 0.14375000214204192 0.1359375020256266
0 0.7273437608382665 0.38125001988373697 0.1578125023515895 0.13437500200234354
0 0.6164062591851689 0.9281250484054908 0.1578125023515895 0.10468750155996531
0 0.29531250440049917 0.6229166991543025 0.1406250020954758 0.1531250022817403
1 0.7718750115018338 0.6864583691349253 0.30000000447034836 0.31718750472646207
1 0.5101562576019205 0.8375000436790287 0.06406250095460564 0.059375000884756446
0 0.4460937566473149 0.591666697524488 0.17656250263098627 0.14375000214204192
0 0.3281250048894435 0.4197916885605082 0.18125000270083547 0.17343750258442014
0 0.3250000048428774 0.4156250216765329 0.18125000270083547 0.17343750258442014
0 0.1945312528987415 0.517708360333927 0.17031250253785402 0.16093750239815563
0 0.08593750128056854 0.0864583378424868 0.15000000223517418 0.1265625018859282
0 0.8140625121304765 0.1552083414280787 0.1625000024214387 0.14531250216532499
0 0.8515625126892701 0.3895833536516875 0.15937500237487257 0.15625000232830644
0 0.10781250160653144 0.7291667046956718 0.1312500019557774 0.1406250020954758
0 0.1359375020256266 0.31250001629814506 0.1312500019557774 0.1406250020954758
0 0.11562500172294676 0.49166669230908155 0.1312500019557774 0.1406250020954758
0 0.5812500086612999 0.6552083675051108 0.10312500153668225 0.16406250244472176
0 0.6468750096391886 0.21354167780373245 0.14375000214204192 0.1359375020256266
0 0.7273437608382665 0.38125001988373697 0.1578125023515895 0.13437500200234354
0 0.6164062591851689 0.9281250484054908 0.1578125023515895 0.10468750155996531
0 0.29531250440049917 0.6229166991543025 0.1406250020954758 0.1531250022817403
1 0.7718750115018338 0.6864583691349253 0.30000000447034836 0.31718750472646207
1 0.5101562576019205 0.8375000436790287 0.06406250095460564 0.059375000884756446
0 0.4460937566473149 0.591666697524488 0.17656250263098627 0.14375000214204192
0 0.3281250048894435 0.4197916885605082 0.18125000270083547 0.17343750258442014
0 0.3250000048428774 0.4156250216765329 0.18125000270083547 0.17343750258442014
0 0.1945312528987415 0.517708360333927 0.17031250253785402 0.16093750239815563
0 0.08593750128056854 0.0864583378424868 0.15000000223517418 0.1265625018859282
0 0.8140625121304765 0.1552083414280787 0.1625000024214387 0.14531250216532499
0 0.8515625126892701 0.3895833536516875 0.15937500237487257 0.15625000232830644
0 0.10781250160653144 0.7291667046956718 0.1312500019557774 0.1406250020954758
0 0.1359375020256266 0.31250001629814506 0.1312500019557774 0.1406250020954758
0 0.11562500172294676 0.49166669230908155 0.1312500019557774 0.1406250020954758
0 0.5812500086612999 0.6552083675051108 0.10312500153668225 0.16406250244472176
0 0.6468750096391886 0.21354167780373245 0.14375000214204192 0.1359375020256266
0 0.7273437608382665 0.38125001988373697 0.1578125023515895 0.13437500200234354
0 0.6164062591851689 0.9281250484054908 0.1578125023515895 0.10468750155996531
0 0.29531250440049917 0.6229166991543025 0.1406250020954758 0.1531250022817403
1 0.7718750115018338 0.6864583691349253 0.30000000447034836 0.31718750472646207
1 0.5101562576019205 0.8375000436790287 0.06406250095460564 0.059375000884756446
0 0.4460937566473149 0.591666697524488 0.17656250263098627 0.14375000214204192
0 0.3281250048894435 0.4197916885605082 0.18125000270083547 0.17343750258442014
0 0.3250000048428774 0.4156250216765329 0.18125000270083547 0.17343750258442014
0 0.1945312528987415 0.517708360333927 0.17031250253785402 0.16093750239815563
0 0.08593750128056854 0.0864583378424868 0.15000000223517418 0.1265625018859282
0 0.8140625121304765 0.1552083414280787 0.1625000024214387 0.14531250216532499
0 0.8515625126892701 0.3895833536516875 0.15937500237487257 0.15625000232830644
0 0.10781250160653144 0.7291667046956718 0.1312500019557774 0.1406250020954758
0 0.1359375020256266 0.31250001629814506 0.1312500019557774 0.1406250020954758
0 0.11562500172294676 0.49166669230908155 0.1312500019557774 0.1406250020954758
0 0.5812500086612999 0.6552083675051108 0.10312500153668225 0.16406250244472176
0 0.6468750096391886 0.21354167780373245 0.14375000214204192 0.1359375020256266
0 0.7273437608382665 0.38125001988373697 0.1578125023515895 0.13437500200234354
0 0.6164062591851689 0.9281250484054908 0.1578125023515895 0.10468750155996531
0 0.29531250440049917 0.6229166991543025 0.1406250020954758 0.1531250022817403
1 0.7718750115018338 0.6864583691349253 0.30000000447034836 0.31718750472646207
2 0.5101562576019205 0.8375000436790287 0.06406250095460564 0.059375000884756446
0 0.4460937566473149 0.591666697524488 0.17656250263098627 0.14375000214204192
0 0.3281250048894435 0.4197916885605082 0.18125000270083547 0.17343750258442014
0 0.3250000048428774 0.4156250216765329 0.18125000270083547 0.17343750258442014
0 0.1945312528987415 0.517708360333927 0.17031250253785402 0.16093750239815563
0 0.08593750128056854 0.0864583378424868 0.15000000223517418 0.1265625018859282
0 0.8140625121304765 0.1552083414280787 0.1625000024214387 0.14531250216532499
0 0.8515625126892701 0.3895833536516875 0.15937500237487257 0.15625000232830644
0 0.10781250160653144 0.7291667046956718 0.1312500019557774 0.1406250020954758
0 0.1359375020256266 0.31250001629814506 0.1312500019557774 0.1406250020954758
0 0.11562500172294676 0.49166669230908155 0.1312500019557774 0.1406250020954758
0 0.5812500086612999 0.6552083675051108 0.10312500153668225 0.16406250244472176
0 0.6468750096391886 0.21354167780373245 0.14375000214204192 0.1359375020256266
0 0.7273437608382665 0.38125001988373697 0.1578125023515895 0.13437500200234354
0 0.6164062591851689 0.9281250484054908 0.1578125023515895 0.10468750155996531
0 0.29531250440049917 0.6229166991543025 0.1406250020954758 0.1531250022817403
1 0.7718750115018338 0.6864583691349253 0.30000000447034836 0.31718750472646207
2 0.5101562576019205 0.8375000436790287 0.06406250095460564 0.059375000884756446
0 0.44609376788139343 0.5916666984558105 0.17656250298023224 0.14374999701976776
0 0.328125 0.41979169845581055 0.18125000596046448 0.17343750596046448
0 0.32500001788139343 0.41562503576278687 0.18125000596046448 0.17343750596046448
0 0.19453124701976776 0.5177083611488342 0.17031250894069672 0.16093750298023224
0 0.0859375 0.08645834028720856 0.15000000596046448 0.12656250596046448
0 0.8140625357627869 0.15520833432674408 0.16250000894069672 0.14531250298023224
0 0.8515625 0.3895833492279053 0.15937499701976776 0.15625
0 0.10781250149011612 0.7291666865348816 0.13125000894069672 0.140625
0 0.13593749701976776 0.3125000298023224 0.13125000894069672 0.140625
0 0.11562500149011612 0.491666704416275 0.13125000894069672 0.140625
0 0.581250011920929 0.6552083492279053 0.10312499850988388 0.1640625
0 0.6468750238418579 0.2135416716337204 0.14374999701976776 0.13593749701976776
0 0.727343738079071 0.3812500238418579 0.15781250596046448 0.13437500596046448
0 0.616406261920929 0.9281250238418579 0.15781250596046448 0.10468750447034836
0 0.2953124940395355 0.6229166984558105 0.140625 0.15312500298023224
1 0.7718750238418579 0.6864583492279053 0.30000001192092896 0.31718751788139343
2 0.5101562738418579 0.8375000357627869 0.06406249850988388 0.05937499925494194
0 0.44609376788139343 0.5916666984558105 0.17656250298023224 0.14374999701976776
0 0.328125 0.41979169845581055 0.18125000596046448 0.17343750596046448
0 0.32500001788139343 0.41562503576278687 0.18125000596046448 0.17343750596046448
0 0.19453124701976776 0.5177083611488342 0.17031250894069672 0.16093750298023224
0 0.0859375 0.08645834028720856 0.15000000596046448 0.12656250596046448
0 0.8140625357627869 0.15520833432674408 0.16250000894069672 0.14531250298023224
0 0.8515625 0.3895833492279053 0.15937499701976776 0.15625
0 0.10781250149011612 0.7291666865348816 0.13125000894069672 0.140625
0 0.13593749701976776 0.3125000298023224 0.13125000894069672 0.140625
0 0.11562500149011612 0.491666704416275 0.13125000894069672 0.140625
0 0.581250011920929 0.6552083492279053 0.10312499850988388 0.1640625
0 0.6468750238418579 0.2135416716337204 0.14374999701976776 0.13593749701976776
0 0.727343738079071 0.3812500238418579 0.15781250596046448 0.13437500596046448
0 0.616406261920929 0.9281250238418579 0.15781250596046448 0.10468750447034836
0 0.2953124940395355 0.6229166984558105 0.140625 0.15312500298023224
1 0.7718750238418579 0.6864583492279053 0.30000001192092896 0.31718751788139343
2 0.5101562738418579 0.8375000357627869 0.06406249850988388 0.05937499925494194
0 0.44609376788139343 0.5916666984558105 0.17656250298023224 0.14374999701976776
0 0.328125 0.41979169845581055 0.18125000596046448 0.17343750596046448
0 0.32500001788139343 0.41562503576278687 0.18125000596046448 0.17343750596046448
0 0.19453124701976776 0.5177083611488342 0.17031250894069672 0.16093750298023224
0 0.0859375 0.08645834028720856 0.15000000596046448 0.12656250596046448
0 0.8140625357627869 0.15520833432674408 0.16250000894069672 0.14531250298023224
0 0.8515625 0.3895833492279053 0.15937499701976776 0.15625
0 0.10781250149011612 0.7291666865348816 0.13125000894069672 0.140625
0 0.13593749701976776 0.3125000298023224 0.13125000894069672 0.140625
0 0.11562500149011612 0.491666704416275 0.13125000894069672 0.140625
0 0.581250011920929 0.6552083492279053 0.10312499850988388 0.1640625
0 0.6468750238418579 0.2135416716337204 0.14374999701976776 0.13593749701976776
0 0.727343738079071 0.3812500238418579 0.15781250596046448 0.13437500596046448
0 0.616406261920929 0.9281250238418579 0.15781250596046448 0.10468750447034836
0 0.2953124940395355 0.6229166984558105 0.140625 0.15312500298023224
1 0.7718750238418579 0.6864583492279053 0.30000001192092896 0.31718751788139343
2 0.5101562738418579 0.8375000357627869 0.06406249850988388 0.05937499925494194
0 0.44609376788139343 0.5916666984558105 0.17656250298023224 0.14374999701976776
0 0.328125 0.41979169845581055 0.18125000596046448 0.17343750596046448
0 0.32500001788139343 0.41562503576278687 0.18125000596046448 0.17343750596046448
0 0.19453124701976776 0.5177083611488342 0.17031250894069672 0.16093750298023224
0 0.0859375 0.08645834028720856 0.15000000596046448 0.12656250596046448
0 0.8140625357627869 0.15520833432674408 0.16250000894069672 0.14531250298023224
0 0.8515625 0.3895833492279053 0.15937499701976776 0.15625
0 0.10781250149011612 0.7291666865348816 0.13125000894069672 0.140625
0 0.13593749701976776 0.3125000298023224 0.13125000894069672 0.140625
0 0.11562500149011612 0.491666704416275 0.13125000894069672 0.140625
0 0.581250011920929 0.6552083492279053 0.10312499850988388 0.1640625
0 0.6468750238418579 0.2135416716337204 0.14374999701976776 0.13593749701976776
0 0.727343738079071 0.3812500238418579 0.15781250596046448 0.13437500596046448
0 0.616406261920929 0.9281250238418579 0.15781250596046448 0.10468750447034836
0 0.2953124940395355 0.6229166984558105 0.140625 0.15312500298023224
1 0.7718750238418579 0.6864583492279053 0.30000001192092896 0.31718751788139343
2 0.5101562738418579 0.8375000357627869 0.06406249850988388 0.05937499925494194
0 0.44609376788139343 0.5916666984558105 0.17656250298023224 0.14374999701976776
0 0.328125 0.41979169845581055 0.18125000596046448 0.17343750596046448
0 0.32500001788139343 0.41562503576278687 0.18125000596046448 0.17343750596046448
0 0.19453124701976776 0.5177083611488342 0.17031250894069672 0.16093750298023224
0 0.0859375 0.08645834028720856 0.15000000596046448 0.12656250596046448
0 0.8140625357627869 0.15520833432674408 0.16250000894069672 0.14531250298023224
0 0.8515625 0.3895833492279053 0.15937499701976776 0.15625
0 0.10781250149011612 0.7291666865348816 0.13125000894069672 0.140625
0 0.13593749701976776 0.3125000298023224 0.13125000894069672 0.140625
0 0.11562500149011612 0.491666704416275 0.13125000894069672 0.140625
0 0.581250011920929 0.6552083492279053 0.10312499850988388 0.1640625
0 0.6468750238418579 0.2135416716337204 0.14374999701976776 0.13593749701976776
0 0.727343738079071 0.3812500238418579 0.15781250596046448 0.13437500596046448
0 0.616406261920929 0.9281250238418579 0.15781250596046448 0.10468750447034836
0 0.2953124940395355 0.6229166984558105 0.140625 0.15312500298023224
1 0.7718750238418579 0.6864583492279053 0.30000001192092896 0.31718751788139343
2 0.5101562738418579 0.8375000357627869 0.06406249850988388 0.05937499925494194
0 0.44609376788139343 0.5916666984558105 0.17656250298023224 0.14374999701976776
0 0.328125 0.41979169845581055 0.18125000596046448 0.17343750596046448
0 0.32500001788139343 0.41562503576278687 0.18125000596046448 0.17343750596046448
0 0.19453124701976776 0.5177083611488342 0.17031250894069672 0.16093750298023224
0 0.0859375 0.08645834028720856 0.15000000596046448 0.12656250596046448
0 0.8140625357627869 0.15520833432674408 0.16250000894069672 0.14531250298023224
0 0.8515625 0.3895833492279053 0.15937499701976776 0.15625
0 0.10781250149011612 0.7291666865348816 0.13125000894069672 0.140625
0 0.13593749701976776 0.3125000298023224 0.13125000894069672 0.140625
0 0.11562500149011612 0.491666704416275 0.13125000894069672 0.140625
0 0.581250011920929 0.6552083492279053 0.10312499850988388 0.1640625
0 0.6468750238418579 0.2135416716337204 0.14374999701976776 0.13593749701976776
0 0.727343738079071 0.3812500238418579 0.15781250596046448 0.13437500596046448
0 0.616406261920929 0.9281250238418579 0.15781250596046448 0.10468750447034836
0 0.2953124940395355 0.6229166984558105 0.140625 0.15312500298023224
1 0.7718750238418579 0.6864583492279053 0.30000001192092896 0.31718751788139343
2 0.5101562738418579 0.8375000357627869 0.06406249850988388 0.05937499925494194
0 0.44609376788139343 0.5916666984558105 0.17656250298023224 0.14374999701976776
0 0.328125 0.41979169845581055 0.18125000596046448 0.17343750596046448
0 0.32500001788139343 0.41562503576278687 0.18125000596046448 0.17343750596046448
0 0.19453124701976776 0.5177083611488342 0.17031250894069672 0.16093750298023224
0 0.0859375 0.08645834028720856 0.15000000596046448 0.12656250596046448
0 0.8140625357627869 0.15520833432674408 0.16250000894069672 0.14531250298023224
0 0.8515625 0.3895833492279053 0.15937499701976776 0.15625
0 0.10781250149011612 0.7291666865348816 0.13125000894069672 0.140625
0 0.13593749701976776 0.3125000298023224 0.13125000894069672 0.140625
0 0.11562500149011612 0.491666704416275 0.13125000894069672 0.140625
0 0.581250011920929 0.6552083492279053 0.10312499850988388 0.1640625
0 0.6468750238418579 0.2135416716337204 0.14374999701976776 0.13593749701976776
0 0.727343738079071 0.3812500238418579 0.15781250596046448 0.13437500596046448
0 0.616406261920929 0.9281250238418579 0.15781250596046448 0.10468750447034836
0 0.2953124940395355 0.6229166984558105 0.140625 0.15312500298023224
1 0.7718750238418579 0.6864583492279053 0.30000001192092896 0.31718751788139343
2 0.5101562738418579 0.8375000357627869 0.06406249850988388 0.05937499925494194
