0 0.4343750064726919 0.6500000339001417 0.15937500237487257 0.14687500218860805
0 0.16171875240979716 0.5385416947538033 0.17343750258442014 0.14843750221189111
0 0.3179687547381036 0.46770835772622377 0.2109375031432137 0.1796875026775524
0 0.6937500103376806 0.6885417025769129 0.1750000026077032 0.17343750258442014
0 0.8570312627707608 0.7010417032288387 0.1796875026775524 0.1578125023515895
0 0.6171875091968104 0.2916666818782687 0.16562500246800482 0.15000000223517418
0 0.7500000111758709 0.26250001369044185 0.16562500246800482 0.15000000223517418
0 0.7468750111293048 0.45416669035330415 0.16562500246800482 0.15000000223517418
0 0.27500000409781933 0.26250001369044185 0.16562500246800482 0.15000000223517418
0 0.1312500019557774 0.23645834566559643 0.16875000251457095 0.16406250244472176
0 0.933593763911631 0.1666666753590107 0.13281250197906047 0.1531250022817403
0 0.4632812569034286 0.8968750467756763 0.15468750230502337 0.13906250207219273
1 0.46953125699656084 0.1291666734032333 0.33593750500585884 0.19062500284053385
1 0.05000000074505806 0.15104167454410344 0.05312500079162419 0.06093750090803951
1 0.7914062617928721 0.8802083792397752 0.06093750090803951 0.051562500768341124
0 0.4343750064726919 0.6500000339001417 0.15937500237487257 0.14687500218860805
0 0.16171875240979716 0.5385416947538033 0.17343750258442014 0.14843750221189111
0 0.3179687547381036 0.46770835772622377 0.2109375031432137 0.1796875026775524
0 0.6937500103376806 0.6885417025769129 0.1750000026077032 0.17343750258442014
0 0.8570312627707608 0.7010417032288387 0.1796875026775524 0.1578125023515895
0 0.6171875091968104 0.2916666818782687 0.16562500246800482 0.15000000223517418
0 0.7500000111758709 0.26250001369044185 0.16562500246800482 0.15000000223517418
0 0.7468750111293048 0.45416669035330415 0.16562500246800482 0.15000000223517418
0 0.27500000409781933 0.26250001369044185 0.16562500246800482 0.15000000223517418
0 0.1312500019557774 0.23645834566559643 0.16875000251457095 0.16406250244472176
0 0.933593763911631 0.1666666753590107 0.13281250197906047 0.1531250022817403
0 0.4632812569034286 0.8968750467756763 0.15468750230502337 0.13906250207219273
1 0.46953125699656084 0.1291666734032333 0.33593750500585884 0.19062500284053385
1 0.05000000074505806 0.15104167454410344 0.05312500079162419 0.06093750090803951
1 0.7914062617928721 0.8802083792397752 0.06093750090803951 0.051562500768341124
0 0.4343750064726919 0.6500000339001417 0.15937500237487257 0.14687500218860805
0 0.16171875240979716 0.5385416947538033 0.17343750258442014 0.14843750221189111
0 0.3179687547381036 0.46770835772622377 0.2109375031432137 0.1796875026775524
0 0.6937500103376806 0.6885417025769129 0.1750000026077032 0.17343750258442014
0 0.8570312627707608 0.7010417032288387 0.1796875026775524 0.1578125023515895
0 0.6171875091968104 0.2916666818782687 0.16562500246800482 0.15000000223517418
0 0.7500000111758709 0.26250001369044185 0.16562500246800482 0.15000000223517418
0 0.7468750111293048 0.45416669035330415 0.16562500246800482 0.15000000223517418
0 0.27500000409781933 0.26250001369044185 0.16562500246800482 0.15000000223517418
0 0.1312500019557774 0.23645834566559643 0.16875000251457095 0.16406250244472176
0 0.933593763911631 0.1666666753590107 0.13281250197906047 0.1531250022817403
0 0.4632812569034286 0.8968750467756763 0.15468750230502337 0.13906250207219273
1 0.46953125699656084 0.1291666734032333 0.33593750500585884 0.19062500284053385
1 0.05000000074505806 0.15104167454410344 0.05312500079162419 0.06093750090803951
1 0.7914062617928721 0.8802083792397752 0.06093750090803951 0.051562500768341124
0 0.4343750064726919 0.6500000339001417 0.15937500237487257 0.14687500218860805
0 0.16171875240979716 0.5385416947538033 0.17343750258442014 0.14843750221189111
0 0.3179687547381036 0.46770835772622377 0.2109375031432137 0.1796875026775524
0 0.6937500103376806 0.6885417025769129 0.1750000026077032 0.17343750258442014
0 0.8570312627707608 0.7010417032288387 0.1796875026775524 0.1578125023515895
0 0.6171875091968104 0.2916666818782687 0.16562500246800482 0.15000000223517418
0 0.7500000111758709 0.26250001369044185 0.16562500246800482 0.15000000223517418
0 0.7468750111293048 0.45416669035330415 0.16562500246800482 0.15000000223517418
0 0.27500000409781933 0.26250001369044185 0.16562500246800482 0.15000000223517418
0 0.1312500019557774 0.23645834566559643 0.16875000251457095 0.16406250244472176
0 0.933593763911631 0.1666666753590107 0.13281250197906047 0.1531250022817403
0 0.4632812569034286 0.8968750467756763 0.15468750230502337 0.13906250207219273
1 0.46953125699656084 0.1291666734032333 0.33593750500585884 0.19062500284053385
1 0.05000000074505806 0.15104167454410344 0.05312500079162419 0.06093750090803951
1 0.7914062617928721 0.8802083792397752 0.06093750090803951 0.051562500768341124
0 0.4343750064726919 0.6500000339001417 0.15937500237487257 0.14687500218860805
0 0.16171875240979716 0.5385416947538033 0.17343750258442014 0.14843750221189111
0 0.3179687547381036 0.46770835772622377 0.2109375031432137 0.1796875026775524
0 0.6937500103376806 0.6885417025769129 0.1750000026077032 0.17343750258442014
0 0.8570312627707608 0.7010417032288387 0.1796875026775524 0.1578125023515895
0 0.6171875091968104 0.2916666818782687 0.16562500246800482 0.15000000223517418
0 0.7500000111758709 0.26250001369044185 0.16562500246800482 0.15000000223517418
0 0.7468750111293048 0.45416669035330415 0.16562500246800482 0.15000000223517418
0 0.27500000409781933 0.26250001369044185 0.16562500246800482 0.15000000223517418
0 0.1312500019557774 0.23645834566559643 0.16875000251457095 0.16406250244472176
0 0.933593763911631 0.1666666753590107 0.13281250197906047 0.1531250022817403
0 0.4632812569034286 0.8968750467756763 0.15468750230502337 0.13906250207219273
1 0.46953125699656084 0.1291666734032333 0.33593750500585884 0.19062500284053385
1 0.05000000074505806 0.15104167454410344 0.05312500079162419 0.06093750090803951
1 0.7914062617928721 0.8802083792397752 0.06093750090803951 0.051562500768341124
0 0.4343750064726919 0.6500000339001417 0.15937500237487257 0.14687500218860805
0 0.16171875240979716 0.5385416947538033 0.17343750258442014 0.14843750221189111
0 0.3179687547381036 0.46770835772622377 0.2109375031432137 0.1796875026775524
0 0.6937500103376806 0.6885417025769129 0.1750000026077032 0.17343750258442014
0 0.8570312627707608 0.7010417032288387 0.1796875026775524 0.1578125023515895
0 0.6171875091968104 0.2916666818782687 0.16562500246800482 0.15000000223517418
0 0.7500000111758709 0.26250001369044185 0.16562500246800482 0.15000000223517418
0 0.7468750111293048 0.45416669035330415 0.16562500246800482 0.15000000223517418
0 0.27500000409781933 0.26250001369044185 0.16562500246800482 0.15000000223517418
0 0.1312500019557774 0.23645834566559643 0.16875000251457095 0.16406250244472176
0 0.933593763911631 0.1666666753590107 0.13281250197906047 0.1531250022817403
0 0.4632812569034286 0.8968750467756763 0.15468750230502337 0.13906250207219273
1 0.46953125699656084 0.1291666734032333 0.33593750500585884 0.19062500284053385
1 0.05000000074505806 0.15104167454410344 0.05312500079162419 0.06093750090803951
1 0.7914062617928721 0.8802083792397752 0.06093750090803951 0.051562500768341124
0 0.4343750064726919 0.6500000339001417 0.15937500237487257 0.14687500218860805
0 0.16171875240979716 0.5385416947538033 0.17343750258442014 0.14843750221189111
0 0.3179687547381036 0.46770835772622377 0.2109375031432137 0.1796875026775524
0 0.6937500103376806 0.6885417025769129 0.1750000026077032 0.17343750258442014
0 0.8570312627707608 0.7010417032288387 0.1796875026775524 0.1578125023515895
0 0.6171875091968104 0.2916666818782687 0.16562500246800482 0.15000000223517418
0 0.7500000111758709 0.26250001369044185 0.16562500246800482 0.15000000223517418
0 0.7468750111293048 0.45416669035330415 0.16562500246800482 0.15000000223517418
0 0.27500000409781933 0.26250001369044185 0.16562500246800482 0.15000000223517418
0 0.1312500019557774 0.23645834566559643 0.16875000251457095 0.16406250244472176
0 0.933593763911631 0.1666666753590107 0.13281250197906047 0.1531250022817403
0 0.4632812569034286 0.8968750467756763 0.15468750230502337 0.13906250207219273
1 0.46953125699656084 0.1291666734032333 0.33593750500585884 0.19062500284053385
1 0.05000000074505806 0.15104167454410344 0.05312500079162419 0.06093750090803951
1 0.7914062617928721 0.8802083792397752 0.06093750090803951 0.051562500768341124
0 0.4343750064726919 0.6500000339001417 0.15937500237487257 0.14687500218860805
0 0.16171875240979716 0.5385416947538033 0.17343750258442014 0.14843750221189111
0 0.3179687547381036 0.46770835772622377 0.2109375031432137 0.1796875026775524
0 0.6937500103376806 0.6885417025769129 0.1750000026077032 0.17343750258442014
0 0.8570312627707608 0.7010417032288387 0.1796875026775524 0.1578125023515895
0 0.6171875091968104 0.2916666818782687 0.16562500246800482 0.15000000223517418
0 0.7500000111758709 0.26250001369044185 0.16562500246800482 0.15000000223517418
0 0.7468750111293048 0.45416669035330415 0.16562500246800482 0.15000000223517418
0 0.27500000409781933 0.26250001369044185 0.16562500246800482 0.15000000223517418
0 0.1312500019557774 0.23645834566559643 0.16875000251457095 0.16406250244472176
0 0.933593763911631 0.1666666753590107 0.13281250197906047 0.1531250022817403
0 0.4632812569034286 0.8968750467756763 0.15468750230502337 0.13906250207219273
1 0.46953125699656084 0.1291666734032333 0.33593750500585884 0.19062500284053385
1 0.05000000074505806 0.15104167454410344 0.05312500079162419 0.06093750090803951
1 0.7914062617928721 0.8802083792397752 0.06093750090803951 0.051562500768341124
0 0.4343750064726919 0.6500000339001417 0.15937500237487257 0.14687500218860805
0 0.16171875240979716 0.5385416947538033 0.17343750258442014 0.14843750221189111
0 0.3179687547381036 0.46770835772622377 0.2109375031432137 0.1796875026775524
0 0.6937500103376806 0.6885417025769129 0.1750000026077032 0.17343750258442014
0 0.8570312627707608 0.7010417032288387 0.1796875026775524 0.1578125023515895
0 0.6171875091968104 0.2916666818782687 0.16562500246800482 0.15000000223517418
0 0.7500000111758709 0.26250001369044185 0.16562500246800482 0.15000000223517418
0 0.7468750111293048 0.45416669035330415 0.16562500246800482 0.15000000223517418
0 0.27500000409781933 0.26250001369044185 0.16562500246800482 0.15000000223517418
0 0.1312500019557774 0.23645834566559643 0.16875000251457095 0.16406250244472176
0 0.933593763911631 0.1666666753590107 0.13281250197906047 0.1531250022817403
0 0.4632812569034286 0.8968750467756763 0.15468750230502337 0.13906250207219273
1 0.46953125699656084 0.1291666734032333 0.33593750500585884 0.19062500284053385
1 0.05000000074505806 0.15104167454410344 0.05312500079162419 0.06093750090803951
1 0.7914062617928721 0.8802083792397752 0.06093750090803951 0.051562500768341124
0 0.4343750064726919 0.6500000339001417 0.15937500237487257 0.14687500218860805
0 0.16171875240979716 0.5385416947538033 0.17343750258442014 0.14843750221189111
0 0.3179687547381036 0.46770835772622377 0.2109375031432137 0.1796875026775524
0 0.6937500103376806 0.6885417025769129 0.1750000026077032 0.17343750258442014
0 0.8570312627707608 0.7010417032288387 0.1796875026775524 0.1578125023515895
0 0.6171875091968104 0.2916666818782687 0.16562500246800482 0.15000000223517418
0 0.7500000111758709 0.26250001369044185 0.16562500246800482 0.15000000223517418
0 0.7468750111293048 0.45416669035330415 0.16562500246800482 0.15000000223517418
0 0.27500000409781933 0.26250001369044185 0.16562500246800482 0.15000000223517418
0 0.1312500019557774 0.23645834566559643 0.16875000251457095 0.16406250244472176
0 0.933593763911631 0.1666666753590107 0.13281250197906047 0.1531250022817403
0 0.4632812569034286 0.8968750467756763 0.15468750230502337 0.13906250207219273
1 0.46953125699656084 0.1291666734032333 0.33593750500585884 0.19062500284053385
1 0.05000000074505806 0.15104167454410344 0.05312500079162419 0.06093750090803951
1 0.7914062617928721 0.8802083792397752 0.06093750090803951 0.051562500768341124
0 0.4343750064726919 0.6500000339001417 0.15937500237487257 0.14687500218860805
0 0.16171875240979716 0.5385416947538033 0.17343750258442014 0.14843750221189111
0 0.3179687547381036 0.46770835772622377 0.2109375031432137 0.1796875026775524
0 0.6937500103376806 0.6885417025769129 0.1750000026077032 0.17343750258442014
0 0.8570312627707608 0.7010417032288387 0.1796875026775524 0.1578125023515895
0 0.6171875091968104 0.2916666818782687 0.16562500246800482 0.15000000223517418
0 0.7500000111758709 0.26250001369044185 0.16562500246800482 0.15000000223517418
0 0.7468750111293048 0.45416669035330415 0.16562500246800482 0.15000000223517418
0 0.27500000409781933 0.26250001369044185 0.16562500246800482 0.15000000223517418
0 0.1312500019557774 0.23645834566559643 0.16875000251457095 0.16406250244472176
0 0.933593763911631 0.1666666753590107 0.13281250197906047 0.1531250022817403
0 0.4632812569034286 0.8968750467756763 0.15468750230502337 0.13906250207219273
1 0.46953125699656084 0.1291666734032333 0.33593750500585884 0.19062500284053385
1 0.05000000074505806 0.15104167454410344 0.05312500079162419 0.06093750090803951
1 0.7914062617928721 0.8802083792397752 0.06093750090803951 0.051562500768341124
0 0.4343750064726919 0.6500000339001417 0.15937500237487257 0.14687500218860805
0 0.16171875240979716 0.5385416947538033 0.17343750258442014 0.14843750221189111
0 0.3179687547381036 0.46770835772622377 0.2109375031432137 0.1796875026775524
0 0.6937500103376806 0.6885417025769129 0.1750000026077032 0.17343750258442014
0 0.8570312627707608 0.7010417032288387 0.1796875026775524 0.1578125023515895
0 0.6171875091968104 0.2916666818782687 0.16562500246800482 0.15000000223517418
0 0.7500000111758709 0.26250001369044185 0.16562500246800482 0.15000000223517418
0 0.7468750111293048 0.45416669035330415 0.16562500246800482 0.15000000223517418
0 0.27500000409781933 0.26250001369044185 0.16562500246800482 0.15000000223517418
0 0.1312500019557774 0.23645834566559643 0.16875000251457095 0.16406250244472176
0 0.933593763911631 0.1666666753590107 0.13281250197906047 0.1531250022817403
0 0.4632812569034286 0.8968750467756763 0.15468750230502337 0.13906250207219273
1 0.46953125699656084 0.1291666734032333 0.33593750500585884 0.19062500284053385
1 0.05000000074505806 0.15104167454410344 0.05312500079162419 0.06093750090803951
1 0.7914062617928721 0.8802083792397752 0.06093750090803951 0.051562500768341124
0 0.4343750064726919 0.6500000339001417 0.15937500237487257 0.14687500218860805
0 0.16171875240979716 0.5385416947538033 0.17343750258442014 0.14843750221189111
0 0.3179687547381036 0.46770835772622377 0.2109375031432137 0.1796875026775524
0 0.6937500103376806 0.6885417025769129 0.1750000026077032 0.17343750258442014
0 0.8570312627707608 0.7010417032288387 0.1796875026775524 0.1578125023515895
0 0.6171875091968104 0.2916666818782687 0.16562500246800482 0.15000000223517418
0 0.7500000111758709 0.26250001369044185 0.16562500246800482 0.15000000223517418
0 0.7468750111293048 0.45416669035330415 0.16562500246800482 0.15000000223517418
0 0.27500000409781933 0.26250001369044185 0.16562500246800482 0.15000000223517418
0 0.1312500019557774 0.23645834566559643 0.16875000251457095 0.16406250244472176
0 0.933593763911631 0.1666666753590107 0.13281250197906047 0.1531250022817403
0 0.4632812569034286 0.8968750467756763 0.15468750230502337 0.13906250207219273
1 0.46953125699656084 0.1291666734032333 0.33593750500585884 0.19062500284053385
1 0.05000000074505806 0.15104167454410344 0.05312500079162419 0.06093750090803951
1 0.7914062617928721 0.8802083792397752 0.06093750090803951 0.051562500768341124
0 0.4343750064726919 0.6500000339001417 0.15937500237487257 0.14687500218860805
0 0.16171875240979716 0.5385416947538033 0.17343750258442014 0.14843750221189111
0 0.3179687547381036 0.46770835772622377 0.2109375031432137 0.1796875026775524
0 0.6937500103376806 0.6885417025769129 0.1750000026077032 0.17343750258442014
0 0.8570312627707608 0.7010417032288387 0.1796875026775524 0.1578125023515895
0 0.6171875091968104 0.2916666818782687 0.16562500246800482 0.15000000223517418
0 0.7500000111758709 0.26250001369044185 0.16562500246800482 0.15000000223517418
0 0.7468750111293048 0.45416669035330415 0.16562500246800482 0.15000000223517418
0 0.27500000409781933 0.26250001369044185 0.16562500246800482 0.15000000223517418
0 0.1312500019557774 0.23645834566559643 0.16875000251457095 0.16406250244472176
0 0.933593763911631 0.1666666753590107 0.13281250197906047 0.1531250022817403
0 0.4632812569034286 0.8968750467756763 0.15468750230502337 0.13906250207219273
1 0.46953125699656084 0.1291666734032333 0.33593750500585884 0.19062500284053385
2 0.05000000074505806 0.15104167454410344 0.05312500079162419 0.06093750090803951
2 0.7914062617928721 0.8802083792397752 0.06093750090803951 0.051562500768341124
0 0.4343750064726919 0.6500000339001417 0.15937500237487257 0.14687500218860805
0 0.16171875240979716 0.5385416947538033 0.17343750258442014 0.14843750221189111
0 0.3179687547381036 0.46770835772622377 0.2109375031432137 0.1796875026775524
0 0.6937500103376806 0.6885417025769129 0.1750000026077032 0.17343750258442014
0 0.8570312627707608 0.7010417032288387 0.1796875026775524 0.1578125023515895
0 0.6171875091968104 0.2916666818782687 0.16562500246800482 0.15000000223517418
0 0.7500000111758709 0.26250001369044185 0.16562500246800482 0.15000000223517418
0 0.7468750111293048 0.45416669035330415 0.16562500246800482 0.15000000223517418
0 0.27500000409781933 0.26250001369044185 0.16562500246800482 0.15000000223517418
0 0.1312500019557774 0.23645834566559643 0.16875000251457095 0.16406250244472176
0 0.933593763911631 0.1666666753590107 0.13281250197906047 0.1531250022817403
0 0.4632812569034286 0.8968750467756763 0.15468750230502337 0.13906250207219273
1 0.46953125699656084 0.1291666734032333 0.33593750500585884 0.19062500284053385
2 0.05000000074505806 0.15104167454410344 0.05312500079162419 0.06093750090803951
2 0.7914062617928721 0.8802083792397752 0.06093750090803951 0.051562500768341124
0 0.43437501788139343 0.6500000357627869 0.15937499701976776 0.14687500894069672
0 0.16171875596046448 0.5385416746139526 0.17343750596046448 0.1484375
0 0.3179687559604645 0.4677083492279053 0.2109375 0.1796875
0 0.6937500238418579 0.6885417103767395 0.17499999701976776 0.17343750596046448
0 0.8570312857627869 0.7010416984558105 0.1796875 0.15781250596046448
0 0.6171875 0.2916666865348816 0.16562500596046448 0.15000000596046448
0 0.75 0.26250001788139343 0.16562500596046448 0.15000000596046448
0 0.746874988079071 0.4541666805744171 0.16562500596046448 0.15000000596046448
0 0.2750000059604645 0.26250001788139343 0.16562500596046448 0.15000000596046448
0 0.13125000894069672 0.23645834624767303 0.16875000298023224 0.1640625
0 0.93359375 0.1666666716337204 0.1328125 0.15312500298023224
0 0.4632812440395355 0.8968750238418579 0.15468750894069672 0.13906250894069672
1 0.46953126788139343 0.12916667759418488 0.3359375 0.19062499701976776
2 0.05000000074505806 0.1510416716337204 0.05312500149011612 0.06093750149011612
2 0.7914062738418579 0.8802083730697632 0.06093750149011612 0.05156249925494194
0 0.43437501788139343 0.6500000357627869 0.15937499701976776 0.14687500894069672
0 0.16171875596046448 0.5385416746139526 0.17343750596046448 0.1484375
0 0.3179687559604645 0.4677083492279053 0.2109375 0.1796875
0 0.6937500238418579 0.6885417103767395 0.17499999701976776 0.17343750596046448
0 0.8570312857627869 0.7010416984558105 0.1796875 0.15781250596046448
0 0.6171875 0.2916666865348816 0.16562500596046448 0.15000000596046448
0 0.75 0.26250001788139343 0.16562500596046448 0.15000000596046448
0 0.746874988079071 0.4541666805744171 0.16562500596046448 0.15000000596046448
0 0.2750000059604645 0.26250001788139343 0.16562500596046448 0.15000000596046448
0 0.13125000894069672 0.23645834624767303 0.16875000298023224 0.1640625
0 0.93359375 0.1666666716337204 0.1328125 0.15312500298023224
0 0.4632812440395355 0.8968750238418579 0.15468750894069672 0.13906250894069672
1 0.46953126788139343 0.12916667759418488 0.3359375 0.19062499701976776
2 0.05000000074505806 0.1510416716337204 0.05312500149011612 0.06093750149011612
2 0.7914062738418579 0.8802083730697632 0.06093750149011612 0.05156249925494194
0 0.43437501788139343 0.6500000357627869 0.15937499701976776 0.14687500894069672
0 0.16171875596046448 0.5385416746139526 0.17343750596046448 0.1484375
0 0.3179687559604645 0.4677083492279053 0.2109375 0.1796875
0 0.6937500238418579 0.6885417103767395 0.17499999701976776 0.17343750596046448
0 0.8570312857627869 0.7010416984558105 0.1796875 0.15781250596046448
0 0.6171875 0.2916666865348816 0.16562500596046448 0.15000000596046448
0 0.75 0.26250001788139343 0.16562500596046448 0.15000000596046448
0 0.746874988079071 0.4541666805744171 0.16562500596046448 0.15000000596046448
0 0.2750000059604645 0.26250001788139343 0.16562500596046448 0.15000000596046448
0 0.13125000894069672 0.23645834624767303 0.16875000298023224 0.1640625
0 0.93359375 0.1666666716337204 0.1328125 0.15312500298023224
0 0.4632812440395355 0.8968750238418579 0.15468750894069672 0.13906250894069672
1 0.46953126788139343 0.12916667759418488 0.3359375 0.19062499701976776
2 0.05000000074505806 0.1510416716337204 0.05312500149011612 0.06093750149011612
2 0.7914062738418579 0.8802083730697632 0.06093750149011612 0.05156249925494194
0 0.43437501788139343 0.6500000357627869 0.15937499701976776 0.14687500894069672
0 0.16171875596046448 0.5385416746139526 0.17343750596046448 0.1484375
0 0.3179687559604645 0.4677083492279053 0.2109375 0.1796875
0 0.6937500238418579 0.6885417103767395 0.17499999701976776 0.17343750596046448
0 0.8570312857627869 0.7010416984558105 0.1796875 0.15781250596046448
0 0.6171875 0.2916666865348816 0.16562500596046448 0.15000000596046448
0 0.75 0.26250001788139343 0.16562500596046448 0.15000000596046448
0 0.746874988079071 0.4541666805744171 0.16562500596046448 0.15000000596046448
0 0.2750000059604645 0.26250001788139343 0.16562500596046448 0.15000000596046448
0 0.13125000894069672 0.23645834624767303 0.16875000298023224 0.1640625
0 0.93359375 0.1666666716337204 0.1328125 0.15312500298023224
0 0.4632812440395355 0.8968750238418579 0.15468750894069672 0.13906250894069672
1 0.46953126788139343 0.12916667759418488 0.3359375 0.19062499701976776
2 0.05000000074505806 0.1510416716337204 0.05312500149011612 0.06093750149011612
2 0.7914062738418579 0.8802083730697632 0.06093750149011612 0.05156249925494194
0 0.43437501788139343 0.6500000357627869 0.15937499701976776 0.14687500894069672
0 0.16171875596046448 0.5385416746139526 0.17343750596046448 0.1484375
0 0.3179687559604645 0.4677083492279053 0.2109375 0.1796875
0 0.6937500238418579 0.6885417103767395 0.17499999701976776 0.17343750596046448
0 0.8570312857627869 0.7010416984558105 0.1796875 0.15781250596046448
0 0.6171875 0.2916666865348816 0.16562500596046448 0.15000000596046448
0 0.75 0.26250001788139343 0.16562500596046448 0.15000000596046448
0 0.746874988079071 0.4541666805744171 0.16562500596046448 0.15000000596046448
0 0.2750000059604645 0.26250001788139343 0.16562500596046448 0.15000000596046448
0 0.13125000894069672 0.23645834624767303 0.16875000298023224 0.1640625
0 0.93359375 0.1666666716337204 0.1328125 0.15312500298023224
0 0.4632812440395355 0.8968750238418579 0.15468750894069672 0.13906250894069672
1 0.46953126788139343 0.12916667759418488 0.3359375 0.19062499701976776
2 0.05000000074505806 0.1510416716337204 0.05312500149011612 0.06093750149011612
2 0.7914062738418579 0.8802083730697632 0.06093750149011612 0.05156249925494194
0 0.43437501788139343 0.6500000357627869 0.15937499701976776 0.14687500894069672
0 0.16171875596046448 0.5385416746139526 0.17343750596046448 0.1484375
0 0.3179687559604645 0.4677083492279053 0.2109375 0.1796875
0 0.6937500238418579 0.6885417103767395 0.17499999701976776 0.17343750596046448
0 0.8570312857627869 0.7010416984558105 0.1796875 0.15781250596046448
0 0.6171875 0.2916666865348816 0.16562500596046448 0.15000000596046448
0 0.75 0.26250001788139343 0.16562500596046448 0.15000000596046448
0 0.746874988079071 0.4541666805744171 0.16562500596046448 0.15000000596046448
0 0.2750000059604645 0.26250001788139343 0.16562500596046448 0.15000000596046448
0 0.13125000894069672 0.23645834624767303 0.16875000298023224 0.1640625
0 0.93359375 0.1666666716337204 0.1328125 0.15312500298023224
0 0.4632812440395355 0.8968750238418579 0.15468750894069672 0.13906250894069672
1 0.46953126788139343 0.12916667759418488 0.3359375 0.19062499701976776
2 0.05000000074505806 0.1510416716337204 0.05312500149011612 0.06093750149011612
2 0.7914062738418579 0.8802083730697632 0.06093750149011612 0.05156249925494194
0 0.43437501788139343 0.6500000357627869 0.15937499701976776 0.14687500894069672
0 0.16171875596046448 0.5385416746139526 0.17343750596046448 0.1484375
0 0.3179687559604645 0.4677083492279053 0.2109375 0.1796875
0 0.6937500238418579 0.6885417103767395 0.17499999701976776 0.17343750596046448
0 0.8570312857627869 0.7010416984558105 0.1796875 0.15781250596046448
0 0.6171875 0.2916666865348816 0.16562500596046448 0.15000000596046448
0 0.75 0.26250001788139343 0.16562500596046448 0.15000000596046448
0 0.746874988079071 0.4541666805744171 0.16562500596046448 0.15000000596046448
0 0.2750000059604645 0.26250001788139343 0.16562500596046448 0.15000000596046448
0 0.13125000894069672 0.23645834624767303 0.16875000298023224 0.1640625
0 0.93359375 0.1666666716337204 0.1328125 0.15312500298023224
0 0.4632812440395355 0.8968750238418579 0.15468750894069672 0.13906250894069672
1 0.46953126788139343 0.12916667759418488 0.3359375 0.19062499701976776
2 0.05000000074505806 0.1510416716337204 0.05312500149011612 0.06093750149011612
2 0.7914062738418579 0.8802083730697632 0.06093750149011612 0.05156249925494194
