0 0.6296875093830749 0.6729167017620057 0.2062500030733645 0.1968750029336661
0 0.8625000128522515 0.6468750337371603 0.1968750029336661 0.16093750239815563
0 0.22187500330619514 0.853125044493936 0.2406250035855919 0.20781250309664756
0 0.921875013737008 0.25520834664348513 0.15625000232830644 0.15156250225845724
0 0.15703125233994797 0.5531250288477167 0.16406250244472176 0.15468750230502337
0 0.7460937611176632 0.7833333741873503 0.22656250337604433 0.14687500218860805
1 0.47968750714790076 0.35625001857988536 0.21250000316649675 0.22187500330619514
0 0.8328125124098733 0.3093750161351636 0.15625000232830644 0.15156250225845724
0 0.7679687614436261 0.2656250138534233 0.1578125023515895 0.15156250225845724
0 0.6296875093830749 0.6729167017620057 0.2062500030733645 0.1968750029336661
0 0.8625000128522515 0.6468750337371603 0.1968750029336661 0.16093750239815563
0 0.22187500330619514 0.853125044493936 0.2406250035855919 0.20781250309664756
0 0.921875013737008 0.25520834664348513 0.15625000232830644 0.15156250225845724
0 0.15703125233994797 0.5531250288477167 0.16406250244472176 0.15468750230502337
0 0.7460937611176632 0.7833333741873503 0.22656250337604433 0.14687500218860805
1 0.47968750714790076 0.35625001857988536 0.21250000316649675 0.22187500330619514
0 0.8328125124098733 0.3093750161351636 0.15625000232830644 0.15156250225845724
0 0.7679687614436261 0.2656250138534233 0.1578125023515895 0.15156250225845724
0 0.6296875093830749 0.6729167017620057 0.2062500030733645 0.1968750029336661
0 0.8625000128522515 0.6468750337371603 0.1968750029336661 0.16093750239815563
0 0.22187500330619514 0.853125044493936 0.2406250035855919 0.20781250309664756
0 0.921875013737008 0.25520834664348513 0.15625000232830644 0.15156250225845724
0 0.15703125233994797 0.5531250288477167 0.16406250244472176 0.15468750230502337
0 0.7460937611176632 0.7833333741873503 0.22656250337604433 0.14687500218860805
1 0.47968750714790076 0.35625001857988536 0.21250000316649675 0.22187500330619514
0 0.8328125124098733 0.3093750161351636 0.15625000232830644 0.15156250225845724
0 0.7679687614436261 0.2656250138534233 0.1578125023515895 0.15156250225845724
0 0.6296875093830749 0.6729167017620057 0.2062500030733645 0.1968750029336661
0 0.8625000128522515 0.6468750337371603 0.1968750029336661 0.16093750239815563
0 0.22187500330619514 0.853125044493936 0.2406250035855919 0.20781250309664756
0 0.921875013737008 0.25520834664348513 0.15625000232830644 0.15156250225845724
0 0.15703125233994797 0.5531250288477167 0.16406250244472176 0.15468750230502337
0 0.7460937611176632 0.7833333741873503 0.22656250337604433 0.14687500218860805
1 0.47968750714790076 0.35625001857988536 0.21250000316649675 0.22187500330619514
0 0.8328125124098733 0.3093750161351636 0.15625000232830644 0.15156250225845724
0 0.7679687614436261 0.2656250138534233 0.1578125023515895 0.15156250225845724
0 0.6296875093830749 0.6729167017620057 0.2062500030733645 0.1968750029336661
0 0.8625000128522515 0.6468750337371603 0.1968750029336661 0.16093750239815563
0 0.22187500330619514 0.853125044493936 0.2406250035855919 0.20781250309664756
0 0.921875013737008 0.25520834664348513 0.15625000232830644 0.15156250225845724
0 0.15703125233994797 0.5531250288477167 0.16406250244472176 0.15468750230502337
0 0.7460937611176632 0.7833333741873503 0.22656250337604433 0.14687500218860805
1 0.47968750714790076 0.35625001857988536 0.21250000316649675 0.22187500330619514
0 0.8328125124098733 0.3093750161351636 0.15625000232830644 0.15156250225845724
0 0.7679687614436261 0.2656250138534233 0.1578125023515895 0.15156250225845724
0 0.6296875093830749 0.6729167017620057 0.2062500030733645 0.1968750029336661
0 0.8625000128522515 0.6468750337371603 0.1968750029336661 0.16093750239815563
0 0.22187500330619514 0.853125044493936 0.2406250035855919 0.20781250309664756
0 0.921875013737008 0.25520834664348513 0.15625000232830644 0.15156250225845724
0 0.15703125233994797 0.5531250288477167 0.16406250244472176 0.15468750230502337
0 0.7460937611176632 0.7833333741873503 0.22656250337604433 0.14687500218860805
1 0.47968750714790076 0.35625001857988536 0.21250000316649675 0.22187500330619514
0 0.8328125124098733 0.3093750161351636 0.15625000232830644 0.15156250225845724
0 0.7679687614436261 0.2656250138534233 0.1578125023515895 0.15156250225845724
0 0.6296875093830749 0.6729167017620057 0.2062500030733645 0.1968750029336661
0 0.8625000128522515 0.6468750337371603 0.1968750029336661 0.16093750239815563
0 0.22187500330619514 0.853125044493936 0.2406250035855919 0.20781250309664756
0 0.921875013737008 0.25520834664348513 0.15625000232830644 0.15156250225845724
0 0.15703125233994797 0.5531250288477167 0.16406250244472176 0.15468750230502337
0 0.7460937611176632 0.7833333741873503 0.22656250337604433 0.14687500218860805
1 0.47968750714790076 0.35625001857988536 0.21250000316649675 0.22187500330619514
0 0.8328125124098733 0.3093750161351636 0.15625000232830644 0.15156250225845724
0 0.7679687614436261 0.2656250138534233 0.1578125023515895 0.15156250225845724
0 0.6296875093830749 0.6729167017620057 0.2062500030733645 0.1968750029336661
0 0.8625000128522515 0.6468750337371603 0.1968750029336661 0.16093750239815563
0 0.22187500330619514 0.853125044493936 0.2406250035855919 0.20781250309664756
0 0.921875013737008 0.25520834664348513 0.15625000232830644 0.15156250225845724
0 0.15703125233994797 0.5531250288477167 0.16406250244472176 0.15468750230502337
0 0.7460937611176632 0.7833333741873503 0.22656250337604433 0.14687500218860805
1 0.47968750714790076 0.35625001857988536 0.21250000316649675 0.22187500330619514
0 0.8328125124098733 0.3093750161351636 0.15625000232830644 0.15156250225845724
0 0.7679687614436261 0.2656250138534233 0.1578125023515895 0.15156250225845724
0 0.6296875093830749 0.6729167017620057 0.2062500030733645 0.1968750029336661
0 0.8625000128522515 0.6468750337371603 0.1968750029336661 0.16093750239815563
0 0.22187500330619514 0.853125044493936 0.2406250035855919 0.20781250309664756
0 0.921875013737008 0.25520834664348513 0.15625000232830644 0.15156250225845724
0 0.15703125233994797 0.5531250288477167 0.16406250244472176 0.15468750230502337
0 0.7460937611176632 0.7833333741873503 0.22656250337604433 0.14687500218860805
1 0.47968750714790076 0.35625001857988536 0.21250000316649675 0.22187500330619514
0 0.8328125124098733 0.3093750161351636 0.15625000232830644 0.15156250225845724
0 0.7679687614436261 0.2656250138534233 0.1578125023515895 0.15156250225845724
0 0.6296875093830749 0.6729167017620057 0.2062500030733645 0.1968750029336661
0 0.8625000128522515 0.6468750337371603 0.1968750029336661 0.16093750239815563
0 0.22187500330619514 0.853125044493936 0.2406250035855919 0.20781250309664756
0 0.921875013737008 0.25520834664348513 0.15625000232830644 0.15156250225845724
0 0.15703125233994797 0.5531250288477167 0.16406250244472176 0.15468750230502337
0 0.7460937611176632 0.7833333741873503 0.22656250337604433 0.14687500218860805
1 0.47968750714790076 0.35625001857988536 0.21250000316649675 0.22187500330619514
0 0.8328125124098733 0.3093750161351636 0.15625000232830644 0.15156250225845724
0 0.7679687614436261 0.2656250138534233 0.1578125023515895 0.15156250225845724
0 0.6296875093830749 0.6729167017620057 0.2062500030733645 0.1968750029336661
0 0.8625000128522515 0.6468750337371603 0.1968750029336661 0.16093750239815563
0 0.22187500330619514 0.853125044493936 0.2406250035855919 0.20781250309664756
0 0.921875013737008 0.25520834664348513 0.15625000232830644 0.15156250225845724
0 0.15703125233994797 0.5531250288477167 0.16406250244472176 0.15468750230502337
0 0.7460937611176632 0.7833333741873503 0.22656250337604433 0.14687500218860805
1 0.47968750714790076 0.35625001857988536 0.21250000316649675 0.22187500330619514
0 0.8328125124098733 0.3093750161351636 0.15625000232830644 0.15156250225845724
0 0.7679687614436261 0.2656250138534233 0.1578125023515895 0.15156250225845724
0 0.6296875093830749 0.6729167017620057 0.2062500030733645 0.1968750029336661
0 0.8625000128522515 0.6468750337371603 0.1968750029336661 0.16093750239815563
0 0.22187500330619514 0.853125044493936 0.2406250035855919 0.20781250309664756
0 0.921875013737008 0.25520834664348513 0.15625000232830644 0.15156250225845724
0 0.15703125233994797 0.5531250288477167 0.16406250244472176 0.15468750230502337
0 0.7460937611176632 0.7833333741873503 0.22656250337604433 0.14687500218860805
1 0.47968750714790076 0.35625001857988536 0.21250000316649675 0.22187500330619514
0 0.8328125124098733 0.3093750161351636 0.15625000232830644 0.15156250225845724
0 0.7679687614436261 0.2656250138534233 0.1578125023515895 0.15156250225845724
0 0.6296875093830749 0.6729167017620057 0.2062500030733645 0.1968750029336661
0 0.8625000128522515 0.6468750337371603 0.1968750029336661 0.16093750239815563
0 0.22187500330619514 0.853125044493936 0.2406250035855919 0.20781250309664756
0 0.921875013737008 0.25520834664348513 0.15625000232830644 0.15156250225845724
0 0.15703125233994797 0.5531250288477167 0.16406250244472176 0.15468750230502337
0 0.7460937611176632 0.7833333741873503 0.22656250337604433 0.14687500218860805
1 0.47968750714790076 0.35625001857988536 0.21250000316649675 0.22187500330619514
0 0.8328125124098733 0.3093750161351636 0.15625000232830644 0.15156250225845724
0 0.7679687614436261 0.2656250138534233 0.1578125023515895 0.15156250225845724
0 0.6296875093830749 0.6729167017620057 0.2062500030733645 0.1968750029336661
0 0.8625000128522515 0.6468750337371603 0.1968750029336661 0.16093750239815563
0 0.22187500330619514 0.853125044493936 0.2406250035855919 0.20781250309664756
0 0.921875013737008 0.25520834664348513 0.15625000232830644 0.15156250225845724
0 0.15703125233994797 0.5531250288477167 0.16406250244472176 0.15468750230502337
0 0.7460937611176632 0.7833333741873503 0.22656250337604433 0.14687500218860805
1 0.47968750714790076 0.35625001857988536 0.21250000316649675 0.22187500330619514
0 0.8328125124098733 0.3093750161351636 0.15625000232830644 0.15156250225845724
0 0.7679687614436261 0.2656250138534233 0.1578125023515895 0.15156250225845724
0 0.6296875093830749 0.6729167017620057 0.2062500030733645 0.1968750029336661
0 0.8625000128522515 0.6468750337371603 0.1968750029336661 0.16093750239815563
0 0.22187500330619514 0.853125044493936 0.2406250035855919 0.20781250309664756
0 0.921875013737008 0.25520834664348513 0.15625000232830644 0.15156250225845724
0 0.15703125233994797 0.5531250288477167 0.16406250244472176 0.15468750230502337
0 0.7460937611176632 0.7833333741873503 0.22656250337604433 0.14687500218860805
1 0.47968750714790076 0.35625001857988536 0.21250000316649675 0.22187500330619514
0 0.8328125124098733 0.3093750161351636 0.15625000232830644 0.15156250225845724
0 0.7679687614436261 0.2656250138534233 0.1578125023515895 0.15156250225845724
0 0.629687488079071 0.6729167103767395 0.20624999701976776 0.19687500596046448
0 0.862500011920929 0.6468750238418579 0.19687500596046448 0.16093750298023224
0 0.22187499701976776 0.8531250357627869 0.24062500894069672 0.20781250298023224
0 0.921875 0.2552083432674408 0.15625 0.15156249701976776
0 0.15703125298023224 0.5531250238418579 0.1640625 0.15468750894069672
0 0.74609375 0.7833333611488342 0.2265625 0.14687500894069672
1 0.47968751192092896 0.35625001788139343 0.21250000596046448 0.22187499701976776
0 0.832812488079071 0.30937501788139343 0.15625 0.15156249701976776
0 0.7679687738418579 0.265625 0.15781250596046448 0.15156249701976776
0 0.629687488079071 0.6729167103767395 0.20624999701976776 0.19687500596046448
0 0.862500011920929 0.6468750238418579 0.19687500596046448 0.16093750298023224
0 0.22187499701976776 0.8531250357627869 0.24062500894069672 0.20781250298023224
0 0.921875 0.2552083432674408 0.15625 0.15156249701976776
0 0.15703125298023224 0.5531250238418579 0.1640625 0.15468750894069672
0 0.74609375 0.7833333611488342 0.2265625 0.14687500894069672
1 0.47968751192092896 0.35625001788139343 0.21250000596046448 0.22187499701976776
0 0.832812488079071 0.30937501788139343 0.15625 0.15156249701976776
0 0.7679687738418579 0.265625 0.15781250596046448 0.15156249701976776
0 0.629687488079071 0.6729167103767395 0.20624999701976776 0.19687500596046448
0 0.862500011920929 0.6468750238418579 0.19687500596046448 0.16093750298023224
0 0.22187499701976776 0.8531250357627869 0.24062500894069672 0.20781250298023224
0 0.921875 0.2552083432674408 0.15625 0.15156249701976776
0 0.15703125298023224 0.5531250238418579 0.1640625 0.15468750894069672
0 0.74609375 0.7833333611488342 0.2265625 0.14687500894069672
1 0.47968751192092896 0.35625001788139343 0.21250000596046448 0.22187499701976776
0 0.832812488079071 0.30937501788139343 0.15625 0.15156249701976776
0 0.7679687738418579 0.265625 0.15781250596046448 0.15156249701976776
0 0.629687488079071 0.6729167103767395 0.20624999701976776 0.19687500596046448
0 0.862500011920929 0.6468750238418579 0.19687500596046448 0.16093750298023224
0 0.22187499701976776 0.8531250357627869 0.24062500894069672 0.20781250298023224
0 0.921875 0.2552083432674408 0.15625 0.15156249701976776
0 0.15703125298023224 0.5531250238418579 0.1640625 0.15468750894069672
0 0.74609375 0.7833333611488342 0.2265625 0.14687500894069672
1 0.47968751192092896 0.35625001788139343 0.21250000596046448 0.22187499701976776
0 0.832812488079071 0.30937501788139343 0.15625 0.15156249701976776
0 0.7679687738418579 0.265625 0.15781250596046448 0.15156249701976776
0 0.629687488079071 0.6729167103767395 0.20624999701976776 0.19687500596046448
0 0.862500011920929 0.6468750238418579 0.19687500596046448 0.16093750298023224
0 0.22187499701976776 0.8531250357627869 0.24062500894069672 0.20781250298023224
0 0.921875 0.2552083432674408 0.15625 0.15156249701976776
0 0.15703125298023224 0.5531250238418579 0.1640625 0.15468750894069672
0 0.74609375 0.7833333611488342 0.2265625 0.14687500894069672
1 0.47968751192092896 0.35625001788139343 0.21250000596046448 0.22187499701976776
0 0.832812488079071 0.30937501788139343 0.15625 0.15156249701976776
0 0.7679687738418579 0.265625 0.15781250596046448 0.15156249701976776
0 0.629687488079071 0.6729167103767395 0.20624999701976776 0.19687500596046448
0 0.862500011920929 0.6468750238418579 0.19687500596046448 0.16093750298023224
0 0.22187499701976776 0.8531250357627869 0.24062500894069672 0.20781250298023224
0 0.921875 0.2552083432674408 0.15625 0.15156249701976776
0 0.15703125298023224 0.5531250238418579 0.1640625 0.15468750894069672
0 0.74609375 0.7833333611488342 0.2265625 0.14687500894069672
1 0.47968751192092896 0.35625001788139343 0.21250000596046448 0.22187499701976776
0 0.832812488079071 0.30937501788139343 0.15625 0.15156249701976776
0 0.7679687738418579 0.265625 0.15781250596046448 0.15156249701976776
0 0.629687488079071 0.6729167103767395 0.20624999701976776 0.19687500596046448
0 0.862500011920929 0.6468750238418579 0.19687500596046448 0.16093750298023224
0 0.22187499701976776 0.8531250357627869 0.24062500894069672 0.20781250298023224
0 0.921875 0.2552083432674408 0.15625 0.15156249701976776
0 0.15703125298023224 0.5531250238418579 0.1640625 0.15468750894069672
0 0.74609375 0.7833333611488342 0.2265625 0.14687500894069672
1 0.47968751192092896 0.35625001788139343 0.21250000596046448 0.22187499701976776
0 0.832812488079071 0.30937501788139343 0.15625 0.15156249701976776
0 0.7679687738418579 0.265625 0.15781250596046448 0.15156249701976776
