0 0.35546875529689714 0.2031250105937943 0.1578125023515895 0.15468750230502337
0 0.18046875268919393 0.8427083772839978 0.1578125023515895 0.15468750230502337
0 0.9406250140164047 0.9114583808695897 0.11875000176951289 0.13281250197906047
0 0.8234375122701749 0.7687500400934368 0.17187500256113708 0.16875000251457095
0 0.3398437550640665 0.8958333800546825 0.19218750286381692 0.15625000232830644
0 0.5390625080326572 0.20625001075677574 0.1531250022817403 0.1531250022817403
0 0.8007812619325705 0.1427083407761529 0.17656250263098627 0.14843750221189111
0 0.17890625266591087 0.10416667209938169 0.18593750277068466 0.1531250022817403
0 0.1554687523166649 0.6854167024139315 0.12031250179279596 0.10625000158324838
1 0.437500006519258 0.6093750317813829 0.3718750055413693 0.34843750519212335
0 0.35546875529689714 0.2031250105937943 0.1578125023515895 0.15468750230502337
0 0.18046875268919393 0.8427083772839978 0.1578125023515895 0.15468750230502337
0 0.9406250140164047 0.9114583808695897 0.11875000176951289 0.13281250197906047
0 0.8234375122701749 0.7687500400934368 0.17187500256113708 0.16875000251457095
0 0.3398437550640665 0.8958333800546825 0.19218750286381692 0.15625000232830644
0 0.5390625080326572 0.20625001075677574 0.1531250022817403 0.1531250022817403
0 0.8007812619325705 0.1427083407761529 0.17656250263098627 0.14843750221189111
0 0.17890625266591087 0.10416667209938169 0.18593750277068466 0.1531250022817403
0 0.1554687523166649 0.6854167024139315 0.12031250179279596 0.10625000158324838
1 0.437500006519258 0.6093750317813829 0.3718750055413693 0.34843750519212335
0 0.35546875529689714 0.2031250105937943 0.1578125023515895 0.15468750230502337
0 0.18046875268919393 0.8427083772839978 0.1578125023515895 0.15468750230502337
0 0.9406250140164047 0.9114583808695897 0.11875000176951289 0.13281250197906047
0 0.8234375122701749 0.7687500400934368 0.17187500256113708 0.16875000251457095
0 0.3398437550640665 0.8958333800546825 0.19218750286381692 0.15625000232830644
0 0.5390625080326572 0.20625001075677574 0.1531250022817403 0.1531250022817403
0 0.8007812619325705 0.1427083407761529 0.17656250263098627 0.14843750221189111
0 0.17890625266591087 0.10416667209938169 0.18593750277068466 0.1531250022817403
0 0.1554687523166649 0.6854167024139315 0.12031250179279596 0.10625000158324838
1 0.437500006519258 0.6093750317813829 0.3718750055413693 0.34843750519212335
0 0.35546875529689714 0.2031250105937943 0.1578125023515895 0.15468750230502337
0 0.18046875268919393 0.8427083772839978 0.1578125023515895 0.15468750230502337
0 0.9406250140164047 0.9114583808695897 0.11875000176951289 0.13281250197906047
0 0.8234375122701749 0.7687500400934368 0.17187500256113708 0.16875000251457095
0 0.3398437550640665 0.8958333800546825 0.19218750286381692 0.15625000232830644
0 0.5390625080326572 0.20625001075677574 0.1531250022817403 0.1531250022817403
0 0.8007812619325705 0.1427083407761529 0.17656250263098627 0.14843750221189111
0 0.17890625266591087 0.10416667209938169 0.18593750277068466 0.1531250022817403
0 0.1554687523166649 0.6854167024139315 0.12031250179279596 0.10625000158324838
1 0.437500006519258 0.6093750317813829 0.3718750055413693 0.34843750519212335
0 0.35546875529689714 0.2031250105937943 0.1578125023515895 0.15468750230502337
0 0.18046875268919393 0.8427083772839978 0.1578125023515895 0.15468750230502337
0 0.9406250140164047 0.9114583808695897 0.11875000176951289 0.13281250197906047
0 0.8234375122701749 0.7687500400934368 0.17187500256113708 0.16875000251457095
0 0.3398437550640665 0.8958333800546825 0.19218750286381692 0.15625000232830644
0 0.5390625080326572 0.20625001075677574 0.1531250022817403 0.1531250022817403
0 0.8007812619325705 0.1427083407761529 0.17656250263098627 0.14843750221189111
0 0.17890625266591087 0.10416667209938169 0.18593750277068466 0.1531250022817403
0 0.1554687523166649 0.6854167024139315 0.12031250179279596 0.10625000158324838
1 0.437500006519258 0.6093750317813829 0.3718750055413693 0.34843750519212335
0 0.35546875529689714 0.2031250105937943 0.1578125023515895 0.15468750230502337
0 0.18046875268919393 0.8427083772839978 0.1578125023515895 0.15468750230502337
0 0.9406250140164047 0.9114583808695897 0.11875000176951289 0.13281250197906047
0 0.8234375122701749 0.7687500400934368 0.17187500256113708 0.16875000251457095
0 0.3398437550640665 0.8958333800546825 0.19218750286381692 0.15625000232830644
0 0.5390625080326572 0.20625001075677574 0.1531250022817403 0.1531250022817403
0 0.8007812619325705 0.1427083407761529 0.17656250263098627 0.14843750221189111
0 0.17890625266591087 0.10416667209938169 0.18593750277068466 0.1531250022817403
0 0.1554687523166649 0.6854167024139315 0.12031250179279596 0.10625000158324838
1 0.437500006519258 0.6093750317813829 0.3718750055413693 0.34843750519212335
0 0.35546875529689714 0.2031250105937943 0.1578125023515895 0.15468750230502337
0 0.18046875268919393 0.8427083772839978 0.1578125023515895 0.15468750230502337
0 0.9406250140164047 0.9114583808695897 0.11875000176951289 0.13281250197906047
0 0.8234375122701749 0.7687500400934368 0.17187500256113708 0.16875000251457095
0 0.3398437550640665 0.8958333800546825 0.19218750286381692 0.15625000232830644
0 0.5390625080326572 0.20625001075677574 0.1531250022817403 0.1531250022817403
0 0.8007812619325705 0.1427083407761529 0.17656250263098627 0.14843750221189111
0 0.17890625266591087 0.10416667209938169 0.18593750277068466 0.1531250022817403
0 0.1554687523166649 0.6854167024139315 0.12031250179279596 0.10625000158324838
1 0.437500006519258 0.6093750317813829 0.3718750055413693 0.34843750519212335
0 0.35546875529689714 0.2031250105937943 0.1578125023515895 0.15468750230502337
0 0.18046875268919393 0.8427083772839978 0.1578125023515895 0.15468750230502337
0 0.9406250140164047 0.9114583808695897 0.11875000176951289 0.13281250197906047
0 0.8234375122701749 0.7687500400934368 0.17187500256113708 0.16875000251457095
0 0.3398437550640665 0.8958333800546825 0.19218750286381692 0.15625000232830644
0 0.5390625080326572 0.20625001075677574 0.1531250022817403 0.1531250022817403
0 0.8007812619325705 0.1427083407761529 0.17656250263098627 0.14843750221189111
0 0.17890625266591087 0.10416667209938169 0.18593750277068466 0.1531250022817403
0 0.1554687523166649 0.6854167024139315 0.12031250179279596 0.10625000158324838
1 0.437500006519258 0.6093750317813829 0.3718750055413693 0.34843750519212335
0 0.35546875529689714 0.2031250105937943 0.1578125023515895 0.15468750230502337
0 0.18046875268919393 0.8427083772839978 0.1578125023515895 0.15468750230502337
0 0.9406250140164047 0.9114583808695897 0.11875000176951289 0.13281250197906047
0 0.8234375122701749 0.7687500400934368 0.17187500256113708 0.16875000251457095
0 0.3398437550640665 0.8958333800546825 0.19218750286381692 0.15625000232830644
0 0.5390625080326572 0.20625001075677574 0.1531250022817403 0.1531250022817403
0 0.8007812619325705 0.1427083407761529 0.17656250263098627 0.14843750221189111
0 0.17890625266591087 0.10416667209938169 0.18593750277068466 0.1531250022817403
0 0.1554687523166649 0.6854167024139315 0.12031250179279596 0.10625000158324838
1 0.437500006519258 0.6093750317813829 0.3718750055413693 0.34843750519212335
0 0.35546875529689714 0.2031250105937943 0.1578125023515895 0.15468750230502337
0 0.18046875268919393 0.8427083772839978 0.1578125023515895 0.15468750230502337
0 0.9406250140164047 0.9114583808695897 0.11875000176951289 0.13281250197906047
0 0.8234375122701749 0.7687500400934368 0.17187500256113708 0.16875000251457095
0 0.3398437550640665 0.8958333800546825 0.19218750286381692 0.15625000232830644
0 0.5390625080326572 0.20625001075677574 0.1531250022817403 0.1531250022817403
0 0.8007812619325705 0.1427083407761529 0.17656250263098627 0.14843750221189111
0 0.17890625266591087 0.10416667209938169 0.18593750277068466 0.1531250022817403
0 0.1554687523166649 0.6854167024139315 0.12031250179279596 0.10625000158324838
1 0.437500006519258 0.6093750317813829 0.3718750055413693 0.34843750519212335
0 0.35546875529689714 0.2031250105937943 0.1578125023515895 0.15468750230502337
0 0.18046875268919393 0.8427083772839978 0.1578125023515895 0.15468750230502337
0 0.9406250140164047 0.9114583808695897 0.11875000176951289 0.13281250197906047
0 0.8234375122701749 0.7687500400934368 0.17187500256113708 0.16875000251457095
0 0.3398437550640665 0.8958333800546825 0.19218750286381692 0.15625000232830644
0 0.5390625080326572 0.20625001075677574 0.1531250022817403 0.1531250022817403
0 0.8007812619325705 0.1427083407761529 0.17656250263098627 0.14843750221189111
0 0.17890625266591087 0.10416667209938169 0.18593750277068466 0.1531250022817403
0 0.1554687523166649 0.6854167024139315 0.12031250179279596 0.10625000158324838
1 0.437500006519258 0.6093750317813829 0.3718750055413693 0.34843750519212335
0 0.35546875529689714 0.2031250105937943 0.1578125023515895 0.15468750230502337
0 0.18046875268919393 0.8427083772839978 0.1578125023515895 0.15468750230502337
0 0.9406250140164047 0.9114583808695897 0.11875000176951289 0.13281250197906047
0 0.8234375122701749 0.7687500400934368 0.17187500256113708 0.16875000251457095
0 0.3398437550640665 0.8958333800546825 0.19218750286381692 0.15625000232830644
0 0.5390625080326572 0.20625001075677574 0.1531250022817403 0.1531250022817403
0 0.8007812619325705 0.1427083407761529 0.17656250263098627 0.14843750221189111
0 0.17890625266591087 0.10416667209938169 0.18593750277068466 0.1531250022817403
0 0.1554687523166649 0.6854167024139315 0.12031250179279596 0.10625000158324838
1 0.437500006519258 0.6093750317813829 0.3718750055413693 0.34843750519212335
0 0.35546875529689714 0.2031250105937943 0.1578125023515895 0.15468750230502337
0 0.18046875268919393 0.8427083772839978 0.1578125023515895 0.15468750230502337
0 0.9406250140164047 0.9114583808695897 0.11875000176951289 0.13281250197906047
0 0.8234375122701749 0.7687500400934368 0.17187500256113708 0.16875000251457095
0 0.3398437550640665 0.8958333800546825 0.19218750286381692 0.15625000232830644
0 0.5390625080326572 0.20625001075677574 0.1531250022817403 0.1531250022817403
0 0.8007812619325705 0.1427083407761529 0.17656250263098627 0.14843750221189111
0 0.17890625266591087 0.10416667209938169 0.18593750277068466 0.1531250022817403
0 0.1554687523166649 0.6854167024139315 0.12031250179279596 0.10625000158324838
1 0.437500006519258 0.6093750317813829 0.3718750055413693 0.34843750519212335
0 0.35546875529689714 0.2031250105937943 0.1578125023515895 0.15468750230502337
0 0.18046875268919393 0.8427083772839978 0.1578125023515895 0.15468750230502337
0 0.9406250140164047 0.9114583808695897 0.11875000176951289 0.13281250197906047
0 0.8234375122701749 0.7687500400934368 0.17187500256113708 0.16875000251457095
0 0.3398437550640665 0.8958333800546825 0.19218750286381692 0.15625000232830644
0 0.5390625080326572 0.20625001075677574 0.1531250022817403 0.1531250022817403
0 0.8007812619325705 0.1427083407761529 0.17656250263098627 0.14843750221189111
0 0.17890625266591087 0.10416667209938169 0.18593750277068466 0.1531250022817403
0 0.1554687523166649 0.6854167024139315 0.12031250179279596 0.10625000158324838
1 0.437500006519258 0.6093750317813829 0.3718750055413693 0.34843750519212335
0 0.35546875529689714 0.2031250105937943 0.1578125023515895 0.15468750230502337
0 0.18046875268919393 0.8427083772839978 0.1578125023515895 0.15468750230502337
0 0.9406250140164047 0.9114583808695897 0.11875000176951289 0.13281250197906047
0 0.8234375122701749 0.7687500400934368 0.17187500256113708 0.16875000251457095
0 0.3398437550640665 0.8958333800546825 0.19218750286381692 0.15625000232830644
0 0.5390625080326572 0.20625001075677574 0.1531250022817403 0.1531250022817403
0 0.8007812619325705 0.1427083407761529 0.17656250263098627 0.14843750221189111
0 0.17890625266591087 0.10416667209938169 0.18593750277068466 0.1531250022817403
0 0.1554687523166649 0.6854167024139315 0.12031250179279596 0.10625000158324838
1 0.437500006519258 0.6093750317813829 0.3718750055413693 0.34843750519212335
0 0.35546875 0.2031250149011612 0.15781250596046448 0.15468750894069672
0 0.18046875298023224 0.8427083492279053 0.15781250596046448 0.15468750894069672
0 0.940625011920929 0.9114583730697632 0.11874999850988388 0.1328125
0 0.823437511920929 0.768750011920929 0.171875 0.16875000298023224
0 0.33984375 0.8958333730697632 0.19218750298023224 0.15625
0 0.5390625 0.20625001192092896 0.15312500298023224 0.15312500298023224
0 0.80078125 0.14270834624767303 0.17656250298023224 0.1484375
0 0.17890624701976776 0.1041666716337204 0.18593750894069672 0.15312500298023224
0 0.15546874701976776 0.6854166984558105 0.12031250447034836 0.10625000298023224
1 0.4375 0.6093750596046448 0.37187501788139343 0.34843751788139343
0 0.35546875 0.2031250149011612 0.15781250596046448 0.15468750894069672
0 0.18046875298023224 0.8427083492279053 0.15781250596046448 0.15468750894069672
0 0.940625011920929 0.9114583730697632 0.11874999850988388 0.1328125
0 0.823437511920929 0.768750011920929 0.171875 0.16875000298023224
0 0.33984375 0.8958333730697632 0.19218750298023224 0.15625
0 0.5390625 0.20625001192092896 0.15312500298023224 0.15312500298023224
0 0.80078125 0.14270834624767303 0.17656250298023224 0.1484375
0 0.17890624701976776 0.1041666716337204 0.18593750894069672 0.15312500298023224
0 0.15546874701976776 0.6854166984558105 0.12031250447034836 0.10625000298023224
1 0.4375 0.6093750596046448 0.37187501788139343 0.34843751788139343
0 0.35546875 0.2031250149011612 0.15781250596046448 0.15468750894069672
0 0.18046875298023224 0.8427083492279053 0.15781250596046448 0.15468750894069672
0 0.940625011920929 0.9114583730697632 0.11874999850988388 0.1328125
0 0.823437511920929 0.768750011920929 0.171875 0.16875000298023224
0 0.33984375 0.8958333730697632 0.19218750298023224 0.15625
0 0.5390625 0.20625001192092896 0.15312500298023224 0.15312500298023224
0 0.80078125 0.14270834624767303 0.17656250298023224 0.1484375
0 0.17890624701976776 0.1041666716337204 0.18593750894069672 0.15312500298023224
0 0.15546874701976776 0.6854166984558105 0.12031250447034836 0.10625000298023224
1 0.4375 0.6093750596046448 0.37187501788139343 0.34843751788139343
0 0.35546875 0.2031250149011612 0.15781250596046448 0.15468750894069672
0 0.18046875298023224 0.8427083492279053 0.15781250596046448 0.15468750894069672
0 0.940625011920929 0.9114583730697632 0.11874999850988388 0.1328125
0 0.823437511920929 0.768750011920929 0.171875 0.16875000298023224
0 0.33984375 0.8958333730697632 0.19218750298023224 0.15625
0 0.5390625 0.20625001192092896 0.15312500298023224 0.15312500298023224
0 0.80078125 0.14270834624767303 0.17656250298023224 0.1484375
0 0.17890624701976776 0.1041666716337204 0.18593750894069672 0.15312500298023224
0 0.15546874701976776 0.6854166984558105 0.12031250447034836 0.10625000298023224
1 0.4375 0.6093750596046448 0.37187501788139343 0.34843751788139343
0 0.35546875 0.2031250149011612 0.15781250596046448 0.15468750894069672
0 0.18046875298023224 0.8427083492279053 0.15781250596046448 0.15468750894069672
0 0.940625011920929 0.9114583730697632 0.11874999850988388 0.1328125
0 0.823437511920929 0.768750011920929 0.171875 0.16875000298023224
0 0.33984375 0.8958333730697632 0.19218750298023224 0.15625
0 0.5390625 0.20625001192092896 0.15312500298023224 0.15312500298023224
0 0.80078125 0.14270834624767303 0.17656250298023224 0.1484375
0 0.17890624701976776 0.1041666716337204 0.18593750894069672 0.15312500298023224
0 0.15546874701976776 0.6854166984558105 0.12031250447034836 0.10625000298023224
1 0.4375 0.6093750596046448 0.37187501788139343 0.34843751788139343
0 0.35546875 0.2031250149011612 0.15781250596046448 0.15468750894069672
0 0.18046875298023224 0.8427083492279053 0.15781250596046448 0.15468750894069672
0 0.940625011920929 0.9114583730697632 0.11874999850988388 0.1328125
0 0.823437511920929 0.768750011920929 0.171875 0.16875000298023224
0 0.33984375 0.8958333730697632 0.19218750298023224 0.15625
0 0.5390625 0.20625001192092896 0.15312500298023224 0.15312500298023224
0 0.80078125 0.14270834624767303 0.17656250298023224 0.1484375
0 0.17890624701976776 0.1041666716337204 0.18593750894069672 0.15312500298023224
0 0.15546874701976776 0.6854166984558105 0.12031250447034836 0.10625000298023224
1 0.4375 0.6093750596046448 0.37187501788139343 0.34843751788139343
0 0.35546875 0.2031250149011612 0.15781250596046448 0.15468750894069672
0 0.18046875298023224 0.8427083492279053 0.15781250596046448 0.15468750894069672
0 0.940625011920929 0.9114583730697632 0.11874999850988388 0.1328125
0 0.823437511920929 0.768750011920929 0.171875 0.16875000298023224
0 0.33984375 0.8958333730697632 0.19218750298023224 0.15625
0 0.5390625 0.20625001192092896 0.15312500298023224 0.15312500298023224
0 0.80078125 0.14270834624767303 0.17656250298023224 0.1484375
0 0.17890624701976776 0.1041666716337204 0.18593750894069672 0.15312500298023224
0 0.15546874701976776 0.6854166984558105 0.12031250447034836 0.10625000298023224
1 0.4375 0.6093750596046448 0.37187501788139343 0.34843751788139343
