0 0.19765625294530764 0.7343750383006409 0.16406250244472176 0.16093750239815563
0 0.3804687556694262 0.7645833732094616 0.12343750183936208 0.1093750016298145
0 0.05468750081490725 0.654166700784117 0.10625000158324838 0.17187500256113708
0 0.40859375608852133 0.3635416856268421 0.14531250216532499 0.1265625018859282
0 0.6531250097323209 0.08750000456348062 0.16875000251457095 0.12812500190921128
0 0.24843750370200723 0.2718750141793862 0.15937500237487257 0.1671875024912879
0 0.8453125125961378 0.10000000521540642 0.21562500321306288 0.14687500218860805
0 0.8687500129453838 0.8552083779359236 0.15625000232830644 0.16093750239815563
0 0.9359375139465556 0.5791666968725622 0.12812500190921128 0.19375000288709998
0 0.4203125062631443 0.9208333813585341 0.13750000204890966 0.11875000176951289
0 0.9156250136438757 0.3343750174390152 0.16875000251457095 0.16406250244472176
0 0.31171875464497134 0.10312500537838787 0.19531250291038305 0.15156250225845724
0 0.6617187598603778 0.8270833764690906 0.19531250291038305 0.1531250022817403
1 0.13750000204890966 0.9291667151264846 0.06875000102445483 0.06875000102445483
1 0.6476562596508302 0.580208363593556 0.24218750360887498 0.29218750435393304
1 0.11796875175787136 0.4031250210246071 0.07656250114087015 0.05468750081490725
0 0.19765625294530764 0.7343750383006409 0.16406250244472176 0.16093750239815563
0 0.3804687556694262 0.7645833732094616 0.12343750183936208 0.1093750016298145
0 0.05468750081490725 0.654166700784117 0.10625000158324838 0.17187500256113708
0 0.40859375608852133 0.3635416856268421 0.14531250216532499 0.1265625018859282
0 0.6531250097323209 0.08750000456348062 0.16875000251457095 0.12812500190921128
0 0.24843750370200723 0.2718750141793862 0.15937500237487257 0.1671875024912879
0 0.8453125125961378 0.10000000521540642 0.21562500321306288 0.14687500218860805
0 0.8687500129453838 0.8552083779359236 0.15625000232830644 0.16093750239815563
0 0.9359375139465556 0.5791666968725622 0.12812500190921128 0.19375000288709998
0 0.4203125062631443 0.9208333813585341 0.13750000204890966 0.11875000176951289
0 0.9156250136438757 0.3343750174390152 0.16875000251457095 0.16406250244472176
0 0.31171875464497134 0.10312500537838787 0.19531250291038305 0.15156250225845724
0 0.6617187598603778 0.8270833764690906 0.19531250291038305 0.1531250022817403
1 0.13750000204890966 0.9291667151264846 0.06875000102445483 0.06875000102445483
1 0.6476562596508302 0.580208363593556 0.24218750360887498 0.29218750435393304
1 0.11796875175787136 0.4031250210246071 0.07656250114087015 0.05468750081490725
0 0.19765625294530764 0.7343750383006409 0.16406250244472176 0.16093750239815563
0 0.3804687556694262 0.7645833732094616 0.12343750183936208 0.1093750016298145
0 0.05468750081490725 0.654166700784117 0.10625000158324838 0.17187500256113708
0 0.40859375608852133 0.3635416856268421 0.14531250216532499 0.1265625018859282
0 0.6531250097323209 0.08750000456348062 0.16875000251457095 0.12812500190921128
0 0.24843750370200723 0.2718750141793862 0.15937500237487257 0.1671875024912879
0 0.8453125125961378 0.10000000521540642 0.21562500321306288 0.14687500218860805
0 0.8687500129453838 0.8552083779359236 0.15625000232830644 0.16093750239815563
0 0.9359375139465556 0.5791666968725622 0.12812500190921128 0.19375000288709998
0 0.4203125062631443 0.9208333813585341 0.13750000204890966 0.11875000176951289
0 0.9156250136438757 0.3343750174390152 0.16875000251457095 0.16406250244472176
0 0.31171875464497134 0.10312500537838787 0.19531250291038305 0.15156250225845724
0 0.6617187598603778 0.8270833764690906 0.19531250291038305 0.1531250022817403
1 0.13750000204890966 0.9291667151264846 0.06875000102445483 0.06875000102445483
1 0.6476562596508302 0.580208363593556 0.24218750360887498 0.29218750435393304
1 0.11796875175787136 0.4031250210246071 0.07656250114087015 0.05468750081490725
0 0.19765625294530764 0.7343750383006409 0.16406250244472176 0.16093750239815563
0 0.3804687556694262 0.7645833732094616 0.12343750183936208 0.1093750016298145
0 0.05468750081490725 0.654166700784117 0.10625000158324838 0.17187500256113708
0 0.40859375608852133 0.3635416856268421 0.14531250216532499 0.1265625018859282
0 0.6531250097323209 0.08750000456348062 0.16875000251457095 0.12812500190921128
0 0.24843750370200723 0.2718750141793862 0.15937500237487257 0.1671875024912879
0 0.8453125125961378 0.10000000521540642 0.21562500321306288 0.14687500218860805
0 0.8687500129453838 0.8552083779359236 0.15625000232830644 0.16093750239815563
0 0.9359375139465556 0.5791666968725622 0.12812500190921128 0.19375000288709998
0 0.4203125062631443 0.9208333813585341 0.13750000204890966 0.11875000176951289
0 0.9156250136438757 0.3343750174390152 0.16875000251457095 0.16406250244472176
0 0.31171875464497134 0.10312500537838787 0.19531250291038305 0.15156250225845724
0 0.6617187598603778 0.8270833764690906 0.19531250291038305 0.1531250022817403
1 0.13750000204890966 0.9291667151264846 0.06875000102445483 0.06875000102445483
1 0.6476562596508302 0.580208363593556 0.24218750360887498 0.29218750435393304
1 0.11796875175787136 0.4031250210246071 0.07656250114087015 0.05468750081490725
0 0.19765625294530764 0.7343750383006409 0.16406250244472176 0.16093750239815563
0 0.3804687556694262 0.7645833732094616 0.12343750183936208 0.1093750016298145
0 0.05468750081490725 0.654166700784117 0.10625000158324838 0.17187500256113708
0 0.40859375608852133 0.3635416856268421 0.14531250216532499 0.1265625018859282
0 0.6531250097323209 0.08750000456348062 0.16875000251457095 0.12812500190921128
0 0.24843750370200723 0.2718750141793862 0.15937500237487257 0.1671875024912879
0 0.8453125125961378 0.10000000521540642 0.21562500321306288 0.14687500218860805
0 0.8687500129453838 0.8552083779359236 0.15625000232830644 0.16093750239815563
0 0.9359375139465556 0.5791666968725622 0.12812500190921128 0.19375000288709998
0 0.4203125062631443 0.9208333813585341 0.13750000204890966 0.11875000176951289
0 0.9156250136438757 0.3343750174390152 0.16875000251457095 0.16406250244472176
0 0.31171875464497134 0.10312500537838787 0.19531250291038305 0.15156250225845724
0 0.6617187598603778 0.8270833764690906 0.19531250291038305 0.1531250022817403
1 0.13750000204890966 0.9291667151264846 0.06875000102445483 0.06875000102445483
1 0.6476562596508302 0.580208363593556 0.24218750360887498 0.29218750435393304
1 0.11796875175787136 0.4031250210246071 0.07656250114087015 0.05468750081490725
0 0.19765625294530764 0.7343750383006409 0.16406250244472176 0.16093750239815563
0 0.3804687556694262 0.7645833732094616 0.12343750183936208 0.1093750016298145
0 0.05468750081490725 0.654166700784117 0.10625000158324838 0.17187500256113708
0 0.40859375608852133 0.3635416856268421 0.14531250216532499 0.1265625018859282
0 0.6531250097323209 0.08750000456348062 0.16875000251457095 0.12812500190921128
0 0.24843750370200723 0.2718750141793862 0.15937500237487257 0.1671875024912879
0 0.8453125125961378 0.10000000521540642 0.21562500321306288 0.14687500218860805
0 0.8687500129453838 0.8552083779359236 0.15625000232830644 0.16093750239815563
0 0.9359375139465556 0.5791666968725622 0.12812500190921128 0.19375000288709998
0 0.4203125062631443 0.9208333813585341 0.13750000204890966 0.11875000176951289
0 0.9156250136438757 0.3343750174390152 0.16875000251457095 0.16406250244472176
0 0.31171875464497134 0.10312500537838787 0.19531250291038305 0.15156250225845724
0 0.6617187598603778 0.8270833764690906 0.19531250291038305 0.1531250022817403
1 0.13750000204890966 0.9291667151264846 0.06875000102445483 0.06875000102445483
1 0.6476562596508302 0.580208363593556 0.24218750360887498 0.29218750435393304
1 0.11796875175787136 0.4031250210246071 0.07656250114087015 0.05468750081490725
0 0.19765625294530764 0.7343750383006409 0.16406250244472176 0.16093750239815563
0 0.3804687556694262 0.7645833732094616 0.12343750183936208 0.1093750016298145
0 0.05468750081490725 0.654166700784117 0.10625000158324838 0.17187500256113708
0 0.40859375608852133 0.3635416856268421 0.14531250216532499 0.1265625018859282
0 0.6531250097323209 0.08750000456348062 0.16875000251457095 0.12812500190921128
0 0.24843750370200723 0.2718750141793862 0.15937500237487257 0.1671875024912879
0 0.8453125125961378 0.10000000521540642 0.21562500321306288 0.14687500218860805
0 0.8687500129453838 0.8552083779359236 0.15625000232830644 0.16093750239815563
0 0.9359375139465556 0.5791666968725622 0.12812500190921128 0.19375000288709998
0 0.4203125062631443 0.9208333813585341 0.13750000204890966 0.11875000176951289
0 0.9156250136438757 0.3343750174390152 0.16875000251457095 0.16406250244472176
0 0.31171875464497134 0.10312500537838787 0.19531250291038305 0.15156250225845724
0 0.6617187598603778 0.8270833764690906 0.19531250291038305 0.1531250022817403
1 0.13750000204890966 0.9291667151264846 0.06875000102445483 0.06875000102445483
1 0.6476562596508302 0.580208363593556 0.24218750360887498 0.29218750435393304
1 0.11796875175787136 0.4031250210246071 0.07656250114087015 0.05468750081490725
0 0.19765625294530764 0.7343750383006409 0.16406250244472176 0.16093750239815563
0 0.3804687556694262 0.7645833732094616 0.12343750183936208 0.1093750016298145
0 0.05468750081490725 0.654166700784117 0.10625000158324838 0.17187500256113708
0 0.40859375608852133 0.3635416856268421 0.14531250216532499 0.1265625018859282
0 0.6531250097323209 0.08750000456348062 0.16875000251457095 0.12812500190921128
0 0.24843750370200723 0.2718750141793862 0.15937500237487257 0.1671875024912879
0 0.8453125125961378 0.10000000521540642 0.21562500321306288 0.14687500218860805
0 0.8687500129453838 0.8552083779359236 0.15625000232830644 0.16093750239815563
0 0.9359375139465556 0.5791666968725622 0.12812500190921128 0.19375000288709998
0 0.4203125062631443 0.9208333813585341 0.13750000204890966 0.11875000176951289
0 0.9156250136438757 0.3343750174390152 0.16875000251457095 0.16406250244472176
0 0.31171875464497134 0.10312500537838787 0.19531250291038305 0.15156250225845724
0 0.6617187598603778 0.8270833764690906 0.19531250291038305 0.1531250022817403
1 0.13750000204890966 0.9291667151264846 0.06875000102445483 0.06875000102445483
1 0.6476562596508302 0.580208363593556 0.24218750360887498 0.29218750435393304
1 0.11796875175787136 0.4031250210246071 0.07656250114087015 0.05468750081490725
0 0.19765625294530764 0.7343750383006409 0.16406250244472176 0.16093750239815563
0 0.3804687556694262 0.7645833732094616 0.12343750183936208 0.1093750016298145
0 0.05468750081490725 0.654166700784117 0.10625000158324838 0.17187500256113708
0 0.40859375608852133 0.3635416856268421 0.14531250216532499 0.1265625018859282
0 0.6531250097323209 0.08750000456348062 0.16875000251457095 0.12812500190921128
0 0.24843750370200723 0.2718750141793862 0.15937500237487257 0.1671875024912879
0 0.8453125125961378 0.10000000521540642 0.21562500321306288 0.14687500218860805
0 0.8687500129453838 0.8552083779359236 0.15625000232830644 0.16093750239815563
0 0.9359375139465556 0.5791666968725622 0.12812500190921128 0.19375000288709998
0 0.4203125062631443 0.9208333813585341 0.13750000204890966 0.11875000176951289
0 0.9156250136438757 0.3343750174390152 0.16875000251457095 0.16406250244472176
0 0.31171875464497134 0.10312500537838787 0.19531250291038305 0.15156250225845724
0 0.6617187598603778 0.8270833764690906 0.19531250291038305 0.1531250022817403
1 0.13750000204890966 0.9291667151264846 0.06875000102445483 0.06875000102445483
1 0.6476562596508302 0.580208363593556 0.24218750360887498 0.29218750435393304
1 0.11796875175787136 0.4031250210246071 0.07656250114087015 0.05468750081490725
0 0.19765625294530764 0.7343750383006409 0.16406250244472176 0.16093750239815563
0 0.3804687556694262 0.7645833732094616 0.12343750183936208 0.1093750016298145
0 0.05468750081490725 0.654166700784117 0.10625000158324838 0.17187500256113708
0 0.40859375608852133 0.3635416856268421 0.14531250216532499 0.1265625018859282
0 0.6531250097323209 0.08750000456348062 0.16875000251457095 0.12812500190921128
0 0.24843750370200723 0.2718750141793862 0.15937500237487257 0.1671875024912879
0 0.8453125125961378 0.10000000521540642 0.21562500321306288 0.14687500218860805
0 0.8687500129453838 0.8552083779359236 0.15625000232830644 0.16093750239815563
0 0.9359375139465556 0.5791666968725622 0.12812500190921128 0.19375000288709998
0 0.4203125062631443 0.9208333813585341 0.13750000204890966 0.11875000176951289
0 0.9156250136438757 0.3343750174390152 0.16875000251457095 0.16406250244472176
0 0.31171875464497134 0.10312500537838787 0.19531250291038305 0.15156250225845724
0 0.6617187598603778 0.8270833764690906 0.19531250291038305 0.1531250022817403
1 0.13750000204890966 0.9291667151264846 0.06875000102445483 0.06875000102445483
1 0.6476562596508302 0.580208363593556 0.24218750360887498 0.29218750435393304
1 0.11796875175787136 0.4031250210246071 0.07656250114087015 0.05468750081490725
0 0.19765625294530764 0.7343750383006409 0.16406250244472176 0.16093750239815563
0 0.3804687556694262 0.7645833732094616 0.12343750183936208 0.1093750016298145
0 0.05468750081490725 0.654166700784117 0.10625000158324838 0.17187500256113708
0 0.40859375608852133 0.3635416856268421 0.14531250216532499 0.1265625018859282
0 0.6531250097323209 0.08750000456348062 0.16875000251457095 0.12812500190921128
0 0.24843750370200723 0.2718750141793862 0.15937500237487257 0.1671875024912879
0 0.8453125125961378 0.10000000521540642 0.21562500321306288 0.14687500218860805
0 0.8687500129453838 0.8552083779359236 0.15625000232830644 0.16093750239815563
0 0.9359375139465556 0.5791666968725622 0.12812500190921128 0.19375000288709998
0 0.4203125062631443 0.9208333813585341 0.13750000204890966 0.11875000176951289
0 0.9156250136438757 0.3343750174390152 0.16875000251457095 0.16406250244472176
0 0.31171875464497134 0.10312500537838787 0.19531250291038305 0.15156250225845724
0 0.6617187598603778 0.8270833764690906 0.19531250291038305 0.1531250022817403
1 0.13750000204890966 0.9291667151264846 0.06875000102445483 0.06875000102445483
1 0.6476562596508302 0.580208363593556 0.24218750360887498 0.29218750435393304
1 0.11796875175787136 0.4031250210246071 0.07656250114087015 0.05468750081490725
0 0.19765625294530764 0.7343750383006409 0.16406250244472176 0.16093750239815563
0 0.3804687556694262 0.7645833732094616 0.12343750183936208 0.1093750016298145
0 0.05468750081490725 0.654166700784117 0.10625000158324838 0.17187500256113708
0 0.40859375608852133 0.3635416856268421 0.14531250216532499 0.1265625018859282
0 0.6531250097323209 0.08750000456348062 0.16875000251457095 0.12812500190921128
0 0.24843750370200723 0.2718750141793862 0.15937500237487257 0.1671875024912879
0 0.8453125125961378 0.10000000521540642 0.21562500321306288 0.14687500218860805
0 0.8687500129453838 0.8552083779359236 0.15625000232830644 0.16093750239815563
0 0.9359375139465556 0.5791666968725622 0.12812500190921128 0.19375000288709998
0 0.4203125062631443 0.9208333813585341 0.13750000204890966 0.11875000176951289
0 0.9156250136438757 0.3343750174390152 0.16875000251457095 0.16406250244472176
0 0.31171875464497134 0.10312500537838787 0.19531250291038305 0.15156250225845724
0 0.6617187598603778 0.8270833764690906 0.19531250291038305 0.1531250022817403
1 0.13750000204890966 0.9291667151264846 0.06875000102445483 0.06875000102445483
1 0.6476562596508302 0.580208363593556 0.24218750360887498 0.29218750435393304
1 0.11796875175787136 0.4031250210246071 0.07656250114087015 0.05468750081490725
0 0.19765625294530764 0.7343750383006409 0.16406250244472176 0.16093750239815563
0 0.3804687556694262 0.7645833732094616 0.12343750183936208 0.1093750016298145
0 0.05468750081490725 0.654166700784117 0.10625000158324838 0.17187500256113708
0 0.40859375608852133 0.3635416856268421 0.14531250216532499 0.1265625018859282
0 0.6531250097323209 0.08750000456348062 0.16875000251457095 0.12812500190921128
0 0.24843750370200723 0.2718750141793862 0.15937500237487257 0.1671875024912879
0 0.8453125125961378 0.10000000521540642 0.21562500321306288 0.14687500218860805
0 0.8687500129453838 0.8552083779359236 0.15625000232830644 0.16093750239815563
0 0.9359375139465556 0.5791666968725622 0.12812500190921128 0.19375000288709998
0 0.4203125062631443 0.9208333813585341 0.13750000204890966 0.11875000176951289
0 0.9156250136438757 0.3343750174390152 0.16875000251457095 0.16406250244472176
0 0.31171875464497134 0.10312500537838787 0.19531250291038305 0.15156250225845724
0 0.6617187598603778 0.8270833764690906 0.19531250291038305 0.1531250022817403
1 0.13750000204890966 0.9291667151264846 0.06875000102445483 0.06875000102445483
1 0.6476562596508302 0.580208363593556 0.24218750360887498 0.29218750435393304
1 0.11796875175787136 0.4031250210246071 0.07656250114087015 0.05468750081490725
0 0.19765625294530764 0.7343750383006409 0.16406250244472176 0.16093750239815563
0 0.3804687556694262 0.7645833732094616 0.12343750183936208 0.1093750016298145
0 0.05468750081490725 0.654166700784117 0.10625000158324838 0.17187500256113708
0 0.40859375608852133 0.3635416856268421 0.14531250216532499 0.1265625018859282
0 0.6531250097323209 0.08750000456348062 0.16875000251457095 0.12812500190921128
0 0.24843750370200723 0.2718750141793862 0.15937500237487257 0.1671875024912879
0 0.8453125125961378 0.10000000521540642 0.21562500321306288 0.14687500218860805
0 0.8687500129453838 0.8552083779359236 0.15625000232830644 0.16093750239815563
0 0.9359375139465556 0.5791666968725622 0.12812500190921128 0.19375000288709998
0 0.4203125062631443 0.9208333813585341 0.13750000204890966 0.11875000176951289
0 0.9156250136438757 0.3343750174390152 0.16875000251457095 0.16406250244472176
0 0.31171875464497134 0.10312500537838787 0.19531250291038305 0.15156250225845724
0 0.6617187598603778 0.8270833764690906 0.19531250291038305 0.1531250022817403
2 0.13750000204890966 0.9291667151264846 0.06875000102445483 0.06875000102445483
1 0.6476562596508302 0.580208363593556 0.24218750360887498 0.29218750435393304
2 0.11796875175787136 0.4031250210246071 0.07656250114087015 0.05468750081490725
0 0.19765625294530764 0.7343750383006409 0.16406250244472176 0.16093750239815563
0 0.3804687556694262 0.7645833732094616 0.12343750183936208 0.1093750016298145
0 0.05468750081490725 0.654166700784117 0.10625000158324838 0.17187500256113708
0 0.40859375608852133 0.3635416856268421 0.14531250216532499 0.1265625018859282
0 0.6531250097323209 0.08750000456348062 0.16875000251457095 0.12812500190921128
0 0.24843750370200723 0.2718750141793862 0.15937500237487257 0.1671875024912879
0 0.8453125125961378 0.10000000521540642 0.21562500321306288 0.14687500218860805
0 0.8687500129453838 0.8552083779359236 0.15625000232830644 0.16093750239815563
0 0.9359375139465556 0.5791666968725622 0.12812500190921128 0.19375000288709998
0 0.4203125062631443 0.9208333813585341 0.13750000204890966 0.11875000176951289
0 0.9156250136438757 0.3343750174390152 0.16875000251457095 0.16406250244472176
0 0.31171875464497134 0.10312500537838787 0.19531250291038305 0.15156250225845724
0 0.6617187598603778 0.8270833764690906 0.19531250291038305 0.1531250022817403
2 0.13750000204890966 0.9291667151264846 0.06875000102445483 0.06875000102445483
1 0.6476562596508302 0.580208363593556 0.24218750360887498 0.29218750435393304
2 0.11796875175787136 0.4031250210246071 0.07656250114087015 0.05468750081490725
0 0.19765625894069672 0.7343750596046448 0.1640625 0.16093750298023224
0 0.3804687559604645 0.7645833492279053 0.12343750149011612 0.109375
0 0.0546875 0.6541666984558105 0.10625000298023224 0.171875
0 0.4085937440395355 0.36354169249534607 0.14531250298023224 0.12656250596046448
0 0.653124988079071 0.08750000596046448 0.16875000298023224 0.12812499701976776
0 0.24843750894069672 0.2718750238418579 0.15937499701976776 0.16718749701976776
0 0.8453125357627869 0.10000000894069672 0.21562500298023224 0.14687500894069672
0 0.8687500357627869 0.8552083969116211 0.15625 0.16093750298023224
0 0.9359375238418579 0.5791667103767395 0.12812499701976776 0.19375000894069672
0 0.4203124940395355 0.92083340883255 0.13750000298023224 0.11874999850988388
0 0.9156250357627869 0.3343750238418579 0.16875000298023224 0.1640625
0 0.31171876192092896 0.10312500596046448 0.1953125 0.15156249701976776
0 0.6617187857627869 0.8270833492279053 0.1953125 0.15312500298023224
2 0.13750000298023224 0.9291667342185974 0.06875000149011612 0.06875000149011612
1 0.647656261920929 0.5802083611488342 0.2421875 0.29218751192092896
2 0.11796875298023224 0.40312501788139343 0.07656250149011612 0.0546875
0 0.19765625894069672 0.7343750596046448 0.1640625 0.16093750298023224
0 0.3804687559604645 0.7645833492279053 0.12343750149011612 0.109375
0 0.0546875 0.6541666984558105 0.10625000298023224 0.171875
0 0.4085937440395355 0.36354169249534607 0.14531250298023224 0.12656250596046448
0 0.653124988079071 0.08750000596046448 0.16875000298023224 0.12812499701976776
0 0.24843750894069672 0.2718750238418579 0.15937499701976776 0.16718749701976776
0 0.8453125357627869 0.10000000894069672 0.21562500298023224 0.14687500894069672
0 0.8687500357627869 0.8552083969116211 0.15625 0.16093750298023224
0 0.9359375238418579 0.5791667103767395 0.12812499701976776 0.19375000894069672
0 0.4203124940395355 0.92083340883255 0.13750000298023224 0.11874999850988388
0 0.9156250357627869 0.3343750238418579 0.16875000298023224 0.1640625
0 0.31171876192092896 0.10312500596046448 0.1953125 0.15156249701976776
0 0.6617187857627869 0.8270833492279053 0.1953125 0.15312500298023224
2 0.13750000298023224 0.9291667342185974 0.06875000149011612 0.06875000149011612
1 0.647656261920929 0.5802083611488342 0.2421875 0.29218751192092896
2 0.11796875298023224 0.40312501788139343 0.07656250149011612 0.0546875
0 0.19765625894069672 0.7343750596046448 0.1640625 0.16093750298023224
0 0.3804687559604645 0.7645833492279053 0.12343750149011612 0.109375
0 0.0546875 0.6541666984558105 0.10625000298023224 0.171875
0 0.4085937440395355 0.36354169249534607 0.14531250298023224 0.12656250596046448
0 0.653124988079071 0.08750000596046448 0.16875000298023224 0.12812499701976776
0 0.24843750894069672 0.2718750238418579 0.15937499701976776 0.16718749701976776
0 0.8453125357627869 0.10000000894069672 0.21562500298023224 0.14687500894069672
0 0.8687500357627869 0.8552083969116211 0.15625 0.16093750298023224
0 0.9359375238418579 0.5791667103767395 0.12812499701976776 0.19375000894069672
0 0.4203124940395355 0.92083340883255 0.13750000298023224 0.11874999850988388
0 0.9156250357627869 0.3343750238418579 0.16875000298023224 0.1640625
0 0.31171876192092896 0.10312500596046448 0.1953125 0.15156249701976776
0 0.6617187857627869 0.8270833492279053 0.1953125 0.15312500298023224
2 0.13750000298023224 0.9291667342185974 0.06875000149011612 0.06875000149011612
1 0.647656261920929 0.5802083611488342 0.2421875 0.29218751192092896
2 0.11796875298023224 0.40312501788139343 0.07656250149011612 0.0546875
0 0.19765625894069672 0.7343750596046448 0.1640625 0.16093750298023224
0 0.3804687559604645 0.7645833492279053 0.12343750149011612 0.109375
0 0.0546875 0.6541666984558105 0.10625000298023224 0.171875
0 0.4085937440395355 0.36354169249534607 0.14531250298023224 0.12656250596046448
0 0.653124988079071 0.08750000596046448 0.16875000298023224 0.12812499701976776
0 0.24843750894069672 0.2718750238418579 0.15937499701976776 0.16718749701976776
0 0.8453125357627869 0.10000000894069672 0.21562500298023224 0.14687500894069672
0 0.8687500357627869 0.8552083969116211 0.15625 0.16093750298023224
0 0.9359375238418579 0.5791667103767395 0.12812499701976776 0.19375000894069672
0 0.4203124940395355 0.92083340883255 0.13750000298023224 0.11874999850988388
0 0.9156250357627869 0.3343750238418579 0.16875000298023224 0.1640625
0 0.31171876192092896 0.10312500596046448 0.1953125 0.15156249701976776
0 0.6617187857627869 0.8270833492279053 0.1953125 0.15312500298023224
2 0.13750000298023224 0.9291667342185974 0.06875000149011612 0.06875000149011612
1 0.647656261920929 0.5802083611488342 0.2421875 0.29218751192092896
2 0.11796875298023224 0.40312501788139343 0.07656250149011612 0.0546875
0 0.19765625894069672 0.7343750596046448 0.1640625 0.16093750298023224
0 0.3804687559604645 0.7645833492279053 0.12343750149011612 0.109375
0 0.0546875 0.6541666984558105 0.10625000298023224 0.171875
0 0.4085937440395355 0.36354169249534607 0.14531250298023224 0.12656250596046448
0 0.653124988079071 0.08750000596046448 0.16875000298023224 0.12812499701976776
0 0.24843750894069672 0.2718750238418579 0.15937499701976776 0.16718749701976776
0 0.8453125357627869 0.10000000894069672 0.21562500298023224 0.14687500894069672
0 0.8687500357627869 0.8552083969116211 0.15625 0.16093750298023224
0 0.9359375238418579 0.5791667103767395 0.12812499701976776 0.19375000894069672
0 0.4203124940395355 0.92083340883255 0.13750000298023224 0.11874999850988388
0 0.9156250357627869 0.3343750238418579 0.16875000298023224 0.1640625
0 0.31171876192092896 0.10312500596046448 0.1953125 0.15156249701976776
0 0.6617187857627869 0.8270833492279053 0.1953125 0.15312500298023224
2 0.13750000298023224 0.9291667342185974 0.06875000149011612 0.06875000149011612
1 0.647656261920929 0.5802083611488342 0.2421875 0.29218751192092896
2 0.11796875298023224 0.40312501788139343 0.07656250149011612 0.0546875
0 0.19765625894069672 0.7343750596046448 0.1640625 0.16093750298023224
0 0.3804687559604645 0.7645833492279053 0.12343750149011612 0.109375
0 0.0546875 0.6541666984558105 0.10625000298023224 0.171875
0 0.4085937440395355 0.36354169249534607 0.14531250298023224 0.12656250596046448
0 0.653124988079071 0.08750000596046448 0.16875000298023224 0.12812499701976776
0 0.24843750894069672 0.2718750238418579 0.15937499701976776 0.16718749701976776
0 0.8453125357627869 0.10000000894069672 0.21562500298023224 0.14687500894069672
0 0.8687500357627869 0.8552083969116211 0.15625 0.16093750298023224
0 0.9359375238418579 0.5791667103767395 0.12812499701976776 0.19375000894069672
0 0.4203124940395355 0.92083340883255 0.13750000298023224 0.11874999850988388
0 0.9156250357627869 0.3343750238418579 0.16875000298023224 0.1640625
0 0.31171876192092896 0.10312500596046448 0.1953125 0.15156249701976776
0 0.6617187857627869 0.8270833492279053 0.1953125 0.15312500298023224
2 0.13750000298023224 0.9291667342185974 0.06875000149011612 0.06875000149011612
1 0.647656261920929 0.5802083611488342 0.2421875 0.29218751192092896
2 0.11796875298023224 0.40312501788139343 0.07656250149011612 0.0546875
0 0.19765625894069672 0.7343750596046448 0.1640625 0.16093750298023224
0 0.3804687559604645 0.7645833492279053 0.12343750149011612 0.109375
0 0.0546875 0.6541666984558105 0.10625000298023224 0.171875
0 0.4085937440395355 0.36354169249534607 0.14531250298023224 0.12656250596046448
0 0.653124988079071 0.08750000596046448 0.16875000298023224 0.12812499701976776
0 0.24843750894069672 0.2718750238418579 0.15937499701976776 0.16718749701976776
0 0.8453125357627869 0.10000000894069672 0.21562500298023224 0.14687500894069672
0 0.8687500357627869 0.8552083969116211 0.15625 0.16093750298023224
0 0.9359375238418579 0.5791667103767395 0.12812499701976776 0.19375000894069672
0 0.4203124940395355 0.92083340883255 0.13750000298023224 0.11874999850988388
0 0.9156250357627869 0.3343750238418579 0.16875000298023224 0.1640625
0 0.31171876192092896 0.10312500596046448 0.1953125 0.15156249701976776
0 0.6617187857627869 0.8270833492279053 0.1953125 0.15312500298023224
2 0.13750000298023224 0.9291667342185974 0.06875000149011612 0.06875000149011612
1 0.647656261920929 0.5802083611488342 0.2421875 0.29218751192092896
2 0.11796875298023224 0.40312501788139343 0.07656250149011612 0.0546875
