0 0.27500000409781933 0.9093750474276021 0.17812500265426934 0.13281250197906047
0 0.3812500056810677 0.08958333800546825 0.17812500265426934 0.1312500019557774
0 0.8656250128988177 0.5791666968725622 0.16562500246800482 0.15000000223517418
0 0.8953125133411959 0.9000000469386578 0.16562500246800482 0.15000000223517418
0 0.5570312583004124 0.4750000247731805 0.1796875026775524 0.16562500246800482
0 0.23984375357395038 0.1541666747070849 0.1796875026775524 0.16562500246800482
0 0.1601562523865141 0.358333352021873 0.1796875026775524 0.16562500246800482
0 0.1578125023515895 0.6760417019249871 0.16875000251457095 0.19218750286381692
0 0.9171875136671588 0.7135417038807645 0.16562500246800482 0.14843750221189111
0 0.753125011222437 0.3906250203726813 0.16562500246800482 0.14843750221189111
1 0.3617187553900294 0.30104168236721307 0.2015625030035153 0.19218750286381692
1 0.6609375098487362 0.8197917094221339 0.15000000223517418 0.14218750211875886
0 0.27500000409781933 0.9093750474276021 0.17812500265426934 0.13281250197906047
0 0.3812500056810677 0.08958333800546825 0.17812500265426934 0.1312500019557774
0 0.8656250128988177 0.5791666968725622 0.16562500246800482 0.15000000223517418
0 0.8953125133411959 0.9000000469386578 0.16562500246800482 0.15000000223517418
0 0.5570312583004124 0.4750000247731805 0.1796875026775524 0.16562500246800482
0 0.23984375357395038 0.1541666747070849 0.1796875026775524 0.16562500246800482
0 0.1601562523865141 0.358333352021873 0.1796875026775524 0.16562500246800482
0 0.1578125023515895 0.6760417019249871 0.16875000251457095 0.19218750286381692
0 0.9171875136671588 0.7135417038807645 0.16562500246800482 0.14843750221189111
0 0.753125011222437 0.3906250203726813 0.16562500246800482 0.14843750221189111
1 0.3617187553900294 0.30104168236721307 0.2015625030035153 0.19218750286381692
1 0.6609375098487362 0.8197917094221339 0.15000000223517418 0.14218750211875886
0 0.27500000409781933 0.9093750474276021 0.17812500265426934 0.13281250197906047
0 0.3812500056810677 0.08958333800546825 0.17812500265426934 0.1312500019557774
0 0.8656250128988177 0.5791666968725622 0.16562500246800482 0.15000000223517418
0 0.8953125133411959 0.9000000469386578 0.16562500246800482 0.15000000223517418
0 0.5570312583004124 0.4750000247731805 0.1796875026775524 0.16562500246800482
0 0.23984375357395038 0.1541666747070849 0.1796875026775524 0.16562500246800482
0 0.1601562523865141 0.358333352021873 0.1796875026775524 0.16562500246800482
0 0.1578125023515895 0.6760417019249871 0.16875000251457095 0.19218750286381692
0 0.9171875136671588 0.7135417038807645 0.16562500246800482 0.14843750221189111
0 0.753125011222437 0.3906250203726813 0.16562500246800482 0.14843750221189111
1 0.3617187553900294 0.30104168236721307 0.2015625030035153 0.19218750286381692
1 0.6609375098487362 0.8197917094221339 0.15000000223517418 0.14218750211875886
0 0.27500000409781933 0.9093750474276021 0.17812500265426934 0.13281250197906047
0 0.3812500056810677 0.08958333800546825 0.17812500265426934 0.1312500019557774
0 0.8656250128988177 0.5791666968725622 0.16562500246800482 0.15000000223517418
0 0.8953125133411959 0.9000000469386578 0.16562500246800482 0.15000000223517418
0 0.5570312583004124 0.4750000247731805 0.1796875026775524 0.16562500246800482
0 0.23984375357395038 0.1541666747070849 0.1796875026775524 0.16562500246800482
0 0.1601562523865141 0.358333352021873 0.1796875026775524 0.16562500246800482
0 0.1578125023515895 0.6760417019249871 0.16875000251457095 0.19218750286381692
0 0.9171875136671588 0.7135417038807645 0.16562500246800482 0.14843750221189111
0 0.753125011222437 0.3906250203726813 0.16562500246800482 0.14843750221189111
1 0.3617187553900294 0.30104168236721307 0.2015625030035153 0.19218750286381692
1 0.6609375098487362 0.8197917094221339 0.15000000223517418 0.14218750211875886
0 0.27500000409781933 0.9093750474276021 0.17812500265426934 0.13281250197906047
0 0.3812500056810677 0.08958333800546825 0.17812500265426934 0.1312500019557774
0 0.8656250128988177 0.5791666968725622 0.16562500246800482 0.15000000223517418
0 0.8953125133411959 0.9000000469386578 0.16562500246800482 0.15000000223517418
0 0.5570312583004124 0.4750000247731805 0.1796875026775524 0.16562500246800482
0 0.23984375357395038 0.1541666747070849 0.1796875026775524 0.16562500246800482
0 0.1601562523865141 0.358333352021873 0.1796875026775524 0.16562500246800482
0 0.1578125023515895 0.6760417019249871 0.16875000251457095 0.19218750286381692
0 0.9171875136671588 0.7135417038807645 0.16562500246800482 0.14843750221189111
0 0.753125011222437 0.3906250203726813 0.16562500246800482 0.14843750221189111
1 0.3617187553900294 0.30104168236721307 0.2015625030035153 0.19218750286381692
1 0.6609375098487362 0.8197917094221339 0.15000000223517418 0.14218750211875886
0 0.27500000409781933 0.9093750474276021 0.17812500265426934 0.13281250197906047
0 0.3812500056810677 0.08958333800546825 0.17812500265426934 0.1312500019557774
0 0.8656250128988177 0.5791666968725622 0.16562500246800482 0.15000000223517418
0 0.8953125133411959 0.9000000469386578 0.16562500246800482 0.15000000223517418
0 0.5570312583004124 0.4750000247731805 0.1796875026775524 0.16562500246800482
0 0.23984375357395038 0.1541666747070849 0.1796875026775524 0.16562500246800482
0 0.1601562523865141 0.358333352021873 0.1796875026775524 0.16562500246800482
0 0.1578125023515895 0.6760417019249871 0.16875000251457095 0.19218750286381692
0 0.9171875136671588 0.7135417038807645 0.16562500246800482 0.14843750221189111
0 0.753125011222437 0.3906250203726813 0.16562500246800482 0.14843750221189111
1 0.3617187553900294 0.30104168236721307 0.2015625030035153 0.19218750286381692
1 0.6609375098487362 0.8197917094221339 0.15000000223517418 0.14218750211875886
0 0.27500000409781933 0.9093750474276021 0.17812500265426934 0.13281250197906047
0 0.3812500056810677 0.08958333800546825 0.17812500265426934 0.1312500019557774
0 0.8656250128988177 0.5791666968725622 0.16562500246800482 0.15000000223517418
0 0.8953125133411959 0.9000000469386578 0.16562500246800482 0.15000000223517418
0 0.5570312583004124 0.4750000247731805 0.1796875026775524 0.16562500246800482
0 0.23984375357395038 0.1541666747070849 0.1796875026775524 0.16562500246800482
0 0.1601562523865141 0.358333352021873 0.1796875026775524 0.16562500246800482
0 0.1578125023515895 0.6760417019249871 0.16875000251457095 0.19218750286381692
0 0.9171875136671588 0.7135417038807645 0.16562500246800482 0.14843750221189111
0 0.753125011222437 0.3906250203726813 0.16562500246800482 0.14843750221189111
1 0.3617187553900294 0.30104168236721307 0.2015625030035153 0.19218750286381692
1 0.6609375098487362 0.8197917094221339 0.15000000223517418 0.14218750211875886
0 0.27500000409781933 0.9093750474276021 0.17812500265426934 0.13281250197906047
0 0.3812500056810677 0.08958333800546825 0.17812500265426934 0.1312500019557774
0 0.8656250128988177 0.5791666968725622 0.16562500246800482 0.15000000223517418
0 0.8953125133411959 0.9000000469386578 0.16562500246800482 0.15000000223517418
0 0.5570312583004124 0.4750000247731805 0.1796875026775524 0.16562500246800482
0 0.23984375357395038 0.1541666747070849 0.1796875026775524 0.16562500246800482
0 0.1601562523865141 0.358333352021873 0.1796875026775524 0.16562500246800482
0 0.1578125023515895 0.6760417019249871 0.16875000251457095 0.19218750286381692
0 0.9171875136671588 0.7135417038807645 0.16562500246800482 0.14843750221189111
0 0.753125011222437 0.3906250203726813 0.16562500246800482 0.14843750221189111
1 0.3617187553900294 0.30104168236721307 0.2015625030035153 0.19218750286381692
1 0.6609375098487362 0.8197917094221339 0.15000000223517418 0.14218750211875886
0 0.27500000409781933 0.9093750474276021 0.17812500265426934 0.13281250197906047
0 0.3812500056810677 0.08958333800546825 0.17812500265426934 0.1312500019557774
0 0.8656250128988177 0.5791666968725622 0.16562500246800482 0.15000000223517418
0 0.8953125133411959 0.9000000469386578 0.16562500246800482 0.15000000223517418
0 0.5570312583004124 0.4750000247731805 0.1796875026775524 0.16562500246800482
0 0.23984375357395038 0.1541666747070849 0.1796875026775524 0.16562500246800482
0 0.1601562523865141 0.358333352021873 0.1796875026775524 0.16562500246800482
0 0.1578125023515895 0.6760417019249871 0.16875000251457095 0.19218750286381692
0 0.9171875136671588 0.7135417038807645 0.16562500246800482 0.14843750221189111
0 0.753125011222437 0.3906250203726813 0.16562500246800482 0.14843750221189111
1 0.3617187553900294 0.30104168236721307 0.2015625030035153 0.19218750286381692
1 0.6609375098487362 0.8197917094221339 0.15000000223517418 0.14218750211875886
0 0.27500000409781933 0.9093750474276021 0.17812500265426934 0.13281250197906047
0 0.3812500056810677 0.08958333800546825 0.17812500265426934 0.1312500019557774
0 0.8656250128988177 0.5791666968725622 0.16562500246800482 0.15000000223517418
0 0.8953125133411959 0.9000000469386578 0.16562500246800482 0.15000000223517418
0 0.5570312583004124 0.4750000247731805 0.1796875026775524 0.16562500246800482
0 0.23984375357395038 0.1541666747070849 0.1796875026775524 0.16562500246800482
0 0.1601562523865141 0.358333352021873 0.1796875026775524 0.16562500246800482
0 0.1578125023515895 0.6760417019249871 0.16875000251457095 0.19218750286381692
0 0.9171875136671588 0.7135417038807645 0.16562500246800482 0.14843750221189111
0 0.753125011222437 0.3906250203726813 0.16562500246800482 0.14843750221189111
1 0.3617187553900294 0.30104168236721307 0.2015625030035153 0.19218750286381692
1 0.6609375098487362 0.8197917094221339 0.15000000223517418 0.14218750211875886
0 0.27500000409781933 0.9093750474276021 0.17812500265426934 0.13281250197906047
0 0.3812500056810677 0.08958333800546825 0.17812500265426934 0.1312500019557774
0 0.8656250128988177 0.5791666968725622 0.16562500246800482 0.15000000223517418
0 0.8953125133411959 0.9000000469386578 0.16562500246800482 0.15000000223517418
0 0.5570312583004124 0.4750000247731805 0.1796875026775524 0.16562500246800482
0 0.23984375357395038 0.1541666747070849 0.1796875026775524 0.16562500246800482
0 0.1601562523865141 0.358333352021873 0.1796875026775524 0.16562500246800482
0 0.1578125023515895 0.6760417019249871 0.16875000251457095 0.19218750286381692
0 0.9171875136671588 0.7135417038807645 0.16562500246800482 0.14843750221189111
0 0.753125011222437 0.3906250203726813 0.16562500246800482 0.14843750221189111
1 0.3617187553900294 0.30104168236721307 0.2015625030035153 0.19218750286381692
1 0.6609375098487362 0.8197917094221339 0.15000000223517418 0.14218750211875886
0 0.27500000409781933 0.9093750474276021 0.17812500265426934 0.13281250197906047
0 0.3812500056810677 0.08958333800546825 0.17812500265426934 0.1312500019557774
0 0.8656250128988177 0.5791666968725622 0.16562500246800482 0.15000000223517418
0 0.8953125133411959 0.9000000469386578 0.16562500246800482 0.15000000223517418
0 0.5570312583004124 0.4750000247731805 0.1796875026775524 0.16562500246800482
0 0.23984375357395038 0.1541666747070849 0.1796875026775524 0.16562500246800482
0 0.1601562523865141 0.358333352021873 0.1796875026775524 0.16562500246800482
0 0.1578125023515895 0.6760417019249871 0.16875000251457095 0.19218750286381692
0 0.9171875136671588 0.7135417038807645 0.16562500246800482 0.14843750221189111
0 0.753125011222437 0.3906250203726813 0.16562500246800482 0.14843750221189111
1 0.3617187553900294 0.30104168236721307 0.2015625030035153 0.19218750286381692
1 0.6609375098487362 0.8197917094221339 0.15000000223517418 0.14218750211875886
0 0.27500000409781933 0.9093750474276021 0.17812500265426934 0.13281250197906047
0 0.3812500056810677 0.08958333800546825 0.17812500265426934 0.1312500019557774
0 0.8656250128988177 0.5791666968725622 0.16562500246800482 0.15000000223517418
0 0.8953125133411959 0.9000000469386578 0.16562500246800482 0.15000000223517418
0 0.5570312583004124 0.4750000247731805 0.1796875026775524 0.16562500246800482
0 0.23984375357395038 0.1541666747070849 0.1796875026775524 0.16562500246800482
0 0.1601562523865141 0.358333352021873 0.1796875026775524 0.16562500246800482
0 0.1578125023515895 0.6760417019249871 0.16875000251457095 0.19218750286381692
0 0.9171875136671588 0.7135417038807645 0.16562500246800482 0.14843750221189111
0 0.753125011222437 0.3906250203726813 0.16562500246800482 0.14843750221189111
1 0.3617187553900294 0.30104168236721307 0.2015625030035153 0.19218750286381692
1 0.6609375098487362 0.8197917094221339 0.15000000223517418 0.14218750211875886
0 0.27500000409781933 0.9093750474276021 0.17812500265426934 0.13281250197906047
0 0.3812500056810677 0.08958333800546825 0.17812500265426934 0.1312500019557774
0 0.8656250128988177 0.5791666968725622 0.16562500246800482 0.15000000223517418
0 0.8953125133411959 0.9000000469386578 0.16562500246800482 0.15000000223517418
0 0.5570312583004124 0.4750000247731805 0.1796875026775524 0.16562500246800482
0 0.23984375357395038 0.1541666747070849 0.1796875026775524 0.16562500246800482
0 0.1601562523865141 0.358333352021873 0.1796875026775524 0.16562500246800482
0 0.1578125023515895 0.6760417019249871 0.16875000251457095 0.19218750286381692
0 0.9171875136671588 0.7135417038807645 0.16562500246800482 0.14843750221189111
0 0.753125011222437 0.3906250203726813 0.16562500246800482 0.14843750221189111
1 0.3617187553900294 0.30104168236721307 0.2015625030035153 0.19218750286381692
1 0.6609375098487362 0.8197917094221339 0.15000000223517418 0.14218750211875886
0 0.27500000409781933 0.9093750474276021 0.17812500265426934 0.13281250197906047
0 0.3812500056810677 0.08958333800546825 0.17812500265426934 0.1312500019557774
0 0.8656250128988177 0.5791666968725622 0.16562500246800482 0.15000000223517418
0 0.8953125133411959 0.9000000469386578 0.16562500246800482 0.15000000223517418
0 0.5570312583004124 0.4750000247731805 0.1796875026775524 0.16562500246800482
0 0.23984375357395038 0.1541666747070849 0.1796875026775524 0.16562500246800482
0 0.1601562523865141 0.358333352021873 0.1796875026775524 0.16562500246800482
0 0.1578125023515895 0.6760417019249871 0.16875000251457095 0.19218750286381692
0 0.9171875136671588 0.7135417038807645 0.16562500246800482 0.14843750221189111
0 0.753125011222437 0.3906250203726813 0.16562500246800482 0.14843750221189111
1 0.3617187553900294 0.30104168236721307 0.2015625030035153 0.19218750286381692
1 0.6609375098487362 0.8197917094221339 0.15000000223517418 0.14218750211875886
0 0.2750000059604645 0.9093750715255737 0.17812500894069672 0.1328125
0 0.3812499940395355 0.08958333730697632 0.17812500894069672 0.13125000894069672
0 0.8656250238418579 0.5791667103767395 0.16562500596046448 0.15000000596046448
0 0.895312488079071 0.9000000357627869 0.16562500596046448 0.15000000596046448
0 0.5570312738418579 0.4750000238418579 0.1796875 0.16562500596046448
0 0.23984375596046448 0.15416666865348816 0.1796875 0.16562500596046448
0 0.16015625 0.3583333492279053 0.1796875 0.16562500596046448
0 0.15781250596046448 0.6760417222976685 0.16875000298023224 0.19218750298023224
0 0.917187511920929 0.7135416865348816 0.16562500596046448 0.1484375
0 0.753125011920929 0.3906250298023224 0.16562500596046448 0.1484375
1 0.3617187440395355 0.30104169249534607 0.20156250894069672 0.19218750298023224
1 0.660937488079071 0.8197917342185974 0.15000000596046448 0.14218750596046448
0 0.2750000059604645 0.9093750715255737 0.17812500894069672 0.1328125
0 0.3812499940395355 0.08958333730697632 0.17812500894069672 0.13125000894069672
0 0.8656250238418579 0.5791667103767395 0.16562500596046448 0.15000000596046448
0 0.895312488079071 0.9000000357627869 0.16562500596046448 0.15000000596046448
0 0.5570312738418579 0.4750000238418579 0.1796875 0.16562500596046448
0 0.23984375596046448 0.15416666865348816 0.1796875 0.16562500596046448
0 0.16015625 0.3583333492279053 0.1796875 0.16562500596046448
0 0.15781250596046448 0.6760417222976685 0.16875000298023224 0.19218750298023224
0 0.917187511920929 0.7135416865348816 0.16562500596046448 0.1484375
0 0.753125011920929 0.3906250298023224 0.16562500596046448 0.1484375
1 0.3617187440395355 0.30104169249534607 0.20156250894069672 0.19218750298023224
1 0.660937488079071 0.8197917342185974 0.15000000596046448 0.14218750596046448
0 0.2750000059604645 0.9093750715255737 0.17812500894069672 0.1328125
0 0.3812499940395355 0.08958333730697632 0.17812500894069672 0.13125000894069672
0 0.8656250238418579 0.5791667103767395 0.16562500596046448 0.15000000596046448
0 0.895312488079071 0.9000000357627869 0.16562500596046448 0.15000000596046448
0 0.5570312738418579 0.4750000238418579 0.1796875 0.16562500596046448
0 0.23984375596046448 0.15416666865348816 0.1796875 0.16562500596046448
0 0.16015625 0.3583333492279053 0.1796875 0.16562500596046448
0 0.15781250596046448 0.6760417222976685 0.16875000298023224 0.19218750298023224
0 0.917187511920929 0.7135416865348816 0.16562500596046448 0.1484375
0 0.753125011920929 0.3906250298023224 0.16562500596046448 0.1484375
1 0.3617187440395355 0.30104169249534607 0.20156250894069672 0.19218750298023224
1 0.660937488079071 0.8197917342185974 0.15000000596046448 0.14218750596046448
0 0.2750000059604645 0.9093750715255737 0.17812500894069672 0.1328125
0 0.3812499940395355 0.08958333730697632 0.17812500894069672 0.13125000894069672
0 0.8656250238418579 0.5791667103767395 0.16562500596046448 0.15000000596046448
0 0.895312488079071 0.9000000357627869 0.16562500596046448 0.15000000596046448
0 0.5570312738418579 0.4750000238418579 0.1796875 0.16562500596046448
0 0.23984375596046448 0.15416666865348816 0.1796875 0.16562500596046448
0 0.16015625 0.3583333492279053 0.1796875 0.16562500596046448
0 0.15781250596046448 0.6760417222976685 0.16875000298023224 0.19218750298023224
0 0.917187511920929 0.7135416865348816 0.16562500596046448 0.1484375
0 0.753125011920929 0.3906250298023224 0.16562500596046448 0.1484375
1 0.3617187440395355 0.30104169249534607 0.20156250894069672 0.19218750298023224
1 0.660937488079071 0.8197917342185974 0.15000000596046448 0.14218750596046448
0 0.2750000059604645 0.9093750715255737 0.17812500894069672 0.1328125
0 0.3812499940395355 0.08958333730697632 0.17812500894069672 0.13125000894069672
0 0.8656250238418579 0.5791667103767395 0.16562500596046448 0.15000000596046448
0 0.895312488079071 0.9000000357627869 0.16562500596046448 0.15000000596046448
0 0.5570312738418579 0.4750000238418579 0.1796875 0.16562500596046448
0 0.23984375596046448 0.15416666865348816 0.1796875 0.16562500596046448
0 0.16015625 0.3583333492279053 0.1796875 0.16562500596046448
0 0.15781250596046448 0.6760417222976685 0.16875000298023224 0.19218750298023224
0 0.917187511920929 0.7135416865348816 0.16562500596046448 0.1484375
0 0.753125011920929 0.3906250298023224 0.16562500596046448 0.1484375
1 0.3617187440395355 0.30104169249534607 0.20156250894069672 0.19218750298023224
1 0.660937488079071 0.8197917342185974 0.15000000596046448 0.14218750596046448
0 0.2750000059604645 0.9093750715255737 0.17812500894069672 0.1328125
0 0.3812499940395355 0.08958333730697632 0.17812500894069672 0.13125000894069672
0 0.8656250238418579 0.5791667103767395 0.16562500596046448 0.15000000596046448
0 0.895312488079071 0.9000000357627869 0.16562500596046448 0.15000000596046448
0 0.5570312738418579 0.4750000238418579 0.1796875 0.16562500596046448
0 0.23984375596046448 0.15416666865348816 0.1796875 0.16562500596046448
0 0.16015625 0.3583333492279053 0.1796875 0.16562500596046448
0 0.15781250596046448 0.6760417222976685 0.16875000298023224 0.19218750298023224
0 0.917187511920929 0.7135416865348816 0.16562500596046448 0.1484375
0 0.753125011920929 0.3906250298023224 0.16562500596046448 0.1484375
1 0.3617187440395355 0.30104169249534607 0.20156250894069672 0.19218750298023224
1 0.660937488079071 0.8197917342185974 0.15000000596046448 0.14218750596046448
0 0.2750000059604645 0.9093750715255737 0.17812500894069672 0.1328125
0 0.3812499940395355 0.08958333730697632 0.17812500894069672 0.13125000894069672
0 0.8656250238418579 0.5791667103767395 0.16562500596046448 0.15000000596046448
0 0.895312488079071 0.9000000357627869 0.16562500596046448 0.15000000596046448
0 0.5570312738418579 0.4750000238418579 0.1796875 0.16562500596046448
0 0.23984375596046448 0.15416666865348816 0.1796875 0.16562500596046448
0 0.16015625 0.3583333492279053 0.1796875 0.16562500596046448
0 0.15781250596046448 0.6760417222976685 0.16875000298023224 0.19218750298023224
0 0.917187511920929 0.7135416865348816 0.16562500596046448 0.1484375
0 0.753125011920929 0.3906250298023224 0.16562500596046448 0.1484375
1 0.3617187440395355 0.30104169249534607 0.20156250894069672 0.19218750298023224
1 0.660937488079071 0.8197917342185974 0.15000000596046448 0.14218750596046448
