0 0.716406260675285 0.7354167050216347 0.1890625028172508 0.1968750029336661
0 0.3250000048428774 0.631250032922253 0.20937500311993062 0.1968750029336661
0 0.0945312514086254 0.48645835870411247 0.18593750277068466 0.13906250207219273
0 0.0679687510128133 0.8885417130077258 0.13281250197906047 0.1671875024912879
0 0.29062500433064997 0.14479167421814054 0.19062500284053385 0.17031250253785402
0 0.2593750038649887 0.36770835251081735 0.19062500284053385 0.17031250253785402
0 0.5187500077299774 0.9093750474276021 0.1750000026077032 0.13281250197906047
0 0.9085937635391019 0.1114583391463384 0.13281250197906047 0.12968750193249434
0 0.6554687597672455 0.1604166750330478 0.20468750305008143 0.17812500265426934
0 0.4882812572759576 0.10937500570435077 0.17656250263098627 0.16093750239815563
0 0.5875000087544322 0.6760417019249871 0.17187500256113708 0.1671875024912879
1 0.5062500075437129 0.40520835446659476 0.3562500053085387 0.3203125047730282
0 0.716406260675285 0.7354167050216347 0.1890625028172508 0.1968750029336661
0 0.3250000048428774 0.631250032922253 0.20937500311993062 0.1968750029336661
0 0.0945312514086254 0.48645835870411247 0.18593750277068466 0.13906250207219273
0 0.0679687510128133 0.8885417130077258 0.13281250197906047 0.1671875024912879
0 0.29062500433064997 0.14479167421814054 0.19062500284053385 0.17031250253785402
0 0.2593750038649887 0.36770835251081735 0.19062500284053385 0.17031250253785402
0 0.5187500077299774 0.9093750474276021 0.1750000026077032 0.13281250197906047
0 0.9085937635391019 0.1114583391463384 0.13281250197906047 0.12968750193249434
0 0.6554687597672455 0.1604166750330478 0.20468750305008143 0.17812500265426934
0 0.4882812572759576 0.10937500570435077 0.17656250263098627 0.16093750239815563
0 0.5875000087544322 0.6760417019249871 0.17187500256113708 0.1671875024912879
1 0.5062500075437129 0.40520835446659476 0.3562500053085387 0.3203125047730282
0 0.716406260675285 0.7354167050216347 0.1890625028172508 0.1968750029336661
0 0.3250000048428774 0.631250032922253 0.20937500311993062 0.1968750029336661
0 0.0945312514086254 0.48645835870411247 0.18593750277068466 0.13906250207219273
0 0.0679687510128133 0.8885417130077258 0.13281250197906047 0.1671875024912879
0 0.29062500433064997 0.14479167421814054 0.19062500284053385 0.17031250253785402
0 0.2593750038649887 0.36770835251081735 0.19062500284053385 0.17031250253785402
0 0.5187500077299774 0.9093750474276021 0.1750000026077032 0.13281250197906047
0 0.9085937635391019 0.1114583391463384 0.13281250197906047 0.12968750193249434
0 0.6554687597672455 0.1604166750330478 0.20468750305008143 0.17812500265426934
0 0.4882812572759576 0.10937500570435077 0.17656250263098627 0.16093750239815563
0 0.5875000087544322 0.6760417019249871 0.17187500256113708 0.1671875024912879
1 0.5062500075437129 0.40520835446659476 0.3562500053085387 0.3203125047730282
0 0.716406260675285 0.7354167050216347 0.1890625028172508 0.1968750029336661
0 0.3250000048428774 0.631250032922253 0.20937500311993062 0.1968750029336661
0 0.0945312514086254 0.48645835870411247 0.18593750277068466 0.13906250207219273
0 0.0679687510128133 0.8885417130077258 0.13281250197906047 0.1671875024912879
0 0.29062500433064997 0.14479167421814054 0.19062500284053385 0.17031250253785402
0 0.2593750038649887 0.36770835251081735 0.19062500284053385 0.17031250253785402
0 0.5187500077299774 0.9093750474276021 0.1750000026077032 0.13281250197906047
0 0.9085937635391019 0.1114583391463384 0.13281250197906047 0.12968750193249434
0 0.6554687597672455 0.1604166750330478 0.20468750305008143 0.17812500265426934
0 0.4882812572759576 0.10937500570435077 0.17656250263098627 0.16093750239815563
0 0.5875000087544322 0.6760417019249871 0.17187500256113708 0.1671875024912879
1 0.5062500075437129 0.40520835446659476 0.3562500053085387 0.3203125047730282
0 0.716406260675285 0.7354167050216347 0.1890625028172508 0.1968750029336661
0 0.3250000048428774 0.631250032922253 0.20937500311993062 0.1968750029336661
0 0.0945312514086254 0.48645835870411247 0.18593750277068466 0.13906250207219273
0 0.0679687510128133 0.8885417130077258 0.13281250197906047 0.1671875024912879
0 0.29062500433064997 0.14479167421814054 0.19062500284053385 0.17031250253785402
0 0.2593750038649887 0.36770835251081735 0.19062500284053385 0.17031250253785402
0 0.5187500077299774 0.9093750474276021 0.1750000026077032 0.13281250197906047
0 0.9085937635391019 0.1114583391463384 0.13281250197906047 0.12968750193249434
0 0.6554687597672455 0.1604166750330478 0.20468750305008143 0.17812500265426934
0 0.4882812572759576 0.10937500570435077 0.17656250263098627 0.16093750239815563
0 0.5875000087544322 0.6760417019249871 0.17187500256113708 0.1671875024912879
1 0.5062500075437129 0.40520835446659476 0.3562500053085387 0.3203125047730282
0 0.716406260675285 0.7354167050216347 0.1890625028172508 0.1968750029336661
0 0.3250000048428774 0.631250032922253 0.20937500311993062 0.1968750029336661
0 0.0945312514086254 0.48645835870411247 0.18593750277068466 0.13906250207219273
0 0.0679687510128133 0.8885417130077258 0.13281250197906047 0.1671875024912879
0 0.29062500433064997 0.14479167421814054 0.19062500284053385 0.17031250253785402
0 0.2593750038649887 0.36770835251081735 0.19062500284053385 0.17031250253785402
0 0.5187500077299774 0.9093750474276021 0.1750000026077032 0.13281250197906047
0 0.9085937635391019 0.1114583391463384 0.13281250197906047 0.12968750193249434
0 0.6554687597672455 0.1604166750330478 0.20468750305008143 0.17812500265426934
0 0.4882812572759576 0.10937500570435077 0.17656250263098627 0.16093750239815563
0 0.5875000087544322 0.6760417019249871 0.17187500256113708 0.1671875024912879
1 0.5062500075437129 0.40520835446659476 0.3562500053085387 0.3203125047730282
0 0.716406260675285 0.7354167050216347 0.1890625028172508 0.1968750029336661
0 0.3250000048428774 0.631250032922253 0.20937500311993062 0.1968750029336661
0 0.0945312514086254 0.48645835870411247 0.18593750277068466 0.13906250207219273
0 0.0679687510128133 0.8885417130077258 0.13281250197906047 0.1671875024912879
0 0.29062500433064997 0.14479167421814054 0.19062500284053385 0.17031250253785402
0 0.2593750038649887 0.36770835251081735 0.19062500284053385 0.17031250253785402
0 0.5187500077299774 0.9093750474276021 0.1750000026077032 0.13281250197906047
0 0.9085937635391019 0.1114583391463384 0.13281250197906047 0.12968750193249434
0 0.6554687597672455 0.1604166750330478 0.20468750305008143 0.17812500265426934
0 0.4882812572759576 0.10937500570435077 0.17656250263098627 0.16093750239815563
0 0.5875000087544322 0.6760417019249871 0.17187500256113708 0.1671875024912879
1 0.5062500075437129 0.40520835446659476 0.3562500053085387 0.3203125047730282
0 0.716406260675285 0.7354167050216347 0.1890625028172508 0.1968750029336661
0 0.3250000048428774 0.631250032922253 0.20937500311993062 0.1968750029336661
0 0.0945312514086254 0.48645835870411247 0.18593750277068466 0.13906250207219273
0 0.0679687510128133 0.8885417130077258 0.13281250197906047 0.1671875024912879
0 0.29062500433064997 0.14479167421814054 0.19062500284053385 0.17031250253785402
0 0.2593750038649887 0.36770835251081735 0.19062500284053385 0.17031250253785402
0 0.5187500077299774 0.9093750474276021 0.1750000026077032 0.13281250197906047
0 0.9085937635391019 0.1114583391463384 0.13281250197906047 0.12968750193249434
0 0.6554687597672455 0.1604166750330478 0.20468750305008143 0.17812500265426934
0 0.4882812572759576 0.10937500570435077 0.17656250263098627 0.16093750239815563
0 0.5875000087544322 0.6760417019249871 0.17187500256113708 0.1671875024912879
1 0.5062500075437129 0.40520835446659476 0.3562500053085387 0.3203125047730282
0 0.716406260675285 0.7354167050216347 0.1890625028172508 0.1968750029336661
0 0.3250000048428774 0.631250032922253 0.20937500311993062 0.1968750029336661
0 0.0945312514086254 0.48645835870411247 0.18593750277068466 0.13906250207219273
0 0.0679687510128133 0.8885417130077258 0.13281250197906047 0.1671875024912879
0 0.29062500433064997 0.14479167421814054 0.19062500284053385 0.17031250253785402
0 0.2593750038649887 0.36770835251081735 0.19062500284053385 0.17031250253785402
0 0.5187500077299774 0.9093750474276021 0.1750000026077032 0.13281250197906047
0 0.9085937635391019 0.1114583391463384 0.13281250197906047 0.12968750193249434
0 0.6554687597672455 0.1604166750330478 0.20468750305008143 0.17812500265426934
0 0.4882812572759576 0.10937500570435077 0.17656250263098627 0.16093750239815563
0 0.5875000087544322 0.6760417019249871 0.17187500256113708 0.1671875024912879
1 0.5062500075437129 0.40520835446659476 0.3562500053085387 0.3203125047730282
0 0.716406260675285 0.7354167050216347 0.1890625028172508 0.1968750029336661
0 0.3250000048428774 0.631250032922253 0.20937500311993062 0.1968750029336661
0 0.0945312514086254 0.48645835870411247 0.18593750277068466 0.13906250207219273
0 0.0679687510128133 0.8885417130077258 0.13281250197906047 0.1671875024912879
0 0.29062500433064997 0.14479167421814054 0.19062500284053385 0.17031250253785402
0 0.2593750038649887 0.36770835251081735 0.19062500284053385 0.17031250253785402
0 0.5187500077299774 0.9093750474276021 0.1750000026077032 0.13281250197906047
0 0.9085937635391019 0.1114583391463384 0.13281250197906047 0.12968750193249434
0 0.6554687597672455 0.1604166750330478 0.20468750305008143 0.17812500265426934
0 0.4882812572759576 0.10937500570435077 0.17656250263098627 0.16093750239815563
0 0.5875000087544322 0.6760417019249871 0.17187500256113708 0.1671875024912879
1 0.5062500075437129 0.40520835446659476 0.3562500053085387 0.3203125047730282
0 0.716406260675285 0.7354167050216347 0.1890625028172508 0.1968750029336661
0 0.3250000048428774 0.631250032922253 0.20937500311993062 0.1968750029336661
0 0.0945312514086254 0.48645835870411247 0.18593750277068466 0.13906250207219273
0 0.0679687510128133 0.8885417130077258 0.13281250197906047 0.1671875024912879
0 0.29062500433064997 0.14479167421814054 0.19062500284053385 0.17031250253785402
0 0.2593750038649887 0.36770835251081735 0.19062500284053385 0.17031250253785402
0 0.5187500077299774 0.9093750474276021 0.1750000026077032 0.13281250197906047
0 0.9085937635391019 0.1114583391463384 0.13281250197906047 0.12968750193249434
0 0.6554687597672455 0.1604166750330478 0.20468750305008143 0.17812500265426934
0 0.4882812572759576 0.10937500570435077 0.17656250263098627 0.16093750239815563
0 0.5875000087544322 0.6760417019249871 0.17187500256113708 0.1671875024912879
1 0.5062500075437129 0.40520835446659476 0.3562500053085387 0.3203125047730282
0 0.716406260675285 0.7354167050216347 0.1890625028172508 0.1968750029336661
0 0.3250000048428774 0.631250032922253 0.20937500311993062 0.1968750029336661
0 0.0945312514086254 0.48645835870411247 0.18593750277068466 0.13906250207219273
0 0.0679687510128133 0.8885417130077258 0.13281250197906047 0.1671875024912879
0 0.29062500433064997 0.14479167421814054 0.19062500284053385 0.17031250253785402
0 0.2593750038649887 0.36770835251081735 0.19062500284053385 0.17031250253785402
0 0.5187500077299774 0.9093750474276021 0.1750000026077032 0.13281250197906047
0 0.9085937635391019 0.1114583391463384 0.13281250197906047 0.12968750193249434
0 0.6554687597672455 0.1604166750330478 0.20468750305008143 0.17812500265426934
0 0.4882812572759576 0.10937500570435077 0.17656250263098627 0.16093750239815563
0 0.5875000087544322 0.6760417019249871 0.17187500256113708 0.1671875024912879
1 0.5062500075437129 0.40520835446659476 0.3562500053085387 0.3203125047730282
0 0.716406260675285 0.7354167050216347 0.1890625028172508 0.1968750029336661
0 0.3250000048428774 0.631250032922253 0.20937500311993062 0.1968750029336661
0 0.0945312514086254 0.48645835870411247 0.18593750277068466 0.13906250207219273
0 0.0679687510128133 0.8885417130077258 0.13281250197906047 0.1671875024912879
0 0.29062500433064997 0.14479167421814054 0.19062500284053385 0.17031250253785402
0 0.2593750038649887 0.36770835251081735 0.19062500284053385 0.17031250253785402
0 0.5187500077299774 0.9093750474276021 0.1750000026077032 0.13281250197906047
0 0.9085937635391019 0.1114583391463384 0.13281250197906047 0.12968750193249434
0 0.6554687597672455 0.1604166750330478 0.20468750305008143 0.17812500265426934
0 0.4882812572759576 0.10937500570435077 0.17656250263098627 0.16093750239815563
0 0.5875000087544322 0.6760417019249871 0.17187500256113708 0.1671875024912879
1 0.5062500075437129 0.40520835446659476 0.3562500053085387 0.3203125047730282
0 0.716406260675285 0.7354167050216347 0.1890625028172508 0.1968750029336661
0 0.3250000048428774 0.631250032922253 0.20937500311993062 0.1968750029336661
0 0.0945312514086254 0.48645835870411247 0.18593750277068466 0.13906250207219273
0 0.0679687510128133 0.8885417130077258 0.13281250197906047 0.1671875024912879
0 0.29062500433064997 0.14479167421814054 0.19062500284053385 0.17031250253785402
0 0.2593750038649887 0.36770835251081735 0.19062500284053385 0.17031250253785402
0 0.5187500077299774 0.9093750474276021 0.1750000026077032 0.13281250197906047
0 0.9085937635391019 0.1114583391463384 0.13281250197906047 0.12968750193249434
0 0.6554687597672455 0.1604166750330478 0.20468750305008143 0.17812500265426934
0 0.4882812572759576 0.10937500570435077 0.17656250263098627 0.16093750239815563
0 0.5875000087544322 0.6760417019249871 0.17187500256113708 0.1671875024912879
1 0.5062500075437129 0.40520835446659476 0.3562500053085387 0.3203125047730282
0 0.716406260675285 0.7354167050216347 0.1890625028172508 0.1968750029336661
0 0.3250000048428774 0.631250032922253 0.20937500311993062 0.1968750029336661
0 0.0945312514086254 0.48645835870411247 0.18593750277068466 0.13906250207219273
0 0.0679687510128133 0.8885417130077258 0.13281250197906047 0.1671875024912879
0 0.29062500433064997 0.14479167421814054 0.19062500284053385 0.17031250253785402
0 0.2593750038649887 0.36770835251081735 0.19062500284053385 0.17031250253785402
0 0.5187500077299774 0.9093750474276021 0.1750000026077032 0.13281250197906047
0 0.9085937635391019 0.1114583391463384 0.13281250197906047 0.12968750193249434
0 0.6554687597672455 0.1604166750330478 0.20468750305008143 0.17812500265426934
0 0.4882812572759576 0.10937500570435077 0.17656250263098627 0.16093750239815563
0 0.5875000087544322 0.6760417019249871 0.17187500256113708 0.1671875024912879
1 0.5062500075437129 0.40520835446659476 0.3562500053085387 0.3203125047730282
0 0.7164062857627869 0.7354167103767395 0.18906250596046448 0.19687500596046448
0 0.32500001788139343 0.6312500238418579 0.20937500894069672 0.19687500596046448
0 0.09453125298023224 0.48645836114883423 0.18593750894069672 0.13906250894069672
0 0.06796874850988388 0.8885416984558105 0.1328125 0.16718749701976776
0 0.2906250059604645 0.14479167759418488 0.19062499701976776 0.17031250894069672
0 0.2593750059604645 0.36770835518836975 0.19062499701976776 0.17031250894069672
0 0.518750011920929 0.9093750715255737 0.17499999701976776 0.1328125
0 0.9085937738418579 0.11145833879709244 0.1328125 0.12968750298023224
0 0.655468761920929 0.16041667759418488 0.20468750596046448 0.17812500894069672
0 0.48828125 0.1093750074505806 0.17656250298023224 0.16093750298023224
0 0.5875000357627869 0.6760417222976685 0.171875 0.16718749701976776
1 0.5062500238418579 0.4052083492279053 0.35625001788139343 0.3203125
0 0.7164062857627869 0.7354167103767395 0.18906250596046448 0.19687500596046448
0 0.32500001788139343 0.6312500238418579 0.20937500894069672 0.19687500596046448
0 0.09453125298023224 0.48645836114883423 0.18593750894069672 0.13906250894069672
0 0.06796874850988388 0.8885416984558105 0.1328125 0.16718749701976776
0 0.2906250059604645 0.14479167759418488 0.19062499701976776 0.17031250894069672
0 0.2593750059604645 0.36770835518836975 0.19062499701976776 0.17031250894069672
0 0.518750011920929 0.9093750715255737 0.17499999701976776 0.1328125
0 0.9085937738418579 0.11145833879709244 0.1328125 0.12968750298023224
0 0.655468761920929 0.16041667759418488 0.20468750596046448 0.17812500894069672
0 0.48828125 0.1093750074505806 0.17656250298023224 0.16093750298023224
0 0.5875000357627869 0.6760417222976685 0.171875 0.16718749701976776
1 0.5062500238418579 0.4052083492279053 0.35625001788139343 0.3203125
0 0.7164062857627869 0.7354167103767395 0.18906250596046448 0.19687500596046448
0 0.32500001788139343 0.6312500238418579 0.20937500894069672 0.19687500596046448
0 0.09453125298023224 0.48645836114883423 0.18593750894069672 0.13906250894069672
0 0.06796874850988388 0.8885416984558105 0.1328125 0.16718749701976776
0 0.2906250059604645 0.14479167759418488 0.19062499701976776 0.17031250894069672
0 0.2593750059604645 0.36770835518836975 0.19062499701976776 0.17031250894069672
0 0.518750011920929 0.9093750715255737 0.17499999701976776 0.1328125
0 0.9085937738418579 0.11145833879709244 0.1328125 0.12968750298023224
0 0.655468761920929 0.16041667759418488 0.20468750596046448 0.17812500894069672
0 0.48828125 0.1093750074505806 0.17656250298023224 0.16093750298023224
0 0.5875000357627869 0.6760417222976685 0.171875 0.16718749701976776
1 0.5062500238418579 0.4052083492279053 0.35625001788139343 0.3203125
0 0.7164062857627869 0.7354167103767395 0.18906250596046448 0.19687500596046448
0 0.32500001788139343 0.6312500238418579 0.20937500894069672 0.19687500596046448
0 0.09453125298023224 0.48645836114883423 0.18593750894069672 0.13906250894069672
0 0.06796874850988388 0.8885416984558105 0.1328125 0.16718749701976776
0 0.2906250059604645 0.14479167759418488 0.19062499701976776 0.17031250894069672
0 0.2593750059604645 0.36770835518836975 0.19062499701976776 0.17031250894069672
0 0.518750011920929 0.9093750715255737 0.17499999701976776 0.1328125
0 0.9085937738418579 0.11145833879709244 0.1328125 0.12968750298023224
0 0.655468761920929 0.16041667759418488 0.20468750596046448 0.17812500894069672
0 0.48828125 0.1093750074505806 0.17656250298023224 0.16093750298023224
0 0.5875000357627869 0.6760417222976685 0.171875 0.16718749701976776
1 0.5062500238418579 0.4052083492279053 0.35625001788139343 0.3203125
0 0.7164062857627869 0.7354167103767395 0.18906250596046448 0.19687500596046448
0 0.32500001788139343 0.6312500238418579 0.20937500894069672 0.19687500596046448
0 0.09453125298023224 0.48645836114883423 0.18593750894069672 0.13906250894069672
0 0.06796874850988388 0.8885416984558105 0.1328125 0.16718749701976776
0 0.2906250059604645 0.14479167759418488 0.19062499701976776 0.17031250894069672
0 0.2593750059604645 0.36770835518836975 0.19062499701976776 0.17031250894069672
0 0.518750011920929 0.9093750715255737 0.17499999701976776 0.1328125
0 0.9085937738418579 0.11145833879709244 0.1328125 0.12968750298023224
0 0.655468761920929 0.16041667759418488 0.20468750596046448 0.17812500894069672
0 0.48828125 0.1093750074505806 0.17656250298023224 0.16093750298023224
0 0.5875000357627869 0.6760417222976685 0.171875 0.16718749701976776
1 0.5062500238418579 0.4052083492279053 0.35625001788139343 0.3203125
0 0.7164062857627869 0.7354167103767395 0.18906250596046448 0.19687500596046448
0 0.32500001788139343 0.6312500238418579 0.20937500894069672 0.19687500596046448
0 0.09453125298023224 0.48645836114883423 0.18593750894069672 0.13906250894069672
0 0.06796874850988388 0.8885416984558105 0.1328125 0.16718749701976776
0 0.2906250059604645 0.14479167759418488 0.19062499701976776 0.17031250894069672
0 0.2593750059604645 0.36770835518836975 0.19062499701976776 0.17031250894069672
0 0.518750011920929 0.9093750715255737 0.17499999701976776 0.1328125
0 0.9085937738418579 0.11145833879709244 0.1328125 0.12968750298023224
0 0.655468761920929 0.16041667759418488 0.20468750596046448 0.17812500894069672
0 0.48828125 0.1093750074505806 0.17656250298023224 0.16093750298023224
0 0.5875000357627869 0.6760417222976685 0.171875 0.16718749701976776
1 0.5062500238418579 0.4052083492279053 0.35625001788139343 0.3203125
0 0.7164062857627869 0.7354167103767395 0.18906250596046448 0.19687500596046448
0 0.32500001788139343 0.6312500238418579 0.20937500894069672 0.19687500596046448
0 0.09453125298023224 0.48645836114883423 0.18593750894069672 0.13906250894069672
0 0.06796874850988388 0.8885416984558105 0.1328125 0.16718749701976776
0 0.2906250059604645 0.14479167759418488 0.19062499701976776 0.17031250894069672
0 0.2593750059604645 0.36770835518836975 0.19062499701976776 0.17031250894069672
0 0.518750011920929 0.9093750715255737 0.17499999701976776 0.1328125
0 0.9085937738418579 0.11145833879709244 0.1328125 0.12968750298023224
0 0.655468761920929 0.16041667759418488 0.20468750596046448 0.17812500894069672
0 0.48828125 0.1093750074505806 0.17656250298023224 0.16093750298023224
0 0.5875000357627869 0.6760417222976685 0.171875 0.16718749701976776
1 0.5062500238418579 0.4052083492279053 0.35625001788139343 0.3203125
