0 0.49140625732252374 0.7770833738613874 0.17343750258442014 0.1750000026077032
0 0.2570312538300641 0.830208376632072 0.21718750323634595 0.17343750258442014
0 0.49375000735744834 0.2156250112457201 0.17812500265426934 0.14531250216532499
0 0.9367187639581971 0.09166667144745588 0.1265625018859282 0.13437500200234354
0 0.7609375113388523 0.12083333963528275 0.16875000251457095 0.17812500265426934
0 0.9320312638883479 0.38020835316274315 0.1359375020256266 0.2109375031432137
0 0.76484376139706 0.7010417032288387 0.1359375020256266 0.2109375031432137
0 0.6804687601397745 0.4010416875826195 0.1359375020256266 0.2109375031432137
0 0.09375000139698386 0.2833333481103182 0.1843750027474016 0.20000000298023224
0 0.9132812636089511 0.6958333696238697 0.17343750258442014 0.1750000026077032
1 0.2718750040512532 0.1614583417540416 0.21250000316649675 0.20468750305008143
1 0.5296875078929588 0.3333333507180214 0.07187500107102096 0.06250000093132257
1 0.5890625087777153 0.4895833588670939 0.07187500107102096 0.06250000093132257
0 0.19609375292202458 0.5770833634305745 0.17343750258442014 0.1750000026077032
0 0.49140625732252374 0.7770833738613874 0.17343750258442014 0.1750000026077032
0 0.2570312538300641 0.830208376632072 0.21718750323634595 0.17343750258442014
0 0.49375000735744834 0.2156250112457201 0.17812500265426934 0.14531250216532499
0 0.9367187639581971 0.09166667144745588 0.1265625018859282 0.13437500200234354
0 0.7609375113388523 0.12083333963528275 0.16875000251457095 0.17812500265426934
0 0.9320312638883479 0.38020835316274315 0.1359375020256266 0.2109375031432137
0 0.76484376139706 0.7010417032288387 0.1359375020256266 0.2109375031432137
0 0.6804687601397745 0.4010416875826195 0.1359375020256266 0.2109375031432137
0 0.09375000139698386 0.2833333481103182 0.1843750027474016 0.20000000298023224
0 0.9132812636089511 0.6958333696238697 0.17343750258442014 0.1750000026077032
1 0.2718750040512532 0.1614583417540416 0.21250000316649675 0.20468750305008143
1 0.5296875078929588 0.3333333507180214 0.07187500107102096 0.06250000093132257
1 0.5890625087777153 0.4895833588670939 0.07187500107102096 0.06250000093132257
0 0.19609375292202458 0.5770833634305745 0.17343750258442014 0.1750000026077032
0 0.49140625732252374 0.7770833738613874 0.17343750258442014 0.1750000026077032
0 0.2570312538300641 0.830208376632072 0.21718750323634595 0.17343750258442014
0 0.49375000735744834 0.2156250112457201 0.17812500265426934 0.14531250216532499
0 0.9367187639581971 0.09166667144745588 0.1265625018859282 0.13437500200234354
0 0.7609375113388523 0.12083333963528275 0.16875000251457095 0.17812500265426934
0 0.9320312638883479 0.38020835316274315 0.1359375020256266 0.2109375031432137
0 0.76484376139706 0.7010417032288387 0.1359375020256266 0.2109375031432137
0 0.6804687601397745 0.4010416875826195 0.1359375020256266 0.2109375031432137
0 0.09375000139698386 0.2833333481103182 0.1843750027474016 0.20000000298023224
0 0.9132812636089511 0.6958333696238697 0.17343750258442014 0.1750000026077032
1 0.2718750040512532 0.1614583417540416 0.21250000316649675 0.20468750305008143
1 0.5296875078929588 0.3333333507180214 0.07187500107102096 0.06250000093132257
1 0.5890625087777153 0.4895833588670939 0.07187500107102096 0.06250000093132257
0 0.19609375292202458 0.5770833634305745 0.17343750258442014 0.1750000026077032
0 0.49140625732252374 0.7770833738613874 0.17343750258442014 0.1750000026077032
0 0.2570312538300641 0.830208376632072 0.21718750323634595 0.17343750258442014
0 0.49375000735744834 0.2156250112457201 0.17812500265426934 0.14531250216532499
0 0.9367187639581971 0.09166667144745588 0.1265625018859282 0.13437500200234354
0 0.7609375113388523 0.12083333963528275 0.16875000251457095 0.17812500265426934
0 0.9320312638883479 0.38020835316274315 0.1359375020256266 0.2109375031432137
0 0.76484376139706 0.7010417032288387 0.1359375020256266 0.2109375031432137
0 0.6804687601397745 0.4010416875826195 0.1359375020256266 0.2109375031432137
0 0.09375000139698386 0.2833333481103182 0.1843750027474016 0.20000000298023224
0 0.9132812636089511 0.6958333696238697 0.17343750258442014 0.1750000026077032
1 0.2718750040512532 0.1614583417540416 0.21250000316649675 0.20468750305008143
1 0.5296875078929588 0.3333333507180214 0.07187500107102096 0.06250000093132257
1 0.5890625087777153 0.4895833588670939 0.07187500107102096 0.06250000093132257
0 0.19609375292202458 0.5770833634305745 0.17343750258442014 0.1750000026077032
0 0.49140625732252374 0.7770833738613874 0.17343750258442014 0.1750000026077032
0 0.2570312538300641 0.830208376632072 0.21718750323634595 0.17343750258442014
0 0.49375000735744834 0.2156250112457201 0.17812500265426934 0.14531250216532499
0 0.9367187639581971 0.09166667144745588 0.1265625018859282 0.13437500200234354
0 0.7609375113388523 0.12083333963528275 0.16875000251457095 0.17812500265426934
0 0.9320312638883479 0.38020835316274315 0.1359375020256266 0.2109375031432137
0 0.76484376139706 0.7010417032288387 0.1359375020256266 0.2109375031432137
0 0.6804687601397745 0.4010416875826195 0.1359375020256266 0.2109375031432137
0 0.09375000139698386 0.2833333481103182 0.1843750027474016 0.20000000298023224
0 0.9132812636089511 0.6958333696238697 0.17343750258442014 0.1750000026077032
1 0.2718750040512532 0.1614583417540416 0.21250000316649675 0.20468750305008143
1 0.5296875078929588 0.3333333507180214 0.07187500107102096 0.06250000093132257
1 0.5890625087777153 0.4895833588670939 0.07187500107102096 0.06250000093132257
0 0.19609375292202458 0.5770833634305745 0.17343750258442014 0.1750000026077032
0 0.49140625732252374 0.7770833738613874 0.17343750258442014 0.1750000026077032
0 0.2570312538300641 0.830208376632072 0.21718750323634595 0.17343750258442014
0 0.49375000735744834 0.2156250112457201 0.17812500265426934 0.14531250216532499
0 0.9367187639581971 0.09166667144745588 0.1265625018859282 0.13437500200234354
0 0.7609375113388523 0.12083333963528275 0.16875000251457095 0.17812500265426934
0 0.9320312638883479 0.38020835316274315 0.1359375020256266 0.2109375031432137
0 0.76484376139706 0.7010417032288387 0.1359375020256266 0.2109375031432137
0 0.6804687601397745 0.4010416875826195 0.1359375020256266 0.2109375031432137
0 0.09375000139698386 0.2833333481103182 0.1843750027474016 0.20000000298023224
0 0.9132812636089511 0.6958333696238697 0.17343750258442014 0.1750000026077032
1 0.2718750040512532 0.1614583417540416 0.21250000316649675 0.20468750305008143
1 0.5296875078929588 0.3333333507180214 0.07187500107102096 0.06250000093132257
1 0.5890625087777153 0.4895833588670939 0.07187500107102096 0.06250000093132257
0 0.19609375292202458 0.5770833634305745 0.17343750258442014 0.1750000026077032
0 0.49140625732252374 0.7770833738613874 0.17343750258442014 0.1750000026077032
0 0.2570312538300641 0.830208376632072 0.21718750323634595 0.17343750258442014
0 0.49375000735744834 0.2156250112457201 0.17812500265426934 0.14531250216532499
0 0.9367187639581971 0.09166667144745588 0.1265625018859282 0.13437500200234354
0 0.7609375113388523 0.12083333963528275 0.16875000251457095 0.17812500265426934
0 0.9320312638883479 0.38020835316274315 0.1359375020256266 0.2109375031432137
0 0.76484376139706 0.7010417032288387 0.1359375020256266 0.2109375031432137
0 0.6804687601397745 0.4010416875826195 0.1359375020256266 0.2109375031432137
0 0.09375000139698386 0.2833333481103182 0.1843750027474016 0.20000000298023224
0 0.9132812636089511 0.6958333696238697 0.17343750258442014 0.1750000026077032
1 0.2718750040512532 0.1614583417540416 0.21250000316649675 0.20468750305008143
1 0.5296875078929588 0.3333333507180214 0.07187500107102096 0.06250000093132257
1 0.5890625087777153 0.4895833588670939 0.07187500107102096 0.06250000093132257
0 0.19609375292202458 0.5770833634305745 0.17343750258442014 0.1750000026077032
0 0.49140625732252374 0.7770833738613874 0.17343750258442014 0.1750000026077032
0 0.2570312538300641 0.830208376632072 0.21718750323634595 0.17343750258442014
0 0.49375000735744834 0.2156250112457201 0.17812500265426934 0.14531250216532499
0 0.9367187639581971 0.09166667144745588 0.1265625018859282 0.13437500200234354
0 0.7609375113388523 0.12083333963528275 0.16875000251457095 0.17812500265426934
0 0.9320312638883479 0.38020835316274315 0.1359375020256266 0.2109375031432137
0 0.76484376139706 0.7010417032288387 0.1359375020256266 0.2109375031432137
0 0.6804687601397745 0.4010416875826195 0.1359375020256266 0.2109375031432137
0 0.09375000139698386 0.2833333481103182 0.1843750027474016 0.20000000298023224
0 0.9132812636089511 0.6958333696238697 0.17343750258442014 0.1750000026077032
1 0.2718750040512532 0.1614583417540416 0.21250000316649675 0.20468750305008143
1 0.5296875078929588 0.3333333507180214 0.07187500107102096 0.06250000093132257
1 0.5890625087777153 0.4895833588670939 0.07187500107102096 0.06250000093132257
0 0.19609375292202458 0.5770833634305745 0.17343750258442014 0.1750000026077032
0 0.49140625732252374 0.7770833738613874 0.17343750258442014 0.1750000026077032
0 0.2570312538300641 0.830208376632072 0.21718750323634595 0.17343750258442014
0 0.49375000735744834 0.2156250112457201 0.17812500265426934 0.14531250216532499
0 0.9367187639581971 0.09166667144745588 0.1265625018859282 0.13437500200234354
0 0.7609375113388523 0.12083333963528275 0.16875000251457095 0.17812500265426934
0 0.9320312638883479 0.38020835316274315 0.1359375020256266 0.2109375031432137
0 0.76484376139706 0.7010417032288387 0.1359375020256266 0.2109375031432137
0 0.6804687601397745 0.4010416875826195 0.1359375020256266 0.2109375031432137
0 0.09375000139698386 0.2833333481103182 0.1843750027474016 0.20000000298023224
0 0.9132812636089511 0.6958333696238697 0.17343750258442014 0.1750000026077032
1 0.2718750040512532 0.1614583417540416 0.21250000316649675 0.20468750305008143
1 0.5296875078929588 0.3333333507180214 0.07187500107102096 0.06250000093132257
1 0.5890625087777153 0.4895833588670939 0.07187500107102096 0.06250000093132257
0 0.19609375292202458 0.5770833634305745 0.17343750258442014 0.1750000026077032
0 0.49140625732252374 0.7770833738613874 0.17343750258442014 0.1750000026077032
0 0.2570312538300641 0.830208376632072 0.21718750323634595 0.17343750258442014
0 0.49375000735744834 0.2156250112457201 0.17812500265426934 0.14531250216532499
0 0.9367187639581971 0.09166667144745588 0.1265625018859282 0.13437500200234354
0 0.7609375113388523 0.12083333963528275 0.16875000251457095 0.17812500265426934
0 0.9320312638883479 0.38020835316274315 0.1359375020256266 0.2109375031432137
0 0.76484376139706 0.7010417032288387 0.1359375020256266 0.2109375031432137
0 0.6804687601397745 0.4010416875826195 0.1359375020256266 0.2109375031432137
0 0.09375000139698386 0.2833333481103182 0.1843750027474016 0.20000000298023224
0 0.9132812636089511 0.6958333696238697 0.17343750258442014 0.1750000026077032
1 0.2718750040512532 0.1614583417540416 0.21250000316649675 0.20468750305008143
1 0.5296875078929588 0.3333333507180214 0.07187500107102096 0.06250000093132257
1 0.5890625087777153 0.4895833588670939 0.07187500107102096 0.06250000093132257
0 0.19609375292202458 0.5770833634305745 0.17343750258442014 0.1750000026077032
0 0.49140625732252374 0.7770833738613874 0.17343750258442014 0.1750000026077032
0 0.2570312538300641 0.830208376632072 0.21718750323634595 0.17343750258442014
0 0.49375000735744834 0.2156250112457201 0.17812500265426934 0.14531250216532499
0 0.9367187639581971 0.09166667144745588 0.1265625018859282 0.13437500200234354
0 0.7609375113388523 0.12083333963528275 0.16875000251457095 0.17812500265426934
0 0.9320312638883479 0.38020835316274315 0.1359375020256266 0.2109375031432137
0 0.76484376139706 0.7010417032288387 0.1359375020256266 0.2109375031432137
0 0.6804687601397745 0.4010416875826195 0.1359375020256266 0.2109375031432137
0 0.09375000139698386 0.2833333481103182 0.1843750027474016 0.20000000298023224
0 0.9132812636089511 0.6958333696238697 0.17343750258442014 0.1750000026077032
1 0.2718750040512532 0.1614583417540416 0.21250000316649675 0.20468750305008143
1 0.5296875078929588 0.3333333507180214 0.07187500107102096 0.06250000093132257
1 0.5890625087777153 0.4895833588670939 0.07187500107102096 0.06250000093132257
0 0.19609375292202458 0.5770833634305745 0.17343750258442014 0.1750000026077032
0 0.49140625732252374 0.7770833738613874 0.17343750258442014 0.1750000026077032
0 0.2570312538300641 0.830208376632072 0.21718750323634595 0.17343750258442014
0 0.49375000735744834 0.2156250112457201 0.17812500265426934 0.14531250216532499
0 0.9367187639581971 0.09166667144745588 0.1265625018859282 0.13437500200234354
0 0.7609375113388523 0.12083333963528275 0.16875000251457095 0.17812500265426934
0 0.9320312638883479 0.38020835316274315 0.1359375020256266 0.2109375031432137
0 0.76484376139706 0.7010417032288387 0.1359375020256266 0.2109375031432137
0 0.6804687601397745 0.4010416875826195 0.1359375020256266 0.2109375031432137
0 0.09375000139698386 0.2833333481103182 0.1843750027474016 0.20000000298023224
0 0.9132812636089511 0.6958333696238697 0.17343750258442014 0.1750000026077032
1 0.2718750040512532 0.1614583417540416 0.21250000316649675 0.20468750305008143
1 0.5296875078929588 0.3333333507180214 0.07187500107102096 0.06250000093132257
1 0.5890625087777153 0.4895833588670939 0.07187500107102096 0.06250000093132257
0 0.19609375292202458 0.5770833634305745 0.17343750258442014 0.1750000026077032
0 0.49140625732252374 0.7770833738613874 0.17343750258442014 0.1750000026077032
0 0.2570312538300641 0.830208376632072 0.21718750323634595 0.17343750258442014
0 0.49375000735744834 0.2156250112457201 0.17812500265426934 0.14531250216532499
0 0.9367187639581971 0.09166667144745588 0.1265625018859282 0.13437500200234354
0 0.7609375113388523 0.12083333963528275 0.16875000251457095 0.17812500265426934
0 0.9320312638883479 0.38020835316274315 0.1359375020256266 0.2109375031432137
0 0.76484376139706 0.7010417032288387 0.1359375020256266 0.2109375031432137
0 0.6804687601397745 0.4010416875826195 0.1359375020256266 0.2109375031432137
0 0.09375000139698386 0.2833333481103182 0.1843750027474016 0.20000000298023224
0 0.9132812636089511 0.6958333696238697 0.17343750258442014 0.1750000026077032
1 0.2718750040512532 0.1614583417540416 0.21250000316649675 0.20468750305008143
1 0.5296875078929588 0.3333333507180214 0.07187500107102096 0.06250000093132257
1 0.5890625087777153 0.4895833588670939 0.07187500107102096 0.06250000093132257
0 0.19609375292202458 0.5770833634305745 0.17343750258442014 0.1750000026077032
0 0.49140625732252374 0.7770833738613874 0.17343750258442014 0.1750000026077032
0 0.2570312538300641 0.830208376632072 0.21718750323634595 0.17343750258442014
0 0.49375000735744834 0.2156250112457201 0.17812500265426934 0.14531250216532499
0 0.9367187639581971 0.09166667144745588 0.1265625018859282 0.13437500200234354
0 0.7609375113388523 0.12083333963528275 0.16875000251457095 0.17812500265426934
0 0.9320312638883479 0.38020835316274315 0.1359375020256266 0.2109375031432137
0 0.76484376139706 0.7010417032288387 0.1359375020256266 0.2109375031432137
0 0.6804687601397745 0.4010416875826195 0.1359375020256266 0.2109375031432137
0 0.09375000139698386 0.2833333481103182 0.1843750027474016 0.20000000298023224
0 0.9132812636089511 0.6958333696238697 0.17343750258442014 0.1750000026077032
1 0.2718750040512532 0.1614583417540416 0.21250000316649675 0.20468750305008143
2 0.5296875078929588 0.3333333507180214 0.07187500107102096 0.06250000093132257
2 0.5890625087777153 0.4895833588670939 0.07187500107102096 0.06250000093132257
0 0.19609375292202458 0.5770833634305745 0.17343750258442014 0.1750000026077032
0 0.49140625732252374 0.7770833738613874 0.17343750258442014 0.1750000026077032
0 0.2570312538300641 0.830208376632072 0.21718750323634595 0.17343750258442014
0 0.49375000735744834 0.2156250112457201 0.17812500265426934 0.14531250216532499
0 0.9367187639581971 0.09166667144745588 0.1265625018859282 0.13437500200234354
0 0.7609375113388523 0.12083333963528275 0.16875000251457095 0.17812500265426934
0 0.9320312638883479 0.38020835316274315 0.1359375020256266 0.2109375031432137
0 0.76484376139706 0.7010417032288387 0.1359375020256266 0.2109375031432137
0 0.6804687601397745 0.4010416875826195 0.1359375020256266 0.2109375031432137
0 0.09375000139698386 0.2833333481103182 0.1843750027474016 0.20000000298023224
0 0.9132812636089511 0.6958333696238697 0.17343750258442014 0.1750000026077032
1 0.2718750040512532 0.1614583417540416 0.21250000316649675 0.20468750305008143
2 0.5296875078929588 0.3333333507180214 0.07187500107102096 0.06250000093132257
2 0.5890625087777153 0.4895833588670939 0.07187500107102096 0.06250000093132257
0 0.19609375292202458 0.5770833634305745 0.17343750258442014 0.1750000026077032
0 0.49140626192092896 0.7770833969116211 0.17343750596046448 0.17499999701976776
0 0.25703126192092896 0.8302083611488342 0.21718750894069672 0.17343750596046448
0 0.4937500059604645 0.21562501788139343 0.17812500894069672 0.14531250298023224
0 0.936718761920929 0.09166666865348816 0.12656250596046448 0.13437500596046448
0 0.760937511920929 0.12083333730697632 0.16875000298023224 0.17812500894069672
0 0.9320312738418579 0.3802083432674408 0.13593749701976776 0.2109375
0 0.764843761920929 0.7010416984558105 0.13593749701976776 0.2109375
0 0.680468738079071 0.4010416865348816 0.13593749701976776 0.2109375
0 0.09375 0.28333336114883423 0.18437500298023224 0.20000000298023224
0 0.913281261920929 0.6958333849906921 0.17343750596046448 0.17499999701976776
1 0.2718749940395355 0.1614583432674408 0.21250000596046448 0.20468750596046448
2 0.5296875238418579 0.3333333432674408 0.07187499850988388 0.0625
2 0.589062511920929 0.4895833730697632 0.07187499850988388 0.0625
0 0.19609375298023224 0.5770833492279053 0.17343750596046448 0.17499999701976776
0 0.49140626192092896 0.7770833969116211 0.17343750596046448 0.17499999701976776
0 0.25703126192092896 0.8302083611488342 0.21718750894069672 0.17343750596046448
0 0.4937500059604645 0.21562501788139343 0.17812500894069672 0.14531250298023224
0 0.936718761920929 0.09166666865348816 0.12656250596046448 0.13437500596046448
0 0.760937511920929 0.12083333730697632 0.16875000298023224 0.17812500894069672
0 0.9320312738418579 0.3802083432674408 0.13593749701976776 0.2109375
0 0.764843761920929 0.7010416984558105 0.13593749701976776 0.2109375
0 0.680468738079071 0.4010416865348816 0.13593749701976776 0.2109375
0 0.09375 0.28333336114883423 0.18437500298023224 0.20000000298023224
0 0.913281261920929 0.6958333849906921 0.17343750596046448 0.17499999701976776
1 0.2718749940395355 0.1614583432674408 0.21250000596046448 0.20468750596046448
2 0.5296875238418579 0.3333333432674408 0.07187499850988388 0.0625
2 0.589062511920929 0.4895833730697632 0.07187499850988388 0.0625
0 0.19609375298023224 0.5770833492279053 0.17343750596046448 0.17499999701976776
0 0.49140626192092896 0.7770833969116211 0.17343750596046448 0.17499999701976776
0 0.25703126192092896 0.8302083611488342 0.21718750894069672 0.17343750596046448
0 0.4937500059604645 0.21562501788139343 0.17812500894069672 0.14531250298023224
0 0.936718761920929 0.09166666865348816 0.12656250596046448 0.13437500596046448
0 0.760937511920929 0.12083333730697632 0.16875000298023224 0.17812500894069672
0 0.9320312738418579 0.3802083432674408 0.13593749701976776 0.2109375
0 0.764843761920929 0.7010416984558105 0.13593749701976776 0.2109375
0 0.680468738079071 0.4010416865348816 0.13593749701976776 0.2109375
0 0.09375 0.28333336114883423 0.18437500298023224 0.20000000298023224
0 0.913281261920929 0.6958333849906921 0.17343750596046448 0.17499999701976776
1 0.2718749940395355 0.1614583432674408 0.21250000596046448 0.20468750596046448
2 0.5296875238418579 0.3333333432674408 0.07187499850988388 0.0625
2 0.589062511920929 0.4895833730697632 0.07187499850988388 0.0625
0 0.19609375298023224 0.5770833492279053 0.17343750596046448 0.17499999701976776
0 0.49140626192092896 0.7770833969116211 0.17343750596046448 0.17499999701976776
0 0.25703126192092896 0.8302083611488342 0.21718750894069672 0.17343750596046448
0 0.4937500059604645 0.21562501788139343 0.17812500894069672 0.14531250298023224
0 0.936718761920929 0.09166666865348816 0.12656250596046448 0.13437500596046448
0 0.760937511920929 0.12083333730697632 0.16875000298023224 0.17812500894069672
0 0.9320312738418579 0.3802083432674408 0.13593749701976776 0.2109375
0 0.764843761920929 0.7010416984558105 0.13593749701976776 0.2109375
0 0.680468738079071 0.4010416865348816 0.13593749701976776 0.2109375
0 0.09375 0.28333336114883423 0.18437500298023224 0.20000000298023224
0 0.913281261920929 0.6958333849906921 0.17343750596046448 0.17499999701976776
1 0.2718749940395355 0.1614583432674408 0.21250000596046448 0.20468750596046448
2 0.5296875238418579 0.3333333432674408 0.07187499850988388 0.0625
2 0.589062511920929 0.4895833730697632 0.07187499850988388 0.0625
0 0.19609375298023224 0.5770833492279053 0.17343750596046448 0.17499999701976776
0 0.49140626192092896 0.7770833969116211 0.17343750596046448 0.17499999701976776
0 0.25703126192092896 0.8302083611488342 0.21718750894069672 0.17343750596046448
0 0.4937500059604645 0.21562501788139343 0.17812500894069672 0.14531250298023224
0 0.936718761920929 0.09166666865348816 0.12656250596046448 0.13437500596046448
0 0.760937511920929 0.12083333730697632 0.16875000298023224 0.17812500894069672
0 0.9320312738418579 0.3802083432674408 0.13593749701976776 0.2109375
0 0.764843761920929 0.7010416984558105 0.13593749701976776 0.2109375
0 0.680468738079071 0.4010416865348816 0.13593749701976776 0.2109375
0 0.09375 0.28333336114883423 0.18437500298023224 0.20000000298023224
0 0.913281261920929 0.6958333849906921 0.17343750596046448 0.17499999701976776
1 0.2718749940395355 0.1614583432674408 0.21250000596046448 0.20468750596046448
2 0.5296875238418579 0.3333333432674408 0.07187499850988388 0.0625
2 0.589062511920929 0.4895833730697632 0.07187499850988388 0.0625
0 0.19609375298023224 0.5770833492279053 0.17343750596046448 0.17499999701976776
0 0.49140626192092896 0.7770833969116211 0.17343750596046448 0.17499999701976776
0 0.25703126192092896 0.8302083611488342 0.21718750894069672 0.17343750596046448
0 0.4937500059604645 0.21562501788139343 0.17812500894069672 0.14531250298023224
0 0.936718761920929 0.09166666865348816 0.12656250596046448 0.13437500596046448
0 0.760937511920929 0.12083333730697632 0.16875000298023224 0.17812500894069672
0 0.9320312738418579 0.3802083432674408 0.13593749701976776 0.2109375
0 0.764843761920929 0.7010416984558105 0.13593749701976776 0.2109375
0 0.680468738079071 0.4010416865348816 0.13593749701976776 0.2109375
0 0.09375 0.28333336114883423 0.18437500298023224 0.20000000298023224
0 0.913281261920929 0.6958333849906921 0.17343750596046448 0.17499999701976776
1 0.2718749940395355 0.1614583432674408 0.21250000596046448 0.20468750596046448
2 0.5296875238418579 0.3333333432674408 0.07187499850988388 0.0625
2 0.589062511920929 0.4895833730697632 0.07187499850988388 0.0625
0 0.19609375298023224 0.5770833492279053 0.17343750596046448 0.17499999701976776
0 0.49140626192092896 0.7770833969116211 0.17343750596046448 0.17499999701976776
0 0.25703126192092896 0.8302083611488342 0.21718750894069672 0.17343750596046448
0 0.4937500059604645 0.21562501788139343 0.17812500894069672 0.14531250298023224
0 0.936718761920929 0.09166666865348816 0.12656250596046448 0.13437500596046448
0 0.760937511920929 0.12083333730697632 0.16875000298023224 0.17812500894069672
0 0.9320312738418579 0.3802083432674408 0.13593749701976776 0.2109375
0 0.764843761920929 0.7010416984558105 0.13593749701976776 0.2109375
0 0.680468738079071 0.4010416865348816 0.13593749701976776 0.2109375
0 0.09375 0.28333336114883423 0.18437500298023224 0.20000000298023224
0 0.913281261920929 0.6958333849906921 0.17343750596046448 0.17499999701976776
1 0.2718749940395355 0.1614583432674408 0.21250000596046448 0.20468750596046448
2 0.5296875238418579 0.3333333432674408 0.07187499850988388 0.0625
2 0.589062511920929 0.4895833730697632 0.07187499850988388 0.0625
0 0.19609375298023224 0.5770833492279053 0.17343750596046448 0.17499999701976776
