0 0.10000000149011612 0.5281250275438651 0.1750000026077032 0.13906250207219273
0 0.29765625443542376 0.751041705836542 0.1671875024912879 0.1671875024912879
0 0.1531250022817403 0.7000000365078449 0.1312500019557774 0.218750003259629
0 0.6343750094529241 0.6437500335741788 0.1843750027474016 0.1625000024214387
0 0.48671875725267455 0.7697917068144307 0.17031250253785402 0.12968750193249434
0 0.45000000670552254 0.5093750265659764 0.13750000204890966 0.21406250318977982
0 0.5726562585332431 0.44895835674833506 0.1671875024912879 0.1671875024912879
0 0.8976562633761205 0.6447917002951726 0.18281250272411853 0.1671875024912879
0 0.9023437634459697 0.32395835022907704 0.18281250272411853 0.1671875024912879
0 0.47421875706641003 0.9239583815215155 0.18593750277068466 0.1140625016996637
0 0.30000000447034836 0.5208333604969084 0.19375000288709998 0.13437500200234354
0 0.17421875259606168 0.2531250132014975 0.19218750286381692 0.16406250244472176
0 0.704687510500662 0.534375027869828 0.13750000204890966 0.12968750193249434
0 0.8125000121071935 0.06979167030658573 0.13750000204890966 0.10156250151339918
0 0.6421875095693395 0.8687500453088433 0.15000000223517418 0.1968750029336661
1 0.7976562618860044 0.17083334224298596 0.07656250114087015 0.06250000093132257
1 0.4734375070547685 0.19479167682584375 0.34375000512227416 0.2890625043073669
0 0.10000000149011612 0.5281250275438651 0.1750000026077032 0.13906250207219273
0 0.29765625443542376 0.751041705836542 0.1671875024912879 0.1671875024912879
0 0.1531250022817403 0.7000000365078449 0.1312500019557774 0.218750003259629
0 0.6343750094529241 0.6437500335741788 0.1843750027474016 0.1625000024214387
0 0.48671875725267455 0.7697917068144307 0.17031250253785402 0.12968750193249434
0 0.45000000670552254 0.5093750265659764 0.13750000204890966 0.21406250318977982
0 0.5726562585332431 0.44895835674833506 0.1671875024912879 0.1671875024912879
0 0.8976562633761205 0.6447917002951726 0.18281250272411853 0.1671875024912879
0 0.9023437634459697 0.32395835022907704 0.18281250272411853 0.1671875024912879
0 0.47421875706641003 0.9239583815215155 0.18593750277068466 0.1140625016996637
0 0.30000000447034836 0.5208333604969084 0.19375000288709998 0.13437500200234354
0 0.17421875259606168 0.2531250132014975 0.19218750286381692 0.16406250244472176
0 0.704687510500662 0.534375027869828 0.13750000204890966 0.12968750193249434
0 0.8125000121071935 0.06979167030658573 0.13750000204890966 0.10156250151339918
0 0.6421875095693395 0.8687500453088433 0.15000000223517418 0.1968750029336661
1 0.7976562618860044 0.17083334224298596 0.07656250114087015 0.06250000093132257
1 0.4734375070547685 0.19479167682584375 0.34375000512227416 0.2890625043073669
0 0.10000000149011612 0.5281250275438651 0.1750000026077032 0.13906250207219273
0 0.29765625443542376 0.751041705836542 0.1671875024912879 0.1671875024912879
0 0.1531250022817403 0.7000000365078449 0.1312500019557774 0.218750003259629
0 0.6343750094529241 0.6437500335741788 0.1843750027474016 0.1625000024214387
0 0.48671875725267455 0.7697917068144307 0.17031250253785402 0.12968750193249434
0 0.45000000670552254 0.5093750265659764 0.13750000204890966 0.21406250318977982
0 0.5726562585332431 0.44895835674833506 0.1671875024912879 0.1671875024912879
0 0.8976562633761205 0.6447917002951726 0.18281250272411853 0.1671875024912879
0 0.9023437634459697 0.32395835022907704 0.18281250272411853 0.1671875024912879
0 0.47421875706641003 0.9239583815215155 0.18593750277068466 0.1140625016996637
0 0.30000000447034836 0.5208333604969084 0.19375000288709998 0.13437500200234354
0 0.17421875259606168 0.2531250132014975 0.19218750286381692 0.16406250244472176
0 0.704687510500662 0.534375027869828 0.13750000204890966 0.12968750193249434
0 0.8125000121071935 0.06979167030658573 0.13750000204890966 0.10156250151339918
0 0.6421875095693395 0.8687500453088433 0.15000000223517418 0.1968750029336661
1 0.7976562618860044 0.17083334224298596 0.07656250114087015 0.06250000093132257
1 0.4734375070547685 0.19479167682584375 0.34375000512227416 0.2890625043073669
0 0.10000000149011612 0.5281250275438651 0.1750000026077032 0.13906250207219273
0 0.29765625443542376 0.751041705836542 0.1671875024912879 0.1671875024912879
0 0.1531250022817403 0.7000000365078449 0.1312500019557774 0.218750003259629
0 0.6343750094529241 0.6437500335741788 0.1843750027474016 0.1625000024214387
0 0.48671875725267455 0.7697917068144307 0.17031250253785402 0.12968750193249434
0 0.45000000670552254 0.5093750265659764 0.13750000204890966 0.21406250318977982
0 0.5726562585332431 0.44895835674833506 0.1671875024912879 0.1671875024912879
0 0.8976562633761205 0.6447917002951726 0.18281250272411853 0.1671875024912879
0 0.9023437634459697 0.32395835022907704 0.18281250272411853 0.1671875024912879
0 0.47421875706641003 0.9239583815215155 0.18593750277068466 0.1140625016996637
0 0.30000000447034836 0.5208333604969084 0.19375000288709998 0.13437500200234354
0 0.17421875259606168 0.2531250132014975 0.19218750286381692 0.16406250244472176
0 0.704687510500662 0.534375027869828 0.13750000204890966 0.12968750193249434
0 0.8125000121071935 0.06979167030658573 0.13750000204890966 0.10156250151339918
0 0.6421875095693395 0.8687500453088433 0.15000000223517418 0.1968750029336661
1 0.7976562618860044 0.17083334224298596 0.07656250114087015 0.06250000093132257
1 0.4734375070547685 0.19479167682584375 0.34375000512227416 0.2890625043073669
0 0.10000000149011612 0.5281250275438651 0.1750000026077032 0.13906250207219273
0 0.29765625443542376 0.751041705836542 0.1671875024912879 0.1671875024912879
0 0.1531250022817403 0.7000000365078449 0.1312500019557774 0.218750003259629
0 0.6343750094529241 0.6437500335741788 0.1843750027474016 0.1625000024214387
0 0.48671875725267455 0.7697917068144307 0.17031250253785402 0.12968750193249434
0 0.45000000670552254 0.5093750265659764 0.13750000204890966 0.21406250318977982
0 0.5726562585332431 0.44895835674833506 0.1671875024912879 0.1671875024912879
0 0.8976562633761205 0.6447917002951726 0.18281250272411853 0.1671875024912879
0 0.9023437634459697 0.32395835022907704 0.18281250272411853 0.1671875024912879
0 0.47421875706641003 0.9239583815215155 0.18593750277068466 0.1140625016996637
0 0.30000000447034836 0.5208333604969084 0.19375000288709998 0.13437500200234354
0 0.17421875259606168 0.2531250132014975 0.19218750286381692 0.16406250244472176
0 0.704687510500662 0.534375027869828 0.13750000204890966 0.12968750193249434
0 0.8125000121071935 0.06979167030658573 0.13750000204890966 0.10156250151339918
0 0.6421875095693395 0.8687500453088433 0.15000000223517418 0.1968750029336661
1 0.7976562618860044 0.17083334224298596 0.07656250114087015 0.06250000093132257
1 0.4734375070547685 0.19479167682584375 0.34375000512227416 0.2890625043073669
0 0.10000000149011612 0.5281250275438651 0.1750000026077032 0.13906250207219273
0 0.29765625443542376 0.751041705836542 0.1671875024912879 0.1671875024912879
0 0.1531250022817403 0.7000000365078449 0.1312500019557774 0.218750003259629
0 0.6343750094529241 0.6437500335741788 0.1843750027474016 0.1625000024214387
0 0.48671875725267455 0.7697917068144307 0.17031250253785402 0.12968750193249434
0 0.45000000670552254 0.5093750265659764 0.13750000204890966 0.21406250318977982
0 0.5726562585332431 0.44895835674833506 0.1671875024912879 0.1671875024912879
0 0.8976562633761205 0.6447917002951726 0.18281250272411853 0.1671875024912879
0 0.9023437634459697 0.32395835022907704 0.18281250272411853 0.1671875024912879
0 0.47421875706641003 0.9239583815215155 0.18593750277068466 0.1140625016996637
0 0.30000000447034836 0.5208333604969084 0.19375000288709998 0.13437500200234354
0 0.17421875259606168 0.2531250132014975 0.19218750286381692 0.16406250244472176
0 0.704687510500662 0.534375027869828 0.13750000204890966 0.12968750193249434
0 0.8125000121071935 0.06979167030658573 0.13750000204890966 0.10156250151339918
0 0.6421875095693395 0.8687500453088433 0.15000000223517418 0.1968750029336661
1 0.7976562618860044 0.17083334224298596 0.07656250114087015 0.06250000093132257
1 0.4734375070547685 0.19479167682584375 0.34375000512227416 0.2890625043073669
0 0.10000000149011612 0.5281250275438651 0.1750000026077032 0.13906250207219273
0 0.29765625443542376 0.751041705836542 0.1671875024912879 0.1671875024912879
0 0.1531250022817403 0.7000000365078449 0.1312500019557774 0.218750003259629
0 0.6343750094529241 0.6437500335741788 0.1843750027474016 0.1625000024214387
0 0.48671875725267455 0.7697917068144307 0.17031250253785402 0.12968750193249434
0 0.45000000670552254 0.5093750265659764 0.13750000204890966 0.21406250318977982
0 0.5726562585332431 0.44895835674833506 0.1671875024912879 0.1671875024912879
0 0.8976562633761205 0.6447917002951726 0.18281250272411853 0.1671875024912879
0 0.9023437634459697 0.32395835022907704 0.18281250272411853 0.1671875024912879
0 0.47421875706641003 0.9239583815215155 0.18593750277068466 0.1140625016996637
0 0.30000000447034836 0.5208333604969084 0.19375000288709998 0.13437500200234354
0 0.17421875259606168 0.2531250132014975 0.19218750286381692 0.16406250244472176
0 0.704687510500662 0.534375027869828 0.13750000204890966 0.12968750193249434
0 0.8125000121071935 0.06979167030658573 0.13750000204890966 0.10156250151339918
0 0.6421875095693395 0.8687500453088433 0.15000000223517418 0.1968750029336661
1 0.7976562618860044 0.17083334224298596 0.07656250114087015 0.06250000093132257
1 0.4734375070547685 0.19479167682584375 0.34375000512227416 0.2890625043073669
0 0.10000000149011612 0.5281250275438651 0.1750000026077032 0.13906250207219273
0 0.29765625443542376 0.751041705836542 0.1671875024912879 0.1671875024912879
0 0.1531250022817403 0.7000000365078449 0.1312500019557774 0.218750003259629
0 0.6343750094529241 0.6437500335741788 0.1843750027474016 0.1625000024214387
0 0.48671875725267455 0.7697917068144307 0.17031250253785402 0.12968750193249434
0 0.45000000670552254 0.5093750265659764 0.13750000204890966 0.21406250318977982
0 0.5726562585332431 0.44895835674833506 0.1671875024912879 0.1671875024912879
0 0.8976562633761205 0.6447917002951726 0.18281250272411853 0.1671875024912879
0 0.9023437634459697 0.32395835022907704 0.18281250272411853 0.1671875024912879
0 0.47421875706641003 0.9239583815215155 0.18593750277068466 0.1140625016996637
0 0.30000000447034836 0.5208333604969084 0.19375000288709998 0.13437500200234354
0 0.17421875259606168 0.2531250132014975 0.19218750286381692 0.16406250244472176
0 0.704687510500662 0.534375027869828 0.13750000204890966 0.12968750193249434
0 0.8125000121071935 0.06979167030658573 0.13750000204890966 0.10156250151339918
0 0.6421875095693395 0.8687500453088433 0.15000000223517418 0.1968750029336661
1 0.7976562618860044 0.17083334224298596 0.07656250114087015 0.06250000093132257
1 0.4734375070547685 0.19479167682584375 0.34375000512227416 0.2890625043073669
0 0.10000000149011612 0.5281250275438651 0.1750000026077032 0.13906250207219273
0 0.29765625443542376 0.751041705836542 0.1671875024912879 0.1671875024912879
0 0.1531250022817403 0.7000000365078449 0.1312500019557774 0.218750003259629
0 0.6343750094529241 0.6437500335741788 0.1843750027474016 0.1625000024214387
0 0.48671875725267455 0.7697917068144307 0.17031250253785402 0.12968750193249434
0 0.45000000670552254 0.5093750265659764 0.13750000204890966 0.21406250318977982
0 0.5726562585332431 0.44895835674833506 0.1671875024912879 0.1671875024912879
0 0.8976562633761205 0.6447917002951726 0.18281250272411853 0.1671875024912879
0 0.9023437634459697 0.32395835022907704 0.18281250272411853 0.1671875024912879
0 0.47421875706641003 0.9239583815215155 0.18593750277068466 0.1140625016996637
0 0.30000000447034836 0.5208333604969084 0.19375000288709998 0.13437500200234354
0 0.17421875259606168 0.2531250132014975 0.19218750286381692 0.16406250244472176
0 0.704687510500662 0.534375027869828 0.13750000204890966 0.12968750193249434
0 0.8125000121071935 0.06979167030658573 0.13750000204890966 0.10156250151339918
0 0.6421875095693395 0.8687500453088433 0.15000000223517418 0.1968750029336661
1 0.7976562618860044 0.17083334224298596 0.07656250114087015 0.06250000093132257
1 0.4734375070547685 0.19479167682584375 0.34375000512227416 0.2890625043073669
0 0.10000000149011612 0.5281250275438651 0.1750000026077032 0.13906250207219273
0 0.29765625443542376 0.751041705836542 0.1671875024912879 0.1671875024912879
0 0.1531250022817403 0.7000000365078449 0.1312500019557774 0.218750003259629
0 0.6343750094529241 0.6437500335741788 0.1843750027474016 0.1625000024214387
0 0.48671875725267455 0.7697917068144307 0.17031250253785402 0.12968750193249434
0 0.45000000670552254 0.5093750265659764 0.13750000204890966 0.21406250318977982
0 0.5726562585332431 0.44895835674833506 0.1671875024912879 0.1671875024912879
0 0.8976562633761205 0.6447917002951726 0.18281250272411853 0.1671875024912879
0 0.9023437634459697 0.32395835022907704 0.18281250272411853 0.1671875024912879
0 0.47421875706641003 0.9239583815215155 0.18593750277068466 0.1140625016996637
0 0.30000000447034836 0.5208333604969084 0.19375000288709998 0.13437500200234354
0 0.17421875259606168 0.2531250132014975 0.19218750286381692 0.16406250244472176
0 0.704687510500662 0.534375027869828 0.13750000204890966 0.12968750193249434
0 0.8125000121071935 0.06979167030658573 0.13750000204890966 0.10156250151339918
0 0.6421875095693395 0.8687500453088433 0.15000000223517418 0.1968750029336661
1 0.7976562618860044 0.17083334224298596 0.07656250114087015 0.06250000093132257
1 0.4734375070547685 0.19479167682584375 0.34375000512227416 0.2890625043073669
0 0.10000000149011612 0.5281250275438651 0.1750000026077032 0.13906250207219273
0 0.29765625443542376 0.751041705836542 0.1671875024912879 0.1671875024912879
0 0.1531250022817403 0.7000000365078449 0.1312500019557774 0.218750003259629
0 0.6343750094529241 0.6437500335741788 0.1843750027474016 0.1625000024214387
0 0.48671875725267455 0.7697917068144307 0.17031250253785402 0.12968750193249434
0 0.45000000670552254 0.5093750265659764 0.13750000204890966 0.21406250318977982
0 0.5726562585332431 0.44895835674833506 0.1671875024912879 0.1671875024912879
0 0.8976562633761205 0.6447917002951726 0.18281250272411853 0.1671875024912879
0 0.9023437634459697 0.32395835022907704 0.18281250272411853 0.1671875024912879
0 0.47421875706641003 0.9239583815215155 0.18593750277068466 0.1140625016996637
0 0.30000000447034836 0.5208333604969084 0.19375000288709998 0.13437500200234354
0 0.17421875259606168 0.2531250132014975 0.19218750286381692 0.16406250244472176
0 0.704687510500662 0.534375027869828 0.13750000204890966 0.12968750193249434
0 0.8125000121071935 0.06979167030658573 0.13750000204890966 0.10156250151339918
0 0.6421875095693395 0.8687500453088433 0.15000000223517418 0.1968750029336661
1 0.7976562618860044 0.17083334224298596 0.07656250114087015 0.06250000093132257
1 0.4734375070547685 0.19479167682584375 0.34375000512227416 0.2890625043073669
0 0.10000000149011612 0.5281250275438651 0.1750000026077032 0.13906250207219273
0 0.29765625443542376 0.751041705836542 0.1671875024912879 0.1671875024912879
0 0.1531250022817403 0.7000000365078449 0.1312500019557774 0.218750003259629
0 0.6343750094529241 0.6437500335741788 0.1843750027474016 0.1625000024214387
0 0.48671875725267455 0.7697917068144307 0.17031250253785402 0.12968750193249434
0 0.45000000670552254 0.5093750265659764 0.13750000204890966 0.21406250318977982
0 0.5726562585332431 0.44895835674833506 0.1671875024912879 0.1671875024912879
0 0.8976562633761205 0.6447917002951726 0.18281250272411853 0.1671875024912879
0 0.9023437634459697 0.32395835022907704 0.18281250272411853 0.1671875024912879
0 0.47421875706641003 0.9239583815215155 0.18593750277068466 0.1140625016996637
0 0.30000000447034836 0.5208333604969084 0.19375000288709998 0.13437500200234354
0 0.17421875259606168 0.2531250132014975 0.19218750286381692 0.16406250244472176
0 0.704687510500662 0.534375027869828 0.13750000204890966 0.12968750193249434
0 0.8125000121071935 0.06979167030658573 0.13750000204890966 0.10156250151339918
0 0.6421875095693395 0.8687500453088433 0.15000000223517418 0.1968750029336661
1 0.7976562618860044 0.17083334224298596 0.07656250114087015 0.06250000093132257
1 0.4734375070547685 0.19479167682584375 0.34375000512227416 0.2890625043073669
0 0.10000000149011612 0.5281250275438651 0.1750000026077032 0.13906250207219273
0 0.29765625443542376 0.751041705836542 0.1671875024912879 0.1671875024912879
0 0.1531250022817403 0.7000000365078449 0.1312500019557774 0.218750003259629
0 0.6343750094529241 0.6437500335741788 0.1843750027474016 0.1625000024214387
0 0.48671875725267455 0.7697917068144307 0.17031250253785402 0.12968750193249434
0 0.45000000670552254 0.5093750265659764 0.13750000204890966 0.21406250318977982
0 0.5726562585332431 0.44895835674833506 0.1671875024912879 0.1671875024912879
0 0.8976562633761205 0.6447917002951726 0.18281250272411853 0.1671875024912879
0 0.9023437634459697 0.32395835022907704 0.18281250272411853 0.1671875024912879
0 0.47421875706641003 0.9239583815215155 0.18593750277068466 0.1140625016996637
0 0.30000000447034836 0.5208333604969084 0.19375000288709998 0.13437500200234354
0 0.17421875259606168 0.2531250132014975 0.19218750286381692 0.16406250244472176
0 0.704687510500662 0.534375027869828 0.13750000204890966 0.12968750193249434
0 0.8125000121071935 0.06979167030658573 0.13750000204890966 0.10156250151339918
0 0.6421875095693395 0.8687500453088433 0.15000000223517418 0.1968750029336661
1 0.7976562618860044 0.17083334224298596 0.07656250114087015 0.06250000093132257
1 0.4734375070547685 0.19479167682584375 0.34375000512227416 0.2890625043073669
0 0.10000000149011612 0.5281250275438651 0.1750000026077032 0.13906250207219273
0 0.29765625443542376 0.751041705836542 0.1671875024912879 0.1671875024912879
0 0.1531250022817403 0.7000000365078449 0.1312500019557774 0.218750003259629
0 0.6343750094529241 0.6437500335741788 0.1843750027474016 0.1625000024214387
0 0.48671875725267455 0.7697917068144307 0.17031250253785402 0.12968750193249434
0 0.45000000670552254 0.5093750265659764 0.13750000204890966 0.21406250318977982
0 0.5726562585332431 0.44895835674833506 0.1671875024912879 0.1671875024912879
0 0.8976562633761205 0.6447917002951726 0.18281250272411853 0.1671875024912879
0 0.9023437634459697 0.32395835022907704 0.18281250272411853 0.1671875024912879
0 0.47421875706641003 0.9239583815215155 0.18593750277068466 0.1140625016996637
0 0.30000000447034836 0.5208333604969084 0.19375000288709998 0.13437500200234354
0 0.17421875259606168 0.2531250132014975 0.19218750286381692 0.16406250244472176
0 0.704687510500662 0.534375027869828 0.13750000204890966 0.12968750193249434
0 0.8125000121071935 0.06979167030658573 0.13750000204890966 0.10156250151339918
0 0.6421875095693395 0.8687500453088433 0.15000000223517418 0.1968750029336661
2 0.7976562618860044 0.17083334224298596 0.07656250114087015 0.06250000093132257
1 0.4734375070547685 0.19479167682584375 0.34375000512227416 0.2890625043073669
0 0.10000000149011612 0.5281250275438651 0.1750000026077032 0.13906250207219273
0 0.29765625443542376 0.751041705836542 0.1671875024912879 0.1671875024912879
0 0.1531250022817403 0.7000000365078449 0.1312500019557774 0.218750003259629
0 0.6343750094529241 0.6437500335741788 0.1843750027474016 0.1625000024214387
0 0.48671875725267455 0.7697917068144307 0.17031250253785402 0.12968750193249434
0 0.45000000670552254 0.5093750265659764 0.13750000204890966 0.21406250318977982
0 0.5726562585332431 0.44895835674833506 0.1671875024912879 0.1671875024912879
0 0.8976562633761205 0.6447917002951726 0.18281250272411853 0.1671875024912879
0 0.9023437634459697 0.32395835022907704 0.18281250272411853 0.1671875024912879
0 0.47421875706641003 0.9239583815215155 0.18593750277068466 0.1140625016996637
0 0.30000000447034836 0.5208333604969084 0.19375000288709998 0.13437500200234354
0 0.17421875259606168 0.2531250132014975 0.19218750286381692 0.16406250244472176
0 0.704687510500662 0.534375027869828 0.13750000204890966 0.12968750193249434
0 0.8125000121071935 0.06979167030658573 0.13750000204890966 0.10156250151339918
0 0.6421875095693395 0.8687500453088433 0.15000000223517418 0.1968750029336661
2 0.7976562618860044 0.17083334224298596 0.07656250114087015 0.06250000093132257
1 0.4734375070547685 0.19479167682584375 0.34375000512227416 0.2890625043073669
0 0.10000000149011612 0.5281250476837158 0.17499999701976776 0.13906250894069672
0 0.29765626788139343 0.7510417103767395 0.16718749701976776 0.16718749701976776
0 0.15312500298023224 0.7000000476837158 0.13125000894069672 0.21875
0 0.6343750357627869 0.643750011920929 0.18437500298023224 0.16250000894069672
0 0.4867187440395355 0.7697917222976685 0.17031250894069672 0.12968750298023224
0 0.45000001788139343 0.5093750357627869 0.13750000298023224 0.21406249701976776
0 0.5726562738418579 0.4489583671092987 0.16718749701976776 0.16718749701976776
0 0.897656261920929 0.6447917222976685 0.18281249701976776 0.16718749701976776
0 0.90234375 0.3239583373069763 0.18281249701976776 0.16718749701976776
0 0.4742187559604645 0.9239583611488342 0.18593750894069672 0.11406250298023224
0 0.30000001192092896 0.5208333730697632 0.19375000894069672 0.13437500596046448
0 0.17421875894069672 0.25312501192092896 0.19218750298023224 0.1640625
0 0.7046875357627869 0.534375011920929 0.13750000298023224 0.12968750298023224
0 0.8125 0.06979166716337204 0.13750000298023224 0.1015625
0 0.6421875357627869 0.8687500357627869 0.15000000596046448 0.19687500596046448
2 0.797656238079071 0.17083334922790527 0.07656250149011612 0.0625
1 0.47343751788139343 0.19479167461395264 0.34375 0.2890625
0 0.10000000149011612 0.5281250476837158 0.17499999701976776 0.13906250894069672
0 0.29765626788139343 0.7510417103767395 0.16718749701976776 0.16718749701976776
0 0.15312500298023224 0.7000000476837158 0.13125000894069672 0.21875
0 0.6343750357627869 0.643750011920929 0.18437500298023224 0.16250000894069672
0 0.4867187440395355 0.7697917222976685 0.17031250894069672 0.12968750298023224
0 0.45000001788139343 0.5093750357627869 0.13750000298023224 0.21406249701976776
0 0.5726562738418579 0.4489583671092987 0.16718749701976776 0.16718749701976776
0 0.897656261920929 0.6447917222976685 0.18281249701976776 0.16718749701976776
0 0.90234375 0.3239583373069763 0.18281249701976776 0.16718749701976776
0 0.4742187559604645 0.9239583611488342 0.18593750894069672 0.11406250298023224
0 0.30000001192092896 0.5208333730697632 0.19375000894069672 0.13437500596046448
0 0.17421875894069672 0.25312501192092896 0.19218750298023224 0.1640625
0 0.7046875357627869 0.534375011920929 0.13750000298023224 0.12968750298023224
0 0.8125 0.06979166716337204 0.13750000298023224 0.1015625
0 0.6421875357627869 0.8687500357627869 0.15000000596046448 0.19687500596046448
2 0.797656238079071 0.17083334922790527 0.07656250149011612 0.0625
1 0.47343751788139343 0.19479167461395264 0.34375 0.2890625
0 0.10000000149011612 0.5281250476837158 0.17499999701976776 0.13906250894069672
0 0.29765626788139343 0.7510417103767395 0.16718749701976776 0.16718749701976776
0 0.15312500298023224 0.7000000476837158 0.13125000894069672 0.21875
0 0.6343750357627869 0.643750011920929 0.18437500298023224 0.16250000894069672
0 0.4867187440395355 0.7697917222976685 0.17031250894069672 0.12968750298023224
0 0.45000001788139343 0.5093750357627869 0.13750000298023224 0.21406249701976776
0 0.5726562738418579 0.4489583671092987 0.16718749701976776 0.16718749701976776
0 0.897656261920929 0.6447917222976685 0.18281249701976776 0.16718749701976776
0 0.90234375 0.3239583373069763 0.18281249701976776 0.16718749701976776
0 0.4742187559604645 0.9239583611488342 0.18593750894069672 0.11406250298023224
0 0.30000001192092896 0.5208333730697632 0.19375000894069672 0.13437500596046448
0 0.17421875894069672 0.25312501192092896 0.19218750298023224 0.1640625
0 0.7046875357627869 0.534375011920929 0.13750000298023224 0.12968750298023224
0 0.8125 0.06979166716337204 0.13750000298023224 0.1015625
0 0.6421875357627869 0.8687500357627869 0.15000000596046448 0.19687500596046448
2 0.797656238079071 0.17083334922790527 0.07656250149011612 0.0625
1 0.47343751788139343 0.19479167461395264 0.34375 0.2890625
0 0.10000000149011612 0.5281250476837158 0.17499999701976776 0.13906250894069672
0 0.29765626788139343 0.7510417103767395 0.16718749701976776 0.16718749701976776
0 0.15312500298023224 0.7000000476837158 0.13125000894069672 0.21875
0 0.6343750357627869 0.643750011920929 0.18437500298023224 0.16250000894069672
0 0.4867187440395355 0.7697917222976685 0.17031250894069672 0.12968750298023224
0 0.45000001788139343 0.5093750357627869 0.13750000298023224 0.21406249701976776
0 0.5726562738418579 0.4489583671092987 0.16718749701976776 0.16718749701976776
0 0.897656261920929 0.6447917222976685 0.18281249701976776 0.16718749701976776
0 0.90234375 0.3239583373069763 0.18281249701976776 0.16718749701976776
0 0.4742187559604645 0.9239583611488342 0.18593750894069672 0.11406250298023224
0 0.30000001192092896 0.5208333730697632 0.19375000894069672 0.13437500596046448
0 0.17421875894069672 0.25312501192092896 0.19218750298023224 0.1640625
0 0.7046875357627869 0.534375011920929 0.13750000298023224 0.12968750298023224
0 0.8125 0.06979166716337204 0.13750000298023224 0.1015625
0 0.6421875357627869 0.8687500357627869 0.15000000596046448 0.19687500596046448
2 0.797656238079071 0.17083334922790527 0.07656250149011612 0.0625
1 0.47343751788139343 0.19479167461395264 0.34375 0.2890625
0 0.10000000149011612 0.5281250476837158 0.17499999701976776 0.13906250894069672
0 0.29765626788139343 0.7510417103767395 0.16718749701976776 0.16718749701976776
0 0.15312500298023224 0.7000000476837158 0.13125000894069672 0.21875
0 0.6343750357627869 0.643750011920929 0.18437500298023224 0.16250000894069672
0 0.4867187440395355 0.7697917222976685 0.17031250894069672 0.12968750298023224
0 0.45000001788139343 0.5093750357627869 0.13750000298023224 0.21406249701976776
0 0.5726562738418579 0.4489583671092987 0.16718749701976776 0.16718749701976776
0 0.897656261920929 0.6447917222976685 0.18281249701976776 0.16718749701976776
0 0.90234375 0.3239583373069763 0.18281249701976776 0.16718749701976776
0 0.4742187559604645 0.9239583611488342 0.18593750894069672 0.11406250298023224
0 0.30000001192092896 0.5208333730697632 0.19375000894069672 0.13437500596046448
0 0.17421875894069672 0.25312501192092896 0.19218750298023224 0.1640625
0 0.7046875357627869 0.534375011920929 0.13750000298023224 0.12968750298023224
0 0.8125 0.06979166716337204 0.13750000298023224 0.1015625
0 0.6421875357627869 0.8687500357627869 0.15000000596046448 0.19687500596046448
2 0.797656238079071 0.17083334922790527 0.07656250149011612 0.0625
1 0.47343751788139343 0.19479167461395264 0.34375 0.2890625
0 0.10000000149011612 0.5281250476837158 0.17499999701976776 0.13906250894069672
0 0.29765626788139343 0.7510417103767395 0.16718749701976776 0.16718749701976776
0 0.15312500298023224 0.7000000476837158 0.13125000894069672 0.21875
0 0.6343750357627869 0.643750011920929 0.18437500298023224 0.16250000894069672
0 0.4867187440395355 0.7697917222976685 0.17031250894069672 0.12968750298023224
0 0.45000001788139343 0.5093750357627869 0.13750000298023224 0.21406249701976776
0 0.5726562738418579 0.4489583671092987 0.16718749701976776 0.16718749701976776
0 0.897656261920929 0.6447917222976685 0.18281249701976776 0.16718749701976776
0 0.90234375 0.3239583373069763 0.18281249701976776 0.16718749701976776
0 0.4742187559604645 0.9239583611488342 0.18593750894069672 0.11406250298023224
0 0.30000001192092896 0.5208333730697632 0.19375000894069672 0.13437500596046448
0 0.17421875894069672 0.25312501192092896 0.19218750298023224 0.1640625
0 0.7046875357627869 0.534375011920929 0.13750000298023224 0.12968750298023224
0 0.8125 0.06979166716337204 0.13750000298023224 0.1015625
0 0.6421875357627869 0.8687500357627869 0.15000000596046448 0.19687500596046448
2 0.797656238079071 0.17083334922790527 0.07656250149011612 0.0625
1 0.47343751788139343 0.19479167461395264 0.34375 0.2890625
0 0.10000000149011612 0.5281250476837158 0.17499999701976776 0.13906250894069672
0 0.29765626788139343 0.7510417103767395 0.16718749701976776 0.16718749701976776
0 0.15312500298023224 0.7000000476837158 0.13125000894069672 0.21875
0 0.6343750357627869 0.643750011920929 0.18437500298023224 0.16250000894069672
0 0.4867187440395355 0.7697917222976685 0.17031250894069672 0.12968750298023224
0 0.45000001788139343 0.5093750357627869 0.13750000298023224 0.21406249701976776
0 0.5726562738418579 0.4489583671092987 0.16718749701976776 0.16718749701976776
0 0.897656261920929 0.6447917222976685 0.18281249701976776 0.16718749701976776
0 0.90234375 0.3239583373069763 0.18281249701976776 0.16718749701976776
0 0.4742187559604645 0.9239583611488342 0.18593750894069672 0.11406250298023224
0 0.30000001192092896 0.5208333730697632 0.19375000894069672 0.13437500596046448
0 0.17421875894069672 0.25312501192092896 0.19218750298023224 0.1640625
0 0.7046875357627869 0.534375011920929 0.13750000298023224 0.12968750298023224
0 0.8125 0.06979166716337204 0.13750000298023224 0.1015625
0 0.6421875357627869 0.8687500357627869 0.15000000596046448 0.19687500596046448
2 0.797656238079071 0.17083334922790527 0.07656250149011612 0.0625
1 0.47343751788139343 0.19479167461395264 0.34375 0.2890625
