0 0.7875000117346644 0.27395834762137383 0.15937500237487257 0.1578125023515895
0 0.8398437625146471 0.49791669263504446 0.19218750286381692 0.21250000316649675
0 0.6257812593248673 0.5500000286847353 0.17031250253785402 0.1625000024214387
0 0.11796875175787136 0.3333333507180214 0.16093750239815563 0.14687500218860805
0 0.35312500526197255 0.16875000880099833 0.1968750029336661 0.15625000232830644
0 0.2015625030035153 0.7135417038807645 0.14375000214204192 0.12343750183936208
0 0.5601562583469786 0.2479166795965284 0.17031250253785402 0.17187500256113708
0 0.16640625247964635 0.22708334517665207 0.14531250216532499 0.15000000223517418
0 0.34296875511063263 0.7572917061625049 0.14218750211875886 0.13281250197906047
0 0.37734375562286004 0.4260416888864711 0.1578125023515895 0.1265625018859282
0 0.21953125327127054 0.4760416914941743 0.15468750230502337 0.14843750221189111
0 0.3375000050291419 0.5000000260770321 0.14687500218860805 0.11875000176951289
0 0.7875000117346644 0.7020833699498326 0.0 0.0
1 0.5882812587660737 0.8406250438420102 0.41406250617001206 0.23906250356230885
0 0.7875000117346644 0.27395834762137383 0.15937500237487257 0.1578125023515895
0 0.8398437625146471 0.49791669263504446 0.19218750286381692 0.21250000316649675
0 0.6257812593248673 0.5500000286847353 0.17031250253785402 0.1625000024214387
0 0.11796875175787136 0.3333333507180214 0.16093750239815563 0.14687500218860805
0 0.35312500526197255 0.16875000880099833 0.1968750029336661 0.15625000232830644
0 0.2015625030035153 0.7135417038807645 0.14375000214204192 0.12343750183936208
0 0.5601562583469786 0.2479166795965284 0.17031250253785402 0.17187500256113708
0 0.16640625247964635 0.22708334517665207 0.14531250216532499 0.15000000223517418
0 0.34296875511063263 0.7572917061625049 0.14218750211875886 0.13281250197906047
0 0.37734375562286004 0.4260416888864711 0.1578125023515895 0.1265625018859282
0 0.21953125327127054 0.4760416914941743 0.15468750230502337 0.14843750221189111
0 0.3375000050291419 0.5000000260770321 0.14687500218860805 0.11875000176951289
0 0.7875000117346644 0.7020833699498326 0.0 0.0
1 0.5882812587660737 0.8406250438420102 0.41406250617001206 0.23906250356230885
0 0.7875000117346644 0.27395834762137383 0.15937500237487257 0.1578125023515895
0 0.8398437625146471 0.49791669263504446 0.19218750286381692 0.21250000316649675
0 0.6257812593248673 0.5500000286847353 0.17031250253785402 0.1625000024214387
0 0.11796875175787136 0.3333333507180214 0.16093750239815563 0.14687500218860805
0 0.35312500526197255 0.16875000880099833 0.1968750029336661 0.15625000232830644
0 0.2015625030035153 0.7135417038807645 0.14375000214204192 0.12343750183936208
0 0.5601562583469786 0.2479166795965284 0.17031250253785402 0.17187500256113708
0 0.16640625247964635 0.22708334517665207 0.14531250216532499 0.15000000223517418
0 0.34296875511063263 0.7572917061625049 0.14218750211875886 0.13281250197906047
0 0.37734375562286004 0.4260416888864711 0.1578125023515895 0.1265625018859282
0 0.21953125327127054 0.4760416914941743 0.15468750230502337 0.14843750221189111
0 0.3375000050291419 0.5000000260770321 0.14687500218860805 0.11875000176951289
0 0.7875000117346644 0.7020833699498326 0.0 0.0
1 0.5882812587660737 0.8406250438420102 0.41406250617001206 0.23906250356230885
0 0.7875000117346644 0.27395834762137383 0.15937500237487257 0.1578125023515895
0 0.8398437625146471 0.49791669263504446 0.19218750286381692 0.21250000316649675
0 0.6257812593248673 0.5500000286847353 0.17031250253785402 0.1625000024214387
0 0.11796875175787136 0.3333333507180214 0.16093750239815563 0.14687500218860805
0 0.35312500526197255 0.16875000880099833 0.1968750029336661 0.15625000232830644
0 0.2015625030035153 0.7135417038807645 0.14375000214204192 0.12343750183936208
0 0.5601562583469786 0.2479166795965284 0.17031250253785402 0.17187500256113708
0 0.16640625247964635 0.22708334517665207 0.14531250216532499 0.15000000223517418
0 0.34296875511063263 0.7572917061625049 0.14218750211875886 0.13281250197906047
0 0.37734375562286004 0.4260416888864711 0.1578125023515895 0.1265625018859282
0 0.21953125327127054 0.4760416914941743 0.15468750230502337 0.14843750221189111
0 0.3375000050291419 0.5000000260770321 0.14687500218860805 0.11875000176951289
0 0.7875000117346644 0.7020833699498326 0.0 0.0
1 0.5882812587660737 0.8406250438420102 0.41406250617001206 0.23906250356230885
0 0.7875000117346644 0.27395834762137383 0.15937500237487257 0.1578125023515895
0 0.8398437625146471 0.49791669263504446 0.19218750286381692 0.21250000316649675
0 0.6257812593248673 0.5500000286847353 0.17031250253785402 0.1625000024214387
0 0.11796875175787136 0.3333333507180214 0.16093750239815563 0.14687500218860805
0 0.35312500526197255 0.16875000880099833 0.1968750029336661 0.15625000232830644
0 0.2015625030035153 0.7135417038807645 0.14375000214204192 0.12343750183936208
0 0.5601562583469786 0.2479166795965284 0.17031250253785402 0.17187500256113708
0 0.16640625247964635 0.22708334517665207 0.14531250216532499 0.15000000223517418
0 0.34296875511063263 0.7572917061625049 0.14218750211875886 0.13281250197906047
0 0.37734375562286004 0.4260416888864711 0.1578125023515895 0.1265625018859282
0 0.21953125327127054 0.4760416914941743 0.15468750230502337 0.14843750221189111
0 0.3375000050291419 0.5000000260770321 0.14687500218860805 0.11875000176951289
0 0.7875000117346644 0.7020833699498326 0.0 0.0
1 0.5882812587660737 0.8406250438420102 0.41406250617001206 0.23906250356230885
0 0.7875000117346644 0.27395834762137383 0.15937500237487257 0.1578125023515895
0 0.8398437625146471 0.49791669263504446 0.19218750286381692 0.21250000316649675
0 0.6257812593248673 0.5500000286847353 0.17031250253785402 0.1625000024214387
0 0.11796875175787136 0.3333333507180214 0.16093750239815563 0.14687500218860805
0 0.35312500526197255 0.16875000880099833 0.1968750029336661 0.15625000232830644
0 0.2015625030035153 0.7135417038807645 0.14375000214204192 0.12343750183936208
0 0.5601562583469786 0.2479166795965284 0.17031250253785402 0.17187500256113708
0 0.16640625247964635 0.22708334517665207 0.14531250216532499 0.15000000223517418
0 0.34296875511063263 0.7572917061625049 0.14218750211875886 0.13281250197906047
0 0.37734375562286004 0.4260416888864711 0.1578125023515895 0.1265625018859282
0 0.21953125327127054 0.4760416914941743 0.15468750230502337 0.14843750221189111
0 0.3375000050291419 0.5000000260770321 0.14687500218860805 0.11875000176951289
0 0.7875000117346644 0.7020833699498326 0.0 0.0
1 0.5882812587660737 0.8406250438420102 0.41406250617001206 0.23906250356230885
0 0.7875000117346644 0.27395834762137383 0.15937500237487257 0.1578125023515895
0 0.8398437625146471 0.49791669263504446 0.19218750286381692 0.21250000316649675
0 0.6257812593248673 0.5500000286847353 0.17031250253785402 0.1625000024214387
0 0.11796875175787136 0.3333333507180214 0.16093750239815563 0.14687500218860805
0 0.35312500526197255 0.16875000880099833 0.1968750029336661 0.15625000232830644
0 0.2015625030035153 0.7135417038807645 0.14375000214204192 0.12343750183936208
0 0.5601562583469786 0.2479166795965284 0.17031250253785402 0.17187500256113708
0 0.16640625247964635 0.22708334517665207 0.14531250216532499 0.15000000223517418
0 0.34296875511063263 0.7572917061625049 0.14218750211875886 0.13281250197906047
0 0.37734375562286004 0.4260416888864711 0.1578125023515895 0.1265625018859282
0 0.21953125327127054 0.4760416914941743 0.15468750230502337 0.14843750221189111
0 0.3375000050291419 0.5000000260770321 0.14687500218860805 0.11875000176951289
0 0.7875000117346644 0.7020833699498326 0.0 0.0
1 0.5882812587660737 0.8406250438420102 0.41406250617001206 0.23906250356230885
0 0.7875000117346644 0.27395834762137383 0.15937500237487257 0.1578125023515895
0 0.8398437625146471 0.49791669263504446 0.19218750286381692 0.21250000316649675
0 0.6257812593248673 0.5500000286847353 0.17031250253785402 0.1625000024214387
0 0.11796875175787136 0.3333333507180214 0.16093750239815563 0.14687500218860805
0 0.35312500526197255 0.16875000880099833 0.1968750029336661 0.15625000232830644
0 0.2015625030035153 0.7135417038807645 0.14375000214204192 0.12343750183936208
0 0.5601562583469786 0.2479166795965284 0.17031250253785402 0.17187500256113708
0 0.16640625247964635 0.22708334517665207 0.14531250216532499 0.15000000223517418
0 0.34296875511063263 0.7572917061625049 0.14218750211875886 0.13281250197906047
0 0.37734375562286004 0.4260416888864711 0.1578125023515895 0.1265625018859282
0 0.21953125327127054 0.4760416914941743 0.15468750230502337 0.14843750221189111
0 0.3375000050291419 0.5000000260770321 0.14687500218860805 0.11875000176951289
0 0.7875000117346644 0.7020833699498326 0.0 0.0
1 0.5882812587660737 0.8406250438420102 0.41406250617001206 0.23906250356230885
0 0.7875000117346644 0.27395834762137383 0.15937500237487257 0.1578125023515895
0 0.8398437625146471 0.49791669263504446 0.19218750286381692 0.21250000316649675
0 0.6257812593248673 0.5500000286847353 0.17031250253785402 0.1625000024214387
0 0.11796875175787136 0.3333333507180214 0.16093750239815563 0.14687500218860805
0 0.35312500526197255 0.16875000880099833 0.1968750029336661 0.15625000232830644
0 0.2015625030035153 0.7135417038807645 0.14375000214204192 0.12343750183936208
0 0.5601562583469786 0.2479166795965284 0.17031250253785402 0.17187500256113708
0 0.16640625247964635 0.22708334517665207 0.14531250216532499 0.15000000223517418
0 0.34296875511063263 0.7572917061625049 0.14218750211875886 0.13281250197906047
0 0.37734375562286004 0.4260416888864711 0.1578125023515895 0.1265625018859282
0 0.21953125327127054 0.4760416914941743 0.15468750230502337 0.14843750221189111
0 0.3375000050291419 0.5000000260770321 0.14687500218860805 0.11875000176951289
0 0.7875000117346644 0.7020833699498326 0.0 0.0
1 0.5882812587660737 0.8406250438420102 0.41406250617001206 0.23906250356230885
0 0.7875000117346644 0.27395834762137383 0.15937500237487257 0.1578125023515895
0 0.8398437625146471 0.49791669263504446 0.19218750286381692 0.21250000316649675
0 0.6257812593248673 0.5500000286847353 0.17031250253785402 0.1625000024214387
0 0.11796875175787136 0.3333333507180214 0.16093750239815563 0.14687500218860805
0 0.35312500526197255 0.16875000880099833 0.1968750029336661 0.15625000232830644
0 0.2015625030035153 0.7135417038807645 0.14375000214204192 0.12343750183936208
0 0.5601562583469786 0.2479166795965284 0.17031250253785402 0.17187500256113708
0 0.16640625247964635 0.22708334517665207 0.14531250216532499 0.15000000223517418
0 0.34296875511063263 0.7572917061625049 0.14218750211875886 0.13281250197906047
0 0.37734375562286004 0.4260416888864711 0.1578125023515895 0.1265625018859282
0 0.21953125327127054 0.4760416914941743 0.15468750230502337 0.14843750221189111
0 0.3375000050291419 0.5000000260770321 0.14687500218860805 0.11875000176951289
0 0.7875000117346644 0.7020833699498326 0.0 0.0
1 0.5882812587660737 0.8406250438420102 0.41406250617001206 0.23906250356230885
0 0.7875000117346644 0.27395834762137383 0.15937500237487257 0.1578125023515895
0 0.8398437625146471 0.49791669263504446 0.19218750286381692 0.21250000316649675
0 0.6257812593248673 0.5500000286847353 0.17031250253785402 0.1625000024214387
0 0.11796875175787136 0.3333333507180214 0.16093750239815563 0.14687500218860805
0 0.35312500526197255 0.16875000880099833 0.1968750029336661 0.15625000232830644
0 0.2015625030035153 0.7135417038807645 0.14375000214204192 0.12343750183936208
0 0.5601562583469786 0.2479166795965284 0.17031250253785402 0.17187500256113708
0 0.16640625247964635 0.22708334517665207 0.14531250216532499 0.15000000223517418
0 0.34296875511063263 0.7572917061625049 0.14218750211875886 0.13281250197906047
0 0.37734375562286004 0.4260416888864711 0.1578125023515895 0.1265625018859282
0 0.21953125327127054 0.4760416914941743 0.15468750230502337 0.14843750221189111
0 0.3375000050291419 0.5000000260770321 0.14687500218860805 0.11875000176951289
0 0.7875000117346644 0.7020833699498326 0.0 0.0
1 0.5882812587660737 0.8406250438420102 0.41406250617001206 0.23906250356230885
0 0.7875000117346644 0.27395834762137383 0.15937500237487257 0.1578125023515895
0 0.8398437625146471 0.49791669263504446 0.19218750286381692 0.21250000316649675
0 0.6257812593248673 0.5500000286847353 0.17031250253785402 0.1625000024214387
0 0.11796875175787136 0.3333333507180214 0.16093750239815563 0.14687500218860805
0 0.35312500526197255 0.16875000880099833 0.1968750029336661 0.15625000232830644
0 0.2015625030035153 0.7135417038807645 0.14375000214204192 0.12343750183936208
0 0.5601562583469786 0.2479166795965284 0.17031250253785402 0.17187500256113708
0 0.16640625247964635 0.22708334517665207 0.14531250216532499 0.15000000223517418
0 0.34296875511063263 0.7572917061625049 0.14218750211875886 0.13281250197906047
0 0.37734375562286004 0.4260416888864711 0.1578125023515895 0.1265625018859282
0 0.21953125327127054 0.4760416914941743 0.15468750230502337 0.14843750221189111
0 0.3375000050291419 0.5000000260770321 0.14687500218860805 0.11875000176951289
0 0.7875000117346644 0.7020833699498326 0.0 0.0
1 0.5882812587660737 0.8406250438420102 0.41406250617001206 0.23906250356230885
0 0.7875000117346644 0.27395834762137383 0.15937500237487257 0.1578125023515895
0 0.8398437625146471 0.49791669263504446 0.19218750286381692 0.21250000316649675
0 0.6257812593248673 0.5500000286847353 0.17031250253785402 0.1625000024214387
0 0.11796875175787136 0.3333333507180214 0.16093750239815563 0.14687500218860805
0 0.35312500526197255 0.16875000880099833 0.1968750029336661 0.15625000232830644
0 0.2015625030035153 0.7135417038807645 0.14375000214204192 0.12343750183936208
0 0.5601562583469786 0.2479166795965284 0.17031250253785402 0.17187500256113708
0 0.16640625247964635 0.22708334517665207 0.14531250216532499 0.15000000223517418
0 0.34296875511063263 0.7572917061625049 0.14218750211875886 0.13281250197906047
0 0.37734375562286004 0.4260416888864711 0.1578125023515895 0.1265625018859282
0 0.21953125327127054 0.4760416914941743 0.15468750230502337 0.14843750221189111
0 0.3375000050291419 0.5000000260770321 0.14687500218860805 0.11875000176951289
0 0.7875000117346644 0.7020833699498326 0.0 0.0
1 0.5882812587660737 0.8406250438420102 0.41406250617001206 0.23906250356230885
0 0.7875000117346644 0.27395834762137383 0.15937500237487257 0.1578125023515895
0 0.8398437625146471 0.49791669263504446 0.19218750286381692 0.21250000316649675
0 0.6257812593248673 0.5500000286847353 0.17031250253785402 0.1625000024214387
0 0.11796875175787136 0.3333333507180214 0.16093750239815563 0.14687500218860805
0 0.35312500526197255 0.16875000880099833 0.1968750029336661 0.15625000232830644
0 0.2015625030035153 0.7135417038807645 0.14375000214204192 0.12343750183936208
0 0.5601562583469786 0.2479166795965284 0.17031250253785402 0.17187500256113708
0 0.16640625247964635 0.22708334517665207 0.14531250216532499 0.15000000223517418
0 0.34296875511063263 0.7572917061625049 0.14218750211875886 0.13281250197906047
0 0.37734375562286004 0.4260416888864711 0.1578125023515895 0.1265625018859282
0 0.21953125327127054 0.4760416914941743 0.15468750230502337 0.14843750221189111
0 0.3375000050291419 0.5000000260770321 0.14687500218860805 0.11875000176951289
0 0.7875000117346644 0.7020833699498326 0.0 0.0
1 0.5882812587660737 0.8406250438420102 0.41406250617001206 0.23906250356230885
0 0.7875000117346644 0.27395834762137383 0.15937500237487257 0.1578125023515895
0 0.8398437625146471 0.49791669263504446 0.19218750286381692 0.21250000316649675
0 0.6257812593248673 0.5500000286847353 0.17031250253785402 0.1625000024214387
0 0.11796875175787136 0.3333333507180214 0.16093750239815563 0.14687500218860805
0 0.35312500526197255 0.16875000880099833 0.1968750029336661 0.15625000232830644
0 0.2015625030035153 0.7135417038807645 0.14375000214204192 0.12343750183936208
0 0.5601562583469786 0.2479166795965284 0.17031250253785402 0.17187500256113708
0 0.16640625247964635 0.22708334517665207 0.14531250216532499 0.15000000223517418
0 0.34296875511063263 0.7572917061625049 0.14218750211875886 0.13281250197906047
0 0.37734375562286004 0.4260416888864711 0.1578125023515895 0.1265625018859282
0 0.21953125327127054 0.4760416914941743 0.15468750230502337 0.14843750221189111
0 0.3375000050291419 0.5000000260770321 0.14687500218860805 0.11875000176951289
0 0.7875000117346644 0.7020833699498326 0.0 0.0
1 0.5882812587660737 0.8406250438420102 0.41406250617001206 0.23906250356230885
0 0.7875000238418579 0.27395835518836975 0.15937499701976776 0.15781250596046448
0 0.83984375 0.49791669845581055 0.19218750298023224 0.21250000596046448
0 0.625781238079071 0.550000011920929 0.17031250894069672 0.16250000894069672
0 0.11796875298023224 0.3333333432674408 0.16093750298023224 0.14687500894069672
0 0.3531250059604645 0.16875000298023224 0.19687500596046448 0.15625
0 0.20156250894069672 0.7135416865348816 0.14374999701976776 0.12343750149011612
0 0.5601562857627869 0.24791668355464935 0.17031250894069672 0.171875
0 0.16640625894069672 0.22708334028720856 0.14531250298023224 0.15000000596046448
0 0.34296876192092896 0.7572917342185974 0.14218750596046448 0.1328125
0 0.3773437440395355 0.42604169249534607 0.15781250596046448 0.12656250596046448
0 0.21953125298023224 0.476041704416275 0.15468750894069672 0.1484375
0 0.3375000059604645 0.5 0.14687500894069672 0.11874999850988388
0 0.7875000238418579 0.7020833492279053 0.0 0.0
1 0.5882812738418579 0.8406250476837158 0.4140625 0.23906250298023224
0 0.7875000238418579 0.27395835518836975 0.15937499701976776 0.15781250596046448
0 0.83984375 0.49791669845581055 0.19218750298023224 0.21250000596046448
0 0.625781238079071 0.550000011920929 0.17031250894069672 0.16250000894069672
0 0.11796875298023224 0.3333333432674408 0.16093750298023224 0.14687500894069672
0 0.3531250059604645 0.16875000298023224 0.19687500596046448 0.15625
0 0.20156250894069672 0.7135416865348816 0.14374999701976776 0.12343750149011612
0 0.5601562857627869 0.24791668355464935 0.17031250894069672 0.171875
0 0.16640625894069672 0.22708334028720856 0.14531250298023224 0.15000000596046448
0 0.34296876192092896 0.7572917342185974 0.14218750596046448 0.1328125
0 0.3773437440395355 0.42604169249534607 0.15781250596046448 0.12656250596046448
0 0.21953125298023224 0.476041704416275 0.15468750894069672 0.1484375
0 0.3375000059604645 0.5 0.14687500894069672 0.11874999850988388
0 0.7875000238418579 0.7020833492279053 0.0 0.0
1 0.5882812738418579 0.8406250476837158 0.4140625 0.23906250298023224
0 0.7875000238418579 0.27395835518836975 0.15937499701976776 0.15781250596046448
0 0.83984375 0.49791669845581055 0.19218750298023224 0.21250000596046448
0 0.625781238079071 0.550000011920929 0.17031250894069672 0.16250000894069672
0 0.11796875298023224 0.3333333432674408 0.16093750298023224 0.14687500894069672
0 0.3531250059604645 0.16875000298023224 0.19687500596046448 0.15625
0 0.20156250894069672 0.7135416865348816 0.14374999701976776 0.12343750149011612
0 0.5601562857627869 0.24791668355464935 0.17031250894069672 0.171875
0 0.16640625894069672 0.22708334028720856 0.14531250298023224 0.15000000596046448
0 0.34296876192092896 0.7572917342185974 0.14218750596046448 0.1328125
0 0.3773437440395355 0.42604169249534607 0.15781250596046448 0.12656250596046448
0 0.21953125298023224 0.476041704416275 0.15468750894069672 0.1484375
0 0.3375000059604645 0.5 0.14687500894069672 0.11874999850988388
0 0.7875000238418579 0.7020833492279053 0.0 0.0
1 0.5882812738418579 0.8406250476837158 0.4140625 0.23906250298023224
0 0.7875000238418579 0.27395835518836975 0.15937499701976776 0.15781250596046448
0 0.83984375 0.49791669845581055 0.19218750298023224 0.21250000596046448
0 0.625781238079071 0.550000011920929 0.17031250894069672 0.16250000894069672
0 0.11796875298023224 0.3333333432674408 0.16093750298023224 0.14687500894069672
0 0.3531250059604645 0.16875000298023224 0.19687500596046448 0.15625
0 0.20156250894069672 0.7135416865348816 0.14374999701976776 0.12343750149011612
0 0.5601562857627869 0.24791668355464935 0.17031250894069672 0.171875
0 0.16640625894069672 0.22708334028720856 0.14531250298023224 0.15000000596046448
0 0.34296876192092896 0.7572917342185974 0.14218750596046448 0.1328125
0 0.3773437440395355 0.42604169249534607 0.15781250596046448 0.12656250596046448
0 0.21953125298023224 0.476041704416275 0.15468750894069672 0.1484375
0 0.3375000059604645 0.5 0.14687500894069672 0.11874999850988388
0 0.7875000238418579 0.7020833492279053 0.0 0.0
1 0.5882812738418579 0.8406250476837158 0.4140625 0.23906250298023224
0 0.7875000238418579 0.27395835518836975 0.15937499701976776 0.15781250596046448
0 0.83984375 0.49791669845581055 0.19218750298023224 0.21250000596046448
0 0.625781238079071 0.550000011920929 0.17031250894069672 0.16250000894069672
0 0.11796875298023224 0.3333333432674408 0.16093750298023224 0.14687500894069672
0 0.3531250059604645 0.16875000298023224 0.19687500596046448 0.15625
0 0.20156250894069672 0.7135416865348816 0.14374999701976776 0.12343750149011612
0 0.5601562857627869 0.24791668355464935 0.17031250894069672 0.171875
0 0.16640625894069672 0.22708334028720856 0.14531250298023224 0.15000000596046448
0 0.34296876192092896 0.7572917342185974 0.14218750596046448 0.1328125
0 0.3773437440395355 0.42604169249534607 0.15781250596046448 0.12656250596046448
0 0.21953125298023224 0.476041704416275 0.15468750894069672 0.1484375
0 0.3375000059604645 0.5 0.14687500894069672 0.11874999850988388
0 0.7875000238418579 0.7020833492279053 0.0 0.0
1 0.5882812738418579 0.8406250476837158 0.4140625 0.23906250298023224
0 0.7875000238418579 0.27395835518836975 0.15937499701976776 0.15781250596046448
0 0.83984375 0.49791669845581055 0.19218750298023224 0.21250000596046448
0 0.625781238079071 0.550000011920929 0.17031250894069672 0.16250000894069672
0 0.11796875298023224 0.3333333432674408 0.16093750298023224 0.14687500894069672
0 0.3531250059604645 0.16875000298023224 0.19687500596046448 0.15625
0 0.20156250894069672 0.7135416865348816 0.14374999701976776 0.12343750149011612
0 0.5601562857627869 0.24791668355464935 0.17031250894069672 0.171875
0 0.16640625894069672 0.22708334028720856 0.14531250298023224 0.15000000596046448
0 0.34296876192092896 0.7572917342185974 0.14218750596046448 0.1328125
0 0.3773437440395355 0.42604169249534607 0.15781250596046448 0.12656250596046448
0 0.21953125298023224 0.476041704416275 0.15468750894069672 0.1484375
0 0.3375000059604645 0.5 0.14687500894069672 0.11874999850988388
0 0.7875000238418579 0.7020833492279053 0.0 0.0
1 0.5882812738418579 0.8406250476837158 0.4140625 0.23906250298023224
0 0.7875000238418579 0.27395835518836975 0.15937499701976776 0.15781250596046448
0 0.83984375 0.49791669845581055 0.19218750298023224 0.21250000596046448
0 0.625781238079071 0.550000011920929 0.17031250894069672 0.16250000894069672
0 0.11796875298023224 0.3333333432674408 0.16093750298023224 0.14687500894069672
0 0.3531250059604645 0.16875000298023224 0.19687500596046448 0.15625
0 0.20156250894069672 0.7135416865348816 0.14374999701976776 0.12343750149011612
0 0.5601562857627869 0.24791668355464935 0.17031250894069672 0.171875
0 0.16640625894069672 0.22708334028720856 0.14531250298023224 0.15000000596046448
0 0.34296876192092896 0.7572917342185974 0.14218750596046448 0.1328125
0 0.3773437440395355 0.42604169249534607 0.15781250596046448 0.12656250596046448
0 0.21953125298023224 0.476041704416275 0.15468750894069672 0.1484375
0 0.3375000059604645 0.5 0.14687500894069672 0.11874999850988388
0 0.7875000238418579 0.7020833492279053 0.0 0.0
1 0.5882812738418579 0.8406250476837158 0.4140625 0.23906250298023224
