0 0.28515625424915925 0.6739583684829995 0.1890625028172508 0.1671875024912879
0 0.09765625145519152 0.3781250197207555 0.1890625028172508 0.1671875024912879
0 0.46953125699656084 0.19270834338385612 0.1890625028172508 0.1671875024912879
0 0.6375000094994903 0.26875001401640475 0.16875000251457095 0.15625000232830644
0 0.7671875114319846 0.19375001010484993 0.16875000251457095 0.15625000232830644
0 0.8398437625146471 0.37291668611578643 0.1671875024912879 0.15937500237487257
0 0.2648437539464794 0.09791667177341878 0.16093750239815563 0.14375000214204192
0 0.4515625067288056 0.4375000228174031 0.18750000279396772 0.1406250020954758
0 0.9257812637952156 0.18437500961590558 0.14843750221189111 0.14843750221189111
0 0.5757812585798092 0.506250026402995 0.17343750258442014 0.14687500218860805
0 0.4078125060768798 0.5750000299885869 0.17187500256113708 0.16562500246800482
0 0.3570312553201802 0.8083333754912019 0.14843750221189111 0.15625000232830644
0 0.7921875118045136 0.5437500283587724 0.20937500311993062 0.10625000158324838
1 0.691406260302756 0.751041705836542 0.2453125036554411 0.2234375033294782
1 0.45234375674044713 0.8958333800546825 0.05781250086147338 0.05312500079162419
1 0.8726562630035914 0.7572917061625049 0.048437500721774995 0.04531250067520887
0 0.28515625424915925 0.6739583684829995 0.1890625028172508 0.1671875024912879
0 0.09765625145519152 0.3781250197207555 0.1890625028172508 0.1671875024912879
0 0.46953125699656084 0.19270834338385612 0.1890625028172508 0.1671875024912879
0 0.6375000094994903 0.26875001401640475 0.16875000251457095 0.15625000232830644
0 0.7671875114319846 0.19375001010484993 0.16875000251457095 0.15625000232830644
0 0.8398437625146471 0.37291668611578643 0.1671875024912879 0.15937500237487257
0 0.2648437539464794 0.09791667177341878 0.16093750239815563 0.14375000214204192
0 0.4515625067288056 0.4375000228174031 0.18750000279396772 0.1406250020954758
0 0.9257812637952156 0.18437500961590558 0.14843750221189111 0.14843750221189111
0 0.5757812585798092 0.506250026402995 0.17343750258442014 0.14687500218860805
0 0.4078125060768798 0.5750000299885869 0.17187500256113708 0.16562500246800482
0 0.3570312553201802 0.8083333754912019 0.14843750221189111 0.15625000232830644
0 0.7921875118045136 0.5437500283587724 0.20937500311993062 0.10625000158324838
1 0.691406260302756 0.751041705836542 0.2453125036554411 0.2234375033294782
1 0.45234375674044713 0.8958333800546825 0.05781250086147338 0.05312500079162419
1 0.8726562630035914 0.7572917061625049 0.048437500721774995 0.04531250067520887
0 0.28515625424915925 0.6739583684829995 0.1890625028172508 0.1671875024912879
0 0.09765625145519152 0.3781250197207555 0.1890625028172508 0.1671875024912879
0 0.46953125699656084 0.19270834338385612 0.1890625028172508 0.1671875024912879
0 0.6375000094994903 0.26875001401640475 0.16875000251457095 0.15625000232830644
0 0.7671875114319846 0.19375001010484993 0.16875000251457095 0.15625000232830644
0 0.8398437625146471 0.37291668611578643 0.1671875024912879 0.15937500237487257
0 0.2648437539464794 0.09791667177341878 0.16093750239815563 0.14375000214204192
0 0.4515625067288056 0.4375000228174031 0.18750000279396772 0.1406250020954758
0 0.9257812637952156 0.18437500961590558 0.14843750221189111 0.14843750221189111
0 0.5757812585798092 0.506250026402995 0.17343750258442014 0.14687500218860805
0 0.4078125060768798 0.5750000299885869 0.17187500256113708 0.16562500246800482
0 0.3570312553201802 0.8083333754912019 0.14843750221189111 0.15625000232830644
0 0.7921875118045136 0.5437500283587724 0.20937500311993062 0.10625000158324838
1 0.691406260302756 0.751041705836542 0.2453125036554411 0.2234375033294782
1 0.45234375674044713 0.8958333800546825 0.05781250086147338 0.05312500079162419
1 0.8726562630035914 0.7572917061625049 0.048437500721774995 0.04531250067520887
0 0.28515625424915925 0.6739583684829995 0.1890625028172508 0.1671875024912879
0 0.09765625145519152 0.3781250197207555 0.1890625028172508 0.1671875024912879
0 0.46953125699656084 0.19270834338385612 0.1890625028172508 0.1671875024912879
0 0.6375000094994903 0.26875001401640475 0.16875000251457095 0.15625000232830644
0 0.7671875114319846 0.19375001010484993 0.16875000251457095 0.15625000232830644
0 0.8398437625146471 0.37291668611578643 0.1671875024912879 0.15937500237487257
0 0.2648437539464794 0.09791667177341878 0.16093750239815563 0.14375000214204192
0 0.4515625067288056 0.4375000228174031 0.18750000279396772 0.1406250020954758
0 0.9257812637952156 0.18437500961590558 0.14843750221189111 0.14843750221189111
0 0.5757812585798092 0.506250026402995 0.17343750258442014 0.14687500218860805
0 0.4078125060768798 0.5750000299885869 0.17187500256113708 0.16562500246800482
0 0.3570312553201802 0.8083333754912019 0.14843750221189111 0.15625000232830644
0 0.7921875118045136 0.5437500283587724 0.20937500311993062 0.10625000158324838
1 0.691406260302756 0.751041705836542 0.2453125036554411 0.2234375033294782
1 0.45234375674044713 0.8958333800546825 0.05781250086147338 0.05312500079162419
1 0.8726562630035914 0.7572917061625049 0.048437500721774995 0.04531250067520887
0 0.28515625424915925 0.6739583684829995 0.1890625028172508 0.1671875024912879
0 0.09765625145519152 0.3781250197207555 0.1890625028172508 0.1671875024912879
0 0.46953125699656084 0.19270834338385612 0.1890625028172508 0.1671875024912879
0 0.6375000094994903 0.26875001401640475 0.16875000251457095 0.15625000232830644
0 0.7671875114319846 0.19375001010484993 0.16875000251457095 0.15625000232830644
0 0.8398437625146471 0.37291668611578643 0.1671875024912879 0.15937500237487257
0 0.2648437539464794 0.09791667177341878 0.16093750239815563 0.14375000214204192
0 0.4515625067288056 0.4375000228174031 0.18750000279396772 0.1406250020954758
0 0.9257812637952156 0.18437500961590558 0.14843750221189111 0.14843750221189111
0 0.5757812585798092 0.506250026402995 0.17343750258442014 0.14687500218860805
0 0.4078125060768798 0.5750000299885869 0.17187500256113708 0.16562500246800482
0 0.3570312553201802 0.8083333754912019 0.14843750221189111 0.15625000232830644
0 0.7921875118045136 0.5437500283587724 0.20937500311993062 0.10625000158324838
1 0.691406260302756 0.751041705836542 0.2453125036554411 0.2234375033294782
1 0.45234375674044713 0.8958333800546825 0.05781250086147338 0.05312500079162419
1 0.8726562630035914 0.7572917061625049 0.048437500721774995 0.04531250067520887
0 0.28515625424915925 0.6739583684829995 0.1890625028172508 0.1671875024912879
0 0.09765625145519152 0.3781250197207555 0.1890625028172508 0.1671875024912879
0 0.46953125699656084 0.19270834338385612 0.1890625028172508 0.1671875024912879
0 0.6375000094994903 0.26875001401640475 0.16875000251457095 0.15625000232830644
0 0.7671875114319846 0.19375001010484993 0.16875000251457095 0.15625000232830644
0 0.8398437625146471 0.37291668611578643 0.1671875024912879 0.15937500237487257
0 0.2648437539464794 0.09791667177341878 0.16093750239815563 0.14375000214204192
0 0.4515625067288056 0.4375000228174031 0.18750000279396772 0.1406250020954758
0 0.9257812637952156 0.18437500961590558 0.14843750221189111 0.14843750221189111
0 0.5757812585798092 0.506250026402995 0.17343750258442014 0.14687500218860805
0 0.4078125060768798 0.5750000299885869 0.17187500256113708 0.16562500246800482
0 0.3570312553201802 0.8083333754912019 0.14843750221189111 0.15625000232830644
0 0.7921875118045136 0.5437500283587724 0.20937500311993062 0.10625000158324838
1 0.691406260302756 0.751041705836542 0.2453125036554411 0.2234375033294782
1 0.45234375674044713 0.8958333800546825 0.05781250086147338 0.05312500079162419
1 0.8726562630035914 0.7572917061625049 0.048437500721774995 0.04531250067520887
0 0.28515625424915925 0.6739583684829995 0.1890625028172508 0.1671875024912879
0 0.09765625145519152 0.3781250197207555 0.1890625028172508 0.1671875024912879
0 0.46953125699656084 0.19270834338385612 0.1890625028172508 0.1671875024912879
0 0.6375000094994903 0.26875001401640475 0.16875000251457095 0.15625000232830644
0 0.7671875114319846 0.19375001010484993 0.16875000251457095 0.15625000232830644
0 0.8398437625146471 0.37291668611578643 0.1671875024912879 0.15937500237487257
0 0.2648437539464794 0.09791667177341878 0.16093750239815563 0.14375000214204192
0 0.4515625067288056 0.4375000228174031 0.18750000279396772 0.1406250020954758
0 0.9257812637952156 0.18437500961590558 0.14843750221189111 0.14843750221189111
0 0.5757812585798092 0.506250026402995 0.17343750258442014 0.14687500218860805
0 0.4078125060768798 0.5750000299885869 0.17187500256113708 0.16562500246800482
0 0.3570312553201802 0.8083333754912019 0.14843750221189111 0.15625000232830644
0 0.7921875118045136 0.5437500283587724 0.20937500311993062 0.10625000158324838
1 0.691406260302756 0.751041705836542 0.2453125036554411 0.2234375033294782
1 0.45234375674044713 0.8958333800546825 0.05781250086147338 0.05312500079162419
1 0.8726562630035914 0.7572917061625049 0.048437500721774995 0.04531250067520887
0 0.28515625424915925 0.6739583684829995 0.1890625028172508 0.1671875024912879
0 0.09765625145519152 0.3781250197207555 0.1890625028172508 0.1671875024912879
0 0.46953125699656084 0.19270834338385612 0.1890625028172508 0.1671875024912879
0 0.6375000094994903 0.26875001401640475 0.16875000251457095 0.15625000232830644
0 0.7671875114319846 0.19375001010484993 0.16875000251457095 0.15625000232830644
0 0.8398437625146471 0.37291668611578643 0.1671875024912879 0.15937500237487257
0 0.2648437539464794 0.09791667177341878 0.16093750239815563 0.14375000214204192
0 0.4515625067288056 0.4375000228174031 0.18750000279396772 0.1406250020954758
0 0.9257812637952156 0.18437500961590558 0.14843750221189111 0.14843750221189111
0 0.5757812585798092 0.506250026402995 0.17343750258442014 0.14687500218860805
0 0.4078125060768798 0.5750000299885869 0.17187500256113708 0.16562500246800482
0 0.3570312553201802 0.8083333754912019 0.14843750221189111 0.15625000232830644
0 0.7921875118045136 0.5437500283587724 0.20937500311993062 0.10625000158324838
1 0.691406260302756 0.751041705836542 0.2453125036554411 0.2234375033294782
1 0.45234375674044713 0.8958333800546825 0.05781250086147338 0.05312500079162419
1 0.8726562630035914 0.7572917061625049 0.048437500721774995 0.04531250067520887
0 0.28515625424915925 0.6739583684829995 0.1890625028172508 0.1671875024912879
0 0.09765625145519152 0.3781250197207555 0.1890625028172508 0.1671875024912879
0 0.46953125699656084 0.19270834338385612 0.1890625028172508 0.1671875024912879
0 0.6375000094994903 0.26875001401640475 0.16875000251457095 0.15625000232830644
0 0.7671875114319846 0.19375001010484993 0.16875000251457095 0.15625000232830644
0 0.8398437625146471 0.37291668611578643 0.1671875024912879 0.15937500237487257
0 0.2648437539464794 0.09791667177341878 0.16093750239815563 0.14375000214204192
0 0.4515625067288056 0.4375000228174031 0.18750000279396772 0.1406250020954758
0 0.9257812637952156 0.18437500961590558 0.14843750221189111 0.14843750221189111
0 0.5757812585798092 0.506250026402995 0.17343750258442014 0.14687500218860805
0 0.4078125060768798 0.5750000299885869 0.17187500256113708 0.16562500246800482
0 0.3570312553201802 0.8083333754912019 0.14843750221189111 0.15625000232830644
0 0.7921875118045136 0.5437500283587724 0.20937500311993062 0.10625000158324838
1 0.691406260302756 0.751041705836542 0.2453125036554411 0.2234375033294782
1 0.45234375674044713 0.8958333800546825 0.05781250086147338 0.05312500079162419
1 0.8726562630035914 0.7572917061625049 0.048437500721774995 0.04531250067520887
0 0.28515625424915925 0.6739583684829995 0.1890625028172508 0.1671875024912879
0 0.09765625145519152 0.3781250197207555 0.1890625028172508 0.1671875024912879
0 0.46953125699656084 0.19270834338385612 0.1890625028172508 0.1671875024912879
0 0.6375000094994903 0.26875001401640475 0.16875000251457095 0.15625000232830644
0 0.7671875114319846 0.19375001010484993 0.16875000251457095 0.15625000232830644
0 0.8398437625146471 0.37291668611578643 0.1671875024912879 0.15937500237487257
0 0.2648437539464794 0.09791667177341878 0.16093750239815563 0.14375000214204192
0 0.4515625067288056 0.4375000228174031 0.18750000279396772 0.1406250020954758
0 0.9257812637952156 0.18437500961590558 0.14843750221189111 0.14843750221189111
0 0.5757812585798092 0.506250026402995 0.17343750258442014 0.14687500218860805
0 0.4078125060768798 0.5750000299885869 0.17187500256113708 0.16562500246800482
0 0.3570312553201802 0.8083333754912019 0.14843750221189111 0.15625000232830644
0 0.7921875118045136 0.5437500283587724 0.20937500311993062 0.10625000158324838
1 0.691406260302756 0.751041705836542 0.2453125036554411 0.2234375033294782
1 0.45234375674044713 0.8958333800546825 0.05781250086147338 0.05312500079162419
1 0.8726562630035914 0.7572917061625049 0.048437500721774995 0.04531250067520887
0 0.28515625424915925 0.6739583684829995 0.1890625028172508 0.1671875024912879
0 0.09765625145519152 0.3781250197207555 0.1890625028172508 0.1671875024912879
0 0.46953125699656084 0.19270834338385612 0.1890625028172508 0.1671875024912879
0 0.6375000094994903 0.26875001401640475 0.16875000251457095 0.15625000232830644
0 0.7671875114319846 0.19375001010484993 0.16875000251457095 0.15625000232830644
0 0.8398437625146471 0.37291668611578643 0.1671875024912879 0.15937500237487257
0 0.2648437539464794 0.09791667177341878 0.16093750239815563 0.14375000214204192
0 0.4515625067288056 0.4375000228174031 0.18750000279396772 0.1406250020954758
0 0.9257812637952156 0.18437500961590558 0.14843750221189111 0.14843750221189111
0 0.5757812585798092 0.506250026402995 0.17343750258442014 0.14687500218860805
0 0.4078125060768798 0.5750000299885869 0.17187500256113708 0.16562500246800482
0 0.3570312553201802 0.8083333754912019 0.14843750221189111 0.15625000232830644
0 0.7921875118045136 0.5437500283587724 0.20937500311993062 0.10625000158324838
1 0.691406260302756 0.751041705836542 0.2453125036554411 0.2234375033294782
1 0.45234375674044713 0.8958333800546825 0.05781250086147338 0.05312500079162419
1 0.8726562630035914 0.7572917061625049 0.048437500721774995 0.04531250067520887
0 0.28515625424915925 0.6739583684829995 0.1890625028172508 0.1671875024912879
0 0.09765625145519152 0.3781250197207555 0.1890625028172508 0.1671875024912879
0 0.46953125699656084 0.19270834338385612 0.1890625028172508 0.1671875024912879
0 0.6375000094994903 0.26875001401640475 0.16875000251457095 0.15625000232830644
0 0.7671875114319846 0.19375001010484993 0.16875000251457095 0.15625000232830644
0 0.8398437625146471 0.37291668611578643 0.1671875024912879 0.15937500237487257
0 0.2648437539464794 0.09791667177341878 0.16093750239815563 0.14375000214204192
0 0.4515625067288056 0.4375000228174031 0.18750000279396772 0.1406250020954758
0 0.9257812637952156 0.18437500961590558 0.14843750221189111 0.14843750221189111
0 0.5757812585798092 0.506250026402995 0.17343750258442014 0.14687500218860805
0 0.4078125060768798 0.5750000299885869 0.17187500256113708 0.16562500246800482
0 0.3570312553201802 0.8083333754912019 0.14843750221189111 0.15625000232830644
0 0.7921875118045136 0.5437500283587724 0.20937500311993062 0.10625000158324838
1 0.691406260302756 0.751041705836542 0.2453125036554411 0.2234375033294782
1 0.45234375674044713 0.8958333800546825 0.05781250086147338 0.05312500079162419
1 0.8726562630035914 0.7572917061625049 0.048437500721774995 0.04531250067520887
0 0.28515625424915925 0.6739583684829995 0.1890625028172508 0.1671875024912879
0 0.09765625145519152 0.3781250197207555 0.1890625028172508 0.1671875024912879
0 0.46953125699656084 0.19270834338385612 0.1890625028172508 0.1671875024912879
0 0.6375000094994903 0.26875001401640475 0.16875000251457095 0.15625000232830644
0 0.7671875114319846 0.19375001010484993 0.16875000251457095 0.15625000232830644
0 0.8398437625146471 0.37291668611578643 0.1671875024912879 0.15937500237487257
0 0.2648437539464794 0.09791667177341878 0.16093750239815563 0.14375000214204192
0 0.4515625067288056 0.4375000228174031 0.18750000279396772 0.1406250020954758
0 0.9257812637952156 0.18437500961590558 0.14843750221189111 0.14843750221189111
0 0.5757812585798092 0.506250026402995 0.17343750258442014 0.14687500218860805
0 0.4078125060768798 0.5750000299885869 0.17187500256113708 0.16562500246800482
0 0.3570312553201802 0.8083333754912019 0.14843750221189111 0.15625000232830644
0 0.7921875118045136 0.5437500283587724 0.20937500311993062 0.10625000158324838
1 0.691406260302756 0.751041705836542 0.2453125036554411 0.2234375033294782
1 0.45234375674044713 0.8958333800546825 0.05781250086147338 0.05312500079162419
1 0.8726562630035914 0.7572917061625049 0.048437500721774995 0.04531250067520887
0 0.28515625424915925 0.6739583684829995 0.1890625028172508 0.1671875024912879
0 0.09765625145519152 0.3781250197207555 0.1890625028172508 0.1671875024912879
0 0.46953125699656084 0.19270834338385612 0.1890625028172508 0.1671875024912879
0 0.6375000094994903 0.26875001401640475 0.16875000251457095 0.15625000232830644
0 0.7671875114319846 0.19375001010484993 0.16875000251457095 0.15625000232830644
0 0.8398437625146471 0.37291668611578643 0.1671875024912879 0.15937500237487257
0 0.2648437539464794 0.09791667177341878 0.16093750239815563 0.14375000214204192
0 0.4515625067288056 0.4375000228174031 0.18750000279396772 0.1406250020954758
0 0.9257812637952156 0.18437500961590558 0.14843750221189111 0.14843750221189111
0 0.5757812585798092 0.506250026402995 0.17343750258442014 0.14687500218860805
0 0.4078125060768798 0.5750000299885869 0.17187500256113708 0.16562500246800482
0 0.3570312553201802 0.8083333754912019 0.14843750221189111 0.15625000232830644
0 0.7921875118045136 0.5437500283587724 0.20937500311993062 0.10625000158324838
1 0.691406260302756 0.751041705836542 0.2453125036554411 0.2234375033294782
2 0.45234375674044713 0.8958333800546825 0.05781250086147338 0.05312500079162419
2 0.8726562630035914 0.7572917061625049 0.048437500721774995 0.04531250067520887
0 0.28515625424915925 0.6739583684829995 0.1890625028172508 0.1671875024912879
0 0.09765625145519152 0.3781250197207555 0.1890625028172508 0.1671875024912879
0 0.46953125699656084 0.19270834338385612 0.1890625028172508 0.1671875024912879
0 0.6375000094994903 0.26875001401640475 0.16875000251457095 0.15625000232830644
0 0.7671875114319846 0.19375001010484993 0.16875000251457095 0.15625000232830644
0 0.8398437625146471 0.37291668611578643 0.1671875024912879 0.15937500237487257
0 0.2648437539464794 0.09791667177341878 0.16093750239815563 0.14375000214204192
0 0.4515625067288056 0.4375000228174031 0.18750000279396772 0.1406250020954758
0 0.9257812637952156 0.18437500961590558 0.14843750221189111 0.14843750221189111
0 0.5757812585798092 0.506250026402995 0.17343750258442014 0.14687500218860805
0 0.4078125060768798 0.5750000299885869 0.17187500256113708 0.16562500246800482
0 0.3570312553201802 0.8083333754912019 0.14843750221189111 0.15625000232830644
0 0.7921875118045136 0.5437500283587724 0.20937500311993062 0.10625000158324838
1 0.691406260302756 0.751041705836542 0.2453125036554411 0.2234375033294782
2 0.45234375674044713 0.8958333800546825 0.05781250086147338 0.05312500079162419
2 0.8726562630035914 0.7572917061625049 0.048437500721774995 0.04531250067520887
0 0.28515625 0.6739583611488342 0.18906250596046448 0.16718749701976776
0 0.09765625 0.37812501192092896 0.18906250596046448 0.16718749701976776
0 0.46953126788139343 0.1927083432674408 0.18906250596046448 0.16718749701976776
0 0.637499988079071 0.26875001192092896 0.16875000298023224 0.15625
0 0.7671875357627869 0.19375000894069672 0.16875000298023224 0.15625
0 0.83984375 0.37291669845581055 0.16718749701976776 0.15937499701976776
0 0.26484376192092896 0.09791667014360428 0.16093750298023224 0.14374999701976776
0 0.4515624940395355 0.4375000298023224 0.1875 0.140625
0 0.92578125 0.18437500298023224 0.1484375 0.1484375
0 0.5757812857627869 0.5062500238418579 0.17343750596046448 0.14687500894069672
0 0.4078125059604645 0.5750000476837158 0.171875 0.16562500596046448
0 0.3570312559604645 0.8083333969116211 0.1484375 0.15625
0 0.792187511920929 0.5437500476837158 0.20937500894069672 0.10625000298023224
1 0.69140625 0.7510417103767395 0.24531249701976776 0.22343750298023224
2 0.45234376192092896 0.8958333730697632 0.05781250074505806 0.05312500149011612
2 0.8726562857627869 0.7572917342185974 0.04843750223517418 0.04531250149011612
0 0.28515625 0.6739583611488342 0.18906250596046448 0.16718749701976776
0 0.09765625 0.37812501192092896 0.18906250596046448 0.16718749701976776
0 0.46953126788139343 0.1927083432674408 0.18906250596046448 0.16718749701976776
0 0.637499988079071 0.26875001192092896 0.16875000298023224 0.15625
0 0.7671875357627869 0.19375000894069672 0.16875000298023224 0.15625
0 0.83984375 0.37291669845581055 0.16718749701976776 0.15937499701976776
0 0.26484376192092896 0.09791667014360428 0.16093750298023224 0.14374999701976776
0 0.4515624940395355 0.4375000298023224 0.1875 0.140625
0 0.92578125 0.18437500298023224 0.1484375 0.1484375
0 0.5757812857627869 0.5062500238418579 0.17343750596046448 0.14687500894069672
0 0.4078125059604645 0.5750000476837158 0.171875 0.16562500596046448
0 0.3570312559604645 0.8083333969116211 0.1484375 0.15625
0 0.792187511920929 0.5437500476837158 0.20937500894069672 0.10625000298023224
1 0.69140625 0.7510417103767395 0.24531249701976776 0.22343750298023224
2 0.45234376192092896 0.8958333730697632 0.05781250074505806 0.05312500149011612
2 0.8726562857627869 0.7572917342185974 0.04843750223517418 0.04531250149011612
0 0.28515625 0.6739583611488342 0.18906250596046448 0.16718749701976776
0 0.09765625 0.37812501192092896 0.18906250596046448 0.16718749701976776
0 0.46953126788139343 0.1927083432674408 0.18906250596046448 0.16718749701976776
0 0.637499988079071 0.26875001192092896 0.16875000298023224 0.15625
0 0.7671875357627869 0.19375000894069672 0.16875000298023224 0.15625
0 0.83984375 0.37291669845581055 0.16718749701976776 0.15937499701976776
0 0.26484376192092896 0.09791667014360428 0.16093750298023224 0.14374999701976776
0 0.4515624940395355 0.4375000298023224 0.1875 0.140625
0 0.92578125 0.18437500298023224 0.1484375 0.1484375
0 0.5757812857627869 0.5062500238418579 0.17343750596046448 0.14687500894069672
0 0.4078125059604645 0.5750000476837158 0.171875 0.16562500596046448
0 0.3570312559604645 0.8083333969116211 0.1484375 0.15625
0 0.792187511920929 0.5437500476837158 0.20937500894069672 0.10625000298023224
1 0.69140625 0.7510417103767395 0.24531249701976776 0.22343750298023224
2 0.45234376192092896 0.8958333730697632 0.05781250074505806 0.05312500149011612
2 0.8726562857627869 0.7572917342185974 0.04843750223517418 0.04531250149011612
0 0.28515625 0.6739583611488342 0.18906250596046448 0.16718749701976776
0 0.09765625 0.37812501192092896 0.18906250596046448 0.16718749701976776
0 0.46953126788139343 0.1927083432674408 0.18906250596046448 0.16718749701976776
0 0.637499988079071 0.26875001192092896 0.16875000298023224 0.15625
0 0.7671875357627869 0.19375000894069672 0.16875000298023224 0.15625
0 0.83984375 0.37291669845581055 0.16718749701976776 0.15937499701976776
0 0.26484376192092896 0.09791667014360428 0.16093750298023224 0.14374999701976776
0 0.4515624940395355 0.4375000298023224 0.1875 0.140625
0 0.92578125 0.18437500298023224 0.1484375 0.1484375
0 0.5757812857627869 0.5062500238418579 0.17343750596046448 0.14687500894069672
0 0.4078125059604645 0.5750000476837158 0.171875 0.16562500596046448
0 0.3570312559604645 0.8083333969116211 0.1484375 0.15625
0 0.792187511920929 0.5437500476837158 0.20937500894069672 0.10625000298023224
1 0.69140625 0.7510417103767395 0.24531249701976776 0.22343750298023224
2 0.45234376192092896 0.8958333730697632 0.05781250074505806 0.05312500149011612
2 0.8726562857627869 0.7572917342185974 0.04843750223517418 0.04531250149011612
0 0.28515625 0.6739583611488342 0.18906250596046448 0.16718749701976776
0 0.09765625 0.37812501192092896 0.18906250596046448 0.16718749701976776
0 0.46953126788139343 0.1927083432674408 0.18906250596046448 0.16718749701976776
0 0.637499988079071 0.26875001192092896 0.16875000298023224 0.15625
0 0.7671875357627869 0.19375000894069672 0.16875000298023224 0.15625
0 0.83984375 0.37291669845581055 0.16718749701976776 0.15937499701976776
0 0.26484376192092896 0.09791667014360428 0.16093750298023224 0.14374999701976776
0 0.4515624940395355 0.4375000298023224 0.1875 0.140625
0 0.92578125 0.18437500298023224 0.1484375 0.1484375
0 0.5757812857627869 0.5062500238418579 0.17343750596046448 0.14687500894069672
0 0.4078125059604645 0.5750000476837158 0.171875 0.16562500596046448
0 0.3570312559604645 0.8083333969116211 0.1484375 0.15625
0 0.792187511920929 0.5437500476837158 0.20937500894069672 0.10625000298023224
1 0.69140625 0.7510417103767395 0.24531249701976776 0.22343750298023224
2 0.45234376192092896 0.8958333730697632 0.05781250074505806 0.05312500149011612
2 0.8726562857627869 0.7572917342185974 0.04843750223517418 0.04531250149011612
0 0.28515625 0.6739583611488342 0.18906250596046448 0.16718749701976776
0 0.09765625 0.37812501192092896 0.18906250596046448 0.16718749701976776
0 0.46953126788139343 0.1927083432674408 0.18906250596046448 0.16718749701976776
0 0.637499988079071 0.26875001192092896 0.16875000298023224 0.15625
0 0.7671875357627869 0.19375000894069672 0.16875000298023224 0.15625
0 0.83984375 0.37291669845581055 0.16718749701976776 0.15937499701976776
0 0.26484376192092896 0.09791667014360428 0.16093750298023224 0.14374999701976776
0 0.4515624940395355 0.4375000298023224 0.1875 0.140625
0 0.92578125 0.18437500298023224 0.1484375 0.1484375
0 0.5757812857627869 0.5062500238418579 0.17343750596046448 0.14687500894069672
0 0.4078125059604645 0.5750000476837158 0.171875 0.16562500596046448
0 0.3570312559604645 0.8083333969116211 0.1484375 0.15625
0 0.792187511920929 0.5437500476837158 0.20937500894069672 0.10625000298023224
1 0.69140625 0.7510417103767395 0.24531249701976776 0.22343750298023224
2 0.45234376192092896 0.8958333730697632 0.05781250074505806 0.05312500149011612
2 0.8726562857627869 0.7572917342185974 0.04843750223517418 0.04531250149011612
0 0.28515625 0.6739583611488342 0.18906250596046448 0.16718749701976776
0 0.09765625 0.37812501192092896 0.18906250596046448 0.16718749701976776
0 0.46953126788139343 0.1927083432674408 0.18906250596046448 0.16718749701976776
0 0.637499988079071 0.26875001192092896 0.16875000298023224 0.15625
0 0.7671875357627869 0.19375000894069672 0.16875000298023224 0.15625
0 0.83984375 0.37291669845581055 0.16718749701976776 0.15937499701976776
0 0.26484376192092896 0.09791667014360428 0.16093750298023224 0.14374999701976776
0 0.4515624940395355 0.4375000298023224 0.1875 0.140625
0 0.92578125 0.18437500298023224 0.1484375 0.1484375
0 0.5757812857627869 0.5062500238418579 0.17343750596046448 0.14687500894069672
0 0.4078125059604645 0.5750000476837158 0.171875 0.16562500596046448
0 0.3570312559604645 0.8083333969116211 0.1484375 0.15625
0 0.792187511920929 0.5437500476837158 0.20937500894069672 0.10625000298023224
1 0.69140625 0.7510417103767395 0.24531249701976776 0.22343750298023224
2 0.45234376192092896 0.8958333730697632 0.05781250074505806 0.05312500149011612
2 0.8726562857627869 0.7572917342185974 0.04843750223517418 0.04531250149011612
