0 0.24687500367872417 0.22500001173466444 0.19062500284053385 0.1531250022817403
0 0.4156250061932951 0.1854166763368994 0.16562500246800482 0.15937500237487257
0 0.2648437539464794 0.6375000332482159 0.17343750258442014 0.1625000024214387
0 0.9085937635391019 0.5312500277068466 0.1671875024912879 0.14375000214204192
0 0.5664062584401108 0.29375001532025635 0.1671875024912879 0.14375000214204192
0 0.6140625091502443 0.2770833477843553 0.15625000232830644 0.12500000186264515
0 0.7718750115018338 0.1979166769888252 0.15625000232830644 0.12500000186264515
0 0.10390625154832378 0.5197916937759146 0.2015625030035153 0.19531250291038305
0 0.23203125345753506 0.8635417117038742 0.16406250244472176 0.16406250244472176
0 0.7367187609779648 0.7364583717426285 0.15156250225845724 0.13906250207219273
0 0.8625000128522515 0.8833333794027567 0.19062500284053385 0.1750000026077032
0 0.37500000558793545 0.38020835316274315 0.1843750027474016 0.15156250225845724
0 0.5390625080326572 0.8385417104000226 0.1750000026077032 0.15468750230502337
0 0.0656250009778887 0.16562500863801688 0.12812500190921128 0.17343750258442014
1 0.5359375079860911 0.5395833614747971 0.2281250033993274 0.20937500311993062
1 0.16171875240979716 0.38750002020969987 0.0703125010477379 0.05625000083819032
0 0.24687500367872417 0.22500001173466444 0.19062500284053385 0.1531250022817403
0 0.4156250061932951 0.1854166763368994 0.16562500246800482 0.15937500237487257
0 0.2648437539464794 0.6375000332482159 0.17343750258442014 0.1625000024214387
0 0.9085937635391019 0.5312500277068466 0.1671875024912879 0.14375000214204192
0 0.5664062584401108 0.29375001532025635 0.1671875024912879 0.14375000214204192
0 0.6140625091502443 0.2770833477843553 0.15625000232830644 0.12500000186264515
0 0.7718750115018338 0.1979166769888252 0.15625000232830644 0.12500000186264515
0 0.10390625154832378 0.5197916937759146 0.2015625030035153 0.19531250291038305
0 0.23203125345753506 0.8635417117038742 0.16406250244472176 0.16406250244472176
0 0.7367187609779648 0.7364583717426285 0.15156250225845724 0.13906250207219273
0 0.8625000128522515 0.8833333794027567 0.19062500284053385 0.1750000026077032
0 0.37500000558793545 0.38020835316274315 0.1843750027474016 0.15156250225845724
0 0.5390625080326572 0.8385417104000226 0.1750000026077032 0.15468750230502337
0 0.0656250009778887 0.16562500863801688 0.12812500190921128 0.17343750258442014
1 0.5359375079860911 0.5395833614747971 0.2281250033993274 0.20937500311993062
1 0.16171875240979716 0.38750002020969987 0.0703125010477379 0.05625000083819032
0 0.24687500367872417 0.22500001173466444 0.19062500284053385 0.1531250022817403
0 0.4156250061932951 0.1854166763368994 0.16562500246800482 0.15937500237487257
0 0.2648437539464794 0.6375000332482159 0.17343750258442014 0.1625000024214387
0 0.9085937635391019 0.5312500277068466 0.1671875024912879 0.14375000214204192
0 0.5664062584401108 0.29375001532025635 0.1671875024912879 0.14375000214204192
0 0.6140625091502443 0.2770833477843553 0.15625000232830644 0.12500000186264515
0 0.7718750115018338 0.1979166769888252 0.15625000232830644 0.12500000186264515
0 0.10390625154832378 0.5197916937759146 0.2015625030035153 0.19531250291038305
0 0.23203125345753506 0.8635417117038742 0.16406250244472176 0.16406250244472176
0 0.7367187609779648 0.7364583717426285 0.15156250225845724 0.13906250207219273
0 0.8625000128522515 0.8833333794027567 0.19062500284053385 0.1750000026077032
0 0.37500000558793545 0.38020835316274315 0.1843750027474016 0.15156250225845724
0 0.5390625080326572 0.8385417104000226 0.1750000026077032 0.15468750230502337
0 0.0656250009778887 0.16562500863801688 0.12812500190921128 0.17343750258442014
1 0.5359375079860911 0.5395833614747971 0.2281250033993274 0.20937500311993062
1 0.16171875240979716 0.38750002020969987 0.0703125010477379 0.05625000083819032
0 0.24687500367872417 0.22500001173466444 0.19062500284053385 0.1531250022817403
0 0.4156250061932951 0.1854166763368994 0.16562500246800482 0.15937500237487257
0 0.2648437539464794 0.6375000332482159 0.17343750258442014 0.1625000024214387
0 0.9085937635391019 0.5312500277068466 0.1671875024912879 0.14375000214204192
0 0.5664062584401108 0.29375001532025635 0.1671875024912879 0.14375000214204192
0 0.6140625091502443 0.2770833477843553 0.15625000232830644 0.12500000186264515
0 0.7718750115018338 0.1979166769888252 0.15625000232830644 0.12500000186264515
0 0.10390625154832378 0.5197916937759146 0.2015625030035153 0.19531250291038305
0 0.23203125345753506 0.8635417117038742 0.16406250244472176 0.16406250244472176
0 0.7367187609779648 0.7364583717426285 0.15156250225845724 0.13906250207219273
0 0.8625000128522515 0.8833333794027567 0.19062500284053385 0.1750000026077032
0 0.37500000558793545 0.38020835316274315 0.1843750027474016 0.15156250225845724
0 0.5390625080326572 0.8385417104000226 0.1750000026077032 0.15468750230502337
0 0.0656250009778887 0.16562500863801688 0.12812500190921128 0.17343750258442014
1 0.5359375079860911 0.5395833614747971 0.2281250033993274 0.20937500311993062
1 0.16171875240979716 0.38750002020969987 0.0703125010477379 0.05625000083819032
0 0.24687500367872417 0.22500001173466444 0.19062500284053385 0.1531250022817403
0 0.4156250061932951 0.1854166763368994 0.16562500246800482 0.15937500237487257
0 0.2648437539464794 0.6375000332482159 0.17343750258442014 0.1625000024214387
0 0.9085937635391019 0.5312500277068466 0.1671875024912879 0.14375000214204192
0 0.5664062584401108 0.29375001532025635 0.1671875024912879 0.14375000214204192
0 0.6140625091502443 0.2770833477843553 0.15625000232830644 0.12500000186264515
0 0.7718750115018338 0.1979166769888252 0.15625000232830644 0.12500000186264515
0 0.10390625154832378 0.5197916937759146 0.2015625030035153 0.19531250291038305
0 0.23203125345753506 0.8635417117038742 0.16406250244472176 0.16406250244472176
0 0.7367187609779648 0.7364583717426285 0.15156250225845724 0.13906250207219273
0 0.8625000128522515 0.8833333794027567 0.19062500284053385 0.1750000026077032
0 0.37500000558793545 0.38020835316274315 0.1843750027474016 0.15156250225845724
0 0.5390625080326572 0.8385417104000226 0.1750000026077032 0.15468750230502337
0 0.0656250009778887 0.16562500863801688 0.12812500190921128 0.17343750258442014
1 0.5359375079860911 0.5395833614747971 0.2281250033993274 0.20937500311993062
1 0.16171875240979716 0.38750002020969987 0.0703125010477379 0.05625000083819032
0 0.24687500367872417 0.22500001173466444 0.19062500284053385 0.1531250022817403
0 0.4156250061932951 0.1854166763368994 0.16562500246800482 0.15937500237487257
0 0.2648437539464794 0.6375000332482159 0.17343750258442014 0.1625000024214387
0 0.9085937635391019 0.5312500277068466 0.1671875024912879 0.14375000214204192
0 0.5664062584401108 0.29375001532025635 0.1671875024912879 0.14375000214204192
0 0.6140625091502443 0.2770833477843553 0.15625000232830644 0.12500000186264515
0 0.7718750115018338 0.1979166769888252 0.15625000232830644 0.12500000186264515
0 0.10390625154832378 0.5197916937759146 0.2015625030035153 0.19531250291038305
0 0.23203125345753506 0.8635417117038742 0.16406250244472176 0.16406250244472176
0 0.7367187609779648 0.7364583717426285 0.15156250225845724 0.13906250207219273
0 0.8625000128522515 0.8833333794027567 0.19062500284053385 0.1750000026077032
0 0.37500000558793545 0.38020835316274315 0.1843750027474016 0.15156250225845724
0 0.5390625080326572 0.8385417104000226 0.1750000026077032 0.15468750230502337
0 0.0656250009778887 0.16562500863801688 0.12812500190921128 0.17343750258442014
1 0.5359375079860911 0.5395833614747971 0.2281250033993274 0.20937500311993062
1 0.16171875240979716 0.38750002020969987 0.0703125010477379 0.05625000083819032
0 0.24687500367872417 0.22500001173466444 0.19062500284053385 0.1531250022817403
0 0.4156250061932951 0.1854166763368994 0.16562500246800482 0.15937500237487257
0 0.2648437539464794 0.6375000332482159 0.17343750258442014 0.1625000024214387
0 0.9085937635391019 0.5312500277068466 0.1671875024912879 0.14375000214204192
0 0.5664062584401108 0.29375001532025635 0.1671875024912879 0.14375000214204192
0 0.6140625091502443 0.2770833477843553 0.15625000232830644 0.12500000186264515
0 0.7718750115018338 0.1979166769888252 0.15625000232830644 0.12500000186264515
0 0.10390625154832378 0.5197916937759146 0.2015625030035153 0.19531250291038305
0 0.23203125345753506 0.8635417117038742 0.16406250244472176 0.16406250244472176
0 0.7367187609779648 0.7364583717426285 0.15156250225845724 0.13906250207219273
0 0.8625000128522515 0.8833333794027567 0.19062500284053385 0.1750000026077032
0 0.37500000558793545 0.38020835316274315 0.1843750027474016 0.15156250225845724
0 0.5390625080326572 0.8385417104000226 0.1750000026077032 0.15468750230502337
0 0.0656250009778887 0.16562500863801688 0.12812500190921128 0.17343750258442014
1 0.5359375079860911 0.5395833614747971 0.2281250033993274 0.20937500311993062
1 0.16171875240979716 0.38750002020969987 0.0703125010477379 0.05625000083819032
0 0.24687500367872417 0.22500001173466444 0.19062500284053385 0.1531250022817403
0 0.4156250061932951 0.1854166763368994 0.16562500246800482 0.15937500237487257
0 0.2648437539464794 0.6375000332482159 0.17343750258442014 0.1625000024214387
0 0.9085937635391019 0.5312500277068466 0.1671875024912879 0.14375000214204192
0 0.5664062584401108 0.29375001532025635 0.1671875024912879 0.14375000214204192
0 0.6140625091502443 0.2770833477843553 0.15625000232830644 0.12500000186264515
0 0.7718750115018338 0.1979166769888252 0.15625000232830644 0.12500000186264515
0 0.10390625154832378 0.5197916937759146 0.2015625030035153 0.19531250291038305
0 0.23203125345753506 0.8635417117038742 0.16406250244472176 0.16406250244472176
0 0.7367187609779648 0.7364583717426285 0.15156250225845724 0.13906250207219273
0 0.8625000128522515 0.8833333794027567 0.19062500284053385 0.1750000026077032
0 0.37500000558793545 0.38020835316274315 0.1843750027474016 0.15156250225845724
0 0.5390625080326572 0.8385417104000226 0.1750000026077032 0.15468750230502337
0 0.0656250009778887 0.16562500863801688 0.12812500190921128 0.17343750258442014
1 0.5359375079860911 0.5395833614747971 0.2281250033993274 0.20937500311993062
1 0.16171875240979716 0.38750002020969987 0.0703125010477379 0.05625000083819032
0 0.24687500367872417 0.22500001173466444 0.19062500284053385 0.1531250022817403
0 0.4156250061932951 0.1854166763368994 0.16562500246800482 0.15937500237487257
0 0.2648437539464794 0.6375000332482159 0.17343750258442014 0.1625000024214387
0 0.9085937635391019 0.5312500277068466 0.1671875024912879 0.14375000214204192
0 0.5664062584401108 0.29375001532025635 0.1671875024912879 0.14375000214204192
0 0.6140625091502443 0.2770833477843553 0.15625000232830644 0.12500000186264515
0 0.7718750115018338 0.1979166769888252 0.15625000232830644 0.12500000186264515
0 0.10390625154832378 0.5197916937759146 0.2015625030035153 0.19531250291038305
0 0.23203125345753506 0.8635417117038742 0.16406250244472176 0.16406250244472176
0 0.7367187609779648 0.7364583717426285 0.15156250225845724 0.13906250207219273
0 0.8625000128522515 0.8833333794027567 0.19062500284053385 0.1750000026077032
0 0.37500000558793545 0.38020835316274315 0.1843750027474016 0.15156250225845724
0 0.5390625080326572 0.8385417104000226 0.1750000026077032 0.15468750230502337
0 0.0656250009778887 0.16562500863801688 0.12812500190921128 0.17343750258442014
1 0.5359375079860911 0.5395833614747971 0.2281250033993274 0.20937500311993062
1 0.16171875240979716 0.38750002020969987 0.0703125010477379 0.05625000083819032
0 0.24687500367872417 0.22500001173466444 0.19062500284053385 0.1531250022817403
0 0.4156250061932951 0.1854166763368994 0.16562500246800482 0.15937500237487257
0 0.2648437539464794 0.6375000332482159 0.17343750258442014 0.1625000024214387
0 0.9085937635391019 0.5312500277068466 0.1671875024912879 0.14375000214204192
0 0.5664062584401108 0.29375001532025635 0.1671875024912879 0.14375000214204192
0 0.6140625091502443 0.2770833477843553 0.15625000232830644 0.12500000186264515
0 0.7718750115018338 0.1979166769888252 0.15625000232830644 0.12500000186264515
0 0.10390625154832378 0.5197916937759146 0.2015625030035153 0.19531250291038305
0 0.23203125345753506 0.8635417117038742 0.16406250244472176 0.16406250244472176
0 0.7367187609779648 0.7364583717426285 0.15156250225845724 0.13906250207219273
0 0.8625000128522515 0.8833333794027567 0.19062500284053385 0.1750000026077032
0 0.37500000558793545 0.38020835316274315 0.1843750027474016 0.15156250225845724
0 0.5390625080326572 0.8385417104000226 0.1750000026077032 0.15468750230502337
0 0.0656250009778887 0.16562500863801688 0.12812500190921128 0.17343750258442014
1 0.5359375079860911 0.5395833614747971 0.2281250033993274 0.20937500311993062
1 0.16171875240979716 0.38750002020969987 0.0703125010477379 0.05625000083819032
0 0.24687500367872417 0.22500001173466444 0.19062500284053385 0.1531250022817403
0 0.4156250061932951 0.1854166763368994 0.16562500246800482 0.15937500237487257
0 0.2648437539464794 0.6375000332482159 0.17343750258442014 0.1625000024214387
0 0.9085937635391019 0.5312500277068466 0.1671875024912879 0.14375000214204192
0 0.5664062584401108 0.29375001532025635 0.1671875024912879 0.14375000214204192
0 0.6140625091502443 0.2770833477843553 0.15625000232830644 0.12500000186264515
0 0.7718750115018338 0.1979166769888252 0.15625000232830644 0.12500000186264515
0 0.10390625154832378 0.5197916937759146 0.2015625030035153 0.19531250291038305
0 0.23203125345753506 0.8635417117038742 0.16406250244472176 0.16406250244472176
0 0.7367187609779648 0.7364583717426285 0.15156250225845724 0.13906250207219273
0 0.8625000128522515 0.8833333794027567 0.19062500284053385 0.1750000026077032
0 0.37500000558793545 0.38020835316274315 0.1843750027474016 0.15156250225845724
0 0.5390625080326572 0.8385417104000226 0.1750000026077032 0.15468750230502337
0 0.0656250009778887 0.16562500863801688 0.12812500190921128 0.17343750258442014
1 0.5359375079860911 0.5395833614747971 0.2281250033993274 0.20937500311993062
1 0.16171875240979716 0.38750002020969987 0.0703125010477379 0.05625000083819032
0 0.24687500367872417 0.22500001173466444 0.19062500284053385 0.1531250022817403
0 0.4156250061932951 0.1854166763368994 0.16562500246800482 0.15937500237487257
0 0.2648437539464794 0.6375000332482159 0.17343750258442014 0.1625000024214387
0 0.9085937635391019 0.5312500277068466 0.1671875024912879 0.14375000214204192
0 0.5664062584401108 0.29375001532025635 0.1671875024912879 0.14375000214204192
0 0.6140625091502443 0.2770833477843553 0.15625000232830644 0.12500000186264515
0 0.7718750115018338 0.1979166769888252 0.15625000232830644 0.12500000186264515
0 0.10390625154832378 0.5197916937759146 0.2015625030035153 0.19531250291038305
0 0.23203125345753506 0.8635417117038742 0.16406250244472176 0.16406250244472176
0 0.7367187609779648 0.7364583717426285 0.15156250225845724 0.13906250207219273
0 0.8625000128522515 0.8833333794027567 0.19062500284053385 0.1750000026077032
0 0.37500000558793545 0.38020835316274315 0.1843750027474016 0.15156250225845724
0 0.5390625080326572 0.8385417104000226 0.1750000026077032 0.15468750230502337
0 0.0656250009778887 0.16562500863801688 0.12812500190921128 0.17343750258442014
1 0.5359375079860911 0.5395833614747971 0.2281250033993274 0.20937500311993062
1 0.16171875240979716 0.38750002020969987 0.0703125010477379 0.05625000083819032
0 0.24687500367872417 0.22500001173466444 0.19062500284053385 0.1531250022817403
0 0.4156250061932951 0.1854166763368994 0.16562500246800482 0.15937500237487257
0 0.2648437539464794 0.6375000332482159 0.17343750258442014 0.1625000024214387
0 0.9085937635391019 0.5312500277068466 0.1671875024912879 0.14375000214204192
0 0.5664062584401108 0.29375001532025635 0.1671875024912879 0.14375000214204192
0 0.6140625091502443 0.2770833477843553 0.15625000232830644 0.12500000186264515
0 0.7718750115018338 0.1979166769888252 0.15625000232830644 0.12500000186264515
0 0.10390625154832378 0.5197916937759146 0.2015625030035153 0.19531250291038305
0 0.23203125345753506 0.8635417117038742 0.16406250244472176 0.16406250244472176
0 0.7367187609779648 0.7364583717426285 0.15156250225845724 0.13906250207219273
0 0.8625000128522515 0.8833333794027567 0.19062500284053385 0.1750000026077032
0 0.37500000558793545 0.38020835316274315 0.1843750027474016 0.15156250225845724
0 0.5390625080326572 0.8385417104000226 0.1750000026077032 0.15468750230502337
0 0.0656250009778887 0.16562500863801688 0.12812500190921128 0.17343750258442014
1 0.5359375079860911 0.5395833614747971 0.2281250033993274 0.20937500311993062
1 0.16171875240979716 0.38750002020969987 0.0703125010477379 0.05625000083819032
0 0.24687500367872417 0.22500001173466444 0.19062500284053385 0.1531250022817403
0 0.4156250061932951 0.1854166763368994 0.16562500246800482 0.15937500237487257
0 0.2648437539464794 0.6375000332482159 0.17343750258442014 0.1625000024214387
0 0.9085937635391019 0.5312500277068466 0.1671875024912879 0.14375000214204192
0 0.5664062584401108 0.29375001532025635 0.1671875024912879 0.14375000214204192
0 0.6140625091502443 0.2770833477843553 0.15625000232830644 0.12500000186264515
0 0.7718750115018338 0.1979166769888252 0.15625000232830644 0.12500000186264515
0 0.10390625154832378 0.5197916937759146 0.2015625030035153 0.19531250291038305
0 0.23203125345753506 0.8635417117038742 0.16406250244472176 0.16406250244472176
0 0.7367187609779648 0.7364583717426285 0.15156250225845724 0.13906250207219273
0 0.8625000128522515 0.8833333794027567 0.19062500284053385 0.1750000026077032
0 0.37500000558793545 0.38020835316274315 0.1843750027474016 0.15156250225845724
0 0.5390625080326572 0.8385417104000226 0.1750000026077032 0.15468750230502337
0 0.0656250009778887 0.16562500863801688 0.12812500190921128 0.17343750258442014
1 0.5359375079860911 0.5395833614747971 0.2281250033993274 0.20937500311993062
2 0.16171875240979716 0.38750002020969987 0.0703125010477379 0.05625000083819032
0 0.24687500367872417 0.22500001173466444 0.19062500284053385 0.1531250022817403
0 0.4156250061932951 0.1854166763368994 0.16562500246800482 0.15937500237487257
0 0.2648437539464794 0.6375000332482159 0.17343750258442014 0.1625000024214387
0 0.9085937635391019 0.5312500277068466 0.1671875024912879 0.14375000214204192
0 0.5664062584401108 0.29375001532025635 0.1671875024912879 0.14375000214204192
0 0.6140625091502443 0.2770833477843553 0.15625000232830644 0.12500000186264515
0 0.7718750115018338 0.1979166769888252 0.15625000232830644 0.12500000186264515
0 0.10390625154832378 0.5197916937759146 0.2015625030035153 0.19531250291038305
0 0.23203125345753506 0.8635417117038742 0.16406250244472176 0.16406250244472176
0 0.7367187609779648 0.7364583717426285 0.15156250225845724 0.13906250207219273
0 0.8625000128522515 0.8833333794027567 0.19062500284053385 0.1750000026077032
0 0.37500000558793545 0.38020835316274315 0.1843750027474016 0.15156250225845724
0 0.5390625080326572 0.8385417104000226 0.1750000026077032 0.15468750230502337
0 0.0656250009778887 0.16562500863801688 0.12812500190921128 0.17343750258442014
1 0.5359375079860911 0.5395833614747971 0.2281250033993274 0.20937500311993062
2 0.16171875240979716 0.38750002020969987 0.0703125010477379 0.05625000083819032
0 0.24687500298023224 0.22500000894069672 0.19062499701976776 0.15312500298023224
0 0.4156250059604645 0.18541668355464935 0.16562500596046448 0.15937499701976776
0 0.26484376192092896 0.6375000476837158 0.17343750596046448 0.16250000894069672
0 0.9085937738418579 0.53125 0.16718749701976776 0.14374999701976776
0 0.56640625 0.29375001788139343 0.16718749701976776 0.14374999701976776
0 0.614062488079071 0.2770833373069763 0.15625 0.125
0 0.7718750238418579 0.1979166716337204 0.15625 0.125
0 0.10390625149011612 0.5197917222976685 0.20156250894069672 0.1953125
0 0.23203125596046448 0.8635417222976685 0.1640625 0.1640625
0 0.7367187738418579 0.7364583611488342 0.15156249701976776 0.13906250894069672
0 0.862500011920929 0.8833333849906921 0.19062499701976776 0.17499999701976776
0 0.375 0.3802083432674408 0.18437500298023224 0.15156249701976776
0 0.5390625 0.8385416865348816 0.17499999701976776 0.15468750894069672
0 0.06562500447034836 0.16562500596046448 0.12812499701976776 0.17343750596046448
1 0.535937488079071 0.5395833849906921 0.22812500596046448 0.20937500894069672
2 0.16171875596046448 0.38750001788139343 0.0703125 0.05625000223517418
0 0.24687500298023224 0.22500000894069672 0.19062499701976776 0.15312500298023224
0 0.4156250059604645 0.18541668355464935 0.16562500596046448 0.15937499701976776
0 0.26484376192092896 0.6375000476837158 0.17343750596046448 0.16250000894069672
0 0.9085937738418579 0.53125 0.16718749701976776 0.14374999701976776
0 0.56640625 0.29375001788139343 0.16718749701976776 0.14374999701976776
0 0.614062488079071 0.2770833373069763 0.15625 0.125
0 0.7718750238418579 0.1979166716337204 0.15625 0.125
0 0.10390625149011612 0.5197917222976685 0.20156250894069672 0.1953125
0 0.23203125596046448 0.8635417222976685 0.1640625 0.1640625
0 0.7367187738418579 0.7364583611488342 0.15156249701976776 0.13906250894069672
0 0.862500011920929 0.8833333849906921 0.19062499701976776 0.17499999701976776
0 0.375 0.3802083432674408 0.18437500298023224 0.15156249701976776
0 0.5390625 0.8385416865348816 0.17499999701976776 0.15468750894069672
0 0.06562500447034836 0.16562500596046448 0.12812499701976776 0.17343750596046448
1 0.535937488079071 0.5395833849906921 0.22812500596046448 0.20937500894069672
2 0.16171875596046448 0.38750001788139343 0.0703125 0.05625000223517418
0 0.24687500298023224 0.22500000894069672 0.19062499701976776 0.15312500298023224
0 0.4156250059604645 0.18541668355464935 0.16562500596046448 0.15937499701976776
0 0.26484376192092896 0.6375000476837158 0.17343750596046448 0.16250000894069672
0 0.9085937738418579 0.53125 0.16718749701976776 0.14374999701976776
0 0.56640625 0.29375001788139343 0.16718749701976776 0.14374999701976776
0 0.614062488079071 0.2770833373069763 0.15625 0.125
0 0.7718750238418579 0.1979166716337204 0.15625 0.125
0 0.10390625149011612 0.5197917222976685 0.20156250894069672 0.1953125
0 0.23203125596046448 0.8635417222976685 0.1640625 0.1640625
0 0.7367187738418579 0.7364583611488342 0.15156249701976776 0.13906250894069672
0 0.862500011920929 0.8833333849906921 0.19062499701976776 0.17499999701976776
0 0.375 0.3802083432674408 0.18437500298023224 0.15156249701976776
0 0.5390625 0.8385416865348816 0.17499999701976776 0.15468750894069672
0 0.06562500447034836 0.16562500596046448 0.12812499701976776 0.17343750596046448
1 0.535937488079071 0.5395833849906921 0.22812500596046448 0.20937500894069672
2 0.16171875596046448 0.38750001788139343 0.0703125 0.05625000223517418
0 0.24687500298023224 0.22500000894069672 0.19062499701976776 0.15312500298023224
0 0.4156250059604645 0.18541668355464935 0.16562500596046448 0.15937499701976776
0 0.26484376192092896 0.6375000476837158 0.17343750596046448 0.16250000894069672
0 0.9085937738418579 0.53125 0.16718749701976776 0.14374999701976776
0 0.56640625 0.29375001788139343 0.16718749701976776 0.14374999701976776
0 0.614062488079071 0.2770833373069763 0.15625 0.125
0 0.7718750238418579 0.1979166716337204 0.15625 0.125
0 0.10390625149011612 0.5197917222976685 0.20156250894069672 0.1953125
0 0.23203125596046448 0.8635417222976685 0.1640625 0.1640625
0 0.7367187738418579 0.7364583611488342 0.15156249701976776 0.13906250894069672
0 0.862500011920929 0.8833333849906921 0.19062499701976776 0.17499999701976776
0 0.375 0.3802083432674408 0.18437500298023224 0.15156249701976776
0 0.5390625 0.8385416865348816 0.17499999701976776 0.15468750894069672
0 0.06562500447034836 0.16562500596046448 0.12812499701976776 0.17343750596046448
1 0.535937488079071 0.5395833849906921 0.22812500596046448 0.20937500894069672
2 0.16171875596046448 0.38750001788139343 0.0703125 0.05625000223517418
0 0.24687500298023224 0.22500000894069672 0.19062499701976776 0.15312500298023224
0 0.4156250059604645 0.18541668355464935 0.16562500596046448 0.15937499701976776
0 0.26484376192092896 0.6375000476837158 0.17343750596046448 0.16250000894069672
0 0.9085937738418579 0.53125 0.16718749701976776 0.14374999701976776
0 0.56640625 0.29375001788139343 0.16718749701976776 0.14374999701976776
0 0.614062488079071 0.2770833373069763 0.15625 0.125
0 0.7718750238418579 0.1979166716337204 0.15625 0.125
0 0.10390625149011612 0.5197917222976685 0.20156250894069672 0.1953125
0 0.23203125596046448 0.8635417222976685 0.1640625 0.1640625
0 0.7367187738418579 0.7364583611488342 0.15156249701976776 0.13906250894069672
0 0.862500011920929 0.8833333849906921 0.19062499701976776 0.17499999701976776
0 0.375 0.3802083432674408 0.18437500298023224 0.15156249701976776
0 0.5390625 0.8385416865348816 0.17499999701976776 0.15468750894069672
0 0.06562500447034836 0.16562500596046448 0.12812499701976776 0.17343750596046448
1 0.535937488079071 0.5395833849906921 0.22812500596046448 0.20937500894069672
2 0.16171875596046448 0.38750001788139343 0.0703125 0.05625000223517418
0 0.24687500298023224 0.22500000894069672 0.19062499701976776 0.15312500298023224
0 0.4156250059604645 0.18541668355464935 0.16562500596046448 0.15937499701976776
0 0.26484376192092896 0.6375000476837158 0.17343750596046448 0.16250000894069672
0 0.9085937738418579 0.53125 0.16718749701976776 0.14374999701976776
0 0.56640625 0.29375001788139343 0.16718749701976776 0.14374999701976776
0 0.614062488079071 0.2770833373069763 0.15625 0.125
0 0.7718750238418579 0.1979166716337204 0.15625 0.125
0 0.10390625149011612 0.5197917222976685 0.20156250894069672 0.1953125
0 0.23203125596046448 0.8635417222976685 0.1640625 0.1640625
0 0.7367187738418579 0.7364583611488342 0.15156249701976776 0.13906250894069672
0 0.862500011920929 0.8833333849906921 0.19062499701976776 0.17499999701976776
0 0.375 0.3802083432674408 0.18437500298023224 0.15156249701976776
0 0.5390625 0.8385416865348816 0.17499999701976776 0.15468750894069672
0 0.06562500447034836 0.16562500596046448 0.12812499701976776 0.17343750596046448
1 0.535937488079071 0.5395833849906921 0.22812500596046448 0.20937500894069672
2 0.16171875596046448 0.38750001788139343 0.0703125 0.05625000223517418
0 0.24687500298023224 0.22500000894069672 0.19062499701976776 0.15312500298023224
0 0.4156250059604645 0.18541668355464935 0.16562500596046448 0.15937499701976776
0 0.26484376192092896 0.6375000476837158 0.17343750596046448 0.16250000894069672
0 0.9085937738418579 0.53125 0.16718749701976776 0.14374999701976776
0 0.56640625 0.29375001788139343 0.16718749701976776 0.14374999701976776
0 0.614062488079071 0.2770833373069763 0.15625 0.125
0 0.7718750238418579 0.1979166716337204 0.15625 0.125
0 0.10390625149011612 0.5197917222976685 0.20156250894069672 0.1953125
0 0.23203125596046448 0.8635417222976685 0.1640625 0.1640625
0 0.7367187738418579 0.7364583611488342 0.15156249701976776 0.13906250894069672
0 0.862500011920929 0.8833333849906921 0.19062499701976776 0.17499999701976776
0 0.375 0.3802083432674408 0.18437500298023224 0.15156249701976776
0 0.5390625 0.8385416865348816 0.17499999701976776 0.15468750894069672
0 0.06562500447034836 0.16562500596046448 0.12812499701976776 0.17343750596046448
1 0.535937488079071 0.5395833849906921 0.22812500596046448 0.20937500894069672
2 0.16171875596046448 0.38750001788139343 0.0703125 0.05625000223517418
