0 0.9054687634925358 0.8520833777729422 0.17031250253785402 0.16562500246800482
0 0.7601562613272108 0.8166667092591524 0.17031250253785402 0.16562500246800482
0 0.2773437541327439 0.8604167115408927 0.14531250216532499 0.1625000024214387
0 0.5757812585798092 0.7093750369967893 0.18593750277068466 0.1890625028172508
0 0.6539062597439624 0.534375027869828 0.18593750277068466 0.1890625028172508
0 0.6960937603726052 0.11875000619329512 0.17343750258442014 0.1750000026077032
0 0.8164062621654011 0.517708360333927 0.15468750230502337 0.15156250225845724
0 0.15703125233994797 0.3093750161351636 0.1671875024912879 0.17343750258442014
0 0.1843750027474016 0.7083333702757955 0.19062500284053385 0.15625000232830644
0 0.40390625601867214 0.6802083688089624 0.16406250244472176 0.14843750221189111
0 0.4195312562515028 0.9010417136596516 0.16406250244472176 0.14843750221189111
0 0.2601562538766302 0.16979167552199215 0.16406250244472176 0.17343750258442014
0 0.37734375562286004 0.09687500505242497 0.15468750230502337 0.14218750211875886
1 0.8351562624447979 0.3531250184169039 0.051562500768341124 0.0703125010477379
1 0.7101562605821528 0.3458333513699472 0.08593750128056854 0.08125000121071935
1 0.20703125308500603 0.47812502493616194 0.06406250095460564 0.0703125010477379
1 0.20781250309664756 0.39895835414063185 0.059375000884756446 0.05468750081490725
1 0.45312500675208867 0.3385416843229905 0.33125000493600965 0.30468750454019755
0 0.9054687634925358 0.8520833777729422 0.17031250253785402 0.16562500246800482
0 0.7601562613272108 0.8166667092591524 0.17031250253785402 0.16562500246800482
0 0.2773437541327439 0.8604167115408927 0.14531250216532499 0.1625000024214387
0 0.5757812585798092 0.7093750369967893 0.18593750277068466 0.1890625028172508
0 0.6539062597439624 0.534375027869828 0.18593750277068466 0.1890625028172508
0 0.6960937603726052 0.11875000619329512 0.17343750258442014 0.1750000026077032
0 0.8164062621654011 0.517708360333927 0.15468750230502337 0.15156250225845724
0 0.15703125233994797 0.3093750161351636 0.1671875024912879 0.17343750258442014
0 0.1843750027474016 0.7083333702757955 0.19062500284053385 0.15625000232830644
0 0.40390625601867214 0.6802083688089624 0.16406250244472176 0.14843750221189111
0 0.4195312562515028 0.9010417136596516 0.16406250244472176 0.14843750221189111
0 0.2601562538766302 0.16979167552199215 0.16406250244472176 0.17343750258442014
0 0.37734375562286004 0.09687500505242497 0.15468750230502337 0.14218750211875886
1 0.8351562624447979 0.3531250184169039 0.051562500768341124 0.0703125010477379
1 0.7101562605821528 0.3458333513699472 0.08593750128056854 0.08125000121071935
1 0.20703125308500603 0.47812502493616194 0.06406250095460564 0.0703125010477379
1 0.20781250309664756 0.39895835414063185 0.059375000884756446 0.05468750081490725
1 0.45312500675208867 0.3385416843229905 0.33125000493600965 0.30468750454019755
0 0.9054687634925358 0.8520833777729422 0.17031250253785402 0.16562500246800482
0 0.7601562613272108 0.8166667092591524 0.17031250253785402 0.16562500246800482
0 0.2773437541327439 0.8604167115408927 0.14531250216532499 0.1625000024214387
0 0.5757812585798092 0.7093750369967893 0.18593750277068466 0.1890625028172508
0 0.6539062597439624 0.534375027869828 0.18593750277068466 0.1890625028172508
0 0.6960937603726052 0.11875000619329512 0.17343750258442014 0.1750000026077032
0 0.8164062621654011 0.517708360333927 0.15468750230502337 0.15156250225845724
0 0.15703125233994797 0.3093750161351636 0.1671875024912879 0.17343750258442014
0 0.1843750027474016 0.7083333702757955 0.19062500284053385 0.15625000232830644
0 0.40390625601867214 0.6802083688089624 0.16406250244472176 0.14843750221189111
0 0.4195312562515028 0.9010417136596516 0.16406250244472176 0.14843750221189111
0 0.2601562538766302 0.16979167552199215 0.16406250244472176 0.17343750258442014
0 0.37734375562286004 0.09687500505242497 0.15468750230502337 0.14218750211875886
1 0.8351562624447979 0.3531250184169039 0.051562500768341124 0.0703125010477379
1 0.7101562605821528 0.3458333513699472 0.08593750128056854 0.08125000121071935
1 0.20703125308500603 0.47812502493616194 0.06406250095460564 0.0703125010477379
1 0.20781250309664756 0.39895835414063185 0.059375000884756446 0.05468750081490725
1 0.45312500675208867 0.3385416843229905 0.33125000493600965 0.30468750454019755
0 0.9054687634925358 0.8520833777729422 0.17031250253785402 0.16562500246800482
0 0.7601562613272108 0.8166667092591524 0.17031250253785402 0.16562500246800482
0 0.2773437541327439 0.8604167115408927 0.14531250216532499 0.1625000024214387
0 0.5757812585798092 0.7093750369967893 0.18593750277068466 0.1890625028172508
0 0.6539062597439624 0.534375027869828 0.18593750277068466 0.1890625028172508
0 0.6960937603726052 0.11875000619329512 0.17343750258442014 0.1750000026077032
0 0.8164062621654011 0.517708360333927 0.15468750230502337 0.15156250225845724
0 0.15703125233994797 0.3093750161351636 0.1671875024912879 0.17343750258442014
0 0.1843750027474016 0.7083333702757955 0.19062500284053385 0.15625000232830644
0 0.40390625601867214 0.6802083688089624 0.16406250244472176 0.14843750221189111
0 0.4195312562515028 0.9010417136596516 0.16406250244472176 0.14843750221189111
0 0.2601562538766302 0.16979167552199215 0.16406250244472176 0.17343750258442014
0 0.37734375562286004 0.09687500505242497 0.15468750230502337 0.14218750211875886
1 0.8351562624447979 0.3531250184169039 0.051562500768341124 0.0703125010477379
1 0.7101562605821528 0.3458333513699472 0.08593750128056854 0.08125000121071935
1 0.20703125308500603 0.47812502493616194 0.06406250095460564 0.0703125010477379
1 0.20781250309664756 0.39895835414063185 0.059375000884756446 0.05468750081490725
1 0.45312500675208867 0.3385416843229905 0.33125000493600965 0.30468750454019755
0 0.9054687634925358 0.8520833777729422 0.17031250253785402 0.16562500246800482
0 0.7601562613272108 0.8166667092591524 0.17031250253785402 0.16562500246800482
0 0.2773437541327439 0.8604167115408927 0.14531250216532499 0.1625000024214387
0 0.5757812585798092 0.7093750369967893 0.18593750277068466 0.1890625028172508
0 0.6539062597439624 0.534375027869828 0.18593750277068466 0.1890625028172508
0 0.6960937603726052 0.11875000619329512 0.17343750258442014 0.1750000026077032
0 0.8164062621654011 0.517708360333927 0.15468750230502337 0.15156250225845724
0 0.15703125233994797 0.3093750161351636 0.1671875024912879 0.17343750258442014
0 0.1843750027474016 0.7083333702757955 0.19062500284053385 0.15625000232830644
0 0.40390625601867214 0.6802083688089624 0.16406250244472176 0.14843750221189111
0 0.4195312562515028 0.9010417136596516 0.16406250244472176 0.14843750221189111
0 0.2601562538766302 0.16979167552199215 0.16406250244472176 0.17343750258442014
0 0.37734375562286004 0.09687500505242497 0.15468750230502337 0.14218750211875886
1 0.8351562624447979 0.3531250184169039 0.051562500768341124 0.0703125010477379
1 0.7101562605821528 0.3458333513699472 0.08593750128056854 0.08125000121071935
1 0.20703125308500603 0.47812502493616194 0.06406250095460564 0.0703125010477379
1 0.20781250309664756 0.39895835414063185 0.059375000884756446 0.05468750081490725
1 0.45312500675208867 0.3385416843229905 0.33125000493600965 0.30468750454019755
0 0.9054687634925358 0.8520833777729422 0.17031250253785402 0.16562500246800482
0 0.7601562613272108 0.8166667092591524 0.17031250253785402 0.16562500246800482
0 0.2773437541327439 0.8604167115408927 0.14531250216532499 0.1625000024214387
0 0.5757812585798092 0.7093750369967893 0.18593750277068466 0.1890625028172508
0 0.6539062597439624 0.534375027869828 0.18593750277068466 0.1890625028172508
0 0.6960937603726052 0.11875000619329512 0.17343750258442014 0.1750000026077032
0 0.8164062621654011 0.517708360333927 0.15468750230502337 0.15156250225845724
0 0.15703125233994797 0.3093750161351636 0.1671875024912879 0.17343750258442014
0 0.1843750027474016 0.7083333702757955 0.19062500284053385 0.15625000232830644
0 0.40390625601867214 0.6802083688089624 0.16406250244472176 0.14843750221189111
0 0.4195312562515028 0.9010417136596516 0.16406250244472176 0.14843750221189111
0 0.2601562538766302 0.16979167552199215 0.16406250244472176 0.17343750258442014
0 0.37734375562286004 0.09687500505242497 0.15468750230502337 0.14218750211875886
1 0.8351562624447979 0.3531250184169039 0.051562500768341124 0.0703125010477379
1 0.7101562605821528 0.3458333513699472 0.08593750128056854 0.08125000121071935
1 0.20703125308500603 0.47812502493616194 0.06406250095460564 0.0703125010477379
1 0.20781250309664756 0.39895835414063185 0.059375000884756446 0.05468750081490725
1 0.45312500675208867 0.3385416843229905 0.33125000493600965 0.30468750454019755
0 0.9054687634925358 0.8520833777729422 0.17031250253785402 0.16562500246800482
0 0.7601562613272108 0.8166667092591524 0.17031250253785402 0.16562500246800482
0 0.2773437541327439 0.8604167115408927 0.14531250216532499 0.1625000024214387
0 0.5757812585798092 0.7093750369967893 0.18593750277068466 0.1890625028172508
0 0.6539062597439624 0.534375027869828 0.18593750277068466 0.1890625028172508
0 0.6960937603726052 0.11875000619329512 0.17343750258442014 0.1750000026077032
0 0.8164062621654011 0.517708360333927 0.15468750230502337 0.15156250225845724
0 0.15703125233994797 0.3093750161351636 0.1671875024912879 0.17343750258442014
0 0.1843750027474016 0.7083333702757955 0.19062500284053385 0.15625000232830644
0 0.40390625601867214 0.6802083688089624 0.16406250244472176 0.14843750221189111
0 0.4195312562515028 0.9010417136596516 0.16406250244472176 0.14843750221189111
0 0.2601562538766302 0.16979167552199215 0.16406250244472176 0.17343750258442014
0 0.37734375562286004 0.09687500505242497 0.15468750230502337 0.14218750211875886
1 0.8351562624447979 0.3531250184169039 0.051562500768341124 0.0703125010477379
1 0.7101562605821528 0.3458333513699472 0.08593750128056854 0.08125000121071935
1 0.20703125308500603 0.47812502493616194 0.06406250095460564 0.0703125010477379
1 0.20781250309664756 0.39895835414063185 0.059375000884756446 0.05468750081490725
1 0.45312500675208867 0.3385416843229905 0.33125000493600965 0.30468750454019755
0 0.9054687634925358 0.8520833777729422 0.17031250253785402 0.16562500246800482
0 0.7601562613272108 0.8166667092591524 0.17031250253785402 0.16562500246800482
0 0.2773437541327439 0.8604167115408927 0.14531250216532499 0.1625000024214387
0 0.5757812585798092 0.7093750369967893 0.18593750277068466 0.1890625028172508
0 0.6539062597439624 0.534375027869828 0.18593750277068466 0.1890625028172508
0 0.6960937603726052 0.11875000619329512 0.17343750258442014 0.1750000026077032
0 0.8164062621654011 0.517708360333927 0.15468750230502337 0.15156250225845724
0 0.15703125233994797 0.3093750161351636 0.1671875024912879 0.17343750258442014
0 0.1843750027474016 0.7083333702757955 0.19062500284053385 0.15625000232830644
0 0.40390625601867214 0.6802083688089624 0.16406250244472176 0.14843750221189111
0 0.4195312562515028 0.9010417136596516 0.16406250244472176 0.14843750221189111
0 0.2601562538766302 0.16979167552199215 0.16406250244472176 0.17343750258442014
0 0.37734375562286004 0.09687500505242497 0.15468750230502337 0.14218750211875886
1 0.8351562624447979 0.3531250184169039 0.051562500768341124 0.0703125010477379
1 0.7101562605821528 0.3458333513699472 0.08593750128056854 0.08125000121071935
1 0.20703125308500603 0.47812502493616194 0.06406250095460564 0.0703125010477379
1 0.20781250309664756 0.39895835414063185 0.059375000884756446 0.05468750081490725
1 0.45312500675208867 0.3385416843229905 0.33125000493600965 0.30468750454019755
0 0.9054687634925358 0.8520833777729422 0.17031250253785402 0.16562500246800482
0 0.7601562613272108 0.8166667092591524 0.17031250253785402 0.16562500246800482
0 0.2773437541327439 0.8604167115408927 0.14531250216532499 0.1625000024214387
0 0.5757812585798092 0.7093750369967893 0.18593750277068466 0.1890625028172508
0 0.6539062597439624 0.534375027869828 0.18593750277068466 0.1890625028172508
0 0.6960937603726052 0.11875000619329512 0.17343750258442014 0.1750000026077032
0 0.8164062621654011 0.517708360333927 0.15468750230502337 0.15156250225845724
0 0.15703125233994797 0.3093750161351636 0.1671875024912879 0.17343750258442014
0 0.1843750027474016 0.7083333702757955 0.19062500284053385 0.15625000232830644
0 0.40390625601867214 0.6802083688089624 0.16406250244472176 0.14843750221189111
0 0.4195312562515028 0.9010417136596516 0.16406250244472176 0.14843750221189111
0 0.2601562538766302 0.16979167552199215 0.16406250244472176 0.17343750258442014
0 0.37734375562286004 0.09687500505242497 0.15468750230502337 0.14218750211875886
1 0.8351562624447979 0.3531250184169039 0.051562500768341124 0.0703125010477379
1 0.7101562605821528 0.3458333513699472 0.08593750128056854 0.08125000121071935
1 0.20703125308500603 0.47812502493616194 0.06406250095460564 0.0703125010477379
1 0.20781250309664756 0.39895835414063185 0.059375000884756446 0.05468750081490725
1 0.45312500675208867 0.3385416843229905 0.33125000493600965 0.30468750454019755
0 0.9054687634925358 0.8520833777729422 0.17031250253785402 0.16562500246800482
0 0.7601562613272108 0.8166667092591524 0.17031250253785402 0.16562500246800482
0 0.2773437541327439 0.8604167115408927 0.14531250216532499 0.1625000024214387
0 0.5757812585798092 0.7093750369967893 0.18593750277068466 0.1890625028172508
0 0.6539062597439624 0.534375027869828 0.18593750277068466 0.1890625028172508
0 0.6960937603726052 0.11875000619329512 0.17343750258442014 0.1750000026077032
0 0.8164062621654011 0.517708360333927 0.15468750230502337 0.15156250225845724
0 0.15703125233994797 0.3093750161351636 0.1671875024912879 0.17343750258442014
0 0.1843750027474016 0.7083333702757955 0.19062500284053385 0.15625000232830644
0 0.40390625601867214 0.6802083688089624 0.16406250244472176 0.14843750221189111
0 0.4195312562515028 0.9010417136596516 0.16406250244472176 0.14843750221189111
0 0.2601562538766302 0.16979167552199215 0.16406250244472176 0.17343750258442014
0 0.37734375562286004 0.09687500505242497 0.15468750230502337 0.14218750211875886
1 0.8351562624447979 0.3531250184169039 0.051562500768341124 0.0703125010477379
1 0.7101562605821528 0.3458333513699472 0.08593750128056854 0.08125000121071935
1 0.20703125308500603 0.47812502493616194 0.06406250095460564 0.0703125010477379
1 0.20781250309664756 0.39895835414063185 0.059375000884756446 0.05468750081490725
1 0.45312500675208867 0.3385416843229905 0.33125000493600965 0.30468750454019755
0 0.9054687634925358 0.8520833777729422 0.17031250253785402 0.16562500246800482
0 0.7601562613272108 0.8166667092591524 0.17031250253785402 0.16562500246800482
0 0.2773437541327439 0.8604167115408927 0.14531250216532499 0.1625000024214387
0 0.5757812585798092 0.7093750369967893 0.18593750277068466 0.1890625028172508
0 0.6539062597439624 0.534375027869828 0.18593750277068466 0.1890625028172508
0 0.6960937603726052 0.11875000619329512 0.17343750258442014 0.1750000026077032
0 0.8164062621654011 0.517708360333927 0.15468750230502337 0.15156250225845724
0 0.15703125233994797 0.3093750161351636 0.1671875024912879 0.17343750258442014
0 0.1843750027474016 0.7083333702757955 0.19062500284053385 0.15625000232830644
0 0.40390625601867214 0.6802083688089624 0.16406250244472176 0.14843750221189111
0 0.4195312562515028 0.9010417136596516 0.16406250244472176 0.14843750221189111
0 0.2601562538766302 0.16979167552199215 0.16406250244472176 0.17343750258442014
0 0.37734375562286004 0.09687500505242497 0.15468750230502337 0.14218750211875886
1 0.8351562624447979 0.3531250184169039 0.051562500768341124 0.0703125010477379
1 0.7101562605821528 0.3458333513699472 0.08593750128056854 0.08125000121071935
1 0.20703125308500603 0.47812502493616194 0.06406250095460564 0.0703125010477379
1 0.20781250309664756 0.39895835414063185 0.059375000884756446 0.05468750081490725
1 0.45312500675208867 0.3385416843229905 0.33125000493600965 0.30468750454019755
0 0.9054687634925358 0.8520833777729422 0.17031250253785402 0.16562500246800482
0 0.7601562613272108 0.8166667092591524 0.17031250253785402 0.16562500246800482
0 0.2773437541327439 0.8604167115408927 0.14531250216532499 0.1625000024214387
0 0.5757812585798092 0.7093750369967893 0.18593750277068466 0.1890625028172508
0 0.6539062597439624 0.534375027869828 0.18593750277068466 0.1890625028172508
0 0.6960937603726052 0.11875000619329512 0.17343750258442014 0.1750000026077032
0 0.8164062621654011 0.517708360333927 0.15468750230502337 0.15156250225845724
0 0.15703125233994797 0.3093750161351636 0.1671875024912879 0.17343750258442014
0 0.1843750027474016 0.7083333702757955 0.19062500284053385 0.15625000232830644
0 0.40390625601867214 0.6802083688089624 0.16406250244472176 0.14843750221189111
0 0.4195312562515028 0.9010417136596516 0.16406250244472176 0.14843750221189111
0 0.2601562538766302 0.16979167552199215 0.16406250244472176 0.17343750258442014
0 0.37734375562286004 0.09687500505242497 0.15468750230502337 0.14218750211875886
1 0.8351562624447979 0.3531250184169039 0.051562500768341124 0.0703125010477379
1 0.7101562605821528 0.3458333513699472 0.08593750128056854 0.08125000121071935
1 0.20703125308500603 0.47812502493616194 0.06406250095460564 0.0703125010477379
1 0.20781250309664756 0.39895835414063185 0.059375000884756446 0.05468750081490725
1 0.45312500675208867 0.3385416843229905 0.33125000493600965 0.30468750454019755
0 0.9054687634925358 0.8520833777729422 0.17031250253785402 0.16562500246800482
0 0.7601562613272108 0.8166667092591524 0.17031250253785402 0.16562500246800482
0 0.2773437541327439 0.8604167115408927 0.14531250216532499 0.1625000024214387
0 0.5757812585798092 0.7093750369967893 0.18593750277068466 0.1890625028172508
0 0.6539062597439624 0.534375027869828 0.18593750277068466 0.1890625028172508
0 0.6960937603726052 0.11875000619329512 0.17343750258442014 0.1750000026077032
0 0.8164062621654011 0.517708360333927 0.15468750230502337 0.15156250225845724
0 0.15703125233994797 0.3093750161351636 0.1671875024912879 0.17343750258442014
0 0.1843750027474016 0.7083333702757955 0.19062500284053385 0.15625000232830644
0 0.40390625601867214 0.6802083688089624 0.16406250244472176 0.14843750221189111
0 0.4195312562515028 0.9010417136596516 0.16406250244472176 0.14843750221189111
0 0.2601562538766302 0.16979167552199215 0.16406250244472176 0.17343750258442014
0 0.37734375562286004 0.09687500505242497 0.15468750230502337 0.14218750211875886
1 0.8351562624447979 0.3531250184169039 0.051562500768341124 0.0703125010477379
1 0.7101562605821528 0.3458333513699472 0.08593750128056854 0.08125000121071935
1 0.20703125308500603 0.47812502493616194 0.06406250095460564 0.0703125010477379
1 0.20781250309664756 0.39895835414063185 0.059375000884756446 0.05468750081490725
1 0.45312500675208867 0.3385416843229905 0.33125000493600965 0.30468750454019755
0 0.9054687634925358 0.8520833777729422 0.17031250253785402 0.16562500246800482
0 0.7601562613272108 0.8166667092591524 0.17031250253785402 0.16562500246800482
0 0.2773437541327439 0.8604167115408927 0.14531250216532499 0.1625000024214387
0 0.5757812585798092 0.7093750369967893 0.18593750277068466 0.1890625028172508
0 0.6539062597439624 0.534375027869828 0.18593750277068466 0.1890625028172508
0 0.6960937603726052 0.11875000619329512 0.17343750258442014 0.1750000026077032
0 0.8164062621654011 0.517708360333927 0.15468750230502337 0.15156250225845724
0 0.15703125233994797 0.3093750161351636 0.1671875024912879 0.17343750258442014
0 0.1843750027474016 0.7083333702757955 0.19062500284053385 0.15625000232830644
0 0.40390625601867214 0.6802083688089624 0.16406250244472176 0.14843750221189111
0 0.4195312562515028 0.9010417136596516 0.16406250244472176 0.14843750221189111
0 0.2601562538766302 0.16979167552199215 0.16406250244472176 0.17343750258442014
0 0.37734375562286004 0.09687500505242497 0.15468750230502337 0.14218750211875886
2 0.8351562624447979 0.3531250184169039 0.051562500768341124 0.0703125010477379
2 0.7101562605821528 0.3458333513699472 0.08593750128056854 0.08125000121071935
2 0.20703125308500603 0.47812502493616194 0.06406250095460564 0.0703125010477379
2 0.20781250309664756 0.39895835414063185 0.059375000884756446 0.05468750081490725
1 0.45312500675208867 0.3385416843229905 0.33125000493600965 0.30468750454019755
0 0.9054687634925358 0.8520833777729422 0.17031250253785402 0.16562500246800482
0 0.7601562613272108 0.8166667092591524 0.17031250253785402 0.16562500246800482
0 0.2773437541327439 0.8604167115408927 0.14531250216532499 0.1625000024214387
0 0.5757812585798092 0.7093750369967893 0.18593750277068466 0.1890625028172508
0 0.6539062597439624 0.534375027869828 0.18593750277068466 0.1890625028172508
0 0.6960937603726052 0.11875000619329512 0.17343750258442014 0.1750000026077032
0 0.8164062621654011 0.517708360333927 0.15468750230502337 0.15156250225845724
0 0.15703125233994797 0.3093750161351636 0.1671875024912879 0.17343750258442014
0 0.1843750027474016 0.7083333702757955 0.19062500284053385 0.15625000232830644
0 0.40390625601867214 0.6802083688089624 0.16406250244472176 0.14843750221189111
0 0.4195312562515028 0.9010417136596516 0.16406250244472176 0.14843750221189111
0 0.2601562538766302 0.16979167552199215 0.16406250244472176 0.17343750258442014
0 0.37734375562286004 0.09687500505242497 0.15468750230502337 0.14218750211875886
2 0.8351562624447979 0.3531250184169039 0.051562500768341124 0.0703125010477379
2 0.7101562605821528 0.3458333513699472 0.08593750128056854 0.08125000121071935
2 0.20703125308500603 0.47812502493616194 0.06406250095460564 0.0703125010477379
2 0.20781250309664756 0.39895835414063185 0.059375000884756446 0.05468750081490725
1 0.45312500675208867 0.3385416843229905 0.33125000493600965 0.30468750454019755
0 0.905468761920929 0.8520833849906921 0.17031250894069672 0.16562500596046448
0 0.7601562738418579 0.8166667222976685 0.17031250894069672 0.16562500596046448
0 0.27734375 0.8604167103767395 0.14531250298023224 0.16250000894069672
0 0.5757812857627869 0.7093750238418579 0.18593750894069672 0.18906250596046448
0 0.6539062857627869 0.534375011920929 0.18593750894069672 0.18906250596046448
0 0.696093738079071 0.11875000596046448 0.17343750596046448 0.17499999701976776
0 0.81640625 0.5177083611488342 0.15468750894069672 0.15156249701976776
0 0.15703125298023224 0.30937501788139343 0.16718749701976776 0.17343750596046448
0 0.18437500298023224 0.7083333730697632 0.19062499701976776 0.15625
0 0.4039062559604645 0.6802083849906921 0.1640625 0.1484375
0 0.4195312559604645 0.9010416865348816 0.1640625 0.1484375
0 0.2601562440395355 0.16979166865348816 0.1640625 0.17343750596046448
0 0.3773437440395355 0.09687500447034836 0.15468750894069672 0.14218750596046448
2 0.835156261920929 0.3531250059604645 0.05156249925494194 0.0703125
2 0.710156261920929 0.34583336114883423 0.0859375 0.08125000447034836
2 0.20703125 0.47812503576278687 0.06406249850988388 0.0703125
2 0.20781250298023224 0.39895835518836975 0.05937499925494194 0.0546875
1 0.453125 0.3385416865348816 0.33125001192092896 0.3046875
0 0.905468761920929 0.8520833849906921 0.17031250894069672 0.16562500596046448
0 0.7601562738418579 0.8166667222976685 0.17031250894069672 0.16562500596046448
0 0.27734375 0.8604167103767395 0.14531250298023224 0.16250000894069672
0 0.5757812857627869 0.7093750238418579 0.18593750894069672 0.18906250596046448
0 0.6539062857627869 0.534375011920929 0.18593750894069672 0.18906250596046448
0 0.696093738079071 0.11875000596046448 0.17343750596046448 0.17499999701976776
0 0.81640625 0.5177083611488342 0.15468750894069672 0.15156249701976776
0 0.15703125298023224 0.30937501788139343 0.16718749701976776 0.17343750596046448
0 0.18437500298023224 0.7083333730697632 0.19062499701976776 0.15625
0 0.4039062559604645 0.6802083849906921 0.1640625 0.1484375
0 0.4195312559604645 0.9010416865348816 0.1640625 0.1484375
0 0.2601562440395355 0.16979166865348816 0.1640625 0.17343750596046448
0 0.3773437440395355 0.09687500447034836 0.15468750894069672 0.14218750596046448
2 0.835156261920929 0.3531250059604645 0.05156249925494194 0.0703125
2 0.710156261920929 0.34583336114883423 0.0859375 0.08125000447034836
2 0.20703125 0.47812503576278687 0.06406249850988388 0.0703125
2 0.20781250298023224 0.39895835518836975 0.05937499925494194 0.0546875
1 0.453125 0.3385416865348816 0.33125001192092896 0.3046875
0 0.905468761920929 0.8520833849906921 0.17031250894069672 0.16562500596046448
0 0.7601562738418579 0.8166667222976685 0.17031250894069672 0.16562500596046448
0 0.27734375 0.8604167103767395 0.14531250298023224 0.16250000894069672
0 0.5757812857627869 0.7093750238418579 0.18593750894069672 0.18906250596046448
0 0.6539062857627869 0.534375011920929 0.18593750894069672 0.18906250596046448
0 0.696093738079071 0.11875000596046448 0.17343750596046448 0.17499999701976776
0 0.81640625 0.5177083611488342 0.15468750894069672 0.15156249701976776
0 0.15703125298023224 0.30937501788139343 0.16718749701976776 0.17343750596046448
0 0.18437500298023224 0.7083333730697632 0.19062499701976776 0.15625
0 0.4039062559604645 0.6802083849906921 0.1640625 0.1484375
0 0.4195312559604645 0.9010416865348816 0.1640625 0.1484375
0 0.2601562440395355 0.16979166865348816 0.1640625 0.17343750596046448
0 0.3773437440395355 0.09687500447034836 0.15468750894069672 0.14218750596046448
2 0.835156261920929 0.3531250059604645 0.05156249925494194 0.0703125
2 0.710156261920929 0.34583336114883423 0.0859375 0.08125000447034836
2 0.20703125 0.47812503576278687 0.06406249850988388 0.0703125
2 0.20781250298023224 0.39895835518836975 0.05937499925494194 0.0546875
1 0.453125 0.3385416865348816 0.33125001192092896 0.3046875
0 0.905468761920929 0.8520833849906921 0.17031250894069672 0.16562500596046448
0 0.7601562738418579 0.8166667222976685 0.17031250894069672 0.16562500596046448
0 0.27734375 0.8604167103767395 0.14531250298023224 0.16250000894069672
0 0.5757812857627869 0.7093750238418579 0.18593750894069672 0.18906250596046448
0 0.6539062857627869 0.534375011920929 0.18593750894069672 0.18906250596046448
0 0.696093738079071 0.11875000596046448 0.17343750596046448 0.17499999701976776
0 0.81640625 0.5177083611488342 0.15468750894069672 0.15156249701976776
0 0.15703125298023224 0.30937501788139343 0.16718749701976776 0.17343750596046448
0 0.18437500298023224 0.7083333730697632 0.19062499701976776 0.15625
0 0.4039062559604645 0.6802083849906921 0.1640625 0.1484375
0 0.4195312559604645 0.9010416865348816 0.1640625 0.1484375
0 0.2601562440395355 0.16979166865348816 0.1640625 0.17343750596046448
0 0.3773437440395355 0.09687500447034836 0.15468750894069672 0.14218750596046448
2 0.835156261920929 0.3531250059604645 0.05156249925494194 0.0703125
2 0.710156261920929 0.34583336114883423 0.0859375 0.08125000447034836
2 0.20703125 0.47812503576278687 0.06406249850988388 0.0703125
2 0.20781250298023224 0.39895835518836975 0.05937499925494194 0.0546875
1 0.453125 0.3385416865348816 0.33125001192092896 0.3046875
0 0.905468761920929 0.8520833849906921 0.17031250894069672 0.16562500596046448
0 0.7601562738418579 0.8166667222976685 0.17031250894069672 0.16562500596046448
0 0.27734375 0.8604167103767395 0.14531250298023224 0.16250000894069672
0 0.5757812857627869 0.7093750238418579 0.18593750894069672 0.18906250596046448
0 0.6539062857627869 0.534375011920929 0.18593750894069672 0.18906250596046448
0 0.696093738079071 0.11875000596046448 0.17343750596046448 0.17499999701976776
0 0.81640625 0.5177083611488342 0.15468750894069672 0.15156249701976776
0 0.15703125298023224 0.30937501788139343 0.16718749701976776 0.17343750596046448
0 0.18437500298023224 0.7083333730697632 0.19062499701976776 0.15625
0 0.4039062559604645 0.6802083849906921 0.1640625 0.1484375
0 0.4195312559604645 0.9010416865348816 0.1640625 0.1484375
0 0.2601562440395355 0.16979166865348816 0.1640625 0.17343750596046448
0 0.3773437440395355 0.09687500447034836 0.15468750894069672 0.14218750596046448
2 0.835156261920929 0.3531250059604645 0.05156249925494194 0.0703125
2 0.710156261920929 0.34583336114883423 0.0859375 0.08125000447034836
2 0.20703125 0.47812503576278687 0.06406249850988388 0.0703125
2 0.20781250298023224 0.39895835518836975 0.05937499925494194 0.0546875
1 0.453125 0.3385416865348816 0.33125001192092896 0.3046875
0 0.905468761920929 0.8520833849906921 0.17031250894069672 0.16562500596046448
0 0.7601562738418579 0.8166667222976685 0.17031250894069672 0.16562500596046448
0 0.27734375 0.8604167103767395 0.14531250298023224 0.16250000894069672
0 0.5757812857627869 0.7093750238418579 0.18593750894069672 0.18906250596046448
0 0.6539062857627869 0.534375011920929 0.18593750894069672 0.18906250596046448
0 0.696093738079071 0.11875000596046448 0.17343750596046448 0.17499999701976776
0 0.81640625 0.5177083611488342 0.15468750894069672 0.15156249701976776
0 0.15703125298023224 0.30937501788139343 0.16718749701976776 0.17343750596046448
0 0.18437500298023224 0.7083333730697632 0.19062499701976776 0.15625
0 0.4039062559604645 0.6802083849906921 0.1640625 0.1484375
0 0.4195312559604645 0.9010416865348816 0.1640625 0.1484375
0 0.2601562440395355 0.16979166865348816 0.1640625 0.17343750596046448
0 0.3773437440395355 0.09687500447034836 0.15468750894069672 0.14218750596046448
2 0.835156261920929 0.3531250059604645 0.05156249925494194 0.0703125
2 0.710156261920929 0.34583336114883423 0.0859375 0.08125000447034836
2 0.20703125 0.47812503576278687 0.06406249850988388 0.0703125
2 0.20781250298023224 0.39895835518836975 0.05937499925494194 0.0546875
1 0.453125 0.3385416865348816 0.33125001192092896 0.3046875
0 0.905468761920929 0.8520833849906921 0.17031250894069672 0.16562500596046448
0 0.7601562738418579 0.8166667222976685 0.17031250894069672 0.16562500596046448
0 0.27734375 0.8604167103767395 0.14531250298023224 0.16250000894069672
0 0.5757812857627869 0.7093750238418579 0.18593750894069672 0.18906250596046448
0 0.6539062857627869 0.534375011920929 0.18593750894069672 0.18906250596046448
0 0.696093738079071 0.11875000596046448 0.17343750596046448 0.17499999701976776
0 0.81640625 0.5177083611488342 0.15468750894069672 0.15156249701976776
0 0.15703125298023224 0.30937501788139343 0.16718749701976776 0.17343750596046448
0 0.18437500298023224 0.7083333730697632 0.19062499701976776 0.15625
0 0.4039062559604645 0.6802083849906921 0.1640625 0.1484375
0 0.4195312559604645 0.9010416865348816 0.1640625 0.1484375
0 0.2601562440395355 0.16979166865348816 0.1640625 0.17343750596046448
0 0.3773437440395355 0.09687500447034836 0.15468750894069672 0.14218750596046448
2 0.835156261920929 0.3531250059604645 0.05156249925494194 0.0703125
2 0.710156261920929 0.34583336114883423 0.0859375 0.08125000447034836
2 0.20703125 0.47812503576278687 0.06406249850988388 0.0703125
2 0.20781250298023224 0.39895835518836975 0.05937499925494194 0.0546875
1 0.453125 0.3385416865348816 0.33125001192092896 0.3046875
