0 0.7375000109896064 0.2541666799224913 0.1312500019557774 0.12500000186264515
0 0.8070312620257027 0.073958337190561 0.13281250197906047 0.10781250160653144
0 0.703125010477379 0.06354166998062283 0.13750000204890966 0.0921875013737008
0 0.7187500107102096 0.44895835674833506 0.14687500218860805 0.15468750230502337
0 0.6023437589756213 0.14062500733416528 0.1359375020256266 0.13281250197906047
0 0.12187500181607902 0.4333333559334278 0.1406250020954758 0.15625000232830644
0 0.36250000540167093 0.4822916918201372 0.16875000251457095 0.17031250253785402
0 0.21562500321306288 0.6854167024139315 0.15625000232830644 0.1625000024214387
0 0.17031250253785402 0.8083333754912019 0.15000000223517418 0.14687500218860805
0 0.21328125317813829 0.13854167389217764 0.1671875024912879 0.1578125023515895
0 0.9046875134808943 0.8947917133336887 0.18125000270083547 0.1578125023515895
0 0.8445312625844963 0.3416666844859719 0.1578125023515895 0.15937500237487257
0 0.8390625125030056 0.6125000319443643 0.12812500190921128 0.1531250022817403
0 0.8359375124564394 0.608333365060389 0.12812500190921128 0.1531250022817403
1 0.3054687545518391 0.8687500453088433 0.06718750100117177 0.07500000111758709
1 0.5867187587427907 0.7531250392785296 0.364062505424954 0.3203125047730282
0 0.7375000109896064 0.2541666799224913 0.1312500019557774 0.12500000186264515
0 0.8070312620257027 0.073958337190561 0.13281250197906047 0.10781250160653144
0 0.703125010477379 0.06354166998062283 0.13750000204890966 0.0921875013737008
0 0.7187500107102096 0.44895835674833506 0.14687500218860805 0.15468750230502337
0 0.6023437589756213 0.14062500733416528 0.1359375020256266 0.13281250197906047
0 0.12187500181607902 0.4333333559334278 0.1406250020954758 0.15625000232830644
0 0.36250000540167093 0.4822916918201372 0.16875000251457095 0.17031250253785402
0 0.21562500321306288 0.6854167024139315 0.15625000232830644 0.1625000024214387
0 0.17031250253785402 0.8083333754912019 0.15000000223517418 0.14687500218860805
0 0.21328125317813829 0.13854167389217764 0.1671875024912879 0.1578125023515895
0 0.9046875134808943 0.8947917133336887 0.18125000270083547 0.1578125023515895
0 0.8445312625844963 0.3416666844859719 0.1578125023515895 0.15937500237487257
0 0.8390625125030056 0.6125000319443643 0.12812500190921128 0.1531250022817403
0 0.8359375124564394 0.608333365060389 0.12812500190921128 0.1531250022817403
1 0.3054687545518391 0.8687500453088433 0.06718750100117177 0.07500000111758709
1 0.5867187587427907 0.7531250392785296 0.364062505424954 0.3203125047730282
0 0.7375000109896064 0.2541666799224913 0.1312500019557774 0.12500000186264515
0 0.8070312620257027 0.073958337190561 0.13281250197906047 0.10781250160653144
0 0.703125010477379 0.06354166998062283 0.13750000204890966 0.0921875013737008
0 0.7187500107102096 0.44895835674833506 0.14687500218860805 0.15468750230502337
0 0.6023437589756213 0.14062500733416528 0.1359375020256266 0.13281250197906047
0 0.12187500181607902 0.4333333559334278 0.1406250020954758 0.15625000232830644
0 0.36250000540167093 0.4822916918201372 0.16875000251457095 0.17031250253785402
0 0.21562500321306288 0.6854167024139315 0.15625000232830644 0.1625000024214387
0 0.17031250253785402 0.8083333754912019 0.15000000223517418 0.14687500218860805
0 0.21328125317813829 0.13854167389217764 0.1671875024912879 0.1578125023515895
0 0.9046875134808943 0.8947917133336887 0.18125000270083547 0.1578125023515895
0 0.8445312625844963 0.3416666844859719 0.1578125023515895 0.15937500237487257
0 0.8390625125030056 0.6125000319443643 0.12812500190921128 0.1531250022817403
0 0.8359375124564394 0.608333365060389 0.12812500190921128 0.1531250022817403
1 0.3054687545518391 0.8687500453088433 0.06718750100117177 0.07500000111758709
1 0.5867187587427907 0.7531250392785296 0.364062505424954 0.3203125047730282
0 0.7375000109896064 0.2541666799224913 0.1312500019557774 0.12500000186264515
0 0.8070312620257027 0.073958337190561 0.13281250197906047 0.10781250160653144
0 0.703125010477379 0.06354166998062283 0.13750000204890966 0.0921875013737008
0 0.7187500107102096 0.44895835674833506 0.14687500218860805 0.15468750230502337
0 0.6023437589756213 0.14062500733416528 0.1359375020256266 0.13281250197906047
0 0.12187500181607902 0.4333333559334278 0.1406250020954758 0.15625000232830644
0 0.36250000540167093 0.4822916918201372 0.16875000251457095 0.17031250253785402
0 0.21562500321306288 0.6854167024139315 0.15625000232830644 0.1625000024214387
0 0.17031250253785402 0.8083333754912019 0.15000000223517418 0.14687500218860805
0 0.21328125317813829 0.13854167389217764 0.1671875024912879 0.1578125023515895
0 0.9046875134808943 0.8947917133336887 0.18125000270083547 0.1578125023515895
0 0.8445312625844963 0.3416666844859719 0.1578125023515895 0.15937500237487257
0 0.8390625125030056 0.6125000319443643 0.12812500190921128 0.1531250022817403
0 0.8359375124564394 0.608333365060389 0.12812500190921128 0.1531250022817403
1 0.3054687545518391 0.8687500453088433 0.06718750100117177 0.07500000111758709
1 0.5867187587427907 0.7531250392785296 0.364062505424954 0.3203125047730282
0 0.7375000109896064 0.2541666799224913 0.1312500019557774 0.12500000186264515
0 0.8070312620257027 0.073958337190561 0.13281250197906047 0.10781250160653144
0 0.703125010477379 0.06354166998062283 0.13750000204890966 0.0921875013737008
0 0.7187500107102096 0.44895835674833506 0.14687500218860805 0.15468750230502337
0 0.6023437589756213 0.14062500733416528 0.1359375020256266 0.13281250197906047
0 0.12187500181607902 0.4333333559334278 0.1406250020954758 0.15625000232830644
0 0.36250000540167093 0.4822916918201372 0.16875000251457095 0.17031250253785402
0 0.21562500321306288 0.6854167024139315 0.15625000232830644 0.1625000024214387
0 0.17031250253785402 0.8083333754912019 0.15000000223517418 0.14687500218860805
0 0.21328125317813829 0.13854167389217764 0.1671875024912879 0.1578125023515895
0 0.9046875134808943 0.8947917133336887 0.18125000270083547 0.1578125023515895
0 0.8445312625844963 0.3416666844859719 0.1578125023515895 0.15937500237487257
0 0.8390625125030056 0.6125000319443643 0.12812500190921128 0.1531250022817403
0 0.8359375124564394 0.608333365060389 0.12812500190921128 0.1531250022817403
1 0.3054687545518391 0.8687500453088433 0.06718750100117177 0.07500000111758709
1 0.5867187587427907 0.7531250392785296 0.364062505424954 0.3203125047730282
0 0.7375000109896064 0.2541666799224913 0.1312500019557774 0.12500000186264515
0 0.8070312620257027 0.073958337190561 0.13281250197906047 0.10781250160653144
0 0.703125010477379 0.06354166998062283 0.13750000204890966 0.0921875013737008
0 0.7187500107102096 0.44895835674833506 0.14687500218860805 0.15468750230502337
0 0.6023437589756213 0.14062500733416528 0.1359375020256266 0.13281250197906047
0 0.12187500181607902 0.4333333559334278 0.1406250020954758 0.15625000232830644
0 0.36250000540167093 0.4822916918201372 0.16875000251457095 0.17031250253785402
0 0.21562500321306288 0.6854167024139315 0.15625000232830644 0.1625000024214387
0 0.17031250253785402 0.8083333754912019 0.15000000223517418 0.14687500218860805
0 0.21328125317813829 0.13854167389217764 0.1671875024912879 0.1578125023515895
0 0.9046875134808943 0.8947917133336887 0.18125000270083547 0.1578125023515895
0 0.8445312625844963 0.3416666844859719 0.1578125023515895 0.15937500237487257
0 0.8390625125030056 0.6125000319443643 0.12812500190921128 0.1531250022817403
0 0.8359375124564394 0.608333365060389 0.12812500190921128 0.1531250022817403
1 0.3054687545518391 0.8687500453088433 0.06718750100117177 0.07500000111758709
1 0.5867187587427907 0.7531250392785296 0.364062505424954 0.3203125047730282
0 0.7375000109896064 0.2541666799224913 0.1312500019557774 0.12500000186264515
0 0.8070312620257027 0.073958337190561 0.13281250197906047 0.10781250160653144
0 0.703125010477379 0.06354166998062283 0.13750000204890966 0.0921875013737008
0 0.7187500107102096 0.44895835674833506 0.14687500218860805 0.15468750230502337
0 0.6023437589756213 0.14062500733416528 0.1359375020256266 0.13281250197906047
0 0.12187500181607902 0.4333333559334278 0.1406250020954758 0.15625000232830644
0 0.36250000540167093 0.4822916918201372 0.16875000251457095 0.17031250253785402
0 0.21562500321306288 0.6854167024139315 0.15625000232830644 0.1625000024214387
0 0.17031250253785402 0.8083333754912019 0.15000000223517418 0.14687500218860805
0 0.21328125317813829 0.13854167389217764 0.1671875024912879 0.1578125023515895
0 0.9046875134808943 0.8947917133336887 0.18125000270083547 0.1578125023515895
0 0.8445312625844963 0.3416666844859719 0.1578125023515895 0.15937500237487257
0 0.8390625125030056 0.6125000319443643 0.12812500190921128 0.1531250022817403
0 0.8359375124564394 0.608333365060389 0.12812500190921128 0.1531250022817403
1 0.3054687545518391 0.8687500453088433 0.06718750100117177 0.07500000111758709
1 0.5867187587427907 0.7531250392785296 0.364062505424954 0.3203125047730282
0 0.7375000109896064 0.2541666799224913 0.1312500019557774 0.12500000186264515
0 0.8070312620257027 0.073958337190561 0.13281250197906047 0.10781250160653144
0 0.703125010477379 0.06354166998062283 0.13750000204890966 0.0921875013737008
0 0.7187500107102096 0.44895835674833506 0.14687500218860805 0.15468750230502337
0 0.6023437589756213 0.14062500733416528 0.1359375020256266 0.13281250197906047
0 0.12187500181607902 0.4333333559334278 0.1406250020954758 0.15625000232830644
0 0.36250000540167093 0.4822916918201372 0.16875000251457095 0.17031250253785402
0 0.21562500321306288 0.6854167024139315 0.15625000232830644 0.1625000024214387
0 0.17031250253785402 0.8083333754912019 0.15000000223517418 0.14687500218860805
0 0.21328125317813829 0.13854167389217764 0.1671875024912879 0.1578125023515895
0 0.9046875134808943 0.8947917133336887 0.18125000270083547 0.1578125023515895
0 0.8445312625844963 0.3416666844859719 0.1578125023515895 0.15937500237487257
0 0.8390625125030056 0.6125000319443643 0.12812500190921128 0.1531250022817403
0 0.8359375124564394 0.608333365060389 0.12812500190921128 0.1531250022817403
1 0.3054687545518391 0.8687500453088433 0.06718750100117177 0.07500000111758709
1 0.5867187587427907 0.7531250392785296 0.364062505424954 0.3203125047730282
0 0.7375000109896064 0.2541666799224913 0.1312500019557774 0.12500000186264515
0 0.8070312620257027 0.073958337190561 0.13281250197906047 0.10781250160653144
0 0.703125010477379 0.06354166998062283 0.13750000204890966 0.0921875013737008
0 0.7187500107102096 0.44895835674833506 0.14687500218860805 0.15468750230502337
0 0.6023437589756213 0.14062500733416528 0.1359375020256266 0.13281250197906047
0 0.12187500181607902 0.4333333559334278 0.1406250020954758 0.15625000232830644
0 0.36250000540167093 0.4822916918201372 0.16875000251457095 0.17031250253785402
0 0.21562500321306288 0.6854167024139315 0.15625000232830644 0.1625000024214387
0 0.17031250253785402 0.8083333754912019 0.15000000223517418 0.14687500218860805
0 0.21328125317813829 0.13854167389217764 0.1671875024912879 0.1578125023515895
0 0.9046875134808943 0.8947917133336887 0.18125000270083547 0.1578125023515895
0 0.8445312625844963 0.3416666844859719 0.1578125023515895 0.15937500237487257
0 0.8390625125030056 0.6125000319443643 0.12812500190921128 0.1531250022817403
0 0.8359375124564394 0.608333365060389 0.12812500190921128 0.1531250022817403
1 0.3054687545518391 0.8687500453088433 0.06718750100117177 0.07500000111758709
1 0.5867187587427907 0.7531250392785296 0.364062505424954 0.3203125047730282
0 0.7375000109896064 0.2541666799224913 0.1312500019557774 0.12500000186264515
0 0.8070312620257027 0.073958337190561 0.13281250197906047 0.10781250160653144
0 0.703125010477379 0.06354166998062283 0.13750000204890966 0.0921875013737008
0 0.7187500107102096 0.44895835674833506 0.14687500218860805 0.15468750230502337
0 0.6023437589756213 0.14062500733416528 0.1359375020256266 0.13281250197906047
0 0.12187500181607902 0.4333333559334278 0.1406250020954758 0.15625000232830644
0 0.36250000540167093 0.4822916918201372 0.16875000251457095 0.17031250253785402
0 0.21562500321306288 0.6854167024139315 0.15625000232830644 0.1625000024214387
0 0.17031250253785402 0.8083333754912019 0.15000000223517418 0.14687500218860805
0 0.21328125317813829 0.13854167389217764 0.1671875024912879 0.1578125023515895
0 0.9046875134808943 0.8947917133336887 0.18125000270083547 0.1578125023515895
0 0.8445312625844963 0.3416666844859719 0.1578125023515895 0.15937500237487257
0 0.8390625125030056 0.6125000319443643 0.12812500190921128 0.1531250022817403
0 0.8359375124564394 0.608333365060389 0.12812500190921128 0.1531250022817403
1 0.3054687545518391 0.8687500453088433 0.06718750100117177 0.07500000111758709
1 0.5867187587427907 0.7531250392785296 0.364062505424954 0.3203125047730282
0 0.7375000109896064 0.2541666799224913 0.1312500019557774 0.12500000186264515
0 0.8070312620257027 0.073958337190561 0.13281250197906047 0.10781250160653144
0 0.703125010477379 0.06354166998062283 0.13750000204890966 0.0921875013737008
0 0.7187500107102096 0.44895835674833506 0.14687500218860805 0.15468750230502337
0 0.6023437589756213 0.14062500733416528 0.1359375020256266 0.13281250197906047
0 0.12187500181607902 0.4333333559334278 0.1406250020954758 0.15625000232830644
0 0.36250000540167093 0.4822916918201372 0.16875000251457095 0.17031250253785402
0 0.21562500321306288 0.6854167024139315 0.15625000232830644 0.1625000024214387
0 0.17031250253785402 0.8083333754912019 0.15000000223517418 0.14687500218860805
0 0.21328125317813829 0.13854167389217764 0.1671875024912879 0.1578125023515895
0 0.9046875134808943 0.8947917133336887 0.18125000270083547 0.1578125023515895
0 0.8445312625844963 0.3416666844859719 0.1578125023515895 0.15937500237487257
0 0.8390625125030056 0.6125000319443643 0.12812500190921128 0.1531250022817403
0 0.8359375124564394 0.608333365060389 0.12812500190921128 0.1531250022817403
1 0.3054687545518391 0.8687500453088433 0.06718750100117177 0.07500000111758709
1 0.5867187587427907 0.7531250392785296 0.364062505424954 0.3203125047730282
0 0.7375000109896064 0.2541666799224913 0.1312500019557774 0.12500000186264515
0 0.8070312620257027 0.073958337190561 0.13281250197906047 0.10781250160653144
0 0.703125010477379 0.06354166998062283 0.13750000204890966 0.0921875013737008
0 0.7187500107102096 0.44895835674833506 0.14687500218860805 0.15468750230502337
0 0.6023437589756213 0.14062500733416528 0.1359375020256266 0.13281250197906047
0 0.12187500181607902 0.4333333559334278 0.1406250020954758 0.15625000232830644
0 0.36250000540167093 0.4822916918201372 0.16875000251457095 0.17031250253785402
0 0.21562500321306288 0.6854167024139315 0.15625000232830644 0.1625000024214387
0 0.17031250253785402 0.8083333754912019 0.15000000223517418 0.14687500218860805
0 0.21328125317813829 0.13854167389217764 0.1671875024912879 0.1578125023515895
0 0.9046875134808943 0.8947917133336887 0.18125000270083547 0.1578125023515895
0 0.8445312625844963 0.3416666844859719 0.1578125023515895 0.15937500237487257
0 0.8390625125030056 0.6125000319443643 0.12812500190921128 0.1531250022817403
0 0.8359375124564394 0.608333365060389 0.12812500190921128 0.1531250022817403
1 0.3054687545518391 0.8687500453088433 0.06718750100117177 0.07500000111758709
1 0.5867187587427907 0.7531250392785296 0.364062505424954 0.3203125047730282
0 0.7375000109896064 0.2541666799224913 0.1312500019557774 0.12500000186264515
0 0.8070312620257027 0.073958337190561 0.13281250197906047 0.10781250160653144
0 0.703125010477379 0.06354166998062283 0.13750000204890966 0.0921875013737008
0 0.7187500107102096 0.44895835674833506 0.14687500218860805 0.15468750230502337
0 0.6023437589756213 0.14062500733416528 0.1359375020256266 0.13281250197906047
0 0.12187500181607902 0.4333333559334278 0.1406250020954758 0.15625000232830644
0 0.36250000540167093 0.4822916918201372 0.16875000251457095 0.17031250253785402
0 0.21562500321306288 0.6854167024139315 0.15625000232830644 0.1625000024214387
0 0.17031250253785402 0.8083333754912019 0.15000000223517418 0.14687500218860805
0 0.21328125317813829 0.13854167389217764 0.1671875024912879 0.1578125023515895
0 0.9046875134808943 0.8947917133336887 0.18125000270083547 0.1578125023515895
0 0.8445312625844963 0.3416666844859719 0.1578125023515895 0.15937500237487257
0 0.8390625125030056 0.6125000319443643 0.12812500190921128 0.1531250022817403
0 0.8359375124564394 0.608333365060389 0.12812500190921128 0.1531250022817403
1 0.3054687545518391 0.8687500453088433 0.06718750100117177 0.07500000111758709
1 0.5867187587427907 0.7531250392785296 0.364062505424954 0.3203125047730282
0 0.7375000109896064 0.2541666799224913 0.1312500019557774 0.12500000186264515
0 0.8070312620257027 0.073958337190561 0.13281250197906047 0.10781250160653144
0 0.703125010477379 0.06354166998062283 0.13750000204890966 0.0921875013737008
0 0.7187500107102096 0.44895835674833506 0.14687500218860805 0.15468750230502337
0 0.6023437589756213 0.14062500733416528 0.1359375020256266 0.13281250197906047
0 0.12187500181607902 0.4333333559334278 0.1406250020954758 0.15625000232830644
0 0.36250000540167093 0.4822916918201372 0.16875000251457095 0.17031250253785402
0 0.21562500321306288 0.6854167024139315 0.15625000232830644 0.1625000024214387
0 0.17031250253785402 0.8083333754912019 0.15000000223517418 0.14687500218860805
0 0.21328125317813829 0.13854167389217764 0.1671875024912879 0.1578125023515895
0 0.9046875134808943 0.8947917133336887 0.18125000270083547 0.1578125023515895
0 0.8445312625844963 0.3416666844859719 0.1578125023515895 0.15937500237487257
0 0.8390625125030056 0.6125000319443643 0.12812500190921128 0.1531250022817403
0 0.8359375124564394 0.608333365060389 0.12812500190921128 0.1531250022817403
2 0.3054687545518391 0.8687500453088433 0.06718750100117177 0.07500000111758709
1 0.5867187587427907 0.7531250392785296 0.364062505424954 0.3203125047730282
0 0.7375000109896064 0.2541666799224913 0.1312500019557774 0.12500000186264515
0 0.8070312620257027 0.073958337190561 0.13281250197906047 0.10781250160653144
0 0.703125010477379 0.06354166998062283 0.13750000204890966 0.0921875013737008
0 0.7187500107102096 0.44895835674833506 0.14687500218860805 0.15468750230502337
0 0.6023437589756213 0.14062500733416528 0.1359375020256266 0.13281250197906047
0 0.12187500181607902 0.4333333559334278 0.1406250020954758 0.15625000232830644
0 0.36250000540167093 0.4822916918201372 0.16875000251457095 0.17031250253785402
0 0.21562500321306288 0.6854167024139315 0.15625000232830644 0.1625000024214387
0 0.17031250253785402 0.8083333754912019 0.15000000223517418 0.14687500218860805
0 0.21328125317813829 0.13854167389217764 0.1671875024912879 0.1578125023515895
0 0.9046875134808943 0.8947917133336887 0.18125000270083547 0.1578125023515895
0 0.8445312625844963 0.3416666844859719 0.1578125023515895 0.15937500237487257
0 0.8390625125030056 0.6125000319443643 0.12812500190921128 0.1531250022817403
0 0.8359375124564394 0.608333365060389 0.12812500190921128 0.1531250022817403
2 0.3054687545518391 0.8687500453088433 0.06718750100117177 0.07500000111758709
1 0.5867187587427907 0.7531250392785296 0.364062505424954 0.3203125047730282
0 0.737500011920929 0.25416669249534607 0.13125000894069672 0.125
0 0.8070312738418579 0.07395833730697632 0.1328125 0.10781250149011612
0 0.703125 0.06354167312383652 0.13750000298023224 0.09218750149011612
0 0.71875 0.4489583671092987 0.14687500894069672 0.15468750894069672
0 0.602343738079071 0.140625 0.13593749701976776 0.1328125
0 0.12187500298023224 0.4333333671092987 0.140625 0.15625
0 0.36250001192092896 0.48229169845581055 0.16875000298023224 0.17031250894069672
0 0.21562500298023224 0.6854166984558105 0.15625 0.16250000894069672
0 0.17031250894069672 0.8083333969116211 0.15000000596046448 0.14687500894069672
0 0.21328125894069672 0.13854166865348816 0.16718749701976776 0.15781250596046448
0 0.9046875238418579 0.8947917222976685 0.18125000596046448 0.15781250596046448
0 0.844531238079071 0.34166669845581055 0.15781250596046448 0.15937499701976776
0 0.839062511920929 0.612500011920929 0.12812499701976776 0.15312500298023224
0 0.8359375 0.6083333492279053 0.12812499701976776 0.15312500298023224
2 0.30546876788139343 0.8687500357627869 0.06718750298023224 0.07500000298023224
1 0.586718738079071 0.753125011920929 0.36406251788139343 0.3203125
0 0.737500011920929 0.25416669249534607 0.13125000894069672 0.125
0 0.8070312738418579 0.07395833730697632 0.1328125 0.10781250149011612
0 0.703125 0.06354167312383652 0.13750000298023224 0.09218750149011612
0 0.71875 0.4489583671092987 0.14687500894069672 0.15468750894069672
0 0.602343738079071 0.140625 0.13593749701976776 0.1328125
0 0.12187500298023224 0.4333333671092987 0.140625 0.15625
0 0.36250001192092896 0.48229169845581055 0.16875000298023224 0.17031250894069672
0 0.21562500298023224 0.6854166984558105 0.15625 0.16250000894069672
0 0.17031250894069672 0.8083333969116211 0.15000000596046448 0.14687500894069672
0 0.21328125894069672 0.13854166865348816 0.16718749701976776 0.15781250596046448
0 0.9046875238418579 0.8947917222976685 0.18125000596046448 0.15781250596046448
0 0.844531238079071 0.34166669845581055 0.15781250596046448 0.15937499701976776
0 0.839062511920929 0.612500011920929 0.12812499701976776 0.15312500298023224
0 0.8359375 0.6083333492279053 0.12812499701976776 0.15312500298023224
2 0.30546876788139343 0.8687500357627869 0.06718750298023224 0.07500000298023224
1 0.586718738079071 0.753125011920929 0.36406251788139343 0.3203125
0 0.737500011920929 0.25416669249534607 0.13125000894069672 0.125
0 0.8070312738418579 0.07395833730697632 0.1328125 0.10781250149011612
0 0.703125 0.06354167312383652 0.13750000298023224 0.09218750149011612
0 0.71875 0.4489583671092987 0.14687500894069672 0.15468750894069672
0 0.602343738079071 0.140625 0.13593749701976776 0.1328125
0 0.12187500298023224 0.4333333671092987 0.140625 0.15625
0 0.36250001192092896 0.48229169845581055 0.16875000298023224 0.17031250894069672
0 0.21562500298023224 0.6854166984558105 0.15625 0.16250000894069672
0 0.17031250894069672 0.8083333969116211 0.15000000596046448 0.14687500894069672
0 0.21328125894069672 0.13854166865348816 0.16718749701976776 0.15781250596046448
0 0.9046875238418579 0.8947917222976685 0.18125000596046448 0.15781250596046448
0 0.844531238079071 0.34166669845581055 0.15781250596046448 0.15937499701976776
0 0.839062511920929 0.612500011920929 0.12812499701976776 0.15312500298023224
0 0.8359375 0.6083333492279053 0.12812499701976776 0.15312500298023224
2 0.30546876788139343 0.8687500357627869 0.06718750298023224 0.07500000298023224
1 0.586718738079071 0.753125011920929 0.36406251788139343 0.3203125
0 0.737500011920929 0.25416669249534607 0.13125000894069672 0.125
0 0.8070312738418579 0.07395833730697632 0.1328125 0.10781250149011612
0 0.703125 0.06354167312383652 0.13750000298023224 0.09218750149011612
0 0.71875 0.4489583671092987 0.14687500894069672 0.15468750894069672
0 0.602343738079071 0.140625 0.13593749701976776 0.1328125
0 0.12187500298023224 0.4333333671092987 0.140625 0.15625
0 0.36250001192092896 0.48229169845581055 0.16875000298023224 0.17031250894069672
0 0.21562500298023224 0.6854166984558105 0.15625 0.16250000894069672
0 0.17031250894069672 0.8083333969116211 0.15000000596046448 0.14687500894069672
0 0.21328125894069672 0.13854166865348816 0.16718749701976776 0.15781250596046448
0 0.9046875238418579 0.8947917222976685 0.18125000596046448 0.15781250596046448
0 0.844531238079071 0.34166669845581055 0.15781250596046448 0.15937499701976776
0 0.839062511920929 0.612500011920929 0.12812499701976776 0.15312500298023224
0 0.8359375 0.6083333492279053 0.12812499701976776 0.15312500298023224
2 0.30546876788139343 0.8687500357627869 0.06718750298023224 0.07500000298023224
1 0.586718738079071 0.753125011920929 0.36406251788139343 0.3203125
0 0.737500011920929 0.25416669249534607 0.13125000894069672 0.125
0 0.8070312738418579 0.07395833730697632 0.1328125 0.10781250149011612
0 0.703125 0.06354167312383652 0.13750000298023224 0.09218750149011612
0 0.71875 0.4489583671092987 0.14687500894069672 0.15468750894069672
0 0.602343738079071 0.140625 0.13593749701976776 0.1328125
0 0.12187500298023224 0.4333333671092987 0.140625 0.15625
0 0.36250001192092896 0.48229169845581055 0.16875000298023224 0.17031250894069672
0 0.21562500298023224 0.6854166984558105 0.15625 0.16250000894069672
0 0.17031250894069672 0.8083333969116211 0.15000000596046448 0.14687500894069672
0 0.21328125894069672 0.13854166865348816 0.16718749701976776 0.15781250596046448
0 0.9046875238418579 0.8947917222976685 0.18125000596046448 0.15781250596046448
0 0.844531238079071 0.34166669845581055 0.15781250596046448 0.15937499701976776
0 0.839062511920929 0.612500011920929 0.12812499701976776 0.15312500298023224
0 0.8359375 0.6083333492279053 0.12812499701976776 0.15312500298023224
2 0.30546876788139343 0.8687500357627869 0.06718750298023224 0.07500000298023224
1 0.586718738079071 0.753125011920929 0.36406251788139343 0.3203125
0 0.737500011920929 0.25416669249534607 0.13125000894069672 0.125
0 0.8070312738418579 0.07395833730697632 0.1328125 0.10781250149011612
0 0.703125 0.06354167312383652 0.13750000298023224 0.09218750149011612
0 0.71875 0.4489583671092987 0.14687500894069672 0.15468750894069672
0 0.602343738079071 0.140625 0.13593749701976776 0.1328125
0 0.12187500298023224 0.4333333671092987 0.140625 0.15625
0 0.36250001192092896 0.48229169845581055 0.16875000298023224 0.17031250894069672
0 0.21562500298023224 0.6854166984558105 0.15625 0.16250000894069672
0 0.17031250894069672 0.8083333969116211 0.15000000596046448 0.14687500894069672
0 0.21328125894069672 0.13854166865348816 0.16718749701976776 0.15781250596046448
0 0.9046875238418579 0.8947917222976685 0.18125000596046448 0.15781250596046448
0 0.844531238079071 0.34166669845581055 0.15781250596046448 0.15937499701976776
0 0.839062511920929 0.612500011920929 0.12812499701976776 0.15312500298023224
0 0.8359375 0.6083333492279053 0.12812499701976776 0.15312500298023224
2 0.30546876788139343 0.8687500357627869 0.06718750298023224 0.07500000298023224
1 0.586718738079071 0.753125011920929 0.36406251788139343 0.3203125
0 0.737500011920929 0.25416669249534607 0.13125000894069672 0.125
0 0.8070312738418579 0.07395833730697632 0.1328125 0.10781250149011612
0 0.703125 0.06354167312383652 0.13750000298023224 0.09218750149011612
0 0.71875 0.4489583671092987 0.14687500894069672 0.15468750894069672
0 0.602343738079071 0.140625 0.13593749701976776 0.1328125
0 0.12187500298023224 0.4333333671092987 0.140625 0.15625
0 0.36250001192092896 0.48229169845581055 0.16875000298023224 0.17031250894069672
0 0.21562500298023224 0.6854166984558105 0.15625 0.16250000894069672
0 0.17031250894069672 0.8083333969116211 0.15000000596046448 0.14687500894069672
0 0.21328125894069672 0.13854166865348816 0.16718749701976776 0.15781250596046448
0 0.9046875238418579 0.8947917222976685 0.18125000596046448 0.15781250596046448
0 0.844531238079071 0.34166669845581055 0.15781250596046448 0.15937499701976776
0 0.839062511920929 0.612500011920929 0.12812499701976776 0.15312500298023224
0 0.8359375 0.6083333492279053 0.12812499701976776 0.15312500298023224
2 0.30546876788139343 0.8687500357627869 0.06718750298023224 0.07500000298023224
1 0.586718738079071 0.753125011920929 0.36406251788139343 0.3203125
