0 0.6187500092200935 0.693750036181882 0.1625000024214387 0.1843750027474016
0 0.7718750115018338 0.8666667118668556 0.24375000363215804 0.1406250020954758
0 0.7195312607218511 0.47187502461019903 0.1359375020256266 0.1578125023515895
0 0.8226562622585334 0.4687500244472176 0.17031250253785402 0.15625000232830644
0 0.6125000091269612 0.20208334387280047 0.1625000024214387 0.1843750027474016
1 0.20468750305008143 0.25729168008547276 0.2843750042375177 0.2578125038417056
1 0.45546875678701326 0.43645835609640926 0.07968750118743628 0.05781250086147338
0 0.6187500092200935 0.693750036181882 0.1625000024214387 0.1843750027474016
0 0.7718750115018338 0.8666667118668556 0.24375000363215804 0.1406250020954758
0 0.7195312607218511 0.47187502461019903 0.1359375020256266 0.1578125023515895
0 0.8226562622585334 0.4687500244472176 0.17031250253785402 0.15625000232830644
0 0.6125000091269612 0.20208334387280047 0.1625000024214387 0.1843750027474016
1 0.20468750305008143 0.25729168008547276 0.2843750042375177 0.2578125038417056
1 0.45546875678701326 0.43645835609640926 0.07968750118743628 0.05781250086147338
0 0.6187500092200935 0.693750036181882 0.1625000024214387 0.1843750027474016
0 0.7718750115018338 0.8666667118668556 0.24375000363215804 0.1406250020954758
0 0.7195312607218511 0.47187502461019903 0.1359375020256266 0.1578125023515895
0 0.8226562622585334 0.4687500244472176 0.17031250253785402 0.15625000232830644
0 0.6125000091269612 0.20208334387280047 0.1625000024214387 0.1843750027474016
1 0.20468750305008143 0.25729168008547276 0.2843750042375177 0.2578125038417056
1 0.45546875678701326 0.43645835609640926 0.07968750118743628 0.05781250086147338
0 0.6187500092200935 0.693750036181882 0.1625000024214387 0.1843750027474016
0 0.7718750115018338 0.8666667118668556 0.24375000363215804 0.1406250020954758
0 0.7195312607218511 0.47187502461019903 0.1359375020256266 0.1578125023515895
0 0.8226562622585334 0.4687500244472176 0.17031250253785402 0.15625000232830644
0 0.6125000091269612 0.20208334387280047 0.1625000024214387 0.1843750027474016
1 0.20468750305008143 0.25729168008547276 0.2843750042375177 0.2578125038417056
1 0.45546875678701326 0.43645835609640926 0.07968750118743628 0.05781250086147338
0 0.6187500092200935 0.693750036181882 0.1625000024214387 0.1843750027474016
0 0.7718750115018338 0.8666667118668556 0.24375000363215804 0.1406250020954758
0 0.7195312607218511 0.47187502461019903 0.1359375020256266 0.1578125023515895
0 0.8226562622585334 0.4687500244472176 0.17031250253785402 0.15625000232830644
0 0.6125000091269612 0.20208334387280047 0.1625000024214387 0.1843750027474016
1 0.20468750305008143 0.25729168008547276 0.2843750042375177 0.2578125038417056
1 0.45546875678701326 0.43645835609640926 0.07968750118743628 0.05781250086147338
0 0.6187500092200935 0.693750036181882 0.1625000024214387 0.1843750027474016
0 0.7718750115018338 0.8666667118668556 0.24375000363215804 0.1406250020954758
0 0.7195312607218511 0.47187502461019903 0.1359375020256266 0.1578125023515895
0 0.8226562622585334 0.4687500244472176 0.17031250253785402 0.15625000232830644
0 0.6125000091269612 0.20208334387280047 0.1625000024214387 0.1843750027474016
1 0.20468750305008143 0.25729168008547276 0.2843750042375177 0.2578125038417056
1 0.45546875678701326 0.43645835609640926 0.07968750118743628 0.05781250086147338
0 0.6187500092200935 0.693750036181882 0.1625000024214387 0.1843750027474016
0 0.7718750115018338 0.8666667118668556 0.24375000363215804 0.1406250020954758
0 0.7195312607218511 0.47187502461019903 0.1359375020256266 0.1578125023515895
0 0.8226562622585334 0.4687500244472176 0.17031250253785402 0.15625000232830644
0 0.6125000091269612 0.20208334387280047 0.1625000024214387 0.1843750027474016
1 0.20468750305008143 0.25729168008547276 0.2843750042375177 0.2578125038417056
1 0.45546875678701326 0.43645835609640926 0.07968750118743628 0.05781250086147338
0 0.6187500092200935 0.693750036181882 0.1625000024214387 0.1843750027474016
0 0.7718750115018338 0.8666667118668556 0.24375000363215804 0.1406250020954758
0 0.7195312607218511 0.47187502461019903 0.1359375020256266 0.1578125023515895
0 0.8226562622585334 0.4687500244472176 0.17031250253785402 0.15625000232830644
0 0.6125000091269612 0.20208334387280047 0.1625000024214387 0.1843750027474016
1 0.20468750305008143 0.25729168008547276 0.2843750042375177 0.2578125038417056
1 0.45546875678701326 0.43645835609640926 0.07968750118743628 0.05781250086147338
0 0.6187500092200935 0.693750036181882 0.1625000024214387 0.1843750027474016
0 0.7718750115018338 0.8666667118668556 0.24375000363215804 0.1406250020954758
0 0.7195312607218511 0.47187502461019903 0.1359375020256266 0.1578125023515895
0 0.8226562622585334 0.4687500244472176 0.17031250253785402 0.15625000232830644
0 0.6125000091269612 0.20208334387280047 0.1625000024214387 0.1843750027474016
1 0.20468750305008143 0.25729168008547276 0.2843750042375177 0.2578125038417056
1 0.45546875678701326 0.43645835609640926 0.07968750118743628 0.05781250086147338
0 0.6187500092200935 0.693750036181882 0.1625000024214387 0.1843750027474016
0 0.7718750115018338 0.8666667118668556 0.24375000363215804 0.1406250020954758
0 0.7195312607218511 0.47187502461019903 0.1359375020256266 0.1578125023515895
0 0.8226562622585334 0.4687500244472176 0.17031250253785402 0.15625000232830644
0 0.6125000091269612 0.20208334387280047 0.1625000024214387 0.1843750027474016
1 0.20468750305008143 0.25729168008547276 0.2843750042375177 0.2578125038417056
1 0.45546875678701326 0.43645835609640926 0.07968750118743628 0.05781250086147338
0 0.6187500092200935 0.693750036181882 0.1625000024214387 0.1843750027474016
0 0.7718750115018338 0.8666667118668556 0.24375000363215804 0.1406250020954758
0 0.7195312607218511 0.47187502461019903 0.1359375020256266 0.1578125023515895
0 0.8226562622585334 0.4687500244472176 0.17031250253785402 0.15625000232830644
0 0.6125000091269612 0.20208334387280047 0.1625000024214387 0.1843750027474016
1 0.20468750305008143 0.25729168008547276 0.2843750042375177 0.2578125038417056
1 0.45546875678701326 0.43645835609640926 0.07968750118743628 0.05781250086147338
0 0.6187500092200935 0.693750036181882 0.1625000024214387 0.1843750027474016
0 0.7718750115018338 0.8666667118668556 0.24375000363215804 0.1406250020954758
0 0.7195312607218511 0.47187502461019903 0.1359375020256266 0.1578125023515895
0 0.8226562622585334 0.4687500244472176 0.17031250253785402 0.15625000232830644
0 0.6125000091269612 0.20208334387280047 0.1625000024214387 0.1843750027474016
1 0.20468750305008143 0.25729168008547276 0.2843750042375177 0.2578125038417056
1 0.45546875678701326 0.43645835609640926 0.07968750118743628 0.05781250086147338
0 0.6187500092200935 0.693750036181882 0.1625000024214387 0.1843750027474016
0 0.7718750115018338 0.8666667118668556 0.24375000363215804 0.1406250020954758
0 0.7195312607218511 0.47187502461019903 0.1359375020256266 0.1578125023515895
0 0.8226562622585334 0.4687500244472176 0.17031250253785402 0.15625000232830644
0 0.6125000091269612 0.20208334387280047 0.1625000024214387 0.1843750027474016
1 0.20468750305008143 0.25729168008547276 0.2843750042375177 0.2578125038417056
1 0.45546875678701326 0.43645835609640926 0.07968750118743628 0.05781250086147338
0 0.6187500092200935 0.693750036181882 0.1625000024214387 0.1843750027474016
0 0.7718750115018338 0.8666667118668556 0.24375000363215804 0.1406250020954758
0 0.7195312607218511 0.47187502461019903 0.1359375020256266 0.1578125023515895
0 0.8226562622585334 0.4687500244472176 0.17031250253785402 0.15625000232830644
0 0.6125000091269612 0.20208334387280047 0.1625000024214387 0.1843750027474016
1 0.20468750305008143 0.25729168008547276 0.2843750042375177 0.2578125038417056
2 0.45546875678701326 0.43645835609640926 0.07968750118743628 0.05781250086147338
0 0.6187500092200935 0.693750036181882 0.1625000024214387 0.1843750027474016
0 0.7718750115018338 0.8666667118668556 0.24375000363215804 0.1406250020954758
0 0.7195312607218511 0.47187502461019903 0.1359375020256266 0.1578125023515895
0 0.8226562622585334 0.4687500244472176 0.17031250253785402 0.15625000232830644
0 0.6125000091269612 0.20208334387280047 0.1625000024214387 0.1843750027474016
1 0.20468750305008143 0.25729168008547276 0.2843750042375177 0.2578125038417056
2 0.45546875678701326 0.43645835609640926 0.07968750118743628 0.05781250086147338
0 0.6187500357627869 0.6937500238418579 0.16250000894069672 0.18437500298023224
0 0.7718750238418579 0.8666667342185974 0.24375000596046448 0.140625
0 0.719531238079071 0.47187501192092896 0.13593749701976776 0.15781250596046448
0 0.8226562738418579 0.4687500298023224 0.17031250894069672 0.15625
0 0.612500011920929 0.20208334922790527 0.16250000894069672 0.18437500298023224
1 0.20468750596046448 0.25729167461395264 0.28437501192092896 0.2578125
2 0.4554687440395355 0.4364583492279053 0.07968749850988388 0.05781250074505806
0 0.6187500357627869 0.6937500238418579 0.16250000894069672 0.18437500298023224
0 0.7718750238418579 0.8666667342185974 0.24375000596046448 0.140625
0 0.719531238079071 0.47187501192092896 0.13593749701976776 0.15781250596046448
0 0.8226562738418579 0.4687500298023224 0.17031250894069672 0.15625
0 0.612500011920929 0.20208334922790527 0.16250000894069672 0.18437500298023224
1 0.20468750596046448 0.25729167461395264 0.28437501192092896 0.2578125
2 0.4554687440395355 0.4364583492279053 0.07968749850988388 0.05781250074505806
0 0.6187500357627869 0.6937500238418579 0.16250000894069672 0.18437500298023224
0 0.7718750238418579 0.8666667342185974 0.24375000596046448 0.140625
0 0.719531238079071 0.47187501192092896 0.13593749701976776 0.15781250596046448
0 0.8226562738418579 0.4687500298023224 0.17031250894069672 0.15625
0 0.612500011920929 0.20208334922790527 0.16250000894069672 0.18437500298023224
1 0.20468750596046448 0.25729167461395264 0.28437501192092896 0.2578125
2 0.4554687440395355 0.4364583492279053 0.07968749850988388 0.05781250074505806
0 0.6187500357627869 0.6937500238418579 0.16250000894069672 0.18437500298023224
0 0.7718750238418579 0.8666667342185974 0.24375000596046448 0.140625
0 0.719531238079071 0.47187501192092896 0.13593749701976776 0.15781250596046448
0 0.8226562738418579 0.4687500298023224 0.17031250894069672 0.15625
0 0.612500011920929 0.20208334922790527 0.16250000894069672 0.18437500298023224
1 0.20468750596046448 0.25729167461395264 0.28437501192092896 0.2578125
2 0.4554687440395355 0.4364583492279053 0.07968749850988388 0.05781250074505806
0 0.6187500357627869 0.6937500238418579 0.16250000894069672 0.18437500298023224
0 0.7718750238418579 0.8666667342185974 0.24375000596046448 0.140625
0 0.719531238079071 0.47187501192092896 0.13593749701976776 0.15781250596046448
0 0.8226562738418579 0.4687500298023224 0.17031250894069672 0.15625
0 0.612500011920929 0.20208334922790527 0.16250000894069672 0.18437500298023224
1 0.20468750596046448 0.25729167461395264 0.28437501192092896 0.2578125
2 0.4554687440395355 0.4364583492279053 0.07968749850988388 0.05781250074505806
0 0.6187500357627869 0.6937500238418579 0.16250000894069672 0.18437500298023224
0 0.7718750238418579 0.8666667342185974 0.24375000596046448 0.140625
0 0.719531238079071 0.47187501192092896 0.13593749701976776 0.15781250596046448
0 0.8226562738418579 0.4687500298023224 0.17031250894069672 0.15625
0 0.612500011920929 0.20208334922790527 0.16250000894069672 0.18437500298023224
1 0.20468750596046448 0.25729167461395264 0.28437501192092896 0.2578125
2 0.4554687440395355 0.4364583492279053 0.07968749850988388 0.05781250074505806
0 0.6187500357627869 0.6937500238418579 0.16250000894069672 0.18437500298023224
0 0.7718750238418579 0.8666667342185974 0.24375000596046448 0.140625
0 0.719531238079071 0.47187501192092896 0.13593749701976776 0.15781250596046448
0 0.8226562738418579 0.4687500298023224 0.17031250894069672 0.15625
0 0.612500011920929 0.20208334922790527 0.16250000894069672 0.18437500298023224
1 0.20468750596046448 0.25729167461395264 0.28437501192092896 0.2578125
2 0.4554687440395355 0.4364583492279053 0.07968749850988388 0.05781250074505806
