0 0.4390625065425411 0.8125000423751771 0.13750000204890966 0.14375000214204192
0 0.30000000447034836 0.4645833575632423 0.13750000204890966 0.14375000214204192
0 0.8375000124797225 0.841666710563004 0.19062500284053385 0.19062500284053385
0 0.4851562572293915 0.568750029662624 0.1359375020256266 0.1625000024214387
0 0.13906250207219273 0.22395834501367062 0.14687500218860805 0.13906250207219273
1 0.6554687597672455 0.6072916983393952 0.25156250374857336 0.22656250337604433
1 0.41640625620493665 0.20520834403578192 0.051562500768341124 0.05781250086147338
0 0.4390625065425411 0.8125000423751771 0.13750000204890966 0.14375000214204192
0 0.30000000447034836 0.4645833575632423 0.13750000204890966 0.14375000214204192
0 0.8375000124797225 0.841666710563004 0.19062500284053385 0.19062500284053385
0 0.4851562572293915 0.568750029662624 0.1359375020256266 0.1625000024214387
0 0.13906250207219273 0.22395834501367062 0.14687500218860805 0.13906250207219273
1 0.6554687597672455 0.6072916983393952 0.25156250374857336 0.22656250337604433
1 0.41640625620493665 0.20520834403578192 0.051562500768341124 0.05781250086147338
0 0.4390625065425411 0.8125000423751771 0.13750000204890966 0.14375000214204192
0 0.30000000447034836 0.4645833575632423 0.13750000204890966 0.14375000214204192
0 0.8375000124797225 0.841666710563004 0.19062500284053385 0.19062500284053385
0 0.4851562572293915 0.568750029662624 0.1359375020256266 0.1625000024214387
0 0.13906250207219273 0.22395834501367062 0.14687500218860805 0.13906250207219273
1 0.6554687597672455 0.6072916983393952 0.25156250374857336 0.22656250337604433
1 0.41640625620493665 0.20520834403578192 0.051562500768341124 0.05781250086147338
0 0.4390625065425411 0.8125000423751771 0.13750000204890966 0.14375000214204192
0 0.30000000447034836 0.4645833575632423 0.13750000204890966 0.14375000214204192
0 0.8375000124797225 0.841666710563004 0.19062500284053385 0.19062500284053385
0 0.4851562572293915 0.568750029662624 0.1359375020256266 0.1625000024214387
0 0.13906250207219273 0.22395834501367062 0.14687500218860805 0.13906250207219273
1 0.6554687597672455 0.6072916983393952 0.25156250374857336 0.22656250337604433
1 0.41640625620493665 0.20520834403578192 0.051562500768341124 0.05781250086147338
0 0.4390625065425411 0.8125000423751771 0.13750000204890966 0.14375000214204192
0 0.30000000447034836 0.4645833575632423 0.13750000204890966 0.14375000214204192
0 0.8375000124797225 0.841666710563004 0.19062500284053385 0.19062500284053385
0 0.4851562572293915 0.568750029662624 0.1359375020256266 0.1625000024214387
0 0.13906250207219273 0.22395834501367062 0.14687500218860805 0.13906250207219273
1 0.6554687597672455 0.6072916983393952 0.25156250374857336 0.22656250337604433
1 0.41640625620493665 0.20520834403578192 0.051562500768341124 0.05781250086147338
0 0.4390625065425411 0.8125000423751771 0.13750000204890966 0.14375000214204192
0 0.30000000447034836 0.4645833575632423 0.13750000204890966 0.14375000214204192
0 0.8375000124797225 0.841666710563004 0.19062500284053385 0.19062500284053385
0 0.4851562572293915 0.568750029662624 0.1359375020256266 0.1625000024214387
0 0.13906250207219273 0.22395834501367062 0.14687500218860805 0.13906250207219273
1 0.6554687597672455 0.6072916983393952 0.25156250374857336 0.22656250337604433
1 0.41640625620493665 0.20520834403578192 0.051562500768341124 0.05781250086147338
0 0.4390625065425411 0.8125000423751771 0.13750000204890966 0.14375000214204192
0 0.30000000447034836 0.4645833575632423 0.13750000204890966 0.14375000214204192
0 0.8375000124797225 0.841666710563004 0.19062500284053385 0.19062500284053385
0 0.4851562572293915 0.568750029662624 0.1359375020256266 0.1625000024214387
0 0.13906250207219273 0.22395834501367062 0.14687500218860805 0.13906250207219273
1 0.6554687597672455 0.6072916983393952 0.25156250374857336 0.22656250337604433
1 0.41640625620493665 0.20520834403578192 0.051562500768341124 0.05781250086147338
0 0.4390625065425411 0.8125000423751771 0.13750000204890966 0.14375000214204192
0 0.30000000447034836 0.4645833575632423 0.13750000204890966 0.14375000214204192
0 0.8375000124797225 0.841666710563004 0.19062500284053385 0.19062500284053385
0 0.4851562572293915 0.568750029662624 0.1359375020256266 0.1625000024214387
0 0.13906250207219273 0.22395834501367062 0.14687500218860805 0.13906250207219273
1 0.6554687597672455 0.6072916983393952 0.25156250374857336 0.22656250337604433
1 0.41640625620493665 0.20520834403578192 0.051562500768341124 0.05781250086147338
0 0.4390625065425411 0.8125000423751771 0.13750000204890966 0.14375000214204192
0 0.30000000447034836 0.4645833575632423 0.13750000204890966 0.14375000214204192
0 0.8375000124797225 0.841666710563004 0.19062500284053385 0.19062500284053385
0 0.4851562572293915 0.568750029662624 0.1359375020256266 0.1625000024214387
0 0.13906250207219273 0.22395834501367062 0.14687500218860805 0.13906250207219273
1 0.6554687597672455 0.6072916983393952 0.25156250374857336 0.22656250337604433
1 0.41640625620493665 0.20520834403578192 0.051562500768341124 0.05781250086147338
0 0.4390625065425411 0.8125000423751771 0.13750000204890966 0.14375000214204192
0 0.30000000447034836 0.4645833575632423 0.13750000204890966 0.14375000214204192
0 0.8375000124797225 0.841666710563004 0.19062500284053385 0.19062500284053385
0 0.4851562572293915 0.568750029662624 0.1359375020256266 0.1625000024214387
0 0.13906250207219273 0.22395834501367062 0.14687500218860805 0.13906250207219273
1 0.6554687597672455 0.6072916983393952 0.25156250374857336 0.22656250337604433
1 0.41640625620493665 0.20520834403578192 0.051562500768341124 0.05781250086147338
0 0.4390625065425411 0.8125000423751771 0.13750000204890966 0.14375000214204192
0 0.30000000447034836 0.4645833575632423 0.13750000204890966 0.14375000214204192
0 0.8375000124797225 0.841666710563004 0.19062500284053385 0.19062500284053385
0 0.4851562572293915 0.568750029662624 0.1359375020256266 0.1625000024214387
0 0.13906250207219273 0.22395834501367062 0.14687500218860805 0.13906250207219273
1 0.6554687597672455 0.6072916983393952 0.25156250374857336 0.22656250337604433
1 0.41640625620493665 0.20520834403578192 0.051562500768341124 0.05781250086147338
0 0.4390625065425411 0.8125000423751771 0.13750000204890966 0.14375000214204192
0 0.30000000447034836 0.4645833575632423 0.13750000204890966 0.14375000214204192
0 0.8375000124797225 0.841666710563004 0.19062500284053385 0.19062500284053385
0 0.4851562572293915 0.568750029662624 0.1359375020256266 0.1625000024214387
0 0.13906250207219273 0.22395834501367062 0.14687500218860805 0.13906250207219273
1 0.6554687597672455 0.6072916983393952 0.25156250374857336 0.22656250337604433
1 0.41640625620493665 0.20520834403578192 0.051562500768341124 0.05781250086147338
0 0.4390625065425411 0.8125000423751771 0.13750000204890966 0.14375000214204192
0 0.30000000447034836 0.4645833575632423 0.13750000204890966 0.14375000214204192
0 0.8375000124797225 0.841666710563004 0.19062500284053385 0.19062500284053385
0 0.4851562572293915 0.568750029662624 0.1359375020256266 0.1625000024214387
0 0.13906250207219273 0.22395834501367062 0.14687500218860805 0.13906250207219273
1 0.6554687597672455 0.6072916983393952 0.25156250374857336 0.22656250337604433
1 0.41640625620493665 0.20520834403578192 0.051562500768341124 0.05781250086147338
0 0.4390625065425411 0.8125000423751771 0.13750000204890966 0.14375000214204192
0 0.30000000447034836 0.4645833575632423 0.13750000204890966 0.14375000214204192
0 0.8375000124797225 0.841666710563004 0.19062500284053385 0.19062500284053385
0 0.4851562572293915 0.568750029662624 0.1359375020256266 0.1625000024214387
0 0.13906250207219273 0.22395834501367062 0.14687500218860805 0.13906250207219273
1 0.6554687597672455 0.6072916983393952 0.25156250374857336 0.22656250337604433
2 0.41640625620493665 0.20520834403578192 0.051562500768341124 0.05781250086147338
0 0.4390625065425411 0.8125000423751771 0.13750000204890966 0.14375000214204192
0 0.30000000447034836 0.4645833575632423 0.13750000204890966 0.14375000214204192
0 0.8375000124797225 0.841666710563004 0.19062500284053385 0.19062500284053385
0 0.4851562572293915 0.568750029662624 0.1359375020256266 0.1625000024214387
0 0.13906250207219273 0.22395834501367062 0.14687500218860805 0.13906250207219273
1 0.6554687597672455 0.6072916983393952 0.25156250374857336 0.22656250337604433
2 0.41640625620493665 0.20520834403578192 0.051562500768341124 0.05781250086147338
0 0.4390625059604645 0.8125000596046448 0.13750000298023224 0.14374999701976776
0 0.30000001192092896 0.4645833671092987 0.13750000298023224 0.14374999701976776
0 0.8375000357627869 0.8416666984558105 0.19062499701976776 0.19062499701976776
0 0.48515626788139343 0.5687500238418579 0.13593749701976776 0.16250000894069672
0 0.13906250894069672 0.2239583432674408 0.14687500894069672 0.13906250894069672
1 0.655468761920929 0.6072916984558105 0.2515625059604645 0.2265625
2 0.4164062440395355 0.20520834624767303 0.05156249925494194 0.05781250074505806
0 0.4390625059604645 0.8125000596046448 0.13750000298023224 0.14374999701976776
0 0.30000001192092896 0.4645833671092987 0.13750000298023224 0.14374999701976776
0 0.8375000357627869 0.8416666984558105 0.19062499701976776 0.19062499701976776
0 0.48515626788139343 0.5687500238418579 0.13593749701976776 0.16250000894069672
0 0.13906250894069672 0.2239583432674408 0.14687500894069672 0.13906250894069672
1 0.655468761920929 0.6072916984558105 0.2515625059604645 0.2265625
2 0.4164062440395355 0.20520834624767303 0.05156249925494194 0.05781250074505806
0 0.4390625059604645 0.8125000596046448 0.13750000298023224 0.14374999701976776
0 0.30000001192092896 0.4645833671092987 0.13750000298023224 0.14374999701976776
0 0.8375000357627869 0.8416666984558105 0.19062499701976776 0.19062499701976776
0 0.48515626788139343 0.5687500238418579 0.13593749701976776 0.16250000894069672
0 0.13906250894069672 0.2239583432674408 0.14687500894069672 0.13906250894069672
1 0.655468761920929 0.6072916984558105 0.2515625059604645 0.2265625
2 0.4164062440395355 0.20520834624767303 0.05156249925494194 0.05781250074505806
0 0.4390625059604645 0.8125000596046448 0.13750000298023224 0.14374999701976776
0 0.30000001192092896 0.4645833671092987 0.13750000298023224 0.14374999701976776
0 0.8375000357627869 0.8416666984558105 0.19062499701976776 0.19062499701976776
0 0.48515626788139343 0.5687500238418579 0.13593749701976776 0.16250000894069672
0 0.13906250894069672 0.2239583432674408 0.14687500894069672 0.13906250894069672
1 0.655468761920929 0.6072916984558105 0.2515625059604645 0.2265625
2 0.4164062440395355 0.20520834624767303 0.05156249925494194 0.05781250074505806
0 0.4390625059604645 0.8125000596046448 0.13750000298023224 0.14374999701976776
0 0.30000001192092896 0.4645833671092987 0.13750000298023224 0.14374999701976776
0 0.8375000357627869 0.8416666984558105 0.19062499701976776 0.19062499701976776
0 0.48515626788139343 0.5687500238418579 0.13593749701976776 0.16250000894069672
0 0.13906250894069672 0.2239583432674408 0.14687500894069672 0.13906250894069672
1 0.655468761920929 0.6072916984558105 0.2515625059604645 0.2265625
2 0.4164062440395355 0.20520834624767303 0.05156249925494194 0.05781250074505806
0 0.4390625059604645 0.8125000596046448 0.13750000298023224 0.14374999701976776
0 0.30000001192092896 0.4645833671092987 0.13750000298023224 0.14374999701976776
0 0.8375000357627869 0.8416666984558105 0.19062499701976776 0.19062499701976776
0 0.48515626788139343 0.5687500238418579 0.13593749701976776 0.16250000894069672
0 0.13906250894069672 0.2239583432674408 0.14687500894069672 0.13906250894069672
1 0.655468761920929 0.6072916984558105 0.2515625059604645 0.2265625
2 0.4164062440395355 0.20520834624767303 0.05156249925494194 0.05781250074505806
0 0.4390625059604645 0.8125000596046448 0.13750000298023224 0.14374999701976776
0 0.30000001192092896 0.4645833671092987 0.13750000298023224 0.14374999701976776
0 0.8375000357627869 0.8416666984558105 0.19062499701976776 0.19062499701976776
0 0.48515626788139343 0.5687500238418579 0.13593749701976776 0.16250000894069672
0 0.13906250894069672 0.2239583432674408 0.14687500894069672 0.13906250894069672
1 0.655468761920929 0.6072916984558105 0.2515625059604645 0.2265625
2 0.4164062440395355 0.20520834624767303 0.05156249925494194 0.05781250074505806
