1 0.36796875548316166 0.2770833477843553 0.33906250505242497 0.29062500433064997
0 0.5789062586263753 0.30000001564621925 0.1671875024912879 0.15937500237487257
0 0.6640625098953024 0.3958333539776504 0.14375000214204192 0.13750000204890966
0 0.873437513015233 0.5333333611488342 0.17187500256113708 0.14375000214204192
0 0.7578125112922862 0.642708366853185 0.21250000316649675 0.1890625028172508
0 0.8820312631432898 0.1552083414280787 0.1578125023515895 0.19218750286381692
0 0.7320312609081157 0.0927083381684497 0.16093750239815563 0.1359375020256266
0 0.06250000093132257 0.38125001988373697 0.12187500181607902 0.17812500265426934
0 0.1601562523865141 0.540625028195791 0.17343750258442014 0.1796875026775524
0 0.5765625085914508 0.6885417025769129 0.17187500256113708 0.14531250216532499
0 0.6632812598836608 0.8343750435160473 0.18593750277068466 0.1578125023515895
0 0.0679687510128133 0.813541709096171 0.13281250197906047 0.1359375020256266
0 0.18125000270083547 0.9125000475905836 0.20937500311993062 0.1312500019557774
0 0.8664062629104592 0.8979167134966701 0.1265625018859282 0.14375000214204192
0 0.16171875240979716 0.28854168171528727 0.14843750221189111 0.22656250337604433
0 0.42656250635627657 0.6468750337371603 0.18750000279396772 0.1796875026775524
1 0.5507812582072802 0.5906250308034942 0.05468750081490725 0.048437500721774995
1 0.36796875548316166 0.2770833477843553 0.33906250505242497 0.29062500433064997
0 0.5789062586263753 0.30000001564621925 0.1671875024912879 0.15937500237487257
0 0.6640625098953024 0.3958333539776504 0.14375000214204192 0.13750000204890966
0 0.873437513015233 0.5333333611488342 0.17187500256113708 0.14375000214204192
0 0.7578125112922862 0.642708366853185 0.21250000316649675 0.1890625028172508
0 0.8820312631432898 0.1552083414280787 0.1578125023515895 0.19218750286381692
0 0.7320312609081157 0.0927083381684497 0.16093750239815563 0.1359375020256266
0 0.06250000093132257 0.38125001988373697 0.12187500181607902 0.17812500265426934
0 0.1601562523865141 0.540625028195791 0.17343750258442014 0.1796875026775524
0 0.5765625085914508 0.6885417025769129 0.17187500256113708 0.14531250216532499
0 0.6632812598836608 0.8343750435160473 0.18593750277068466 0.1578125023515895
0 0.0679687510128133 0.813541709096171 0.13281250197906047 0.1359375020256266
0 0.18125000270083547 0.9125000475905836 0.20937500311993062 0.1312500019557774
0 0.8664062629104592 0.8979167134966701 0.1265625018859282 0.14375000214204192
0 0.16171875240979716 0.28854168171528727 0.14843750221189111 0.22656250337604433
0 0.42656250635627657 0.6468750337371603 0.18750000279396772 0.1796875026775524
1 0.5507812582072802 0.5906250308034942 0.05468750081490725 0.048437500721774995
1 0.36796875548316166 0.2770833477843553 0.33906250505242497 0.29062500433064997
0 0.5789062586263753 0.30000001564621925 0.1671875024912879 0.15937500237487257
0 0.6640625098953024 0.3958333539776504 0.14375000214204192 0.13750000204890966
0 0.873437513015233 0.5333333611488342 0.17187500256113708 0.14375000214204192
0 0.7578125112922862 0.642708366853185 0.21250000316649675 0.1890625028172508
0 0.8820312631432898 0.1552083414280787 0.1578125023515895 0.19218750286381692
0 0.7320312609081157 0.0927083381684497 0.16093750239815563 0.1359375020256266
0 0.06250000093132257 0.38125001988373697 0.12187500181607902 0.17812500265426934
0 0.1601562523865141 0.540625028195791 0.17343750258442014 0.1796875026775524
0 0.5765625085914508 0.6885417025769129 0.17187500256113708 0.14531250216532499
0 0.6632812598836608 0.8343750435160473 0.18593750277068466 0.1578125023515895
0 0.0679687510128133 0.813541709096171 0.13281250197906047 0.1359375020256266
0 0.18125000270083547 0.9125000475905836 0.20937500311993062 0.1312500019557774
0 0.8664062629104592 0.8979167134966701 0.1265625018859282 0.14375000214204192
0 0.16171875240979716 0.28854168171528727 0.14843750221189111 0.22656250337604433
0 0.42656250635627657 0.6468750337371603 0.18750000279396772 0.1796875026775524
1 0.5507812582072802 0.5906250308034942 0.05468750081490725 0.048437500721774995
1 0.36796875548316166 0.2770833477843553 0.33906250505242497 0.29062500433064997
0 0.5789062586263753 0.30000001564621925 0.1671875024912879 0.15937500237487257
0 0.6640625098953024 0.3958333539776504 0.14375000214204192 0.13750000204890966
0 0.873437513015233 0.5333333611488342 0.17187500256113708 0.14375000214204192
0 0.7578125112922862 0.642708366853185 0.21250000316649675 0.1890625028172508
0 0.8820312631432898 0.1552083414280787 0.1578125023515895 0.19218750286381692
0 0.7320312609081157 0.0927083381684497 0.16093750239815563 0.1359375020256266
0 0.06250000093132257 0.38125001988373697 0.12187500181607902 0.17812500265426934
0 0.1601562523865141 0.540625028195791 0.17343750258442014 0.1796875026775524
0 0.5765625085914508 0.6885417025769129 0.17187500256113708 0.14531250216532499
0 0.6632812598836608 0.8343750435160473 0.18593750277068466 0.1578125023515895
0 0.0679687510128133 0.813541709096171 0.13281250197906047 0.1359375020256266
0 0.18125000270083547 0.9125000475905836 0.20937500311993062 0.1312500019557774
0 0.8664062629104592 0.8979167134966701 0.1265625018859282 0.14375000214204192
0 0.16171875240979716 0.28854168171528727 0.14843750221189111 0.22656250337604433
0 0.42656250635627657 0.6468750337371603 0.18750000279396772 0.1796875026775524
1 0.5507812582072802 0.5906250308034942 0.05468750081490725 0.048437500721774995
1 0.36796875548316166 0.2770833477843553 0.33906250505242497 0.29062500433064997
0 0.5789062586263753 0.30000001564621925 0.1671875024912879 0.15937500237487257
0 0.6640625098953024 0.3958333539776504 0.14375000214204192 0.13750000204890966
0 0.873437513015233 0.5333333611488342 0.17187500256113708 0.14375000214204192
0 0.7578125112922862 0.642708366853185 0.21250000316649675 0.1890625028172508
0 0.8820312631432898 0.1552083414280787 0.1578125023515895 0.19218750286381692
0 0.7320312609081157 0.0927083381684497 0.16093750239815563 0.1359375020256266
0 0.06250000093132257 0.38125001988373697 0.12187500181607902 0.17812500265426934
0 0.1601562523865141 0.540625028195791 0.17343750258442014 0.1796875026775524
0 0.5765625085914508 0.6885417025769129 0.17187500256113708 0.14531250216532499
0 0.6632812598836608 0.8343750435160473 0.18593750277068466 0.1578125023515895
0 0.0679687510128133 0.813541709096171 0.13281250197906047 0.1359375020256266
0 0.18125000270083547 0.9125000475905836 0.20937500311993062 0.1312500019557774
0 0.8664062629104592 0.8979167134966701 0.1265625018859282 0.14375000214204192
0 0.16171875240979716 0.28854168171528727 0.14843750221189111 0.22656250337604433
0 0.42656250635627657 0.6468750337371603 0.18750000279396772 0.1796875026775524
1 0.5507812582072802 0.5906250308034942 0.05468750081490725 0.048437500721774995
1 0.36796875548316166 0.2770833477843553 0.33906250505242497 0.29062500433064997
0 0.5789062586263753 0.30000001564621925 0.1671875024912879 0.15937500237487257
0 0.6640625098953024 0.3958333539776504 0.14375000214204192 0.13750000204890966
0 0.873437513015233 0.5333333611488342 0.17187500256113708 0.14375000214204192
0 0.7578125112922862 0.642708366853185 0.21250000316649675 0.1890625028172508
0 0.8820312631432898 0.1552083414280787 0.1578125023515895 0.19218750286381692
0 0.7320312609081157 0.0927083381684497 0.16093750239815563 0.1359375020256266
0 0.06250000093132257 0.38125001988373697 0.12187500181607902 0.17812500265426934
0 0.1601562523865141 0.540625028195791 0.17343750258442014 0.1796875026775524
0 0.5765625085914508 0.6885417025769129 0.17187500256113708 0.14531250216532499
0 0.6632812598836608 0.8343750435160473 0.18593750277068466 0.1578125023515895
0 0.0679687510128133 0.813541709096171 0.13281250197906047 0.1359375020256266
0 0.18125000270083547 0.9125000475905836 0.20937500311993062 0.1312500019557774
0 0.8664062629104592 0.8979167134966701 0.1265625018859282 0.14375000214204192
0 0.16171875240979716 0.28854168171528727 0.14843750221189111 0.22656250337604433
0 0.42656250635627657 0.6468750337371603 0.18750000279396772 0.1796875026775524
1 0.5507812582072802 0.5906250308034942 0.05468750081490725 0.048437500721774995
1 0.36796875548316166 0.2770833477843553 0.33906250505242497 0.29062500433064997
0 0.5789062586263753 0.30000001564621925 0.1671875024912879 0.15937500237487257
0 0.6640625098953024 0.3958333539776504 0.14375000214204192 0.13750000204890966
0 0.873437513015233 0.5333333611488342 0.17187500256113708 0.14375000214204192
0 0.7578125112922862 0.642708366853185 0.21250000316649675 0.1890625028172508
0 0.8820312631432898 0.1552083414280787 0.1578125023515895 0.19218750286381692
0 0.7320312609081157 0.0927083381684497 0.16093750239815563 0.1359375020256266
0 0.06250000093132257 0.38125001988373697 0.12187500181607902 0.17812500265426934
0 0.1601562523865141 0.540625028195791 0.17343750258442014 0.1796875026775524
0 0.5765625085914508 0.6885417025769129 0.17187500256113708 0.14531250216532499
0 0.6632812598836608 0.8343750435160473 0.18593750277068466 0.1578125023515895
0 0.0679687510128133 0.813541709096171 0.13281250197906047 0.1359375020256266
0 0.18125000270083547 0.9125000475905836 0.20937500311993062 0.1312500019557774
0 0.8664062629104592 0.8979167134966701 0.1265625018859282 0.14375000214204192
0 0.16171875240979716 0.28854168171528727 0.14843750221189111 0.22656250337604433
0 0.42656250635627657 0.6468750337371603 0.18750000279396772 0.1796875026775524
1 0.5507812582072802 0.5906250308034942 0.05468750081490725 0.048437500721774995
1 0.36796875548316166 0.2770833477843553 0.33906250505242497 0.29062500433064997
0 0.5789062586263753 0.30000001564621925 0.1671875024912879 0.15937500237487257
0 0.6640625098953024 0.3958333539776504 0.14375000214204192 0.13750000204890966
0 0.873437513015233 0.5333333611488342 0.17187500256113708 0.14375000214204192
0 0.7578125112922862 0.642708366853185 0.21250000316649675 0.1890625028172508
0 0.8820312631432898 0.1552083414280787 0.1578125023515895 0.19218750286381692
0 0.7320312609081157 0.0927083381684497 0.16093750239815563 0.1359375020256266
0 0.06250000093132257 0.38125001988373697 0.12187500181607902 0.17812500265426934
0 0.1601562523865141 0.540625028195791 0.17343750258442014 0.1796875026775524
0 0.5765625085914508 0.6885417025769129 0.17187500256113708 0.14531250216532499
0 0.6632812598836608 0.8343750435160473 0.18593750277068466 0.1578125023515895
0 0.0679687510128133 0.813541709096171 0.13281250197906047 0.1359375020256266
0 0.18125000270083547 0.9125000475905836 0.20937500311993062 0.1312500019557774
0 0.8664062629104592 0.8979167134966701 0.1265625018859282 0.14375000214204192
0 0.16171875240979716 0.28854168171528727 0.14843750221189111 0.22656250337604433
0 0.42656250635627657 0.6468750337371603 0.18750000279396772 0.1796875026775524
1 0.5507812582072802 0.5906250308034942 0.05468750081490725 0.048437500721774995
1 0.36796875548316166 0.2770833477843553 0.33906250505242497 0.29062500433064997
0 0.5789062586263753 0.30000001564621925 0.1671875024912879 0.15937500237487257
0 0.6640625098953024 0.3958333539776504 0.14375000214204192 0.13750000204890966
0 0.873437513015233 0.5333333611488342 0.17187500256113708 0.14375000214204192
0 0.7578125112922862 0.642708366853185 0.21250000316649675 0.1890625028172508
0 0.8820312631432898 0.1552083414280787 0.1578125023515895 0.19218750286381692
0 0.7320312609081157 0.0927083381684497 0.16093750239815563 0.1359375020256266
0 0.06250000093132257 0.38125001988373697 0.12187500181607902 0.17812500265426934
0 0.1601562523865141 0.540625028195791 0.17343750258442014 0.1796875026775524
0 0.5765625085914508 0.6885417025769129 0.17187500256113708 0.14531250216532499
0 0.6632812598836608 0.8343750435160473 0.18593750277068466 0.1578125023515895
0 0.0679687510128133 0.813541709096171 0.13281250197906047 0.1359375020256266
0 0.18125000270083547 0.9125000475905836 0.20937500311993062 0.1312500019557774
0 0.8664062629104592 0.8979167134966701 0.1265625018859282 0.14375000214204192
0 0.16171875240979716 0.28854168171528727 0.14843750221189111 0.22656250337604433
0 0.42656250635627657 0.6468750337371603 0.18750000279396772 0.1796875026775524
1 0.5507812582072802 0.5906250308034942 0.05468750081490725 0.048437500721774995
1 0.36796875548316166 0.2770833477843553 0.33906250505242497 0.29062500433064997
0 0.5789062586263753 0.30000001564621925 0.1671875024912879 0.15937500237487257
0 0.6640625098953024 0.3958333539776504 0.14375000214204192 0.13750000204890966
0 0.873437513015233 0.5333333611488342 0.17187500256113708 0.14375000214204192
0 0.7578125112922862 0.642708366853185 0.21250000316649675 0.1890625028172508
0 0.8820312631432898 0.1552083414280787 0.1578125023515895 0.19218750286381692
0 0.7320312609081157 0.0927083381684497 0.16093750239815563 0.1359375020256266
0 0.06250000093132257 0.38125001988373697 0.12187500181607902 0.17812500265426934
0 0.1601562523865141 0.540625028195791 0.17343750258442014 0.1796875026775524
0 0.5765625085914508 0.6885417025769129 0.17187500256113708 0.14531250216532499
0 0.6632812598836608 0.8343750435160473 0.18593750277068466 0.1578125023515895
0 0.0679687510128133 0.813541709096171 0.13281250197906047 0.1359375020256266
0 0.18125000270083547 0.9125000475905836 0.20937500311993062 0.1312500019557774
0 0.8664062629104592 0.8979167134966701 0.1265625018859282 0.14375000214204192
0 0.16171875240979716 0.28854168171528727 0.14843750221189111 0.22656250337604433
0 0.42656250635627657 0.6468750337371603 0.18750000279396772 0.1796875026775524
1 0.5507812582072802 0.5906250308034942 0.05468750081490725 0.048437500721774995
1 0.36796875548316166 0.2770833477843553 0.33906250505242497 0.29062500433064997
0 0.5789062586263753 0.30000001564621925 0.1671875024912879 0.15937500237487257
0 0.6640625098953024 0.3958333539776504 0.14375000214204192 0.13750000204890966
0 0.873437513015233 0.5333333611488342 0.17187500256113708 0.14375000214204192
0 0.7578125112922862 0.642708366853185 0.21250000316649675 0.1890625028172508
0 0.8820312631432898 0.1552083414280787 0.1578125023515895 0.19218750286381692
0 0.7320312609081157 0.0927083381684497 0.16093750239815563 0.1359375020256266
0 0.06250000093132257 0.38125001988373697 0.12187500181607902 0.17812500265426934
0 0.1601562523865141 0.540625028195791 0.17343750258442014 0.1796875026775524
0 0.5765625085914508 0.6885417025769129 0.17187500256113708 0.14531250216532499
0 0.6632812598836608 0.8343750435160473 0.18593750277068466 0.1578125023515895
0 0.0679687510128133 0.813541709096171 0.13281250197906047 0.1359375020256266
0 0.18125000270083547 0.9125000475905836 0.20937500311993062 0.1312500019557774
0 0.8664062629104592 0.8979167134966701 0.1265625018859282 0.14375000214204192
0 0.16171875240979716 0.28854168171528727 0.14843750221189111 0.22656250337604433
0 0.42656250635627657 0.6468750337371603 0.18750000279396772 0.1796875026775524
1 0.5507812582072802 0.5906250308034942 0.05468750081490725 0.048437500721774995
1 0.36796875548316166 0.2770833477843553 0.33906250505242497 0.29062500433064997
0 0.5789062586263753 0.30000001564621925 0.1671875024912879 0.15937500237487257
0 0.6640625098953024 0.3958333539776504 0.14375000214204192 0.13750000204890966
0 0.873437513015233 0.5333333611488342 0.17187500256113708 0.14375000214204192
0 0.7578125112922862 0.642708366853185 0.21250000316649675 0.1890625028172508
0 0.8820312631432898 0.1552083414280787 0.1578125023515895 0.19218750286381692
0 0.7320312609081157 0.0927083381684497 0.16093750239815563 0.1359375020256266
0 0.06250000093132257 0.38125001988373697 0.12187500181607902 0.17812500265426934
0 0.1601562523865141 0.540625028195791 0.17343750258442014 0.1796875026775524
0 0.5765625085914508 0.6885417025769129 0.17187500256113708 0.14531250216532499
0 0.6632812598836608 0.8343750435160473 0.18593750277068466 0.1578125023515895
0 0.0679687510128133 0.813541709096171 0.13281250197906047 0.1359375020256266
0 0.18125000270083547 0.9125000475905836 0.20937500311993062 0.1312500019557774
0 0.8664062629104592 0.8979167134966701 0.1265625018859282 0.14375000214204192
0 0.16171875240979716 0.28854168171528727 0.14843750221189111 0.22656250337604433
0 0.42656250635627657 0.6468750337371603 0.18750000279396772 0.1796875026775524
1 0.5507812582072802 0.5906250308034942 0.05468750081490725 0.048437500721774995
1 0.36796875548316166 0.2770833477843553 0.33906250505242497 0.29062500433064997
0 0.5789062586263753 0.30000001564621925 0.1671875024912879 0.15937500237487257
0 0.6640625098953024 0.3958333539776504 0.14375000214204192 0.13750000204890966
0 0.873437513015233 0.5333333611488342 0.17187500256113708 0.14375000214204192
0 0.7578125112922862 0.642708366853185 0.21250000316649675 0.1890625028172508
0 0.8820312631432898 0.1552083414280787 0.1578125023515895 0.19218750286381692
0 0.7320312609081157 0.0927083381684497 0.16093750239815563 0.1359375020256266
0 0.06250000093132257 0.38125001988373697 0.12187500181607902 0.17812500265426934
0 0.1601562523865141 0.540625028195791 0.17343750258442014 0.1796875026775524
0 0.5765625085914508 0.6885417025769129 0.17187500256113708 0.14531250216532499
0 0.6632812598836608 0.8343750435160473 0.18593750277068466 0.1578125023515895
0 0.0679687510128133 0.813541709096171 0.13281250197906047 0.1359375020256266
0 0.18125000270083547 0.9125000475905836 0.20937500311993062 0.1312500019557774
0 0.8664062629104592 0.8979167134966701 0.1265625018859282 0.14375000214204192
0 0.16171875240979716 0.28854168171528727 0.14843750221189111 0.22656250337604433
0 0.42656250635627657 0.6468750337371603 0.18750000279396772 0.1796875026775524
1 0.5507812582072802 0.5906250308034942 0.05468750081490725 0.048437500721774995
1 0.36796875548316166 0.2770833477843553 0.33906250505242497 0.29062500433064997
0 0.5789062586263753 0.30000001564621925 0.1671875024912879 0.15937500237487257
0 0.6640625098953024 0.3958333539776504 0.14375000214204192 0.13750000204890966
0 0.873437513015233 0.5333333611488342 0.17187500256113708 0.14375000214204192
0 0.7578125112922862 0.642708366853185 0.21250000316649675 0.1890625028172508
0 0.8820312631432898 0.1552083414280787 0.1578125023515895 0.19218750286381692
0 0.7320312609081157 0.0927083381684497 0.16093750239815563 0.1359375020256266
0 0.06250000093132257 0.38125001988373697 0.12187500181607902 0.17812500265426934
0 0.1601562523865141 0.540625028195791 0.17343750258442014 0.1796875026775524
0 0.5765625085914508 0.6885417025769129 0.17187500256113708 0.14531250216532499
0 0.6632812598836608 0.8343750435160473 0.18593750277068466 0.1578125023515895
0 0.0679687510128133 0.813541709096171 0.13281250197906047 0.1359375020256266
0 0.18125000270083547 0.9125000475905836 0.20937500311993062 0.1312500019557774
0 0.8664062629104592 0.8979167134966701 0.1265625018859282 0.14375000214204192
0 0.16171875240979716 0.28854168171528727 0.14843750221189111 0.22656250337604433
0 0.42656250635627657 0.6468750337371603 0.18750000279396772 0.1796875026775524
2 0.5507812582072802 0.5906250308034942 0.05468750081490725 0.048437500721774995
1 0.36796875548316166 0.2770833477843553 0.33906250505242497 0.29062500433064997
0 0.5789062586263753 0.30000001564621925 0.1671875024912879 0.15937500237487257
0 0.6640625098953024 0.3958333539776504 0.14375000214204192 0.13750000204890966
0 0.873437513015233 0.5333333611488342 0.17187500256113708 0.14375000214204192
0 0.7578125112922862 0.642708366853185 0.21250000316649675 0.1890625028172508
0 0.8820312631432898 0.1552083414280787 0.1578125023515895 0.19218750286381692
0 0.7320312609081157 0.0927083381684497 0.16093750239815563 0.1359375020256266
0 0.06250000093132257 0.38125001988373697 0.12187500181607902 0.17812500265426934
0 0.1601562523865141 0.540625028195791 0.17343750258442014 0.1796875026775524
0 0.5765625085914508 0.6885417025769129 0.17187500256113708 0.14531250216532499
0 0.6632812598836608 0.8343750435160473 0.18593750277068466 0.1578125023515895
0 0.0679687510128133 0.813541709096171 0.13281250197906047 0.1359375020256266
0 0.18125000270083547 0.9125000475905836 0.20937500311993062 0.1312500019557774
0 0.8664062629104592 0.8979167134966701 0.1265625018859282 0.14375000214204192
0 0.16171875240979716 0.28854168171528727 0.14843750221189111 0.22656250337604433
0 0.42656250635627657 0.6468750337371603 0.18750000279396772 0.1796875026775524
2 0.5507812582072802 0.5906250308034942 0.05468750081490725 0.048437500721774995
1 0.36796876788139343 0.2770833373069763 0.33906251192092896 0.2906250059604645
0 0.578906238079071 0.30000001192092896 0.16718749701976776 0.15937499701976776
0 0.6640625 0.3958333432674408 0.14374999701976776 0.13750000298023224
0 0.8734375238418579 0.5333333611488342 0.171875 0.14374999701976776
0 0.7578125 0.6427083611488342 0.21250000596046448 0.18906250596046448
0 0.882031261920929 0.15520833432674408 0.15781250596046448 0.19218750298023224
0 0.7320312857627869 0.09270834177732468 0.16093750298023224 0.13593749701976776
0 0.0625 0.3812500238418579 0.12187500298023224 0.17812500894069672
0 0.16015625 0.5406250357627869 0.17343750596046448 0.1796875
0 0.5765625238418579 0.6885417103767395 0.171875 0.14531250298023224
0 0.663281261920929 0.8343750238418579 0.18593750894069672 0.15781250596046448
0 0.06796874850988388 0.8135417103767395 0.1328125 0.13593749701976776
0 0.18125000596046448 0.9125000238418579 0.20937500894069672 0.13125000894069672
0 0.866406261920929 0.8979167342185974 0.12656250596046448 0.14374999701976776
0 0.16171875596046448 0.28854167461395264 0.1484375 0.2265625
0 0.42656251788139343 0.6468750238418579 0.1875 0.1796875
2 0.55078125 0.5906250476837158 0.0546875 0.04843750223517418
1 0.36796876788139343 0.2770833373069763 0.33906251192092896 0.2906250059604645
0 0.578906238079071 0.30000001192092896 0.16718749701976776 0.15937499701976776
0 0.6640625 0.3958333432674408 0.14374999701976776 0.13750000298023224
0 0.8734375238418579 0.5333333611488342 0.171875 0.14374999701976776
0 0.7578125 0.6427083611488342 0.21250000596046448 0.18906250596046448
0 0.882031261920929 0.15520833432674408 0.15781250596046448 0.19218750298023224
0 0.7320312857627869 0.09270834177732468 0.16093750298023224 0.13593749701976776
0 0.0625 0.3812500238418579 0.12187500298023224 0.17812500894069672
0 0.16015625 0.5406250357627869 0.17343750596046448 0.1796875
0 0.5765625238418579 0.6885417103767395 0.171875 0.14531250298023224
0 0.663281261920929 0.8343750238418579 0.18593750894069672 0.15781250596046448
0 0.06796874850988388 0.8135417103767395 0.1328125 0.13593749701976776
0 0.18125000596046448 0.9125000238418579 0.20937500894069672 0.13125000894069672
0 0.866406261920929 0.8979167342185974 0.12656250596046448 0.14374999701976776
0 0.16171875596046448 0.28854167461395264 0.1484375 0.2265625
0 0.42656251788139343 0.6468750238418579 0.1875 0.1796875
2 0.55078125 0.5906250476837158 0.0546875 0.04843750223517418
1 0.36796876788139343 0.2770833373069763 0.33906251192092896 0.2906250059604645
0 0.578906238079071 0.30000001192092896 0.16718749701976776 0.15937499701976776
0 0.6640625 0.3958333432674408 0.14374999701976776 0.13750000298023224
0 0.8734375238418579 0.5333333611488342 0.171875 0.14374999701976776
0 0.7578125 0.6427083611488342 0.21250000596046448 0.18906250596046448
0 0.882031261920929 0.15520833432674408 0.15781250596046448 0.19218750298023224
0 0.7320312857627869 0.09270834177732468 0.16093750298023224 0.13593749701976776
0 0.0625 0.3812500238418579 0.12187500298023224 0.17812500894069672
0 0.16015625 0.5406250357627869 0.17343750596046448 0.1796875
0 0.5765625238418579 0.6885417103767395 0.171875 0.14531250298023224
0 0.663281261920929 0.8343750238418579 0.18593750894069672 0.15781250596046448
0 0.06796874850988388 0.8135417103767395 0.1328125 0.13593749701976776
0 0.18125000596046448 0.9125000238418579 0.20937500894069672 0.13125000894069672
0 0.866406261920929 0.8979167342185974 0.12656250596046448 0.14374999701976776
0 0.16171875596046448 0.28854167461395264 0.1484375 0.2265625
0 0.42656251788139343 0.6468750238418579 0.1875 0.1796875
2 0.55078125 0.5906250476837158 0.0546875 0.04843750223517418
1 0.36796876788139343 0.2770833373069763 0.33906251192092896 0.2906250059604645
0 0.578906238079071 0.30000001192092896 0.16718749701976776 0.15937499701976776
0 0.6640625 0.3958333432674408 0.14374999701976776 0.13750000298023224
0 0.8734375238418579 0.5333333611488342 0.171875 0.14374999701976776
0 0.7578125 0.6427083611488342 0.21250000596046448 0.18906250596046448
0 0.882031261920929 0.15520833432674408 0.15781250596046448 0.19218750298023224
0 0.7320312857627869 0.09270834177732468 0.16093750298023224 0.13593749701976776
0 0.0625 0.3812500238418579 0.12187500298023224 0.17812500894069672
0 0.16015625 0.5406250357627869 0.17343750596046448 0.1796875
0 0.5765625238418579 0.6885417103767395 0.171875 0.14531250298023224
0 0.663281261920929 0.8343750238418579 0.18593750894069672 0.15781250596046448
0 0.06796874850988388 0.8135417103767395 0.1328125 0.13593749701976776
0 0.18125000596046448 0.9125000238418579 0.20937500894069672 0.13125000894069672
0 0.866406261920929 0.8979167342185974 0.12656250596046448 0.14374999701976776
0 0.16171875596046448 0.28854167461395264 0.1484375 0.2265625
0 0.42656251788139343 0.6468750238418579 0.1875 0.1796875
2 0.55078125 0.5906250476837158 0.0546875 0.04843750223517418
1 0.36796876788139343 0.2770833373069763 0.33906251192092896 0.2906250059604645
0 0.578906238079071 0.30000001192092896 0.16718749701976776 0.15937499701976776
0 0.6640625 0.3958333432674408 0.14374999701976776 0.13750000298023224
0 0.8734375238418579 0.5333333611488342 0.171875 0.14374999701976776
0 0.7578125 0.6427083611488342 0.21250000596046448 0.18906250596046448
0 0.882031261920929 0.15520833432674408 0.15781250596046448 0.19218750298023224
0 0.7320312857627869 0.09270834177732468 0.16093750298023224 0.13593749701976776
0 0.0625 0.3812500238418579 0.12187500298023224 0.17812500894069672
0 0.16015625 0.5406250357627869 0.17343750596046448 0.1796875
0 0.5765625238418579 0.6885417103767395 0.171875 0.14531250298023224
0 0.663281261920929 0.8343750238418579 0.18593750894069672 0.15781250596046448
0 0.06796874850988388 0.8135417103767395 0.1328125 0.13593749701976776
0 0.18125000596046448 0.9125000238418579 0.20937500894069672 0.13125000894069672
0 0.866406261920929 0.8979167342185974 0.12656250596046448 0.14374999701976776
0 0.16171875596046448 0.28854167461395264 0.1484375 0.2265625
0 0.42656251788139343 0.6468750238418579 0.1875 0.1796875
2 0.55078125 0.5906250476837158 0.0546875 0.04843750223517418
1 0.36796876788139343 0.2770833373069763 0.33906251192092896 0.2906250059604645
0 0.578906238079071 0.30000001192092896 0.16718749701976776 0.15937499701976776
0 0.6640625 0.3958333432674408 0.14374999701976776 0.13750000298023224
0 0.8734375238418579 0.5333333611488342 0.171875 0.14374999701976776
0 0.7578125 0.6427083611488342 0.21250000596046448 0.18906250596046448
0 0.882031261920929 0.15520833432674408 0.15781250596046448 0.19218750298023224
0 0.7320312857627869 0.09270834177732468 0.16093750298023224 0.13593749701976776
0 0.0625 0.3812500238418579 0.12187500298023224 0.17812500894069672
0 0.16015625 0.5406250357627869 0.17343750596046448 0.1796875
0 0.5765625238418579 0.6885417103767395 0.171875 0.14531250298023224
0 0.663281261920929 0.8343750238418579 0.18593750894069672 0.15781250596046448
0 0.06796874850988388 0.8135417103767395 0.1328125 0.13593749701976776
0 0.18125000596046448 0.9125000238418579 0.20937500894069672 0.13125000894069672
0 0.866406261920929 0.8979167342185974 0.12656250596046448 0.14374999701976776
0 0.16171875596046448 0.28854167461395264 0.1484375 0.2265625
0 0.42656251788139343 0.6468750238418579 0.1875 0.1796875
2 0.55078125 0.5906250476837158 0.0546875 0.04843750223517418
1 0.36796876788139343 0.2770833373069763 0.33906251192092896 0.2906250059604645
0 0.578906238079071 0.30000001192092896 0.16718749701976776 0.15937499701976776
0 0.6640625 0.3958333432674408 0.14374999701976776 0.13750000298023224
0 0.8734375238418579 0.5333333611488342 0.171875 0.14374999701976776
0 0.7578125 0.6427083611488342 0.21250000596046448 0.18906250596046448
0 0.882031261920929 0.15520833432674408 0.15781250596046448 0.19218750298023224
0 0.7320312857627869 0.09270834177732468 0.16093750298023224 0.13593749701976776
0 0.0625 0.3812500238418579 0.12187500298023224 0.17812500894069672
0 0.16015625 0.5406250357627869 0.17343750596046448 0.1796875
0 0.5765625238418579 0.6885417103767395 0.171875 0.14531250298023224
0 0.663281261920929 0.8343750238418579 0.18593750894069672 0.15781250596046448
0 0.06796874850988388 0.8135417103767395 0.1328125 0.13593749701976776
0 0.18125000596046448 0.9125000238418579 0.20937500894069672 0.13125000894069672
0 0.866406261920929 0.8979167342185974 0.12656250596046448 0.14374999701976776
0 0.16171875596046448 0.28854167461395264 0.1484375 0.2265625
0 0.42656251788139343 0.6468750238418579 0.1875 0.1796875
2 0.55078125 0.5906250476837158 0.0546875 0.04843750223517418
