0 0.4539062567637302 0.6479167004581541 0.16093750239815563 0.14375000214204192
0 0.34296875511063263 0.09687500505242497 0.16093750239815563 0.14218750211875886
0 0.6671875099418685 0.3260416836710647 0.1625000024214387 0.17031250253785402
0 0.8742187630268745 0.3645833523478359 0.19218750286381692 0.19062500284053385
0 0.3953125058906153 0.2968750154832378 0.1750000026077032 0.1578125023515895
0 0.0898437513387762 0.26145834696944803 0.17031250253785402 0.15468750230502337
0 0.6351562594645657 0.5562500290106982 0.1578125023515895 0.17812500265426934
0 0.2109375031432137 0.4687500244472176 0.17812500265426934 0.19375000288709998
0 0.8210937622352503 0.7833333741873503 0.1796875026775524 0.1843750027474016
0 0.24609375366708264 0.904166713822633 0.16093750239815563 0.14375000214204192
1 0.27031250402797014 0.7218750376487151 0.08437500125728548 0.06718750100117177
1 0.37265625555301085 0.5593750291736796 0.06718750100117177 0.06718750100117177
1 0.5664062584401108 0.6729167017620057 0.0703125010477379 0.07187500107102096
1 0.5929687588359229 0.8677083785878494 0.24843750370200723 0.19843750295694917
0 0.4539062567637302 0.6479167004581541 0.16093750239815563 0.14375000214204192
0 0.34296875511063263 0.09687500505242497 0.16093750239815563 0.14218750211875886
0 0.6671875099418685 0.3260416836710647 0.1625000024214387 0.17031250253785402
0 0.8742187630268745 0.3645833523478359 0.19218750286381692 0.19062500284053385
0 0.3953125058906153 0.2968750154832378 0.1750000026077032 0.1578125023515895
0 0.0898437513387762 0.26145834696944803 0.17031250253785402 0.15468750230502337
0 0.6351562594645657 0.5562500290106982 0.1578125023515895 0.17812500265426934
0 0.2109375031432137 0.4687500244472176 0.17812500265426934 0.19375000288709998
0 0.8210937622352503 0.7833333741873503 0.1796875026775524 0.1843750027474016
0 0.24609375366708264 0.904166713822633 0.16093750239815563 0.14375000214204192
1 0.27031250402797014 0.7218750376487151 0.08437500125728548 0.06718750100117177
1 0.37265625555301085 0.5593750291736796 0.06718750100117177 0.06718750100117177
1 0.5664062584401108 0.6729167017620057 0.0703125010477379 0.07187500107102096
1 0.5929687588359229 0.8677083785878494 0.24843750370200723 0.19843750295694917
0 0.4539062567637302 0.6479167004581541 0.16093750239815563 0.14375000214204192
0 0.34296875511063263 0.09687500505242497 0.16093750239815563 0.14218750211875886
0 0.6671875099418685 0.3260416836710647 0.1625000024214387 0.17031250253785402
0 0.8742187630268745 0.3645833523478359 0.19218750286381692 0.19062500284053385
0 0.3953125058906153 0.2968750154832378 0.1750000026077032 0.1578125023515895
0 0.0898437513387762 0.26145834696944803 0.17031250253785402 0.15468750230502337
0 0.6351562594645657 0.5562500290106982 0.1578125023515895 0.17812500265426934
0 0.2109375031432137 0.4687500244472176 0.17812500265426934 0.19375000288709998
0 0.8210937622352503 0.7833333741873503 0.1796875026775524 0.1843750027474016
0 0.24609375366708264 0.904166713822633 0.16093750239815563 0.14375000214204192
1 0.27031250402797014 0.7218750376487151 0.08437500125728548 0.06718750100117177
1 0.37265625555301085 0.5593750291736796 0.06718750100117177 0.06718750100117177
1 0.5664062584401108 0.6729167017620057 0.0703125010477379 0.07187500107102096
1 0.5929687588359229 0.8677083785878494 0.24843750370200723 0.19843750295694917
0 0.4539062567637302 0.6479167004581541 0.16093750239815563 0.14375000214204192
0 0.34296875511063263 0.09687500505242497 0.16093750239815563 0.14218750211875886
0 0.6671875099418685 0.3260416836710647 0.1625000024214387 0.17031250253785402
0 0.8742187630268745 0.3645833523478359 0.19218750286381692 0.19062500284053385
0 0.3953125058906153 0.2968750154832378 0.1750000026077032 0.1578125023515895
0 0.0898437513387762 0.26145834696944803 0.17031250253785402 0.15468750230502337
0 0.6351562594645657 0.5562500290106982 0.1578125023515895 0.17812500265426934
0 0.2109375031432137 0.4687500244472176 0.17812500265426934 0.19375000288709998
0 0.8210937622352503 0.7833333741873503 0.1796875026775524 0.1843750027474016
0 0.24609375366708264 0.904166713822633 0.16093750239815563 0.14375000214204192
1 0.27031250402797014 0.7218750376487151 0.08437500125728548 0.06718750100117177
1 0.37265625555301085 0.5593750291736796 0.06718750100117177 0.06718750100117177
1 0.5664062584401108 0.6729167017620057 0.0703125010477379 0.07187500107102096
1 0.5929687588359229 0.8677083785878494 0.24843750370200723 0.19843750295694917
0 0.4539062567637302 0.6479167004581541 0.16093750239815563 0.14375000214204192
0 0.34296875511063263 0.09687500505242497 0.16093750239815563 0.14218750211875886
0 0.6671875099418685 0.3260416836710647 0.1625000024214387 0.17031250253785402
0 0.8742187630268745 0.3645833523478359 0.19218750286381692 0.19062500284053385
0 0.3953125058906153 0.2968750154832378 0.1750000026077032 0.1578125023515895
0 0.0898437513387762 0.26145834696944803 0.17031250253785402 0.15468750230502337
0 0.6351562594645657 0.5562500290106982 0.1578125023515895 0.17812500265426934
0 0.2109375031432137 0.4687500244472176 0.17812500265426934 0.19375000288709998
0 0.8210937622352503 0.7833333741873503 0.1796875026775524 0.1843750027474016
0 0.24609375366708264 0.904166713822633 0.16093750239815563 0.14375000214204192
1 0.27031250402797014 0.7218750376487151 0.08437500125728548 0.06718750100117177
1 0.37265625555301085 0.5593750291736796 0.06718750100117177 0.06718750100117177
1 0.5664062584401108 0.6729167017620057 0.0703125010477379 0.07187500107102096
1 0.5929687588359229 0.8677083785878494 0.24843750370200723 0.19843750295694917
0 0.4539062567637302 0.6479167004581541 0.16093750239815563 0.14375000214204192
0 0.34296875511063263 0.09687500505242497 0.16093750239815563 0.14218750211875886
0 0.6671875099418685 0.3260416836710647 0.1625000024214387 0.17031250253785402
0 0.8742187630268745 0.3645833523478359 0.19218750286381692 0.19062500284053385
0 0.3953125058906153 0.2968750154832378 0.1750000026077032 0.1578125023515895
0 0.0898437513387762 0.26145834696944803 0.17031250253785402 0.15468750230502337
0 0.6351562594645657 0.5562500290106982 0.1578125023515895 0.17812500265426934
0 0.2109375031432137 0.4687500244472176 0.17812500265426934 0.19375000288709998
0 0.8210937622352503 0.7833333741873503 0.1796875026775524 0.1843750027474016
0 0.24609375366708264 0.904166713822633 0.16093750239815563 0.14375000214204192
1 0.27031250402797014 0.7218750376487151 0.08437500125728548 0.06718750100117177
1 0.37265625555301085 0.5593750291736796 0.06718750100117177 0.06718750100117177
1 0.5664062584401108 0.6729167017620057 0.0703125010477379 0.07187500107102096
1 0.5929687588359229 0.8677083785878494 0.24843750370200723 0.19843750295694917
0 0.4539062567637302 0.6479167004581541 0.16093750239815563 0.14375000214204192
0 0.34296875511063263 0.09687500505242497 0.16093750239815563 0.14218750211875886
0 0.6671875099418685 0.3260416836710647 0.1625000024214387 0.17031250253785402
0 0.8742187630268745 0.3645833523478359 0.19218750286381692 0.19062500284053385
0 0.3953125058906153 0.2968750154832378 0.1750000026077032 0.1578125023515895
0 0.0898437513387762 0.26145834696944803 0.17031250253785402 0.15468750230502337
0 0.6351562594645657 0.5562500290106982 0.1578125023515895 0.17812500265426934
0 0.2109375031432137 0.4687500244472176 0.17812500265426934 0.19375000288709998
0 0.8210937622352503 0.7833333741873503 0.1796875026775524 0.1843750027474016
0 0.24609375366708264 0.904166713822633 0.16093750239815563 0.14375000214204192
1 0.27031250402797014 0.7218750376487151 0.08437500125728548 0.06718750100117177
1 0.37265625555301085 0.5593750291736796 0.06718750100117177 0.06718750100117177
1 0.5664062584401108 0.6729167017620057 0.0703125010477379 0.07187500107102096
1 0.5929687588359229 0.8677083785878494 0.24843750370200723 0.19843750295694917
0 0.4539062567637302 0.6479167004581541 0.16093750239815563 0.14375000214204192
0 0.34296875511063263 0.09687500505242497 0.16093750239815563 0.14218750211875886
0 0.6671875099418685 0.3260416836710647 0.1625000024214387 0.17031250253785402
0 0.8742187630268745 0.3645833523478359 0.19218750286381692 0.19062500284053385
0 0.3953125058906153 0.2968750154832378 0.1750000026077032 0.1578125023515895
0 0.0898437513387762 0.26145834696944803 0.17031250253785402 0.15468750230502337
0 0.6351562594645657 0.5562500290106982 0.1578125023515895 0.17812500265426934
0 0.2109375031432137 0.4687500244472176 0.17812500265426934 0.19375000288709998
0 0.8210937622352503 0.7833333741873503 0.1796875026775524 0.1843750027474016
0 0.24609375366708264 0.904166713822633 0.16093750239815563 0.14375000214204192
1 0.27031250402797014 0.7218750376487151 0.08437500125728548 0.06718750100117177
1 0.37265625555301085 0.5593750291736796 0.06718750100117177 0.06718750100117177
1 0.5664062584401108 0.6729167017620057 0.0703125010477379 0.07187500107102096
1 0.5929687588359229 0.8677083785878494 0.24843750370200723 0.19843750295694917
0 0.4539062567637302 0.6479167004581541 0.16093750239815563 0.14375000214204192
0 0.34296875511063263 0.09687500505242497 0.16093750239815563 0.14218750211875886
0 0.6671875099418685 0.3260416836710647 0.1625000024214387 0.17031250253785402
0 0.8742187630268745 0.3645833523478359 0.19218750286381692 0.19062500284053385
0 0.3953125058906153 0.2968750154832378 0.1750000026077032 0.1578125023515895
0 0.0898437513387762 0.26145834696944803 0.17031250253785402 0.15468750230502337
0 0.6351562594645657 0.5562500290106982 0.1578125023515895 0.17812500265426934
0 0.2109375031432137 0.4687500244472176 0.17812500265426934 0.19375000288709998
0 0.8210937622352503 0.7833333741873503 0.1796875026775524 0.1843750027474016
0 0.24609375366708264 0.904166713822633 0.16093750239815563 0.14375000214204192
1 0.27031250402797014 0.7218750376487151 0.08437500125728548 0.06718750100117177
1 0.37265625555301085 0.5593750291736796 0.06718750100117177 0.06718750100117177
1 0.5664062584401108 0.6729167017620057 0.0703125010477379 0.07187500107102096
1 0.5929687588359229 0.8677083785878494 0.24843750370200723 0.19843750295694917
0 0.4539062567637302 0.6479167004581541 0.16093750239815563 0.14375000214204192
0 0.34296875511063263 0.09687500505242497 0.16093750239815563 0.14218750211875886
0 0.6671875099418685 0.3260416836710647 0.1625000024214387 0.17031250253785402
0 0.8742187630268745 0.3645833523478359 0.19218750286381692 0.19062500284053385
0 0.3953125058906153 0.2968750154832378 0.1750000026077032 0.1578125023515895
0 0.0898437513387762 0.26145834696944803 0.17031250253785402 0.15468750230502337
0 0.6351562594645657 0.5562500290106982 0.1578125023515895 0.17812500265426934
0 0.2109375031432137 0.4687500244472176 0.17812500265426934 0.19375000288709998
0 0.8210937622352503 0.7833333741873503 0.1796875026775524 0.1843750027474016
0 0.24609375366708264 0.904166713822633 0.16093750239815563 0.14375000214204192
1 0.27031250402797014 0.7218750376487151 0.08437500125728548 0.06718750100117177
1 0.37265625555301085 0.5593750291736796 0.06718750100117177 0.06718750100117177
1 0.5664062584401108 0.6729167017620057 0.0703125010477379 0.07187500107102096
1 0.5929687588359229 0.8677083785878494 0.24843750370200723 0.19843750295694917
0 0.4539062567637302 0.6479167004581541 0.16093750239815563 0.14375000214204192
0 0.34296875511063263 0.09687500505242497 0.16093750239815563 0.14218750211875886
0 0.6671875099418685 0.3260416836710647 0.1625000024214387 0.17031250253785402
0 0.8742187630268745 0.3645833523478359 0.19218750286381692 0.19062500284053385
0 0.3953125058906153 0.2968750154832378 0.1750000026077032 0.1578125023515895
0 0.0898437513387762 0.26145834696944803 0.17031250253785402 0.15468750230502337
0 0.6351562594645657 0.5562500290106982 0.1578125023515895 0.17812500265426934
0 0.2109375031432137 0.4687500244472176 0.17812500265426934 0.19375000288709998
0 0.8210937622352503 0.7833333741873503 0.1796875026775524 0.1843750027474016
0 0.24609375366708264 0.904166713822633 0.16093750239815563 0.14375000214204192
1 0.27031250402797014 0.7218750376487151 0.08437500125728548 0.06718750100117177
1 0.37265625555301085 0.5593750291736796 0.06718750100117177 0.06718750100117177
1 0.5664062584401108 0.6729167017620057 0.0703125010477379 0.07187500107102096
1 0.5929687588359229 0.8677083785878494 0.24843750370200723 0.19843750295694917
0 0.4539062567637302 0.6479167004581541 0.16093750239815563 0.14375000214204192
0 0.34296875511063263 0.09687500505242497 0.16093750239815563 0.14218750211875886
0 0.6671875099418685 0.3260416836710647 0.1625000024214387 0.17031250253785402
0 0.8742187630268745 0.3645833523478359 0.19218750286381692 0.19062500284053385
0 0.3953125058906153 0.2968750154832378 0.1750000026077032 0.1578125023515895
0 0.0898437513387762 0.26145834696944803 0.17031250253785402 0.15468750230502337
0 0.6351562594645657 0.5562500290106982 0.1578125023515895 0.17812500265426934
0 0.2109375031432137 0.4687500244472176 0.17812500265426934 0.19375000288709998
0 0.8210937622352503 0.7833333741873503 0.1796875026775524 0.1843750027474016
0 0.24609375366708264 0.904166713822633 0.16093750239815563 0.14375000214204192
1 0.27031250402797014 0.7218750376487151 0.08437500125728548 0.06718750100117177
1 0.37265625555301085 0.5593750291736796 0.06718750100117177 0.06718750100117177
1 0.5664062584401108 0.6729167017620057 0.0703125010477379 0.07187500107102096
1 0.5929687588359229 0.8677083785878494 0.24843750370200723 0.19843750295694917
0 0.4539062567637302 0.6479167004581541 0.16093750239815563 0.14375000214204192
0 0.34296875511063263 0.09687500505242497 0.16093750239815563 0.14218750211875886
0 0.6671875099418685 0.3260416836710647 0.1625000024214387 0.17031250253785402
0 0.8742187630268745 0.3645833523478359 0.19218750286381692 0.19062500284053385
0 0.3953125058906153 0.2968750154832378 0.1750000026077032 0.1578125023515895
0 0.0898437513387762 0.26145834696944803 0.17031250253785402 0.15468750230502337
0 0.6351562594645657 0.5562500290106982 0.1578125023515895 0.17812500265426934
0 0.2109375031432137 0.4687500244472176 0.17812500265426934 0.19375000288709998
0 0.8210937622352503 0.7833333741873503 0.1796875026775524 0.1843750027474016
0 0.24609375366708264 0.904166713822633 0.16093750239815563 0.14375000214204192
1 0.27031250402797014 0.7218750376487151 0.08437500125728548 0.06718750100117177
1 0.37265625555301085 0.5593750291736796 0.06718750100117177 0.06718750100117177
1 0.5664062584401108 0.6729167017620057 0.0703125010477379 0.07187500107102096
1 0.5929687588359229 0.8677083785878494 0.24843750370200723 0.19843750295694917
0 0.4539062567637302 0.6479167004581541 0.16093750239815563 0.14375000214204192
0 0.34296875511063263 0.09687500505242497 0.16093750239815563 0.14218750211875886
0 0.6671875099418685 0.3260416836710647 0.1625000024214387 0.17031250253785402
0 0.8742187630268745 0.3645833523478359 0.19218750286381692 0.19062500284053385
0 0.3953125058906153 0.2968750154832378 0.1750000026077032 0.1578125023515895
0 0.0898437513387762 0.26145834696944803 0.17031250253785402 0.15468750230502337
0 0.6351562594645657 0.5562500290106982 0.1578125023515895 0.17812500265426934
0 0.2109375031432137 0.4687500244472176 0.17812500265426934 0.19375000288709998
0 0.8210937622352503 0.7833333741873503 0.1796875026775524 0.1843750027474016
0 0.24609375366708264 0.904166713822633 0.16093750239815563 0.14375000214204192
2 0.27031250402797014 0.7218750376487151 0.08437500125728548 0.06718750100117177
2 0.37265625555301085 0.5593750291736796 0.06718750100117177 0.06718750100117177
2 0.5664062584401108 0.6729167017620057 0.0703125010477379 0.07187500107102096
1 0.5929687588359229 0.8677083785878494 0.24843750370200723 0.19843750295694917
0 0.4539062567637302 0.6479167004581541 0.16093750239815563 0.14375000214204192
0 0.34296875511063263 0.09687500505242497 0.16093750239815563 0.14218750211875886
0 0.6671875099418685 0.3260416836710647 0.1625000024214387 0.17031250253785402
0 0.8742187630268745 0.3645833523478359 0.19218750286381692 0.19062500284053385
0 0.3953125058906153 0.2968750154832378 0.1750000026077032 0.1578125023515895
0 0.0898437513387762 0.26145834696944803 0.17031250253785402 0.15468750230502337
0 0.6351562594645657 0.5562500290106982 0.1578125023515895 0.17812500265426934
0 0.2109375031432137 0.4687500244472176 0.17812500265426934 0.19375000288709998
0 0.8210937622352503 0.7833333741873503 0.1796875026775524 0.1843750027474016
0 0.24609375366708264 0.904166713822633 0.16093750239815563 0.14375000214204192
2 0.27031250402797014 0.7218750376487151 0.08437500125728548 0.06718750100117177
2 0.37265625555301085 0.5593750291736796 0.06718750100117177 0.06718750100117177
2 0.5664062584401108 0.6729167017620057 0.0703125010477379 0.07187500107102096
1 0.5929687588359229 0.8677083785878494 0.24843750370200723 0.19843750295694917
0 0.45390626788139343 0.6479166746139526 0.16093750298023224 0.14374999701976776
0 0.34296876192092896 0.09687500447034836 0.16093750298023224 0.14218750596046448
0 0.667187511920929 0.32604169845581055 0.16250000894069672 0.17031250894069672
0 0.874218761920929 0.3645833432674408 0.19218750298023224 0.19062499701976776
0 0.39531251788139343 0.2968750298023224 0.17499999701976776 0.15781250596046448
0 0.08984375 0.2614583373069763 0.17031250894069672 0.15468750894069672
0 0.6351562738418579 0.5562500357627869 0.15781250596046448 0.17812500894069672
0 0.2109375 0.4687500298023224 0.17812500894069672 0.19375000894069672
0 0.821093738079071 0.7833333611488342 0.1796875 0.18437500298023224
0 0.24609375 0.9041666984558105 0.16093750298023224 0.14374999701976776
2 0.27031251788139343 0.721875011920929 0.08437500149011612 0.06718750298023224
2 0.3726562559604645 0.5593750476837158 0.06718750298023224 0.06718750298023224
2 0.56640625 0.6729167103767395 0.0703125 0.07187499850988388
1 0.592968761920929 0.8677083849906921 0.24843750894069672 0.19843749701976776
0 0.45390626788139343 0.6479166746139526 0.16093750298023224 0.14374999701976776
0 0.34296876192092896 0.09687500447034836 0.16093750298023224 0.14218750596046448
0 0.667187511920929 0.32604169845581055 0.16250000894069672 0.17031250894069672
0 0.874218761920929 0.3645833432674408 0.19218750298023224 0.19062499701976776
0 0.39531251788139343 0.2968750298023224 0.17499999701976776 0.15781250596046448
0 0.08984375 0.2614583373069763 0.17031250894069672 0.15468750894069672
0 0.6351562738418579 0.5562500357627869 0.15781250596046448 0.17812500894069672
0 0.2109375 0.4687500298023224 0.17812500894069672 0.19375000894069672
0 0.821093738079071 0.7833333611488342 0.1796875 0.18437500298023224
0 0.24609375 0.9041666984558105 0.16093750298023224 0.14374999701976776
2 0.27031251788139343 0.721875011920929 0.08437500149011612 0.06718750298023224
2 0.3726562559604645 0.5593750476837158 0.06718750298023224 0.06718750298023224
2 0.56640625 0.6729167103767395 0.0703125 0.07187499850988388
1 0.592968761920929 0.8677083849906921 0.24843750894069672 0.19843749701976776
0 0.45390626788139343 0.6479166746139526 0.16093750298023224 0.14374999701976776
0 0.34296876192092896 0.09687500447034836 0.16093750298023224 0.14218750596046448
0 0.667187511920929 0.32604169845581055 0.16250000894069672 0.17031250894069672
0 0.874218761920929 0.3645833432674408 0.19218750298023224 0.19062499701976776
0 0.39531251788139343 0.2968750298023224 0.17499999701976776 0.15781250596046448
0 0.08984375 0.2614583373069763 0.17031250894069672 0.15468750894069672
0 0.6351562738418579 0.5562500357627869 0.15781250596046448 0.17812500894069672
0 0.2109375 0.4687500298023224 0.17812500894069672 0.19375000894069672
0 0.821093738079071 0.7833333611488342 0.1796875 0.18437500298023224
0 0.24609375 0.9041666984558105 0.16093750298023224 0.14374999701976776
2 0.27031251788139343 0.721875011920929 0.08437500149011612 0.06718750298023224
2 0.3726562559604645 0.5593750476837158 0.06718750298023224 0.06718750298023224
2 0.56640625 0.6729167103767395 0.0703125 0.07187499850988388
1 0.592968761920929 0.8677083849906921 0.24843750894069672 0.19843749701976776
0 0.45390626788139343 0.6479166746139526 0.16093750298023224 0.14374999701976776
0 0.34296876192092896 0.09687500447034836 0.16093750298023224 0.14218750596046448
0 0.667187511920929 0.32604169845581055 0.16250000894069672 0.17031250894069672
0 0.874218761920929 0.3645833432674408 0.19218750298023224 0.19062499701976776
0 0.39531251788139343 0.2968750298023224 0.17499999701976776 0.15781250596046448
0 0.08984375 0.2614583373069763 0.17031250894069672 0.15468750894069672
0 0.6351562738418579 0.5562500357627869 0.15781250596046448 0.17812500894069672
0 0.2109375 0.4687500298023224 0.17812500894069672 0.19375000894069672
0 0.821093738079071 0.7833333611488342 0.1796875 0.18437500298023224
0 0.24609375 0.9041666984558105 0.16093750298023224 0.14374999701976776
2 0.27031251788139343 0.721875011920929 0.08437500149011612 0.06718750298023224
2 0.3726562559604645 0.5593750476837158 0.06718750298023224 0.06718750298023224
2 0.56640625 0.6729167103767395 0.0703125 0.07187499850988388
1 0.592968761920929 0.8677083849906921 0.24843750894069672 0.19843749701976776
0 0.45390626788139343 0.6479166746139526 0.16093750298023224 0.14374999701976776
0 0.34296876192092896 0.09687500447034836 0.16093750298023224 0.14218750596046448
0 0.667187511920929 0.32604169845581055 0.16250000894069672 0.17031250894069672
0 0.874218761920929 0.3645833432674408 0.19218750298023224 0.19062499701976776
0 0.39531251788139343 0.2968750298023224 0.17499999701976776 0.15781250596046448
0 0.08984375 0.2614583373069763 0.17031250894069672 0.15468750894069672
0 0.6351562738418579 0.5562500357627869 0.15781250596046448 0.17812500894069672
0 0.2109375 0.4687500298023224 0.17812500894069672 0.19375000894069672
0 0.821093738079071 0.7833333611488342 0.1796875 0.18437500298023224
0 0.24609375 0.9041666984558105 0.16093750298023224 0.14374999701976776
2 0.27031251788139343 0.721875011920929 0.08437500149011612 0.06718750298023224
2 0.3726562559604645 0.5593750476837158 0.06718750298023224 0.06718750298023224
2 0.56640625 0.6729167103767395 0.0703125 0.07187499850988388
1 0.592968761920929 0.8677083849906921 0.24843750894069672 0.19843749701976776
0 0.45390626788139343 0.6479166746139526 0.16093750298023224 0.14374999701976776
0 0.34296876192092896 0.09687500447034836 0.16093750298023224 0.14218750596046448
0 0.667187511920929 0.32604169845581055 0.16250000894069672 0.17031250894069672
0 0.874218761920929 0.3645833432674408 0.19218750298023224 0.19062499701976776
0 0.39531251788139343 0.2968750298023224 0.17499999701976776 0.15781250596046448
0 0.08984375 0.2614583373069763 0.17031250894069672 0.15468750894069672
0 0.6351562738418579 0.5562500357627869 0.15781250596046448 0.17812500894069672
0 0.2109375 0.4687500298023224 0.17812500894069672 0.19375000894069672
0 0.821093738079071 0.7833333611488342 0.1796875 0.18437500298023224
0 0.24609375 0.9041666984558105 0.16093750298023224 0.14374999701976776
2 0.27031251788139343 0.721875011920929 0.08437500149011612 0.06718750298023224
2 0.3726562559604645 0.5593750476837158 0.06718750298023224 0.06718750298023224
2 0.56640625 0.6729167103767395 0.0703125 0.07187499850988388
1 0.592968761920929 0.8677083849906921 0.24843750894069672 0.19843749701976776
0 0.45390626788139343 0.6479166746139526 0.16093750298023224 0.14374999701976776
0 0.34296876192092896 0.09687500447034836 0.16093750298023224 0.14218750596046448
0 0.667187511920929 0.32604169845581055 0.16250000894069672 0.17031250894069672
0 0.874218761920929 0.3645833432674408 0.19218750298023224 0.19062499701976776
0 0.39531251788139343 0.2968750298023224 0.17499999701976776 0.15781250596046448
0 0.08984375 0.2614583373069763 0.17031250894069672 0.15468750894069672
0 0.6351562738418579 0.5562500357627869 0.15781250596046448 0.17812500894069672
0 0.2109375 0.4687500298023224 0.17812500894069672 0.19375000894069672
0 0.821093738079071 0.7833333611488342 0.1796875 0.18437500298023224
0 0.24609375 0.9041666984558105 0.16093750298023224 0.14374999701976776
2 0.27031251788139343 0.721875011920929 0.08437500149011612 0.06718750298023224
2 0.3726562559604645 0.5593750476837158 0.06718750298023224 0.06718750298023224
2 0.56640625 0.6729167103767395 0.0703125 0.07187499850988388
1 0.592968761920929 0.8677083849906921 0.24843750894069672 0.19843749701976776
