0 0.7093750105705112 0.3083333494141698 0.21562500321306288 0.15625000232830644
0 0.6898437602794729 0.44166668970137835 0.1796875026775524 0.15000000223517418
0 0.25390625378349796 0.35625001857988536 0.19218750286381692 0.15937500237487257
0 0.2843750042375177 0.8197917094221339 0.1625000024214387 0.15468750230502337
0 0.32421875483123586 0.8968750467756763 0.14531250216532499 0.15468750230502337
0 0.10703125159488991 0.5958333644084632 0.17031250253785402 0.18125000270083547
0 0.5632812583935447 0.7312500381376594 0.17031250253785402 0.18125000270083547
0 0.9085937635391019 0.33750001760199666 0.1578125023515895 0.1843750027474016
0 0.8476562626310624 0.6041666981764138 0.1578125023515895 0.17812500265426934
0 0.6476562596508302 0.6625000345520675 0.1578125023515895 0.17812500265426934
0 0.49140625732252374 0.24375001271255314 0.1578125023515895 0.17812500265426934
0 0.4828125071944669 0.4895833588670939 0.18750000279396772 0.19062500284053385
1 0.6640625098953024 0.1114583391463384 0.4437500066123903 0.16406250244472176
0 0.2429687536205165 0.10312500537838787 0.14531250216532499 0.15156250225845724
0 0.2835937542258762 0.23958334582857788 0.14531250216532499 0.1531250022817403
0 0.8359375124564394 0.8895833797287196 0.17187500256113708 0.16562500246800482
0 0.7093750105705112 0.3083333494141698 0.21562500321306288 0.15625000232830644
0 0.6898437602794729 0.44166668970137835 0.1796875026775524 0.15000000223517418
0 0.25390625378349796 0.35625001857988536 0.19218750286381692 0.15937500237487257
0 0.2843750042375177 0.8197917094221339 0.1625000024214387 0.15468750230502337
0 0.32421875483123586 0.8968750467756763 0.14531250216532499 0.15468750230502337
0 0.10703125159488991 0.5958333644084632 0.17031250253785402 0.18125000270083547
0 0.5632812583935447 0.7312500381376594 0.17031250253785402 0.18125000270083547
0 0.9085937635391019 0.33750001760199666 0.1578125023515895 0.1843750027474016
0 0.8476562626310624 0.6041666981764138 0.1578125023515895 0.17812500265426934
0 0.6476562596508302 0.6625000345520675 0.1578125023515895 0.17812500265426934
0 0.49140625732252374 0.24375001271255314 0.1578125023515895 0.17812500265426934
0 0.4828125071944669 0.4895833588670939 0.18750000279396772 0.19062500284053385
1 0.6640625098953024 0.1114583391463384 0.4437500066123903 0.16406250244472176
0 0.2429687536205165 0.10312500537838787 0.14531250216532499 0.15156250225845724
0 0.2835937542258762 0.23958334582857788 0.14531250216532499 0.1531250022817403
0 0.8359375124564394 0.8895833797287196 0.17187500256113708 0.16562500246800482
0 0.7093750105705112 0.3083333494141698 0.21562500321306288 0.15625000232830644
0 0.6898437602794729 0.44166668970137835 0.1796875026775524 0.15000000223517418
0 0.25390625378349796 0.35625001857988536 0.19218750286381692 0.15937500237487257
0 0.2843750042375177 0.8197917094221339 0.1625000024214387 0.15468750230502337
0 0.32421875483123586 0.8968750467756763 0.14531250216532499 0.15468750230502337
0 0.10703125159488991 0.5958333644084632 0.17031250253785402 0.18125000270083547
0 0.5632812583935447 0.7312500381376594 0.17031250253785402 0.18125000270083547
0 0.9085937635391019 0.33750001760199666 0.1578125023515895 0.1843750027474016
0 0.8476562626310624 0.6041666981764138 0.1578125023515895 0.17812500265426934
0 0.6476562596508302 0.6625000345520675 0.1578125023515895 0.17812500265426934
0 0.49140625732252374 0.24375001271255314 0.1578125023515895 0.17812500265426934
0 0.4828125071944669 0.4895833588670939 0.18750000279396772 0.19062500284053385
1 0.6640625098953024 0.1114583391463384 0.4437500066123903 0.16406250244472176
0 0.2429687536205165 0.10312500537838787 0.14531250216532499 0.15156250225845724
0 0.2835937542258762 0.23958334582857788 0.14531250216532499 0.1531250022817403
0 0.8359375124564394 0.8895833797287196 0.17187500256113708 0.16562500246800482
0 0.7093750105705112 0.3083333494141698 0.21562500321306288 0.15625000232830644
0 0.6898437602794729 0.44166668970137835 0.1796875026775524 0.15000000223517418
0 0.25390625378349796 0.35625001857988536 0.19218750286381692 0.15937500237487257
0 0.2843750042375177 0.8197917094221339 0.1625000024214387 0.15468750230502337
0 0.32421875483123586 0.8968750467756763 0.14531250216532499 0.15468750230502337
0 0.10703125159488991 0.5958333644084632 0.17031250253785402 0.18125000270083547
0 0.5632812583935447 0.7312500381376594 0.17031250253785402 0.18125000270083547
0 0.9085937635391019 0.33750001760199666 0.1578125023515895 0.1843750027474016
0 0.8476562626310624 0.6041666981764138 0.1578125023515895 0.17812500265426934
0 0.6476562596508302 0.6625000345520675 0.1578125023515895 0.17812500265426934
0 0.49140625732252374 0.24375001271255314 0.1578125023515895 0.17812500265426934
0 0.4828125071944669 0.4895833588670939 0.18750000279396772 0.19062500284053385
1 0.6640625098953024 0.1114583391463384 0.4437500066123903 0.16406250244472176
0 0.2429687536205165 0.10312500537838787 0.14531250216532499 0.15156250225845724
0 0.2835937542258762 0.23958334582857788 0.14531250216532499 0.1531250022817403
0 0.8359375124564394 0.8895833797287196 0.17187500256113708 0.16562500246800482
0 0.7093750105705112 0.3083333494141698 0.21562500321306288 0.15625000232830644
0 0.6898437602794729 0.44166668970137835 0.1796875026775524 0.15000000223517418
0 0.25390625378349796 0.35625001857988536 0.19218750286381692 0.15937500237487257
0 0.2843750042375177 0.8197917094221339 0.1625000024214387 0.15468750230502337
0 0.32421875483123586 0.8968750467756763 0.14531250216532499 0.15468750230502337
0 0.10703125159488991 0.5958333644084632 0.17031250253785402 0.18125000270083547
0 0.5632812583935447 0.7312500381376594 0.17031250253785402 0.18125000270083547
0 0.9085937635391019 0.33750001760199666 0.1578125023515895 0.1843750027474016
0 0.8476562626310624 0.6041666981764138 0.1578125023515895 0.17812500265426934
0 0.6476562596508302 0.6625000345520675 0.1578125023515895 0.17812500265426934
0 0.49140625732252374 0.24375001271255314 0.1578125023515895 0.17812500265426934
0 0.4828125071944669 0.4895833588670939 0.18750000279396772 0.19062500284053385
1 0.6640625098953024 0.1114583391463384 0.4437500066123903 0.16406250244472176
0 0.2429687536205165 0.10312500537838787 0.14531250216532499 0.15156250225845724
0 0.2835937542258762 0.23958334582857788 0.14531250216532499 0.1531250022817403
0 0.8359375124564394 0.8895833797287196 0.17187500256113708 0.16562500246800482
0 0.7093750105705112 0.3083333494141698 0.21562500321306288 0.15625000232830644
0 0.6898437602794729 0.44166668970137835 0.1796875026775524 0.15000000223517418
0 0.25390625378349796 0.35625001857988536 0.19218750286381692 0.15937500237487257
0 0.2843750042375177 0.8197917094221339 0.1625000024214387 0.15468750230502337
0 0.32421875483123586 0.8968750467756763 0.14531250216532499 0.15468750230502337
0 0.10703125159488991 0.5958333644084632 0.17031250253785402 0.18125000270083547
0 0.5632812583935447 0.7312500381376594 0.17031250253785402 0.18125000270083547
0 0.9085937635391019 0.33750001760199666 0.1578125023515895 0.1843750027474016
0 0.8476562626310624 0.6041666981764138 0.1578125023515895 0.17812500265426934
0 0.6476562596508302 0.6625000345520675 0.1578125023515895 0.17812500265426934
0 0.49140625732252374 0.24375001271255314 0.1578125023515895 0.17812500265426934
0 0.4828125071944669 0.4895833588670939 0.18750000279396772 0.19062500284053385
1 0.6640625098953024 0.1114583391463384 0.4437500066123903 0.16406250244472176
0 0.2429687536205165 0.10312500537838787 0.14531250216532499 0.15156250225845724
0 0.2835937542258762 0.23958334582857788 0.14531250216532499 0.1531250022817403
0 0.8359375124564394 0.8895833797287196 0.17187500256113708 0.16562500246800482
0 0.7093750105705112 0.3083333494141698 0.21562500321306288 0.15625000232830644
0 0.6898437602794729 0.44166668970137835 0.1796875026775524 0.15000000223517418
0 0.25390625378349796 0.35625001857988536 0.19218750286381692 0.15937500237487257
0 0.2843750042375177 0.8197917094221339 0.1625000024214387 0.15468750230502337
0 0.32421875483123586 0.8968750467756763 0.14531250216532499 0.15468750230502337
0 0.10703125159488991 0.5958333644084632 0.17031250253785402 0.18125000270083547
0 0.5632812583935447 0.7312500381376594 0.17031250253785402 0.18125000270083547
0 0.9085937635391019 0.33750001760199666 0.1578125023515895 0.1843750027474016
0 0.8476562626310624 0.6041666981764138 0.1578125023515895 0.17812500265426934
0 0.6476562596508302 0.6625000345520675 0.1578125023515895 0.17812500265426934
0 0.49140625732252374 0.24375001271255314 0.1578125023515895 0.17812500265426934
0 0.4828125071944669 0.4895833588670939 0.18750000279396772 0.19062500284053385
1 0.6640625098953024 0.1114583391463384 0.4437500066123903 0.16406250244472176
0 0.2429687536205165 0.10312500537838787 0.14531250216532499 0.15156250225845724
0 0.2835937542258762 0.23958334582857788 0.14531250216532499 0.1531250022817403
0 0.8359375124564394 0.8895833797287196 0.17187500256113708 0.16562500246800482
0 0.7093750105705112 0.3083333494141698 0.21562500321306288 0.15625000232830644
0 0.6898437602794729 0.44166668970137835 0.1796875026775524 0.15000000223517418
0 0.25390625378349796 0.35625001857988536 0.19218750286381692 0.15937500237487257
0 0.2843750042375177 0.8197917094221339 0.1625000024214387 0.15468750230502337
0 0.32421875483123586 0.8968750467756763 0.14531250216532499 0.15468750230502337
0 0.10703125159488991 0.5958333644084632 0.17031250253785402 0.18125000270083547
0 0.5632812583935447 0.7312500381376594 0.17031250253785402 0.18125000270083547
0 0.9085937635391019 0.33750001760199666 0.1578125023515895 0.1843750027474016
0 0.8476562626310624 0.6041666981764138 0.1578125023515895 0.17812500265426934
0 0.6476562596508302 0.6625000345520675 0.1578125023515895 0.17812500265426934
0 0.49140625732252374 0.24375001271255314 0.1578125023515895 0.17812500265426934
0 0.4828125071944669 0.4895833588670939 0.18750000279396772 0.19062500284053385
1 0.6640625098953024 0.1114583391463384 0.4437500066123903 0.16406250244472176
0 0.2429687536205165 0.10312500537838787 0.14531250216532499 0.15156250225845724
0 0.2835937542258762 0.23958334582857788 0.14531250216532499 0.1531250022817403
0 0.8359375124564394 0.8895833797287196 0.17187500256113708 0.16562500246800482
0 0.7093750105705112 0.3083333494141698 0.21562500321306288 0.15625000232830644
0 0.6898437602794729 0.44166668970137835 0.1796875026775524 0.15000000223517418
0 0.25390625378349796 0.35625001857988536 0.19218750286381692 0.15937500237487257
0 0.2843750042375177 0.8197917094221339 0.1625000024214387 0.15468750230502337
0 0.32421875483123586 0.8968750467756763 0.14531250216532499 0.15468750230502337
0 0.10703125159488991 0.5958333644084632 0.17031250253785402 0.18125000270083547
0 0.5632812583935447 0.7312500381376594 0.17031250253785402 0.18125000270083547
0 0.9085937635391019 0.33750001760199666 0.1578125023515895 0.1843750027474016
0 0.8476562626310624 0.6041666981764138 0.1578125023515895 0.17812500265426934
0 0.6476562596508302 0.6625000345520675 0.1578125023515895 0.17812500265426934
0 0.49140625732252374 0.24375001271255314 0.1578125023515895 0.17812500265426934
0 0.4828125071944669 0.4895833588670939 0.18750000279396772 0.19062500284053385
1 0.6640625098953024 0.1114583391463384 0.4437500066123903 0.16406250244472176
0 0.2429687536205165 0.10312500537838787 0.14531250216532499 0.15156250225845724
0 0.2835937542258762 0.23958334582857788 0.14531250216532499 0.1531250022817403
0 0.8359375124564394 0.8895833797287196 0.17187500256113708 0.16562500246800482
0 0.7093750105705112 0.3083333494141698 0.21562500321306288 0.15625000232830644
0 0.6898437602794729 0.44166668970137835 0.1796875026775524 0.15000000223517418
0 0.25390625378349796 0.35625001857988536 0.19218750286381692 0.15937500237487257
0 0.2843750042375177 0.8197917094221339 0.1625000024214387 0.15468750230502337
0 0.32421875483123586 0.8968750467756763 0.14531250216532499 0.15468750230502337
0 0.10703125159488991 0.5958333644084632 0.17031250253785402 0.18125000270083547
0 0.5632812583935447 0.7312500381376594 0.17031250253785402 0.18125000270083547
0 0.9085937635391019 0.33750001760199666 0.1578125023515895 0.1843750027474016
0 0.8476562626310624 0.6041666981764138 0.1578125023515895 0.17812500265426934
0 0.6476562596508302 0.6625000345520675 0.1578125023515895 0.17812500265426934
0 0.49140625732252374 0.24375001271255314 0.1578125023515895 0.17812500265426934
0 0.4828125071944669 0.4895833588670939 0.18750000279396772 0.19062500284053385
1 0.6640625098953024 0.1114583391463384 0.4437500066123903 0.16406250244472176
0 0.2429687536205165 0.10312500537838787 0.14531250216532499 0.15156250225845724
0 0.2835937542258762 0.23958334582857788 0.14531250216532499 0.1531250022817403
0 0.8359375124564394 0.8895833797287196 0.17187500256113708 0.16562500246800482
0 0.7093750105705112 0.3083333494141698 0.21562500321306288 0.15625000232830644
0 0.6898437602794729 0.44166668970137835 0.1796875026775524 0.15000000223517418
0 0.25390625378349796 0.35625001857988536 0.19218750286381692 0.15937500237487257
0 0.2843750042375177 0.8197917094221339 0.1625000024214387 0.15468750230502337
0 0.32421875483123586 0.8968750467756763 0.14531250216532499 0.15468750230502337
0 0.10703125159488991 0.5958333644084632 0.17031250253785402 0.18125000270083547
0 0.5632812583935447 0.7312500381376594 0.17031250253785402 0.18125000270083547
0 0.9085937635391019 0.33750001760199666 0.1578125023515895 0.1843750027474016
0 0.8476562626310624 0.6041666981764138 0.1578125023515895 0.17812500265426934
0 0.6476562596508302 0.6625000345520675 0.1578125023515895 0.17812500265426934
0 0.49140625732252374 0.24375001271255314 0.1578125023515895 0.17812500265426934
0 0.4828125071944669 0.4895833588670939 0.18750000279396772 0.19062500284053385
1 0.6640625098953024 0.1114583391463384 0.4437500066123903 0.16406250244472176
0 0.2429687536205165 0.10312500537838787 0.14531250216532499 0.15156250225845724
0 0.2835937542258762 0.23958334582857788 0.14531250216532499 0.1531250022817403
0 0.8359375124564394 0.8895833797287196 0.17187500256113708 0.16562500246800482
0 0.7093750105705112 0.3083333494141698 0.21562500321306288 0.15625000232830644
0 0.6898437602794729 0.44166668970137835 0.1796875026775524 0.15000000223517418
0 0.25390625378349796 0.35625001857988536 0.19218750286381692 0.15937500237487257
0 0.2843750042375177 0.8197917094221339 0.1625000024214387 0.15468750230502337
0 0.32421875483123586 0.8968750467756763 0.14531250216532499 0.15468750230502337
0 0.10703125159488991 0.5958333644084632 0.17031250253785402 0.18125000270083547
0 0.5632812583935447 0.7312500381376594 0.17031250253785402 0.18125000270083547
0 0.9085937635391019 0.33750001760199666 0.1578125023515895 0.1843750027474016
0 0.8476562626310624 0.6041666981764138 0.1578125023515895 0.17812500265426934
0 0.6476562596508302 0.6625000345520675 0.1578125023515895 0.17812500265426934
0 0.49140625732252374 0.24375001271255314 0.1578125023515895 0.17812500265426934
0 0.4828125071944669 0.4895833588670939 0.18750000279396772 0.19062500284053385
1 0.6640625098953024 0.1114583391463384 0.4437500066123903 0.16406250244472176
0 0.2429687536205165 0.10312500537838787 0.14531250216532499 0.15156250225845724
0 0.2835937542258762 0.23958334582857788 0.14531250216532499 0.1531250022817403
0 0.8359375124564394 0.8895833797287196 0.17187500256113708 0.16562500246800482
0 0.7093750105705112 0.3083333494141698 0.21562500321306288 0.15625000232830644
0 0.6898437602794729 0.44166668970137835 0.1796875026775524 0.15000000223517418
0 0.25390625378349796 0.35625001857988536 0.19218750286381692 0.15937500237487257
0 0.2843750042375177 0.8197917094221339 0.1625000024214387 0.15468750230502337
0 0.32421875483123586 0.8968750467756763 0.14531250216532499 0.15468750230502337
0 0.10703125159488991 0.5958333644084632 0.17031250253785402 0.18125000270083547
0 0.5632812583935447 0.7312500381376594 0.17031250253785402 0.18125000270083547
0 0.9085937635391019 0.33750001760199666 0.1578125023515895 0.1843750027474016
0 0.8476562626310624 0.6041666981764138 0.1578125023515895 0.17812500265426934
0 0.6476562596508302 0.6625000345520675 0.1578125023515895 0.17812500265426934
0 0.49140625732252374 0.24375001271255314 0.1578125023515895 0.17812500265426934
0 0.4828125071944669 0.4895833588670939 0.18750000279396772 0.19062500284053385
1 0.6640625098953024 0.1114583391463384 0.4437500066123903 0.16406250244472176
0 0.2429687536205165 0.10312500537838787 0.14531250216532499 0.15156250225845724
0 0.2835937542258762 0.23958334582857788 0.14531250216532499 0.1531250022817403
0 0.8359375124564394 0.8895833797287196 0.17187500256113708 0.16562500246800482
0 0.7093750105705112 0.3083333494141698 0.21562500321306288 0.15625000232830644
0 0.6898437602794729 0.44166668970137835 0.1796875026775524 0.15000000223517418
0 0.25390625378349796 0.35625001857988536 0.19218750286381692 0.15937500237487257
0 0.2843750042375177 0.8197917094221339 0.1625000024214387 0.15468750230502337
0 0.32421875483123586 0.8968750467756763 0.14531250216532499 0.15468750230502337
0 0.10703125159488991 0.5958333644084632 0.17031250253785402 0.18125000270083547
0 0.5632812583935447 0.7312500381376594 0.17031250253785402 0.18125000270083547
0 0.9085937635391019 0.33750001760199666 0.1578125023515895 0.1843750027474016
0 0.8476562626310624 0.6041666981764138 0.1578125023515895 0.17812500265426934
0 0.6476562596508302 0.6625000345520675 0.1578125023515895 0.17812500265426934
0 0.49140625732252374 0.24375001271255314 0.1578125023515895 0.17812500265426934
0 0.4828125071944669 0.4895833588670939 0.18750000279396772 0.19062500284053385
1 0.6640625098953024 0.1114583391463384 0.4437500066123903 0.16406250244472176
0 0.2429687536205165 0.10312500537838787 0.14531250216532499 0.15156250225845724
0 0.2835937542258762 0.23958334582857788 0.14531250216532499 0.1531250022817403
0 0.8359375124564394 0.8895833797287196 0.17187500256113708 0.16562500246800482
0 0.7093750105705112 0.3083333494141698 0.21562500321306288 0.15625000232830644
0 0.6898437602794729 0.44166668970137835 0.1796875026775524 0.15000000223517418
0 0.25390625378349796 0.35625001857988536 0.19218750286381692 0.15937500237487257
0 0.2843750042375177 0.8197917094221339 0.1625000024214387 0.15468750230502337
0 0.32421875483123586 0.8968750467756763 0.14531250216532499 0.15468750230502337
0 0.10703125159488991 0.5958333644084632 0.17031250253785402 0.18125000270083547
0 0.5632812583935447 0.7312500381376594 0.17031250253785402 0.18125000270083547
0 0.9085937635391019 0.33750001760199666 0.1578125023515895 0.1843750027474016
0 0.8476562626310624 0.6041666981764138 0.1578125023515895 0.17812500265426934
0 0.6476562596508302 0.6625000345520675 0.1578125023515895 0.17812500265426934
0 0.49140625732252374 0.24375001271255314 0.1578125023515895 0.17812500265426934
0 0.4828125071944669 0.4895833588670939 0.18750000279396772 0.19062500284053385
1 0.6640625098953024 0.1114583391463384 0.4437500066123903 0.16406250244472176
0 0.2429687536205165 0.10312500537838787 0.14531250216532499 0.15156250225845724
0 0.2835937542258762 0.23958334582857788 0.14531250216532499 0.1531250022817403
0 0.8359375124564394 0.8895833797287196 0.17187500256113708 0.16562500246800482
0 0.7093750238418579 0.3083333373069763 0.21562500298023224 0.15625
0 0.6898437738418579 0.44166669249534607 0.1796875 0.15000000596046448
0 0.25390625 0.35625001788139343 0.19218750298023224 0.15937499701976776
0 0.28437501192092896 0.8197917342185974 0.16250000894069672 0.15468750894069672
0 0.32421875 0.8968750238418579 0.14531250298023224 0.15468750894069672
0 0.10703124850988388 0.5958333611488342 0.17031250894069672 0.18125000596046448
0 0.563281238079071 0.7312500476837158 0.17031250894069672 0.18125000596046448
0 0.9085937738418579 0.3375000059604645 0.15781250596046448 0.18437500298023224
0 0.84765625 0.6041666865348816 0.15781250596046448 0.17812500894069672
0 0.647656261920929 0.6625000238418579 0.15781250596046448 0.17812500894069672
0 0.49140626192092896 0.24375000596046448 0.15781250596046448 0.17812500894069672
0 0.4828124940395355 0.4895833730697632 0.1875 0.19062499701976776
1 0.6640625 0.11145833879709244 0.4437499940395355 0.1640625
0 0.24296875298023224 0.10312500596046448 0.14531250298023224 0.15156249701976776
0 0.2835937440395355 0.2395833432674408 0.14531250298023224 0.15312500298023224
0 0.8359375 0.88958340883255 0.171875 0.16562500596046448
0 0.7093750238418579 0.3083333373069763 0.21562500298023224 0.15625
0 0.6898437738418579 0.44166669249534607 0.1796875 0.15000000596046448
0 0.25390625 0.35625001788139343 0.19218750298023224 0.15937499701976776
0 0.28437501192092896 0.8197917342185974 0.16250000894069672 0.15468750894069672
0 0.32421875 0.8968750238418579 0.14531250298023224 0.15468750894069672
0 0.10703124850988388 0.5958333611488342 0.17031250894069672 0.18125000596046448
0 0.563281238079071 0.7312500476837158 0.17031250894069672 0.18125000596046448
0 0.9085937738418579 0.3375000059604645 0.15781250596046448 0.18437500298023224
0 0.84765625 0.6041666865348816 0.15781250596046448 0.17812500894069672
0 0.647656261920929 0.6625000238418579 0.15781250596046448 0.17812500894069672
0 0.49140626192092896 0.24375000596046448 0.15781250596046448 0.17812500894069672
0 0.4828124940395355 0.4895833730697632 0.1875 0.19062499701976776
1 0.6640625 0.11145833879709244 0.4437499940395355 0.1640625
0 0.24296875298023224 0.10312500596046448 0.14531250298023224 0.15156249701976776
0 0.2835937440395355 0.2395833432674408 0.14531250298023224 0.15312500298023224
0 0.8359375 0.88958340883255 0.171875 0.16562500596046448
0 0.7093750238418579 0.3083333373069763 0.21562500298023224 0.15625
0 0.6898437738418579 0.44166669249534607 0.1796875 0.15000000596046448
0 0.25390625 0.35625001788139343 0.19218750298023224 0.15937499701976776
0 0.28437501192092896 0.8197917342185974 0.16250000894069672 0.15468750894069672
0 0.32421875 0.8968750238418579 0.14531250298023224 0.15468750894069672
0 0.10703124850988388 0.5958333611488342 0.17031250894069672 0.18125000596046448
0 0.563281238079071 0.7312500476837158 0.17031250894069672 0.18125000596046448
0 0.9085937738418579 0.3375000059604645 0.15781250596046448 0.18437500298023224
0 0.84765625 0.6041666865348816 0.15781250596046448 0.17812500894069672
0 0.647656261920929 0.6625000238418579 0.15781250596046448 0.17812500894069672
0 0.49140626192092896 0.24375000596046448 0.15781250596046448 0.17812500894069672
0 0.4828124940395355 0.4895833730697632 0.1875 0.19062499701976776
1 0.6640625 0.11145833879709244 0.4437499940395355 0.1640625
0 0.24296875298023224 0.10312500596046448 0.14531250298023224 0.15156249701976776
0 0.2835937440395355 0.2395833432674408 0.14531250298023224 0.15312500298023224
0 0.8359375 0.88958340883255 0.171875 0.16562500596046448
0 0.7093750238418579 0.3083333373069763 0.21562500298023224 0.15625
0 0.6898437738418579 0.44166669249534607 0.1796875 0.15000000596046448
0 0.25390625 0.35625001788139343 0.19218750298023224 0.15937499701976776
0 0.28437501192092896 0.8197917342185974 0.16250000894069672 0.15468750894069672
0 0.32421875 0.8968750238418579 0.14531250298023224 0.15468750894069672
0 0.10703124850988388 0.5958333611488342 0.17031250894069672 0.18125000596046448
0 0.563281238079071 0.7312500476837158 0.17031250894069672 0.18125000596046448
0 0.9085937738418579 0.3375000059604645 0.15781250596046448 0.18437500298023224
0 0.84765625 0.6041666865348816 0.15781250596046448 0.17812500894069672
0 0.647656261920929 0.6625000238418579 0.15781250596046448 0.17812500894069672
0 0.49140626192092896 0.24375000596046448 0.15781250596046448 0.17812500894069672
0 0.4828124940395355 0.4895833730697632 0.1875 0.19062499701976776
1 0.6640625 0.11145833879709244 0.4437499940395355 0.1640625
0 0.24296875298023224 0.10312500596046448 0.14531250298023224 0.15156249701976776
0 0.2835937440395355 0.2395833432674408 0.14531250298023224 0.15312500298023224
0 0.8359375 0.88958340883255 0.171875 0.16562500596046448
0 0.7093750238418579 0.3083333373069763 0.21562500298023224 0.15625
0 0.6898437738418579 0.44166669249534607 0.1796875 0.15000000596046448
0 0.25390625 0.35625001788139343 0.19218750298023224 0.15937499701976776
0 0.28437501192092896 0.8197917342185974 0.16250000894069672 0.15468750894069672
0 0.32421875 0.8968750238418579 0.14531250298023224 0.15468750894069672
0 0.10703124850988388 0.5958333611488342 0.17031250894069672 0.18125000596046448
0 0.563281238079071 0.7312500476837158 0.17031250894069672 0.18125000596046448
0 0.9085937738418579 0.3375000059604645 0.15781250596046448 0.18437500298023224
0 0.84765625 0.6041666865348816 0.15781250596046448 0.17812500894069672
0 0.647656261920929 0.6625000238418579 0.15781250596046448 0.17812500894069672
0 0.49140626192092896 0.24375000596046448 0.15781250596046448 0.17812500894069672
0 0.4828124940395355 0.4895833730697632 0.1875 0.19062499701976776
1 0.6640625 0.11145833879709244 0.4437499940395355 0.1640625
0 0.24296875298023224 0.10312500596046448 0.14531250298023224 0.15156249701976776
0 0.2835937440395355 0.2395833432674408 0.14531250298023224 0.15312500298023224
0 0.8359375 0.88958340883255 0.171875 0.16562500596046448
0 0.7093750238418579 0.3083333373069763 0.21562500298023224 0.15625
0 0.6898437738418579 0.44166669249534607 0.1796875 0.15000000596046448
0 0.25390625 0.35625001788139343 0.19218750298023224 0.15937499701976776
0 0.28437501192092896 0.8197917342185974 0.16250000894069672 0.15468750894069672
0 0.32421875 0.8968750238418579 0.14531250298023224 0.15468750894069672
0 0.10703124850988388 0.5958333611488342 0.17031250894069672 0.18125000596046448
0 0.563281238079071 0.7312500476837158 0.17031250894069672 0.18125000596046448
0 0.9085937738418579 0.3375000059604645 0.15781250596046448 0.18437500298023224
0 0.84765625 0.6041666865348816 0.15781250596046448 0.17812500894069672
0 0.647656261920929 0.6625000238418579 0.15781250596046448 0.17812500894069672
0 0.49140626192092896 0.24375000596046448 0.15781250596046448 0.17812500894069672
0 0.4828124940395355 0.4895833730697632 0.1875 0.19062499701976776
1 0.6640625 0.11145833879709244 0.4437499940395355 0.1640625
0 0.24296875298023224 0.10312500596046448 0.14531250298023224 0.15156249701976776
0 0.2835937440395355 0.2395833432674408 0.14531250298023224 0.15312500298023224
0 0.8359375 0.88958340883255 0.171875 0.16562500596046448
0 0.7093750238418579 0.3083333373069763 0.21562500298023224 0.15625
0 0.6898437738418579 0.44166669249534607 0.1796875 0.15000000596046448
0 0.25390625 0.35625001788139343 0.19218750298023224 0.15937499701976776
0 0.28437501192092896 0.8197917342185974 0.16250000894069672 0.15468750894069672
0 0.32421875 0.8968750238418579 0.14531250298023224 0.15468750894069672
0 0.10703124850988388 0.5958333611488342 0.17031250894069672 0.18125000596046448
0 0.563281238079071 0.7312500476837158 0.17031250894069672 0.18125000596046448
0 0.9085937738418579 0.3375000059604645 0.15781250596046448 0.18437500298023224
0 0.84765625 0.6041666865348816 0.15781250596046448 0.17812500894069672
0 0.647656261920929 0.6625000238418579 0.15781250596046448 0.17812500894069672
0 0.49140626192092896 0.24375000596046448 0.15781250596046448 0.17812500894069672
0 0.4828124940395355 0.4895833730697632 0.1875 0.19062499701976776
1 0.6640625 0.11145833879709244 0.4437499940395355 0.1640625
0 0.24296875298023224 0.10312500596046448 0.14531250298023224 0.15156249701976776
0 0.2835937440395355 0.2395833432674408 0.14531250298023224 0.15312500298023224
0 0.8359375 0.88958340883255 0.171875 0.16562500596046448
