1 0.3007812544819899 0.4270833556074649 0.3296875049127266 0.29062500433064997
1 0.12734375189756975 0.10312500537838787 0.06093750090803951 0.07343750109430403
1 0.05312500079162419 0.6864583691349253 0.059375000884756446 0.06406250095460564
1 0.030468750454019755 0.7604167063254863 0.05781250086147338 0.05000000074505806
1 0.3007812544819899 0.4270833556074649 0.3296875049127266 0.29062500433064997
1 0.12734375189756975 0.10312500537838787 0.06093750090803951 0.07343750109430403
1 0.05312500079162419 0.6864583691349253 0.059375000884756446 0.06406250095460564
1 0.030468750454019755 0.7604167063254863 0.05781250086147338 0.05000000074505806
1 0.3007812544819899 0.4270833556074649 0.3296875049127266 0.29062500433064997
1 0.12734375189756975 0.10312500537838787 0.06093750090803951 0.07343750109430403
1 0.05312500079162419 0.6864583691349253 0.059375000884756446 0.06406250095460564
1 0.030468750454019755 0.7604167063254863 0.05781250086147338 0.05000000074505806
1 0.3007812544819899 0.4270833556074649 0.3296875049127266 0.29062500433064997
1 0.12734375189756975 0.10312500537838787 0.06093750090803951 0.07343750109430403
1 0.05312500079162419 0.6864583691349253 0.059375000884756446 0.06406250095460564
1 0.030468750454019755 0.7604167063254863 0.05781250086147338 0.05000000074505806
1 0.3007812544819899 0.4270833556074649 0.3296875049127266 0.29062500433064997
1 0.12734375189756975 0.10312500537838787 0.06093750090803951 0.07343750109430403
1 0.05312500079162419 0.6864583691349253 0.059375000884756446 0.06406250095460564
1 0.030468750454019755 0.7604167063254863 0.05781250086147338 0.05000000074505806
1 0.3007812544819899 0.4270833556074649 0.3296875049127266 0.29062500433064997
1 0.12734375189756975 0.10312500537838787 0.06093750090803951 0.07343750109430403
1 0.05312500079162419 0.6864583691349253 0.059375000884756446 0.06406250095460564
1 0.030468750454019755 0.7604167063254863 0.05781250086147338 0.05000000074505806
1 0.3007812544819899 0.4270833556074649 0.3296875049127266 0.29062500433064997
1 0.12734375189756975 0.10312500537838787 0.06093750090803951 0.07343750109430403
1 0.05312500079162419 0.6864583691349253 0.059375000884756446 0.06406250095460564
1 0.030468750454019755 0.7604167063254863 0.05781250086147338 0.05000000074505806
1 0.3007812544819899 0.4270833556074649 0.3296875049127266 0.29062500433064997
1 0.12734375189756975 0.10312500537838787 0.06093750090803951 0.07343750109430403
1 0.05312500079162419 0.6864583691349253 0.059375000884756446 0.06406250095460564
1 0.030468750454019755 0.7604167063254863 0.05781250086147338 0.05000000074505806
1 0.3007812544819899 0.4270833556074649 0.3296875049127266 0.29062500433064997
1 0.12734375189756975 0.10312500537838787 0.06093750090803951 0.07343750109430403
1 0.05312500079162419 0.6864583691349253 0.059375000884756446 0.06406250095460564
1 0.030468750454019755 0.7604167063254863 0.05781250086147338 0.05000000074505806
1 0.3007812544819899 0.4270833556074649 0.3296875049127266 0.29062500433064997
1 0.12734375189756975 0.10312500537838787 0.06093750090803951 0.07343750109430403
1 0.05312500079162419 0.6864583691349253 0.059375000884756446 0.06406250095460564
1 0.030468750454019755 0.7604167063254863 0.05781250086147338 0.05000000074505806
1 0.3007812544819899 0.4270833556074649 0.3296875049127266 0.29062500433064997
1 0.12734375189756975 0.10312500537838787 0.06093750090803951 0.07343750109430403
1 0.05312500079162419 0.6864583691349253 0.059375000884756446 0.06406250095460564
1 0.030468750454019755 0.7604167063254863 0.05781250086147338 0.05000000074505806
1 0.3007812544819899 0.4270833556074649 0.3296875049127266 0.29062500433064997
1 0.12734375189756975 0.10312500537838787 0.06093750090803951 0.07343750109430403
1 0.05312500079162419 0.6864583691349253 0.059375000884756446 0.06406250095460564
1 0.030468750454019755 0.7604167063254863 0.05781250086147338 0.05000000074505806
1 0.3007812544819899 0.4270833556074649 0.3296875049127266 0.29062500433064997
1 0.12734375189756975 0.10312500537838787 0.06093750090803951 0.07343750109430403
1 0.05312500079162419 0.6864583691349253 0.059375000884756446 0.06406250095460564
1 0.030468750454019755 0.7604167063254863 0.05781250086147338 0.05000000074505806
1 0.3007812544819899 0.4270833556074649 0.3296875049127266 0.29062500433064997
2 0.12734375189756975 0.10312500537838787 0.06093750090803951 0.07343750109430403
2 0.05312500079162419 0.6864583691349253 0.059375000884756446 0.06406250095460564
2 0.030468750454019755 0.7604167063254863 0.05781250086147338 0.05000000074505806
1 0.3007812544819899 0.4270833556074649 0.3296875049127266 0.29062500433064997
2 0.12734375189756975 0.10312500537838787 0.06093750090803951 0.07343750109430403
2 0.05312500079162419 0.6864583691349253 0.059375000884756446 0.06406250095460564
2 0.030468750454019755 0.7604167063254863 0.05781250086147338 0.05000000074505806
1 0.30078125 0.4270833432674408 0.3296875059604645 0.2906250059604645
2 0.12734375894069672 0.10312500596046448 0.06093750149011612 0.07343750447034836
2 0.05312500149011612 0.6864583492279053 0.05937499925494194 0.06406249850988388
2 0.03046875074505806 0.7604166865348816 0.05781250074505806 0.05000000074505806
1 0.30078125 0.4270833432674408 0.3296875059604645 0.2906250059604645
2 0.12734375894069672 0.10312500596046448 0.06093750149011612 0.07343750447034836
2 0.05312500149011612 0.6864583492279053 0.05937499925494194 0.06406249850988388
2 0.03046875074505806 0.7604166865348816 0.05781250074505806 0.05000000074505806
1 0.30078125 0.4270833432674408 0.3296875059604645 0.2906250059604645
2 0.12734375894069672 0.10312500596046448 0.06093750149011612 0.07343750447034836
2 0.05312500149011612 0.6864583492279053 0.05937499925494194 0.06406249850988388
2 0.03046875074505806 0.7604166865348816 0.05781250074505806 0.05000000074505806
1 0.30078125 0.4270833432674408 0.3296875059604645 0.2906250059604645
2 0.12734375894069672 0.10312500596046448 0.06093750149011612 0.07343750447034836
2 0.05312500149011612 0.6864583492279053 0.05937499925494194 0.06406249850988388
2 0.03046875074505806 0.7604166865348816 0.05781250074505806 0.05000000074505806
1 0.30078125 0.4270833432674408 0.3296875059604645 0.2906250059604645
2 0.12734375894069672 0.10312500596046448 0.06093750149011612 0.07343750447034836
2 0.05312500149011612 0.6864583492279053 0.05937499925494194 0.06406249850988388
2 0.03046875074505806 0.7604166865348816 0.05781250074505806 0.05000000074505806
1 0.30078125 0.4270833432674408 0.3296875059604645 0.2906250059604645
2 0.12734375894069672 0.10312500596046448 0.06093750149011612 0.07343750447034836
2 0.05312500149011612 0.6864583492279053 0.05937499925494194 0.06406249850988388
2 0.03046875074505806 0.7604166865348816 0.05781250074505806 0.05000000074505806
1 0.30078125 0.4270833432674408 0.3296875059604645 0.2906250059604645
2 0.12734375894069672 0.10312500596046448 0.06093750149011612 0.07343750447034836
2 0.05312500149011612 0.6864583492279053 0.05937499925494194 0.06406249850988388
2 0.03046875074505806 0.7604166865348816 0.05781250074505806 0.05000000074505806
