0 0.6992187604191713 0.22500001173466444 0.17031250253785402 0.16875000251457095
0 0.6984375104075298 0.8208333761431277 0.14687500218860805 0.13750000204890966
0 0.22656250337604433 0.5979166978504509 0.20000000298023224 0.15000000223517418
0 0.5968750088941306 0.6520833673421293 0.1625000024214387 0.17187500256113708
0 0.08203125122236088 0.7812500407453626 0.16093750239815563 0.15625000232830644
0 0.42656250635627657 0.6000000312924385 0.15625000232830644 0.13750000204890966
0 0.3734375055646524 0.47291669133119285 0.18750000279396772 0.13437500200234354
0 0.2578125038417056 0.19062500994186848 0.17187500256113708 0.18593750277068466
0 0.8898437632597052 0.8895833797287196 0.13906250207219273 0.16562500246800482
1 0.29453125438885763 0.9052083805436268 0.08593750128056854 0.10781250160653144
1 0.15937500237487257 0.4635416908422485 0.06250000093132257 0.06406250095460564
1 0.48437500721774995 0.8604167115408927 0.21562500321306288 0.20000000298023224
0 0.6992187604191713 0.22500001173466444 0.17031250253785402 0.16875000251457095
0 0.6984375104075298 0.8208333761431277 0.14687500218860805 0.13750000204890966
0 0.22656250337604433 0.5979166978504509 0.20000000298023224 0.15000000223517418
0 0.5968750088941306 0.6520833673421293 0.1625000024214387 0.17187500256113708
0 0.08203125122236088 0.7812500407453626 0.16093750239815563 0.15625000232830644
0 0.42656250635627657 0.6000000312924385 0.15625000232830644 0.13750000204890966
0 0.3734375055646524 0.47291669133119285 0.18750000279396772 0.13437500200234354
0 0.2578125038417056 0.19062500994186848 0.17187500256113708 0.18593750277068466
0 0.8898437632597052 0.8895833797287196 0.13906250207219273 0.16562500246800482
1 0.29453125438885763 0.9052083805436268 0.08593750128056854 0.10781250160653144
1 0.15937500237487257 0.4635416908422485 0.06250000093132257 0.06406250095460564
1 0.48437500721774995 0.8604167115408927 0.21562500321306288 0.20000000298023224
0 0.6992187604191713 0.22500001173466444 0.17031250253785402 0.16875000251457095
0 0.6984375104075298 0.8208333761431277 0.14687500218860805 0.13750000204890966
0 0.22656250337604433 0.5979166978504509 0.20000000298023224 0.15000000223517418
0 0.5968750088941306 0.6520833673421293 0.1625000024214387 0.17187500256113708
0 0.08203125122236088 0.7812500407453626 0.16093750239815563 0.15625000232830644
0 0.42656250635627657 0.6000000312924385 0.15625000232830644 0.13750000204890966
0 0.3734375055646524 0.47291669133119285 0.18750000279396772 0.13437500200234354
0 0.2578125038417056 0.19062500994186848 0.17187500256113708 0.18593750277068466
0 0.8898437632597052 0.8895833797287196 0.13906250207219273 0.16562500246800482
1 0.29453125438885763 0.9052083805436268 0.08593750128056854 0.10781250160653144
1 0.15937500237487257 0.4635416908422485 0.06250000093132257 0.06406250095460564
1 0.48437500721774995 0.8604167115408927 0.21562500321306288 0.20000000298023224
0 0.6992187604191713 0.22500001173466444 0.17031250253785402 0.16875000251457095
0 0.6984375104075298 0.8208333761431277 0.14687500218860805 0.13750000204890966
0 0.22656250337604433 0.5979166978504509 0.20000000298023224 0.15000000223517418
0 0.5968750088941306 0.6520833673421293 0.1625000024214387 0.17187500256113708
0 0.08203125122236088 0.7812500407453626 0.16093750239815563 0.15625000232830644
0 0.42656250635627657 0.6000000312924385 0.15625000232830644 0.13750000204890966
0 0.3734375055646524 0.47291669133119285 0.18750000279396772 0.13437500200234354
0 0.2578125038417056 0.19062500994186848 0.17187500256113708 0.18593750277068466
0 0.8898437632597052 0.8895833797287196 0.13906250207219273 0.16562500246800482
1 0.29453125438885763 0.9052083805436268 0.08593750128056854 0.10781250160653144
1 0.15937500237487257 0.4635416908422485 0.06250000093132257 0.06406250095460564
1 0.48437500721774995 0.8604167115408927 0.21562500321306288 0.20000000298023224
0 0.6992187604191713 0.22500001173466444 0.17031250253785402 0.16875000251457095
0 0.6984375104075298 0.8208333761431277 0.14687500218860805 0.13750000204890966
0 0.22656250337604433 0.5979166978504509 0.20000000298023224 0.15000000223517418
0 0.5968750088941306 0.6520833673421293 0.1625000024214387 0.17187500256113708
0 0.08203125122236088 0.7812500407453626 0.16093750239815563 0.15625000232830644
0 0.42656250635627657 0.6000000312924385 0.15625000232830644 0.13750000204890966
0 0.3734375055646524 0.47291669133119285 0.18750000279396772 0.13437500200234354
0 0.2578125038417056 0.19062500994186848 0.17187500256113708 0.18593750277068466
0 0.8898437632597052 0.8895833797287196 0.13906250207219273 0.16562500246800482
1 0.29453125438885763 0.9052083805436268 0.08593750128056854 0.10781250160653144
1 0.15937500237487257 0.4635416908422485 0.06250000093132257 0.06406250095460564
1 0.48437500721774995 0.8604167115408927 0.21562500321306288 0.20000000298023224
0 0.6992187604191713 0.22500001173466444 0.17031250253785402 0.16875000251457095
0 0.6984375104075298 0.8208333761431277 0.14687500218860805 0.13750000204890966
0 0.22656250337604433 0.5979166978504509 0.20000000298023224 0.15000000223517418
0 0.5968750088941306 0.6520833673421293 0.1625000024214387 0.17187500256113708
0 0.08203125122236088 0.7812500407453626 0.16093750239815563 0.15625000232830644
0 0.42656250635627657 0.6000000312924385 0.15625000232830644 0.13750000204890966
0 0.3734375055646524 0.47291669133119285 0.18750000279396772 0.13437500200234354
0 0.2578125038417056 0.19062500994186848 0.17187500256113708 0.18593750277068466
0 0.8898437632597052 0.8895833797287196 0.13906250207219273 0.16562500246800482
1 0.29453125438885763 0.9052083805436268 0.08593750128056854 0.10781250160653144
1 0.15937500237487257 0.4635416908422485 0.06250000093132257 0.06406250095460564
1 0.48437500721774995 0.8604167115408927 0.21562500321306288 0.20000000298023224
0 0.6992187604191713 0.22500001173466444 0.17031250253785402 0.16875000251457095
0 0.6984375104075298 0.8208333761431277 0.14687500218860805 0.13750000204890966
0 0.22656250337604433 0.5979166978504509 0.20000000298023224 0.15000000223517418
0 0.5968750088941306 0.6520833673421293 0.1625000024214387 0.17187500256113708
0 0.08203125122236088 0.7812500407453626 0.16093750239815563 0.15625000232830644
0 0.42656250635627657 0.6000000312924385 0.15625000232830644 0.13750000204890966
0 0.3734375055646524 0.47291669133119285 0.18750000279396772 0.13437500200234354
0 0.2578125038417056 0.19062500994186848 0.17187500256113708 0.18593750277068466
0 0.8898437632597052 0.8895833797287196 0.13906250207219273 0.16562500246800482
1 0.29453125438885763 0.9052083805436268 0.08593750128056854 0.10781250160653144
1 0.15937500237487257 0.4635416908422485 0.06250000093132257 0.06406250095460564
1 0.48437500721774995 0.8604167115408927 0.21562500321306288 0.20000000298023224
0 0.6992187604191713 0.22500001173466444 0.17031250253785402 0.16875000251457095
0 0.6984375104075298 0.8208333761431277 0.14687500218860805 0.13750000204890966
0 0.22656250337604433 0.5979166978504509 0.20000000298023224 0.15000000223517418
0 0.5968750088941306 0.6520833673421293 0.1625000024214387 0.17187500256113708
0 0.08203125122236088 0.7812500407453626 0.16093750239815563 0.15625000232830644
0 0.42656250635627657 0.6000000312924385 0.15625000232830644 0.13750000204890966
0 0.3734375055646524 0.47291669133119285 0.18750000279396772 0.13437500200234354
0 0.2578125038417056 0.19062500994186848 0.17187500256113708 0.18593750277068466
0 0.8898437632597052 0.8895833797287196 0.13906250207219273 0.16562500246800482
1 0.29453125438885763 0.9052083805436268 0.08593750128056854 0.10781250160653144
1 0.15937500237487257 0.4635416908422485 0.06250000093132257 0.06406250095460564
1 0.48437500721774995 0.8604167115408927 0.21562500321306288 0.20000000298023224
0 0.6992187604191713 0.22500001173466444 0.17031250253785402 0.16875000251457095
0 0.6984375104075298 0.8208333761431277 0.14687500218860805 0.13750000204890966
0 0.22656250337604433 0.5979166978504509 0.20000000298023224 0.15000000223517418
0 0.5968750088941306 0.6520833673421293 0.1625000024214387 0.17187500256113708
0 0.08203125122236088 0.7812500407453626 0.16093750239815563 0.15625000232830644
0 0.42656250635627657 0.6000000312924385 0.15625000232830644 0.13750000204890966
0 0.3734375055646524 0.47291669133119285 0.18750000279396772 0.13437500200234354
0 0.2578125038417056 0.19062500994186848 0.17187500256113708 0.18593750277068466
0 0.8898437632597052 0.8895833797287196 0.13906250207219273 0.16562500246800482
1 0.29453125438885763 0.9052083805436268 0.08593750128056854 0.10781250160653144
1 0.15937500237487257 0.4635416908422485 0.06250000093132257 0.06406250095460564
1 0.48437500721774995 0.8604167115408927 0.21562500321306288 0.20000000298023224
0 0.6992187604191713 0.22500001173466444 0.17031250253785402 0.16875000251457095
0 0.6984375104075298 0.8208333761431277 0.14687500218860805 0.13750000204890966
0 0.22656250337604433 0.5979166978504509 0.20000000298023224 0.15000000223517418
0 0.5968750088941306 0.6520833673421293 0.1625000024214387 0.17187500256113708
0 0.08203125122236088 0.7812500407453626 0.16093750239815563 0.15625000232830644
0 0.42656250635627657 0.6000000312924385 0.15625000232830644 0.13750000204890966
0 0.3734375055646524 0.47291669133119285 0.18750000279396772 0.13437500200234354
0 0.2578125038417056 0.19062500994186848 0.17187500256113708 0.18593750277068466
0 0.8898437632597052 0.8895833797287196 0.13906250207219273 0.16562500246800482
1 0.29453125438885763 0.9052083805436268 0.08593750128056854 0.10781250160653144
1 0.15937500237487257 0.4635416908422485 0.06250000093132257 0.06406250095460564
1 0.48437500721774995 0.8604167115408927 0.21562500321306288 0.20000000298023224
0 0.6992187604191713 0.22500001173466444 0.17031250253785402 0.16875000251457095
0 0.6984375104075298 0.8208333761431277 0.14687500218860805 0.13750000204890966
0 0.22656250337604433 0.5979166978504509 0.20000000298023224 0.15000000223517418
0 0.5968750088941306 0.6520833673421293 0.1625000024214387 0.17187500256113708
0 0.08203125122236088 0.7812500407453626 0.16093750239815563 0.15625000232830644
0 0.42656250635627657 0.6000000312924385 0.15625000232830644 0.13750000204890966
0 0.3734375055646524 0.47291669133119285 0.18750000279396772 0.13437500200234354
0 0.2578125038417056 0.19062500994186848 0.17187500256113708 0.18593750277068466
0 0.8898437632597052 0.8895833797287196 0.13906250207219273 0.16562500246800482
1 0.29453125438885763 0.9052083805436268 0.08593750128056854 0.10781250160653144
1 0.15937500237487257 0.4635416908422485 0.06250000093132257 0.06406250095460564
1 0.48437500721774995 0.8604167115408927 0.21562500321306288 0.20000000298023224
0 0.6992187604191713 0.22500001173466444 0.17031250253785402 0.16875000251457095
0 0.6984375104075298 0.8208333761431277 0.14687500218860805 0.13750000204890966
0 0.22656250337604433 0.5979166978504509 0.20000000298023224 0.15000000223517418
0 0.5968750088941306 0.6520833673421293 0.1625000024214387 0.17187500256113708
0 0.08203125122236088 0.7812500407453626 0.16093750239815563 0.15625000232830644
0 0.42656250635627657 0.6000000312924385 0.15625000232830644 0.13750000204890966
0 0.3734375055646524 0.47291669133119285 0.18750000279396772 0.13437500200234354
0 0.2578125038417056 0.19062500994186848 0.17187500256113708 0.18593750277068466
0 0.8898437632597052 0.8895833797287196 0.13906250207219273 0.16562500246800482
1 0.29453125438885763 0.9052083805436268 0.08593750128056854 0.10781250160653144
1 0.15937500237487257 0.4635416908422485 0.06250000093132257 0.06406250095460564
1 0.48437500721774995 0.8604167115408927 0.21562500321306288 0.20000000298023224
0 0.6992187604191713 0.22500001173466444 0.17031250253785402 0.16875000251457095
0 0.6984375104075298 0.8208333761431277 0.14687500218860805 0.13750000204890966
0 0.22656250337604433 0.5979166978504509 0.20000000298023224 0.15000000223517418
0 0.5968750088941306 0.6520833673421293 0.1625000024214387 0.17187500256113708
0 0.08203125122236088 0.7812500407453626 0.16093750239815563 0.15625000232830644
0 0.42656250635627657 0.6000000312924385 0.15625000232830644 0.13750000204890966
0 0.3734375055646524 0.47291669133119285 0.18750000279396772 0.13437500200234354
0 0.2578125038417056 0.19062500994186848 0.17187500256113708 0.18593750277068466
0 0.8898437632597052 0.8895833797287196 0.13906250207219273 0.16562500246800482
1 0.29453125438885763 0.9052083805436268 0.08593750128056854 0.10781250160653144
1 0.15937500237487257 0.4635416908422485 0.06250000093132257 0.06406250095460564
1 0.48437500721774995 0.8604167115408927 0.21562500321306288 0.20000000298023224
0 0.6992187604191713 0.22500001173466444 0.17031250253785402 0.16875000251457095
0 0.6984375104075298 0.8208333761431277 0.14687500218860805 0.13750000204890966
0 0.22656250337604433 0.5979166978504509 0.20000000298023224 0.15000000223517418
0 0.5968750088941306 0.6520833673421293 0.1625000024214387 0.17187500256113708
0 0.08203125122236088 0.7812500407453626 0.16093750239815563 0.15625000232830644
0 0.42656250635627657 0.6000000312924385 0.15625000232830644 0.13750000204890966
0 0.3734375055646524 0.47291669133119285 0.18750000279396772 0.13437500200234354
0 0.2578125038417056 0.19062500994186848 0.17187500256113708 0.18593750277068466
0 0.8898437632597052 0.8895833797287196 0.13906250207219273 0.16562500246800482
2 0.29453125438885763 0.9052083805436268 0.08593750128056854 0.10781250160653144
2 0.15937500237487257 0.4635416908422485 0.06250000093132257 0.06406250095460564
1 0.48437500721774995 0.8604167115408927 0.21562500321306288 0.20000000298023224
0 0.6992187604191713 0.22500001173466444 0.17031250253785402 0.16875000251457095
0 0.6984375104075298 0.8208333761431277 0.14687500218860805 0.13750000204890966
0 0.22656250337604433 0.5979166978504509 0.20000000298023224 0.15000000223517418
0 0.5968750088941306 0.6520833673421293 0.1625000024214387 0.17187500256113708
0 0.08203125122236088 0.7812500407453626 0.16093750239815563 0.15625000232830644
0 0.42656250635627657 0.6000000312924385 0.15625000232830644 0.13750000204890966
0 0.3734375055646524 0.47291669133119285 0.18750000279396772 0.13437500200234354
0 0.2578125038417056 0.19062500994186848 0.17187500256113708 0.18593750277068466
0 0.8898437632597052 0.8895833797287196 0.13906250207219273 0.16562500246800482
2 0.29453125438885763 0.9052083805436268 0.08593750128056854 0.10781250160653144
2 0.15937500237487257 0.4635416908422485 0.06250000093132257 0.06406250095460564
1 0.48437500721774995 0.8604167115408927 0.21562500321306288 0.20000000298023224
0 0.69921875 0.22500000894069672 0.17031250894069672 0.16875000298023224
0 0.698437511920929 0.8208333849906921 0.14687500894069672 0.13750000298023224
0 0.2265625 0.5979167222976685 0.20000000298023224 0.15000000596046448
0 0.596875011920929 0.6520833969116211 0.16250000894069672 0.171875
0 0.08203125 0.7812500596046448 0.16093750298023224 0.15625
0 0.42656251788139343 0.6000000238418579 0.15625 0.13750000298023224
0 0.3734374940395355 0.47291669249534607 0.1875 0.13437500596046448
0 0.2578125 0.19062501192092896 0.171875 0.18593750894069672
0 0.889843761920929 0.88958340883255 0.13906250894069672 0.16562500596046448
2 0.2945312559604645 0.90520840883255 0.0859375 0.10781250149011612
2 0.15937499701976776 0.4635416865348816 0.0625 0.06406249850988388
1 0.484375 0.8604167103767395 0.21562500298023224 0.20000000298023224
0 0.69921875 0.22500000894069672 0.17031250894069672 0.16875000298023224
0 0.698437511920929 0.8208333849906921 0.14687500894069672 0.13750000298023224
0 0.2265625 0.5979167222976685 0.20000000298023224 0.15000000596046448
0 0.596875011920929 0.6520833969116211 0.16250000894069672 0.171875
0 0.08203125 0.7812500596046448 0.16093750298023224 0.15625
0 0.42656251788139343 0.6000000238418579 0.15625 0.13750000298023224
0 0.3734374940395355 0.47291669249534607 0.1875 0.13437500596046448
0 0.2578125 0.19062501192092896 0.171875 0.18593750894069672
0 0.889843761920929 0.88958340883255 0.13906250894069672 0.16562500596046448
2 0.2945312559604645 0.90520840883255 0.0859375 0.10781250149011612
2 0.15937499701976776 0.4635416865348816 0.0625 0.06406249850988388
1 0.484375 0.8604167103767395 0.21562500298023224 0.20000000298023224
0 0.69921875 0.22500000894069672 0.17031250894069672 0.16875000298023224
0 0.698437511920929 0.8208333849906921 0.14687500894069672 0.13750000298023224
0 0.2265625 0.5979167222976685 0.20000000298023224 0.15000000596046448
0 0.596875011920929 0.6520833969116211 0.16250000894069672 0.171875
0 0.08203125 0.7812500596046448 0.16093750298023224 0.15625
0 0.42656251788139343 0.6000000238418579 0.15625 0.13750000298023224
0 0.3734374940395355 0.47291669249534607 0.1875 0.13437500596046448
0 0.2578125 0.19062501192092896 0.171875 0.18593750894069672
0 0.889843761920929 0.88958340883255 0.13906250894069672 0.16562500596046448
2 0.2945312559604645 0.90520840883255 0.0859375 0.10781250149011612
2 0.15937499701976776 0.4635416865348816 0.0625 0.06406249850988388
1 0.484375 0.8604167103767395 0.21562500298023224 0.20000000298023224
0 0.69921875 0.22500000894069672 0.17031250894069672 0.16875000298023224
0 0.698437511920929 0.8208333849906921 0.14687500894069672 0.13750000298023224
0 0.2265625 0.5979167222976685 0.20000000298023224 0.15000000596046448
0 0.596875011920929 0.6520833969116211 0.16250000894069672 0.171875
0 0.08203125 0.7812500596046448 0.16093750298023224 0.15625
0 0.42656251788139343 0.6000000238418579 0.15625 0.13750000298023224
0 0.3734374940395355 0.47291669249534607 0.1875 0.13437500596046448
0 0.2578125 0.19062501192092896 0.171875 0.18593750894069672
0 0.889843761920929 0.88958340883255 0.13906250894069672 0.16562500596046448
2 0.2945312559604645 0.90520840883255 0.0859375 0.10781250149011612
2 0.15937499701976776 0.4635416865348816 0.0625 0.06406249850988388
1 0.484375 0.8604167103767395 0.21562500298023224 0.20000000298023224
0 0.69921875 0.22500000894069672 0.17031250894069672 0.16875000298023224
0 0.698437511920929 0.8208333849906921 0.14687500894069672 0.13750000298023224
0 0.2265625 0.5979167222976685 0.20000000298023224 0.15000000596046448
0 0.596875011920929 0.6520833969116211 0.16250000894069672 0.171875
0 0.08203125 0.7812500596046448 0.16093750298023224 0.15625
0 0.42656251788139343 0.6000000238418579 0.15625 0.13750000298023224
0 0.3734374940395355 0.47291669249534607 0.1875 0.13437500596046448
0 0.2578125 0.19062501192092896 0.171875 0.18593750894069672
0 0.889843761920929 0.88958340883255 0.13906250894069672 0.16562500596046448
2 0.2945312559604645 0.90520840883255 0.0859375 0.10781250149011612
2 0.15937499701976776 0.4635416865348816 0.0625 0.06406249850988388
1 0.484375 0.8604167103767395 0.21562500298023224 0.20000000298023224
0 0.69921875 0.22500000894069672 0.17031250894069672 0.16875000298023224
0 0.698437511920929 0.8208333849906921 0.14687500894069672 0.13750000298023224
0 0.2265625 0.5979167222976685 0.20000000298023224 0.15000000596046448
0 0.596875011920929 0.6520833969116211 0.16250000894069672 0.171875
0 0.08203125 0.7812500596046448 0.16093750298023224 0.15625
0 0.42656251788139343 0.6000000238418579 0.15625 0.13750000298023224
0 0.3734374940395355 0.47291669249534607 0.1875 0.13437500596046448
0 0.2578125 0.19062501192092896 0.171875 0.18593750894069672
0 0.889843761920929 0.88958340883255 0.13906250894069672 0.16562500596046448
2 0.2945312559604645 0.90520840883255 0.0859375 0.10781250149011612
2 0.15937499701976776 0.4635416865348816 0.0625 0.06406249850988388
1 0.484375 0.8604167103767395 0.21562500298023224 0.20000000298023224
0 0.69921875 0.22500000894069672 0.17031250894069672 0.16875000298023224
0 0.698437511920929 0.8208333849906921 0.14687500894069672 0.13750000298023224
0 0.2265625 0.5979167222976685 0.20000000298023224 0.15000000596046448
0 0.596875011920929 0.6520833969116211 0.16250000894069672 0.171875
0 0.08203125 0.7812500596046448 0.16093750298023224 0.15625
0 0.42656251788139343 0.6000000238418579 0.15625 0.13750000298023224
0 0.3734374940395355 0.47291669249534607 0.1875 0.13437500596046448
0 0.2578125 0.19062501192092896 0.171875 0.18593750894069672
0 0.889843761920929 0.88958340883255 0.13906250894069672 0.16562500596046448
2 0.2945312559604645 0.90520840883255 0.0859375 0.10781250149011612
2 0.15937499701976776 0.4635416865348816 0.0625 0.06406249850988388
1 0.484375 0.8604167103767395 0.21562500298023224 0.20000000298023224
