0 0.6820312601630576 0.34375001792795956 0.19218750286381692 0.15625000232830644
0 0.5296875078929588 0.6833333689719439 0.18750000279396772 0.20000000298023224
0 0.7867187617230229 0.5166666936129332 0.17656250263098627 0.1843750027474016
0 0.29453125438885763 0.8156250425381586 0.2109375031432137 0.1578125023515895
0 0.059375000884756446 0.3593750187428668 0.11562500172294676 0.2234375033294782
0 0.606250009033829 0.13333334028720856 0.20312500302679837 0.18125000270083547
0 0.7726562615134753 0.12500000651925802 0.13281250197906047 0.1843750027474016
0 0.923437513760291 0.6687500348780304 0.1531250022817403 0.19375000288709998
0 0.9296875138534233 0.3718750193947926 0.1406250020954758 0.17031250253785402
0 0.9320312638883479 0.08958333800546825 0.1359375020256266 0.1312500019557774
0 0.57109375850996 0.892708379891701 0.18593750277068466 0.16093750239815563
1 0.8140625121304765 0.3572916853008792 0.04687500069849193 0.048437500721774995
1 0.642968759580981 0.5010416927980259 0.08281250123400241 0.07343750109430403
1 0.42812500637955964 0.37500001955777407 0.3062500045634806 0.27500000409781933
0 0.6820312601630576 0.34375001792795956 0.19218750286381692 0.15625000232830644
0 0.5296875078929588 0.6833333689719439 0.18750000279396772 0.20000000298023224
0 0.7867187617230229 0.5166666936129332 0.17656250263098627 0.1843750027474016
0 0.29453125438885763 0.8156250425381586 0.2109375031432137 0.1578125023515895
0 0.059375000884756446 0.3593750187428668 0.11562500172294676 0.2234375033294782
0 0.606250009033829 0.13333334028720856 0.20312500302679837 0.18125000270083547
0 0.7726562615134753 0.12500000651925802 0.13281250197906047 0.1843750027474016
0 0.923437513760291 0.6687500348780304 0.1531250022817403 0.19375000288709998
0 0.9296875138534233 0.3718750193947926 0.1406250020954758 0.17031250253785402
0 0.9320312638883479 0.08958333800546825 0.1359375020256266 0.1312500019557774
0 0.57109375850996 0.892708379891701 0.18593750277068466 0.16093750239815563
1 0.8140625121304765 0.3572916853008792 0.04687500069849193 0.048437500721774995
1 0.642968759580981 0.5010416927980259 0.08281250123400241 0.07343750109430403
1 0.42812500637955964 0.37500001955777407 0.3062500045634806 0.27500000409781933
0 0.6820312601630576 0.34375001792795956 0.19218750286381692 0.15625000232830644
0 0.5296875078929588 0.6833333689719439 0.18750000279396772 0.20000000298023224
0 0.7867187617230229 0.5166666936129332 0.17656250263098627 0.1843750027474016
0 0.29453125438885763 0.8156250425381586 0.2109375031432137 0.1578125023515895
0 0.059375000884756446 0.3593750187428668 0.11562500172294676 0.2234375033294782
0 0.606250009033829 0.13333334028720856 0.20312500302679837 0.18125000270083547
0 0.7726562615134753 0.12500000651925802 0.13281250197906047 0.1843750027474016
0 0.923437513760291 0.6687500348780304 0.1531250022817403 0.19375000288709998
0 0.9296875138534233 0.3718750193947926 0.1406250020954758 0.17031250253785402
0 0.9320312638883479 0.08958333800546825 0.1359375020256266 0.1312500019557774
0 0.57109375850996 0.892708379891701 0.18593750277068466 0.16093750239815563
1 0.8140625121304765 0.3572916853008792 0.04687500069849193 0.048437500721774995
1 0.642968759580981 0.5010416927980259 0.08281250123400241 0.07343750109430403
1 0.42812500637955964 0.37500001955777407 0.3062500045634806 0.27500000409781933
0 0.6820312601630576 0.34375001792795956 0.19218750286381692 0.15625000232830644
0 0.5296875078929588 0.6833333689719439 0.18750000279396772 0.20000000298023224
0 0.7867187617230229 0.5166666936129332 0.17656250263098627 0.1843750027474016
0 0.29453125438885763 0.8156250425381586 0.2109375031432137 0.1578125023515895
0 0.059375000884756446 0.3593750187428668 0.11562500172294676 0.2234375033294782
0 0.606250009033829 0.13333334028720856 0.20312500302679837 0.18125000270083547
0 0.7726562615134753 0.12500000651925802 0.13281250197906047 0.1843750027474016
0 0.923437513760291 0.6687500348780304 0.1531250022817403 0.19375000288709998
0 0.9296875138534233 0.3718750193947926 0.1406250020954758 0.17031250253785402
0 0.9320312638883479 0.08958333800546825 0.1359375020256266 0.1312500019557774
0 0.57109375850996 0.892708379891701 0.18593750277068466 0.16093750239815563
1 0.8140625121304765 0.3572916853008792 0.04687500069849193 0.048437500721774995
1 0.642968759580981 0.5010416927980259 0.08281250123400241 0.07343750109430403
1 0.42812500637955964 0.37500001955777407 0.3062500045634806 0.27500000409781933
0 0.6820312601630576 0.34375001792795956 0.19218750286381692 0.15625000232830644
0 0.5296875078929588 0.6833333689719439 0.18750000279396772 0.20000000298023224
0 0.7867187617230229 0.5166666936129332 0.17656250263098627 0.1843750027474016
0 0.29453125438885763 0.8156250425381586 0.2109375031432137 0.1578125023515895
0 0.059375000884756446 0.3593750187428668 0.11562500172294676 0.2234375033294782
0 0.606250009033829 0.13333334028720856 0.20312500302679837 0.18125000270083547
0 0.7726562615134753 0.12500000651925802 0.13281250197906047 0.1843750027474016
0 0.923437513760291 0.6687500348780304 0.1531250022817403 0.19375000288709998
0 0.9296875138534233 0.3718750193947926 0.1406250020954758 0.17031250253785402
0 0.9320312638883479 0.08958333800546825 0.1359375020256266 0.1312500019557774
0 0.57109375850996 0.892708379891701 0.18593750277068466 0.16093750239815563
1 0.8140625121304765 0.3572916853008792 0.04687500069849193 0.048437500721774995
1 0.642968759580981 0.5010416927980259 0.08281250123400241 0.07343750109430403
1 0.42812500637955964 0.37500001955777407 0.3062500045634806 0.27500000409781933
0 0.6820312601630576 0.34375001792795956 0.19218750286381692 0.15625000232830644
0 0.5296875078929588 0.6833333689719439 0.18750000279396772 0.20000000298023224
0 0.7867187617230229 0.5166666936129332 0.17656250263098627 0.1843750027474016
0 0.29453125438885763 0.8156250425381586 0.2109375031432137 0.1578125023515895
0 0.059375000884756446 0.3593750187428668 0.11562500172294676 0.2234375033294782
0 0.606250009033829 0.13333334028720856 0.20312500302679837 0.18125000270083547
0 0.7726562615134753 0.12500000651925802 0.13281250197906047 0.1843750027474016
0 0.923437513760291 0.6687500348780304 0.1531250022817403 0.19375000288709998
0 0.9296875138534233 0.3718750193947926 0.1406250020954758 0.17031250253785402
0 0.9320312638883479 0.08958333800546825 0.1359375020256266 0.1312500019557774
0 0.57109375850996 0.892708379891701 0.18593750277068466 0.16093750239815563
1 0.8140625121304765 0.3572916853008792 0.04687500069849193 0.048437500721774995
1 0.642968759580981 0.5010416927980259 0.08281250123400241 0.07343750109430403
1 0.42812500637955964 0.37500001955777407 0.3062500045634806 0.27500000409781933
0 0.6820312601630576 0.34375001792795956 0.19218750286381692 0.15625000232830644
0 0.5296875078929588 0.6833333689719439 0.18750000279396772 0.20000000298023224
0 0.7867187617230229 0.5166666936129332 0.17656250263098627 0.1843750027474016
0 0.29453125438885763 0.8156250425381586 0.2109375031432137 0.1578125023515895
0 0.059375000884756446 0.3593750187428668 0.11562500172294676 0.2234375033294782
0 0.606250009033829 0.13333334028720856 0.20312500302679837 0.18125000270083547
0 0.7726562615134753 0.12500000651925802 0.13281250197906047 0.1843750027474016
0 0.923437513760291 0.6687500348780304 0.1531250022817403 0.19375000288709998
0 0.9296875138534233 0.3718750193947926 0.1406250020954758 0.17031250253785402
0 0.9320312638883479 0.08958333800546825 0.1359375020256266 0.1312500019557774
0 0.57109375850996 0.892708379891701 0.18593750277068466 0.16093750239815563
1 0.8140625121304765 0.3572916853008792 0.04687500069849193 0.048437500721774995
1 0.642968759580981 0.5010416927980259 0.08281250123400241 0.07343750109430403
1 0.42812500637955964 0.37500001955777407 0.3062500045634806 0.27500000409781933
0 0.6820312601630576 0.34375001792795956 0.19218750286381692 0.15625000232830644
0 0.5296875078929588 0.6833333689719439 0.18750000279396772 0.20000000298023224
0 0.7867187617230229 0.5166666936129332 0.17656250263098627 0.1843750027474016
0 0.29453125438885763 0.8156250425381586 0.2109375031432137 0.1578125023515895
0 0.059375000884756446 0.3593750187428668 0.11562500172294676 0.2234375033294782
0 0.606250009033829 0.13333334028720856 0.20312500302679837 0.18125000270083547
0 0.7726562615134753 0.12500000651925802 0.13281250197906047 0.1843750027474016
0 0.923437513760291 0.6687500348780304 0.1531250022817403 0.19375000288709998
0 0.9296875138534233 0.3718750193947926 0.1406250020954758 0.17031250253785402
0 0.9320312638883479 0.08958333800546825 0.1359375020256266 0.1312500019557774
0 0.57109375850996 0.892708379891701 0.18593750277068466 0.16093750239815563
1 0.8140625121304765 0.3572916853008792 0.04687500069849193 0.048437500721774995
1 0.642968759580981 0.5010416927980259 0.08281250123400241 0.07343750109430403
1 0.42812500637955964 0.37500001955777407 0.3062500045634806 0.27500000409781933
0 0.6820312601630576 0.34375001792795956 0.19218750286381692 0.15625000232830644
0 0.5296875078929588 0.6833333689719439 0.18750000279396772 0.20000000298023224
0 0.7867187617230229 0.5166666936129332 0.17656250263098627 0.1843750027474016
0 0.29453125438885763 0.8156250425381586 0.2109375031432137 0.1578125023515895
0 0.059375000884756446 0.3593750187428668 0.11562500172294676 0.2234375033294782
0 0.606250009033829 0.13333334028720856 0.20312500302679837 0.18125000270083547
0 0.7726562615134753 0.12500000651925802 0.13281250197906047 0.1843750027474016
0 0.923437513760291 0.6687500348780304 0.1531250022817403 0.19375000288709998
0 0.9296875138534233 0.3718750193947926 0.1406250020954758 0.17031250253785402
0 0.9320312638883479 0.08958333800546825 0.1359375020256266 0.1312500019557774
0 0.57109375850996 0.892708379891701 0.18593750277068466 0.16093750239815563
1 0.8140625121304765 0.3572916853008792 0.04687500069849193 0.048437500721774995
1 0.642968759580981 0.5010416927980259 0.08281250123400241 0.07343750109430403
1 0.42812500637955964 0.37500001955777407 0.3062500045634806 0.27500000409781933
0 0.6820312601630576 0.34375001792795956 0.19218750286381692 0.15625000232830644
0 0.5296875078929588 0.6833333689719439 0.18750000279396772 0.20000000298023224
0 0.7867187617230229 0.5166666936129332 0.17656250263098627 0.1843750027474016
0 0.29453125438885763 0.8156250425381586 0.2109375031432137 0.1578125023515895
0 0.059375000884756446 0.3593750187428668 0.11562500172294676 0.2234375033294782
0 0.606250009033829 0.13333334028720856 0.20312500302679837 0.18125000270083547
0 0.7726562615134753 0.12500000651925802 0.13281250197906047 0.1843750027474016
0 0.923437513760291 0.6687500348780304 0.1531250022817403 0.19375000288709998
0 0.9296875138534233 0.3718750193947926 0.1406250020954758 0.17031250253785402
0 0.9320312638883479 0.08958333800546825 0.1359375020256266 0.1312500019557774
0 0.57109375850996 0.892708379891701 0.18593750277068466 0.16093750239815563
1 0.8140625121304765 0.3572916853008792 0.04687500069849193 0.048437500721774995
1 0.642968759580981 0.5010416927980259 0.08281250123400241 0.07343750109430403
1 0.42812500637955964 0.37500001955777407 0.3062500045634806 0.27500000409781933
0 0.6820312601630576 0.34375001792795956 0.19218750286381692 0.15625000232830644
0 0.5296875078929588 0.6833333689719439 0.18750000279396772 0.20000000298023224
0 0.7867187617230229 0.5166666936129332 0.17656250263098627 0.1843750027474016
0 0.29453125438885763 0.8156250425381586 0.2109375031432137 0.1578125023515895
0 0.059375000884756446 0.3593750187428668 0.11562500172294676 0.2234375033294782
0 0.606250009033829 0.13333334028720856 0.20312500302679837 0.18125000270083547
0 0.7726562615134753 0.12500000651925802 0.13281250197906047 0.1843750027474016
0 0.923437513760291 0.6687500348780304 0.1531250022817403 0.19375000288709998
0 0.9296875138534233 0.3718750193947926 0.1406250020954758 0.17031250253785402
0 0.9320312638883479 0.08958333800546825 0.1359375020256266 0.1312500019557774
0 0.57109375850996 0.892708379891701 0.18593750277068466 0.16093750239815563
1 0.8140625121304765 0.3572916853008792 0.04687500069849193 0.048437500721774995
1 0.642968759580981 0.5010416927980259 0.08281250123400241 0.07343750109430403
1 0.42812500637955964 0.37500001955777407 0.3062500045634806 0.27500000409781933
0 0.6820312601630576 0.34375001792795956 0.19218750286381692 0.15625000232830644
0 0.5296875078929588 0.6833333689719439 0.18750000279396772 0.20000000298023224
0 0.7867187617230229 0.5166666936129332 0.17656250263098627 0.1843750027474016
0 0.29453125438885763 0.8156250425381586 0.2109375031432137 0.1578125023515895
0 0.059375000884756446 0.3593750187428668 0.11562500172294676 0.2234375033294782
0 0.606250009033829 0.13333334028720856 0.20312500302679837 0.18125000270083547
0 0.7726562615134753 0.12500000651925802 0.13281250197906047 0.1843750027474016
0 0.923437513760291 0.6687500348780304 0.1531250022817403 0.19375000288709998
0 0.9296875138534233 0.3718750193947926 0.1406250020954758 0.17031250253785402
0 0.9320312638883479 0.08958333800546825 0.1359375020256266 0.1312500019557774
0 0.57109375850996 0.892708379891701 0.18593750277068466 0.16093750239815563
1 0.8140625121304765 0.3572916853008792 0.04687500069849193 0.048437500721774995
1 0.642968759580981 0.5010416927980259 0.08281250123400241 0.07343750109430403
1 0.42812500637955964 0.37500001955777407 0.3062500045634806 0.27500000409781933
0 0.6820312601630576 0.34375001792795956 0.19218750286381692 0.15625000232830644
0 0.5296875078929588 0.6833333689719439 0.18750000279396772 0.20000000298023224
0 0.7867187617230229 0.5166666936129332 0.17656250263098627 0.1843750027474016
0 0.29453125438885763 0.8156250425381586 0.2109375031432137 0.1578125023515895
0 0.059375000884756446 0.3593750187428668 0.11562500172294676 0.2234375033294782
0 0.606250009033829 0.13333334028720856 0.20312500302679837 0.18125000270083547
0 0.7726562615134753 0.12500000651925802 0.13281250197906047 0.1843750027474016
0 0.923437513760291 0.6687500348780304 0.1531250022817403 0.19375000288709998
0 0.9296875138534233 0.3718750193947926 0.1406250020954758 0.17031250253785402
0 0.9320312638883479 0.08958333800546825 0.1359375020256266 0.1312500019557774
0 0.57109375850996 0.892708379891701 0.18593750277068466 0.16093750239815563
1 0.8140625121304765 0.3572916853008792 0.04687500069849193 0.048437500721774995
1 0.642968759580981 0.5010416927980259 0.08281250123400241 0.07343750109430403
1 0.42812500637955964 0.37500001955777407 0.3062500045634806 0.27500000409781933
0 0.6820312601630576 0.34375001792795956 0.19218750286381692 0.15625000232830644
0 0.5296875078929588 0.6833333689719439 0.18750000279396772 0.20000000298023224
0 0.7867187617230229 0.5166666936129332 0.17656250263098627 0.1843750027474016
0 0.29453125438885763 0.8156250425381586 0.2109375031432137 0.1578125023515895
0 0.059375000884756446 0.3593750187428668 0.11562500172294676 0.2234375033294782
0 0.606250009033829 0.13333334028720856 0.20312500302679837 0.18125000270083547
0 0.7726562615134753 0.12500000651925802 0.13281250197906047 0.1843750027474016
0 0.923437513760291 0.6687500348780304 0.1531250022817403 0.19375000288709998
0 0.9296875138534233 0.3718750193947926 0.1406250020954758 0.17031250253785402
0 0.9320312638883479 0.08958333800546825 0.1359375020256266 0.1312500019557774
0 0.57109375850996 0.892708379891701 0.18593750277068466 0.16093750239815563
2 0.8140625121304765 0.3572916853008792 0.04687500069849193 0.048437500721774995
2 0.642968759580981 0.5010416927980259 0.08281250123400241 0.07343750109430403
1 0.42812500637955964 0.37500001955777407 0.3062500045634806 0.27500000409781933
0 0.6820312601630576 0.34375001792795956 0.19218750286381692 0.15625000232830644
0 0.5296875078929588 0.6833333689719439 0.18750000279396772 0.20000000298023224
0 0.7867187617230229 0.5166666936129332 0.17656250263098627 0.1843750027474016
0 0.29453125438885763 0.8156250425381586 0.2109375031432137 0.1578125023515895
0 0.059375000884756446 0.3593750187428668 0.11562500172294676 0.2234375033294782
0 0.606250009033829 0.13333334028720856 0.20312500302679837 0.18125000270083547
0 0.7726562615134753 0.12500000651925802 0.13281250197906047 0.1843750027474016
0 0.923437513760291 0.6687500348780304 0.1531250022817403 0.19375000288709998
0 0.9296875138534233 0.3718750193947926 0.1406250020954758 0.17031250253785402
0 0.9320312638883479 0.08958333800546825 0.1359375020256266 0.1312500019557774
0 0.57109375850996 0.892708379891701 0.18593750277068466 0.16093750239815563
2 0.8140625121304765 0.3572916853008792 0.04687500069849193 0.048437500721774995
2 0.642968759580981 0.5010416927980259 0.08281250123400241 0.07343750109430403
1 0.42812500637955964 0.37500001955777407 0.3062500045634806 0.27500000409781933
0 0.6820312738418579 0.3437500298023224 0.19218750298023224 0.15625
0 0.5296875238418579 0.6833333969116211 0.1875 0.20000000298023224
0 0.7867187857627869 0.5166667103767395 0.17656250298023224 0.18437500298023224
0 0.2945312559604645 0.8156250715255737 0.2109375 0.15781250596046448
0 0.05937499925494194 0.3593750298023224 0.11562500149011612 0.22343750298023224
0 0.606249988079071 0.13333334028720856 0.203125 0.18125000596046448
0 0.772656261920929 0.125 0.1328125 0.18437500298023224
0 0.9234375357627869 0.6687500476837158 0.15312500298023224 0.19375000894069672
0 0.9296875 0.37187501788139343 0.140625 0.17031250894069672
0 0.9320312738418579 0.08958333730697632 0.13593749701976776 0.13125000894069672
0 0.571093738079071 0.8927083611488342 0.18593750894069672 0.16093750298023224
2 0.8140625357627869 0.35729169845581055 0.046875 0.04843750223517418
2 0.6429687738418579 0.5010417103767395 0.08281250298023224 0.07343750447034836
1 0.4281249940395355 0.3750000298023224 0.3062500059604645 0.2750000059604645
0 0.6820312738418579 0.3437500298023224 0.19218750298023224 0.15625
0 0.5296875238418579 0.6833333969116211 0.1875 0.20000000298023224
0 0.7867187857627869 0.5166667103767395 0.17656250298023224 0.18437500298023224
0 0.2945312559604645 0.8156250715255737 0.2109375 0.15781250596046448
0 0.05937499925494194 0.3593750298023224 0.11562500149011612 0.22343750298023224
0 0.606249988079071 0.13333334028720856 0.203125 0.18125000596046448
0 0.772656261920929 0.125 0.1328125 0.18437500298023224
0 0.9234375357627869 0.6687500476837158 0.15312500298023224 0.19375000894069672
0 0.9296875 0.37187501788139343 0.140625 0.17031250894069672
0 0.9320312738418579 0.08958333730697632 0.13593749701976776 0.13125000894069672
0 0.571093738079071 0.8927083611488342 0.18593750894069672 0.16093750298023224
2 0.8140625357627869 0.35729169845581055 0.046875 0.04843750223517418
2 0.6429687738418579 0.5010417103767395 0.08281250298023224 0.07343750447034836
1 0.4281249940395355 0.3750000298023224 0.3062500059604645 0.2750000059604645
0 0.6820312738418579 0.3437500298023224 0.19218750298023224 0.15625
0 0.5296875238418579 0.6833333969116211 0.1875 0.20000000298023224
0 0.7867187857627869 0.5166667103767395 0.17656250298023224 0.18437500298023224
0 0.2945312559604645 0.8156250715255737 0.2109375 0.15781250596046448
0 0.05937499925494194 0.3593750298023224 0.11562500149011612 0.22343750298023224
0 0.606249988079071 0.13333334028720856 0.203125 0.18125000596046448
0 0.772656261920929 0.125 0.1328125 0.18437500298023224
0 0.9234375357627869 0.6687500476837158 0.15312500298023224 0.19375000894069672
0 0.9296875 0.37187501788139343 0.140625 0.17031250894069672
0 0.9320312738418579 0.08958333730697632 0.13593749701976776 0.13125000894069672
0 0.571093738079071 0.8927083611488342 0.18593750894069672 0.16093750298023224
2 0.8140625357627869 0.35729169845581055 0.046875 0.04843750223517418
2 0.6429687738418579 0.5010417103767395 0.08281250298023224 0.07343750447034836
1 0.4281249940395355 0.3750000298023224 0.3062500059604645 0.2750000059604645
0 0.6820312738418579 0.3437500298023224 0.19218750298023224 0.15625
0 0.5296875238418579 0.6833333969116211 0.1875 0.20000000298023224
0 0.7867187857627869 0.5166667103767395 0.17656250298023224 0.18437500298023224
0 0.2945312559604645 0.8156250715255737 0.2109375 0.15781250596046448
0 0.05937499925494194 0.3593750298023224 0.11562500149011612 0.22343750298023224
0 0.606249988079071 0.13333334028720856 0.203125 0.18125000596046448
0 0.772656261920929 0.125 0.1328125 0.18437500298023224
0 0.9234375357627869 0.6687500476837158 0.15312500298023224 0.19375000894069672
0 0.9296875 0.37187501788139343 0.140625 0.17031250894069672
0 0.9320312738418579 0.08958333730697632 0.13593749701976776 0.13125000894069672
0 0.571093738079071 0.8927083611488342 0.18593750894069672 0.16093750298023224
2 0.8140625357627869 0.35729169845581055 0.046875 0.04843750223517418
2 0.6429687738418579 0.5010417103767395 0.08281250298023224 0.07343750447034836
1 0.4281249940395355 0.3750000298023224 0.3062500059604645 0.2750000059604645
0 0.6820312738418579 0.3437500298023224 0.19218750298023224 0.15625
0 0.5296875238418579 0.6833333969116211 0.1875 0.20000000298023224
0 0.7867187857627869 0.5166667103767395 0.17656250298023224 0.18437500298023224
0 0.2945312559604645 0.8156250715255737 0.2109375 0.15781250596046448
0 0.05937499925494194 0.3593750298023224 0.11562500149011612 0.22343750298023224
0 0.606249988079071 0.13333334028720856 0.203125 0.18125000596046448
0 0.772656261920929 0.125 0.1328125 0.18437500298023224
0 0.9234375357627869 0.6687500476837158 0.15312500298023224 0.19375000894069672
0 0.9296875 0.37187501788139343 0.140625 0.17031250894069672
0 0.9320312738418579 0.08958333730697632 0.13593749701976776 0.13125000894069672
0 0.571093738079071 0.8927083611488342 0.18593750894069672 0.16093750298023224
2 0.8140625357627869 0.35729169845581055 0.046875 0.04843750223517418
2 0.6429687738418579 0.5010417103767395 0.08281250298023224 0.07343750447034836
1 0.4281249940395355 0.3750000298023224 0.3062500059604645 0.2750000059604645
0 0.6820312738418579 0.3437500298023224 0.19218750298023224 0.15625
0 0.5296875238418579 0.6833333969116211 0.1875 0.20000000298023224
0 0.7867187857627869 0.5166667103767395 0.17656250298023224 0.18437500298023224
0 0.2945312559604645 0.8156250715255737 0.2109375 0.15781250596046448
0 0.05937499925494194 0.3593750298023224 0.11562500149011612 0.22343750298023224
0 0.606249988079071 0.13333334028720856 0.203125 0.18125000596046448
0 0.772656261920929 0.125 0.1328125 0.18437500298023224
0 0.9234375357627869 0.6687500476837158 0.15312500298023224 0.19375000894069672
0 0.9296875 0.37187501788139343 0.140625 0.17031250894069672
0 0.9320312738418579 0.08958333730697632 0.13593749701976776 0.13125000894069672
0 0.571093738079071 0.8927083611488342 0.18593750894069672 0.16093750298023224
2 0.8140625357627869 0.35729169845581055 0.046875 0.04843750223517418
2 0.6429687738418579 0.5010417103767395 0.08281250298023224 0.07343750447034836
1 0.4281249940395355 0.3750000298023224 0.3062500059604645 0.2750000059604645
0 0.6820312738418579 0.3437500298023224 0.19218750298023224 0.15625
0 0.5296875238418579 0.6833333969116211 0.1875 0.20000000298023224
0 0.7867187857627869 0.5166667103767395 0.17656250298023224 0.18437500298023224
0 0.2945312559604645 0.8156250715255737 0.2109375 0.15781250596046448
0 0.05937499925494194 0.3593750298023224 0.11562500149011612 0.22343750298023224
0 0.606249988079071 0.13333334028720856 0.203125 0.18125000596046448
0 0.772656261920929 0.125 0.1328125 0.18437500298023224
0 0.9234375357627869 0.6687500476837158 0.15312500298023224 0.19375000894069672
0 0.9296875 0.37187501788139343 0.140625 0.17031250894069672
0 0.9320312738418579 0.08958333730697632 0.13593749701976776 0.13125000894069672
0 0.571093738079071 0.8927083611488342 0.18593750894069672 0.16093750298023224
2 0.8140625357627869 0.35729169845581055 0.046875 0.04843750223517418
2 0.6429687738418579 0.5010417103767395 0.08281250298023224 0.07343750447034836
1 0.4281249940395355 0.3750000298023224 0.3062500059604645 0.2750000059604645
