1 0.3500000052154064 0.6364583665272221 0.21250000316649675 0.1796875026775524
1 0.25859375385334715 0.4708333578892052 0.07968750118743628 0.07500000111758709
0 0.8476562626310624 0.28854168171528727 0.17656250263098627 0.1796875026775524
0 0.7265625108266249 0.6468750337371603 0.1312500019557774 0.14218750211875886
0 0.933593763911631 0.8177083759801462 0.12968750193249434 0.14218750211875886
0 0.6742187600466423 0.7760417071403936 0.19843750295694917 0.1796875026775524
0 0.5070312575553544 0.8114583756541833 0.19843750295694917 0.1796875026775524
0 0.6632812598836608 0.4520833569113165 0.17343750258442014 0.14375000214204192
0 0.6742187600466423 0.2166666779667139 0.1671875024912879 0.18750000279396772
0 0.35781250533182174 0.3281250171130523 0.1531250022817403 0.1671875024912879
0 0.1671875024912879 0.4072916879085824 0.1531250022817403 0.1671875024912879
0 0.06875000102445483 0.4072916879085824 0.13437500200234354 0.2234375033294782
0 0.5125000076368451 0.60312503145542 0.1531250022817403 0.1671875024912879
0 0.5171875077066943 0.3760416862787679 0.1531250022817403 0.1671875024912879
0 0.48671875725267455 0.12083333963528275 0.20468750305008143 0.17812500265426934
0 0.3179687547381036 0.08229167095851153 0.1578125023515895 0.12031250179279596
0 0.8179687621886842 0.11354167258832604 0.22031250328291208 0.1671875024912879
0 0.05390625080326572 0.6166666988283396 0.10468750155996531 0.17187500256113708
0 0.1406250020954758 0.11354167258832604 0.1531250022817403 0.1671875024912879
1 0.3500000052154064 0.6364583665272221 0.21250000316649675 0.1796875026775524
1 0.25859375385334715 0.4708333578892052 0.07968750118743628 0.07500000111758709
0 0.8476562626310624 0.28854168171528727 0.17656250263098627 0.1796875026775524
0 0.7265625108266249 0.6468750337371603 0.1312500019557774 0.14218750211875886
0 0.933593763911631 0.8177083759801462 0.12968750193249434 0.14218750211875886
0 0.6742187600466423 0.7760417071403936 0.19843750295694917 0.1796875026775524
0 0.5070312575553544 0.8114583756541833 0.19843750295694917 0.1796875026775524
0 0.6632812598836608 0.4520833569113165 0.17343750258442014 0.14375000214204192
0 0.6742187600466423 0.2166666779667139 0.1671875024912879 0.18750000279396772
0 0.35781250533182174 0.3281250171130523 0.1531250022817403 0.1671875024912879
0 0.1671875024912879 0.4072916879085824 0.1531250022817403 0.1671875024912879
0 0.06875000102445483 0.4072916879085824 0.13437500200234354 0.2234375033294782
0 0.5125000076368451 0.60312503145542 0.1531250022817403 0.1671875024912879
0 0.5171875077066943 0.3760416862787679 0.1531250022817403 0.1671875024912879
0 0.48671875725267455 0.12083333963528275 0.20468750305008143 0.17812500265426934
0 0.3179687547381036 0.08229167095851153 0.1578125023515895 0.12031250179279596
0 0.8179687621886842 0.11354167258832604 0.22031250328291208 0.1671875024912879
0 0.05390625080326572 0.6166666988283396 0.10468750155996531 0.17187500256113708
0 0.1406250020954758 0.11354167258832604 0.1531250022817403 0.1671875024912879
1 0.3500000052154064 0.6364583665272221 0.21250000316649675 0.1796875026775524
1 0.25859375385334715 0.4708333578892052 0.07968750118743628 0.07500000111758709
0 0.8476562626310624 0.28854168171528727 0.17656250263098627 0.1796875026775524
0 0.7265625108266249 0.6468750337371603 0.1312500019557774 0.14218750211875886
0 0.933593763911631 0.8177083759801462 0.12968750193249434 0.14218750211875886
0 0.6742187600466423 0.7760417071403936 0.19843750295694917 0.1796875026775524
0 0.5070312575553544 0.8114583756541833 0.19843750295694917 0.1796875026775524
0 0.6632812598836608 0.4520833569113165 0.17343750258442014 0.14375000214204192
0 0.6742187600466423 0.2166666779667139 0.1671875024912879 0.18750000279396772
0 0.35781250533182174 0.3281250171130523 0.1531250022817403 0.1671875024912879
0 0.1671875024912879 0.4072916879085824 0.1531250022817403 0.1671875024912879
0 0.06875000102445483 0.4072916879085824 0.13437500200234354 0.2234375033294782
0 0.5125000076368451 0.60312503145542 0.1531250022817403 0.1671875024912879
0 0.5171875077066943 0.3760416862787679 0.1531250022817403 0.1671875024912879
0 0.48671875725267455 0.12083333963528275 0.20468750305008143 0.17812500265426934
0 0.3179687547381036 0.08229167095851153 0.1578125023515895 0.12031250179279596
0 0.8179687621886842 0.11354167258832604 0.22031250328291208 0.1671875024912879
0 0.05390625080326572 0.6166666988283396 0.10468750155996531 0.17187500256113708
0 0.1406250020954758 0.11354167258832604 0.1531250022817403 0.1671875024912879
1 0.3500000052154064 0.6364583665272221 0.21250000316649675 0.1796875026775524
1 0.25859375385334715 0.4708333578892052 0.07968750118743628 0.07500000111758709
0 0.8476562626310624 0.28854168171528727 0.17656250263098627 0.1796875026775524
0 0.7265625108266249 0.6468750337371603 0.1312500019557774 0.14218750211875886
0 0.933593763911631 0.8177083759801462 0.12968750193249434 0.14218750211875886
0 0.6742187600466423 0.7760417071403936 0.19843750295694917 0.1796875026775524
0 0.5070312575553544 0.8114583756541833 0.19843750295694917 0.1796875026775524
0 0.6632812598836608 0.4520833569113165 0.17343750258442014 0.14375000214204192
0 0.6742187600466423 0.2166666779667139 0.1671875024912879 0.18750000279396772
0 0.35781250533182174 0.3281250171130523 0.1531250022817403 0.1671875024912879
0 0.1671875024912879 0.4072916879085824 0.1531250022817403 0.1671875024912879
0 0.06875000102445483 0.4072916879085824 0.13437500200234354 0.2234375033294782
0 0.5125000076368451 0.60312503145542 0.1531250022817403 0.1671875024912879
0 0.5171875077066943 0.3760416862787679 0.1531250022817403 0.1671875024912879
0 0.48671875725267455 0.12083333963528275 0.20468750305008143 0.17812500265426934
0 0.3179687547381036 0.08229167095851153 0.1578125023515895 0.12031250179279596
0 0.8179687621886842 0.11354167258832604 0.22031250328291208 0.1671875024912879
0 0.05390625080326572 0.6166666988283396 0.10468750155996531 0.17187500256113708
0 0.1406250020954758 0.11354167258832604 0.1531250022817403 0.1671875024912879
1 0.3500000052154064 0.6364583665272221 0.21250000316649675 0.1796875026775524
1 0.25859375385334715 0.4708333578892052 0.07968750118743628 0.07500000111758709
0 0.8476562626310624 0.28854168171528727 0.17656250263098627 0.1796875026775524
0 0.7265625108266249 0.6468750337371603 0.1312500019557774 0.14218750211875886
0 0.933593763911631 0.8177083759801462 0.12968750193249434 0.14218750211875886
0 0.6742187600466423 0.7760417071403936 0.19843750295694917 0.1796875026775524
0 0.5070312575553544 0.8114583756541833 0.19843750295694917 0.1796875026775524
0 0.6632812598836608 0.4520833569113165 0.17343750258442014 0.14375000214204192
0 0.6742187600466423 0.2166666779667139 0.1671875024912879 0.18750000279396772
0 0.35781250533182174 0.3281250171130523 0.1531250022817403 0.1671875024912879
0 0.1671875024912879 0.4072916879085824 0.1531250022817403 0.1671875024912879
0 0.06875000102445483 0.4072916879085824 0.13437500200234354 0.2234375033294782
0 0.5125000076368451 0.60312503145542 0.1531250022817403 0.1671875024912879
0 0.5171875077066943 0.3760416862787679 0.1531250022817403 0.1671875024912879
0 0.48671875725267455 0.12083333963528275 0.20468750305008143 0.17812500265426934
0 0.3179687547381036 0.08229167095851153 0.1578125023515895 0.12031250179279596
0 0.8179687621886842 0.11354167258832604 0.22031250328291208 0.1671875024912879
0 0.05390625080326572 0.6166666988283396 0.10468750155996531 0.17187500256113708
0 0.1406250020954758 0.11354167258832604 0.1531250022817403 0.1671875024912879
1 0.3500000052154064 0.6364583665272221 0.21250000316649675 0.1796875026775524
1 0.25859375385334715 0.4708333578892052 0.07968750118743628 0.07500000111758709
0 0.8476562626310624 0.28854168171528727 0.17656250263098627 0.1796875026775524
0 0.7265625108266249 0.6468750337371603 0.1312500019557774 0.14218750211875886
0 0.933593763911631 0.8177083759801462 0.12968750193249434 0.14218750211875886
0 0.6742187600466423 0.7760417071403936 0.19843750295694917 0.1796875026775524
0 0.5070312575553544 0.8114583756541833 0.19843750295694917 0.1796875026775524
0 0.6632812598836608 0.4520833569113165 0.17343750258442014 0.14375000214204192
0 0.6742187600466423 0.2166666779667139 0.1671875024912879 0.18750000279396772
0 0.35781250533182174 0.3281250171130523 0.1531250022817403 0.1671875024912879
0 0.1671875024912879 0.4072916879085824 0.1531250022817403 0.1671875024912879
0 0.06875000102445483 0.4072916879085824 0.13437500200234354 0.2234375033294782
0 0.5125000076368451 0.60312503145542 0.1531250022817403 0.1671875024912879
0 0.5171875077066943 0.3760416862787679 0.1531250022817403 0.1671875024912879
0 0.48671875725267455 0.12083333963528275 0.20468750305008143 0.17812500265426934
0 0.3179687547381036 0.08229167095851153 0.1578125023515895 0.12031250179279596
0 0.8179687621886842 0.11354167258832604 0.22031250328291208 0.1671875024912879
0 0.05390625080326572 0.6166666988283396 0.10468750155996531 0.17187500256113708
0 0.1406250020954758 0.11354167258832604 0.1531250022817403 0.1671875024912879
1 0.3500000052154064 0.6364583665272221 0.21250000316649675 0.1796875026775524
1 0.25859375385334715 0.4708333578892052 0.07968750118743628 0.07500000111758709
0 0.8476562626310624 0.28854168171528727 0.17656250263098627 0.1796875026775524
0 0.7265625108266249 0.6468750337371603 0.1312500019557774 0.14218750211875886
0 0.933593763911631 0.8177083759801462 0.12968750193249434 0.14218750211875886
0 0.6742187600466423 0.7760417071403936 0.19843750295694917 0.1796875026775524
0 0.5070312575553544 0.8114583756541833 0.19843750295694917 0.1796875026775524
0 0.6632812598836608 0.4520833569113165 0.17343750258442014 0.14375000214204192
0 0.6742187600466423 0.2166666779667139 0.1671875024912879 0.18750000279396772
0 0.35781250533182174 0.3281250171130523 0.1531250022817403 0.1671875024912879
0 0.1671875024912879 0.4072916879085824 0.1531250022817403 0.1671875024912879
0 0.06875000102445483 0.4072916879085824 0.13437500200234354 0.2234375033294782
0 0.5125000076368451 0.60312503145542 0.1531250022817403 0.1671875024912879
0 0.5171875077066943 0.3760416862787679 0.1531250022817403 0.1671875024912879
0 0.48671875725267455 0.12083333963528275 0.20468750305008143 0.17812500265426934
0 0.3179687547381036 0.08229167095851153 0.1578125023515895 0.12031250179279596
0 0.8179687621886842 0.11354167258832604 0.22031250328291208 0.1671875024912879
0 0.05390625080326572 0.6166666988283396 0.10468750155996531 0.17187500256113708
0 0.1406250020954758 0.11354167258832604 0.1531250022817403 0.1671875024912879
1 0.3500000052154064 0.6364583665272221 0.21250000316649675 0.1796875026775524
1 0.25859375385334715 0.4708333578892052 0.07968750118743628 0.07500000111758709
0 0.8476562626310624 0.28854168171528727 0.17656250263098627 0.1796875026775524
0 0.7265625108266249 0.6468750337371603 0.1312500019557774 0.14218750211875886
0 0.933593763911631 0.8177083759801462 0.12968750193249434 0.14218750211875886
0 0.6742187600466423 0.7760417071403936 0.19843750295694917 0.1796875026775524
0 0.5070312575553544 0.8114583756541833 0.19843750295694917 0.1796875026775524
0 0.6632812598836608 0.4520833569113165 0.17343750258442014 0.14375000214204192
0 0.6742187600466423 0.2166666779667139 0.1671875024912879 0.18750000279396772
0 0.35781250533182174 0.3281250171130523 0.1531250022817403 0.1671875024912879
0 0.1671875024912879 0.4072916879085824 0.1531250022817403 0.1671875024912879
0 0.06875000102445483 0.4072916879085824 0.13437500200234354 0.2234375033294782
0 0.5125000076368451 0.60312503145542 0.1531250022817403 0.1671875024912879
0 0.5171875077066943 0.3760416862787679 0.1531250022817403 0.1671875024912879
0 0.48671875725267455 0.12083333963528275 0.20468750305008143 0.17812500265426934
0 0.3179687547381036 0.08229167095851153 0.1578125023515895 0.12031250179279596
0 0.8179687621886842 0.11354167258832604 0.22031250328291208 0.1671875024912879
0 0.05390625080326572 0.6166666988283396 0.10468750155996531 0.17187500256113708
0 0.1406250020954758 0.11354167258832604 0.1531250022817403 0.1671875024912879
1 0.3500000052154064 0.6364583665272221 0.21250000316649675 0.1796875026775524
1 0.25859375385334715 0.4708333578892052 0.07968750118743628 0.07500000111758709
0 0.8476562626310624 0.28854168171528727 0.17656250263098627 0.1796875026775524
0 0.7265625108266249 0.6468750337371603 0.1312500019557774 0.14218750211875886
0 0.933593763911631 0.8177083759801462 0.12968750193249434 0.14218750211875886
0 0.6742187600466423 0.7760417071403936 0.19843750295694917 0.1796875026775524
0 0.5070312575553544 0.8114583756541833 0.19843750295694917 0.1796875026775524
0 0.6632812598836608 0.4520833569113165 0.17343750258442014 0.14375000214204192
0 0.6742187600466423 0.2166666779667139 0.1671875024912879 0.18750000279396772
0 0.35781250533182174 0.3281250171130523 0.1531250022817403 0.1671875024912879
0 0.1671875024912879 0.4072916879085824 0.1531250022817403 0.1671875024912879
0 0.06875000102445483 0.4072916879085824 0.13437500200234354 0.2234375033294782
0 0.5125000076368451 0.60312503145542 0.1531250022817403 0.1671875024912879
0 0.5171875077066943 0.3760416862787679 0.1531250022817403 0.1671875024912879
0 0.48671875725267455 0.12083333963528275 0.20468750305008143 0.17812500265426934
0 0.3179687547381036 0.08229167095851153 0.1578125023515895 0.12031250179279596
0 0.8179687621886842 0.11354167258832604 0.22031250328291208 0.1671875024912879
0 0.05390625080326572 0.6166666988283396 0.10468750155996531 0.17187500256113708
0 0.1406250020954758 0.11354167258832604 0.1531250022817403 0.1671875024912879
1 0.3500000052154064 0.6364583665272221 0.21250000316649675 0.1796875026775524
1 0.25859375385334715 0.4708333578892052 0.07968750118743628 0.07500000111758709
0 0.8476562626310624 0.28854168171528727 0.17656250263098627 0.1796875026775524
0 0.7265625108266249 0.6468750337371603 0.1312500019557774 0.14218750211875886
0 0.933593763911631 0.8177083759801462 0.12968750193249434 0.14218750211875886
0 0.6742187600466423 0.7760417071403936 0.19843750295694917 0.1796875026775524
0 0.5070312575553544 0.8114583756541833 0.19843750295694917 0.1796875026775524
0 0.6632812598836608 0.4520833569113165 0.17343750258442014 0.14375000214204192
0 0.6742187600466423 0.2166666779667139 0.1671875024912879 0.18750000279396772
0 0.35781250533182174 0.3281250171130523 0.1531250022817403 0.1671875024912879
0 0.1671875024912879 0.4072916879085824 0.1531250022817403 0.1671875024912879
0 0.06875000102445483 0.4072916879085824 0.13437500200234354 0.2234375033294782
0 0.5125000076368451 0.60312503145542 0.1531250022817403 0.1671875024912879
0 0.5171875077066943 0.3760416862787679 0.1531250022817403 0.1671875024912879
0 0.48671875725267455 0.12083333963528275 0.20468750305008143 0.17812500265426934
0 0.3179687547381036 0.08229167095851153 0.1578125023515895 0.12031250179279596
0 0.8179687621886842 0.11354167258832604 0.22031250328291208 0.1671875024912879
0 0.05390625080326572 0.6166666988283396 0.10468750155996531 0.17187500256113708
0 0.1406250020954758 0.11354167258832604 0.1531250022817403 0.1671875024912879
1 0.3500000052154064 0.6364583665272221 0.21250000316649675 0.1796875026775524
1 0.25859375385334715 0.4708333578892052 0.07968750118743628 0.07500000111758709
0 0.8476562626310624 0.28854168171528727 0.17656250263098627 0.1796875026775524
0 0.7265625108266249 0.6468750337371603 0.1312500019557774 0.14218750211875886
0 0.933593763911631 0.8177083759801462 0.12968750193249434 0.14218750211875886
0 0.6742187600466423 0.7760417071403936 0.19843750295694917 0.1796875026775524
0 0.5070312575553544 0.8114583756541833 0.19843750295694917 0.1796875026775524
0 0.6632812598836608 0.4520833569113165 0.17343750258442014 0.14375000214204192
0 0.6742187600466423 0.2166666779667139 0.1671875024912879 0.18750000279396772
0 0.35781250533182174 0.3281250171130523 0.1531250022817403 0.1671875024912879
0 0.1671875024912879 0.4072916879085824 0.1531250022817403 0.1671875024912879
0 0.06875000102445483 0.4072916879085824 0.13437500200234354 0.2234375033294782
0 0.5125000076368451 0.60312503145542 0.1531250022817403 0.1671875024912879
0 0.5171875077066943 0.3760416862787679 0.1531250022817403 0.1671875024912879
0 0.48671875725267455 0.12083333963528275 0.20468750305008143 0.17812500265426934
0 0.3179687547381036 0.08229167095851153 0.1578125023515895 0.12031250179279596
0 0.8179687621886842 0.11354167258832604 0.22031250328291208 0.1671875024912879
0 0.05390625080326572 0.6166666988283396 0.10468750155996531 0.17187500256113708
0 0.1406250020954758 0.11354167258832604 0.1531250022817403 0.1671875024912879
1 0.3500000052154064 0.6364583665272221 0.21250000316649675 0.1796875026775524
1 0.25859375385334715 0.4708333578892052 0.07968750118743628 0.07500000111758709
0 0.8476562626310624 0.28854168171528727 0.17656250263098627 0.1796875026775524
0 0.7265625108266249 0.6468750337371603 0.1312500019557774 0.14218750211875886
0 0.933593763911631 0.8177083759801462 0.12968750193249434 0.14218750211875886
0 0.6742187600466423 0.7760417071403936 0.19843750295694917 0.1796875026775524
0 0.5070312575553544 0.8114583756541833 0.19843750295694917 0.1796875026775524
0 0.6632812598836608 0.4520833569113165 0.17343750258442014 0.14375000214204192
0 0.6742187600466423 0.2166666779667139 0.1671875024912879 0.18750000279396772
0 0.35781250533182174 0.3281250171130523 0.1531250022817403 0.1671875024912879
0 0.1671875024912879 0.4072916879085824 0.1531250022817403 0.1671875024912879
0 0.06875000102445483 0.4072916879085824 0.13437500200234354 0.2234375033294782
0 0.5125000076368451 0.60312503145542 0.1531250022817403 0.1671875024912879
0 0.5171875077066943 0.3760416862787679 0.1531250022817403 0.1671875024912879
0 0.48671875725267455 0.12083333963528275 0.20468750305008143 0.17812500265426934
0 0.3179687547381036 0.08229167095851153 0.1578125023515895 0.12031250179279596
0 0.8179687621886842 0.11354167258832604 0.22031250328291208 0.1671875024912879
0 0.05390625080326572 0.6166666988283396 0.10468750155996531 0.17187500256113708
0 0.1406250020954758 0.11354167258832604 0.1531250022817403 0.1671875024912879
1 0.3500000052154064 0.6364583665272221 0.21250000316649675 0.1796875026775524
1 0.25859375385334715 0.4708333578892052 0.07968750118743628 0.07500000111758709
0 0.8476562626310624 0.28854168171528727 0.17656250263098627 0.1796875026775524
0 0.7265625108266249 0.6468750337371603 0.1312500019557774 0.14218750211875886
0 0.933593763911631 0.8177083759801462 0.12968750193249434 0.14218750211875886
0 0.6742187600466423 0.7760417071403936 0.19843750295694917 0.1796875026775524
0 0.5070312575553544 0.8114583756541833 0.19843750295694917 0.1796875026775524
0 0.6632812598836608 0.4520833569113165 0.17343750258442014 0.14375000214204192
0 0.6742187600466423 0.2166666779667139 0.1671875024912879 0.18750000279396772
0 0.35781250533182174 0.3281250171130523 0.1531250022817403 0.1671875024912879
0 0.1671875024912879 0.4072916879085824 0.1531250022817403 0.1671875024912879
0 0.06875000102445483 0.4072916879085824 0.13437500200234354 0.2234375033294782
0 0.5125000076368451 0.60312503145542 0.1531250022817403 0.1671875024912879
0 0.5171875077066943 0.3760416862787679 0.1531250022817403 0.1671875024912879
0 0.48671875725267455 0.12083333963528275 0.20468750305008143 0.17812500265426934
0 0.3179687547381036 0.08229167095851153 0.1578125023515895 0.12031250179279596
0 0.8179687621886842 0.11354167258832604 0.22031250328291208 0.1671875024912879
0 0.05390625080326572 0.6166666988283396 0.10468750155996531 0.17187500256113708
0 0.1406250020954758 0.11354167258832604 0.1531250022817403 0.1671875024912879
1 0.3500000052154064 0.6364583665272221 0.21250000316649675 0.1796875026775524
2 0.25859375385334715 0.4708333578892052 0.07968750118743628 0.07500000111758709
0 0.8476562626310624 0.28854168171528727 0.17656250263098627 0.1796875026775524
0 0.7265625108266249 0.6468750337371603 0.1312500019557774 0.14218750211875886
0 0.933593763911631 0.8177083759801462 0.12968750193249434 0.14218750211875886
0 0.6742187600466423 0.7760417071403936 0.19843750295694917 0.1796875026775524
0 0.5070312575553544 0.8114583756541833 0.19843750295694917 0.1796875026775524
0 0.6632812598836608 0.4520833569113165 0.17343750258442014 0.14375000214204192
0 0.6742187600466423 0.2166666779667139 0.1671875024912879 0.18750000279396772
0 0.35781250533182174 0.3281250171130523 0.1531250022817403 0.1671875024912879
0 0.1671875024912879 0.4072916879085824 0.1531250022817403 0.1671875024912879
0 0.06875000102445483 0.4072916879085824 0.13437500200234354 0.2234375033294782
0 0.5125000076368451 0.60312503145542 0.1531250022817403 0.1671875024912879
0 0.5171875077066943 0.3760416862787679 0.1531250022817403 0.1671875024912879
0 0.48671875725267455 0.12083333963528275 0.20468750305008143 0.17812500265426934
0 0.3179687547381036 0.08229167095851153 0.1578125023515895 0.12031250179279596
0 0.8179687621886842 0.11354167258832604 0.22031250328291208 0.1671875024912879
0 0.05390625080326572 0.6166666988283396 0.10468750155996531 0.17187500256113708
0 0.1406250020954758 0.11354167258832604 0.1531250022817403 0.1671875024912879
1 0.3500000052154064 0.6364583665272221 0.21250000316649675 0.1796875026775524
2 0.25859375385334715 0.4708333578892052 0.07968750118743628 0.07500000111758709
0 0.8476562626310624 0.28854168171528727 0.17656250263098627 0.1796875026775524
0 0.7265625108266249 0.6468750337371603 0.1312500019557774 0.14218750211875886
0 0.933593763911631 0.8177083759801462 0.12968750193249434 0.14218750211875886
0 0.6742187600466423 0.7760417071403936 0.19843750295694917 0.1796875026775524
0 0.5070312575553544 0.8114583756541833 0.19843750295694917 0.1796875026775524
0 0.6632812598836608 0.4520833569113165 0.17343750258442014 0.14375000214204192
0 0.6742187600466423 0.2166666779667139 0.1671875024912879 0.18750000279396772
0 0.35781250533182174 0.3281250171130523 0.1531250022817403 0.1671875024912879
0 0.1671875024912879 0.4072916879085824 0.1531250022817403 0.1671875024912879
0 0.06875000102445483 0.4072916879085824 0.13437500200234354 0.2234375033294782
0 0.5125000076368451 0.60312503145542 0.1531250022817403 0.1671875024912879
0 0.5171875077066943 0.3760416862787679 0.1531250022817403 0.1671875024912879
0 0.48671875725267455 0.12083333963528275 0.20468750305008143 0.17812500265426934
0 0.3179687547381036 0.08229167095851153 0.1578125023515895 0.12031250179279596
0 0.8179687621886842 0.11354167258832604 0.22031250328291208 0.1671875024912879
0 0.05390625080326572 0.6166666988283396 0.10468750155996531 0.17187500256113708
0 0.1406250020954758 0.11354167258832604 0.1531250022817403 0.1671875024912879
1 0.3499999940395355 0.6364583373069763 0.21250000596046448 0.1796875
2 0.25859376788139343 0.47083336114883423 0.07968749850988388 0.07500000298023224
0 0.84765625 0.28854167461395264 0.17656250298023224 0.1796875
0 0.7265625 0.6468750238418579 0.13125000894069672 0.14218750596046448
0 0.93359375 0.8177083730697632 0.12968750298023224 0.14218750596046448
0 0.6742187738418579 0.7760416865348816 0.19843749701976776 0.1796875
0 0.507031261920929 0.8114583492279053 0.19843749701976776 0.1796875
0 0.663281261920929 0.4520833492279053 0.17343750596046448 0.14374999701976776
0 0.6742187738418579 0.21666668355464935 0.16718749701976776 0.1875
0 0.3578124940395355 0.3281250298023224 0.15312500298023224 0.16718749701976776
0 0.16718749701976776 0.4072916805744171 0.15312500298023224 0.16718749701976776
0 0.06875000149011612 0.4072916805744171 0.13437500596046448 0.22343750298023224
0 0.512499988079071 0.6031250357627869 0.15312500298023224 0.16718749701976776
0 0.5171875357627869 0.3760416805744171 0.15312500298023224 0.16718749701976776
0 0.4867187440395355 0.12083333730697632 0.20468750596046448 0.17812500894069672
0 0.3179687559604645 0.08229167014360428 0.15781250596046448 0.12031250447034836
0 0.8179687857627869 0.11354167014360428 0.22031250596046448 0.16718749701976776
0 0.05390625074505806 0.6166666746139526 0.10468750447034836 0.171875
0 0.140625 0.11354167014360428 0.15312500298023224 0.16718749701976776
1 0.3499999940395355 0.6364583373069763 0.21250000596046448 0.1796875
2 0.25859376788139343 0.47083336114883423 0.07968749850988388 0.07500000298023224
0 0.84765625 0.28854167461395264 0.17656250298023224 0.1796875
0 0.7265625 0.6468750238418579 0.13125000894069672 0.14218750596046448
0 0.93359375 0.8177083730697632 0.12968750298023224 0.14218750596046448
0 0.6742187738418579 0.7760416865348816 0.19843749701976776 0.1796875
0 0.507031261920929 0.8114583492279053 0.19843749701976776 0.1796875
0 0.663281261920929 0.4520833492279053 0.17343750596046448 0.14374999701976776
0 0.6742187738418579 0.21666668355464935 0.16718749701976776 0.1875
0 0.3578124940395355 0.3281250298023224 0.15312500298023224 0.16718749701976776
0 0.16718749701976776 0.4072916805744171 0.15312500298023224 0.16718749701976776
0 0.06875000149011612 0.4072916805744171 0.13437500596046448 0.22343750298023224
0 0.512499988079071 0.6031250357627869 0.15312500298023224 0.16718749701976776
0 0.5171875357627869 0.3760416805744171 0.15312500298023224 0.16718749701976776
0 0.4867187440395355 0.12083333730697632 0.20468750596046448 0.17812500894069672
0 0.3179687559604645 0.08229167014360428 0.15781250596046448 0.12031250447034836
0 0.8179687857627869 0.11354167014360428 0.22031250596046448 0.16718749701976776
0 0.05390625074505806 0.6166666746139526 0.10468750447034836 0.171875
0 0.140625 0.11354167014360428 0.15312500298023224 0.16718749701976776
1 0.3499999940395355 0.6364583373069763 0.21250000596046448 0.1796875
2 0.25859376788139343 0.47083336114883423 0.07968749850988388 0.07500000298023224
0 0.84765625 0.28854167461395264 0.17656250298023224 0.1796875
0 0.7265625 0.6468750238418579 0.13125000894069672 0.14218750596046448
0 0.93359375 0.8177083730697632 0.12968750298023224 0.14218750596046448
0 0.6742187738418579 0.7760416865348816 0.19843749701976776 0.1796875
0 0.507031261920929 0.8114583492279053 0.19843749701976776 0.1796875
0 0.663281261920929 0.4520833492279053 0.17343750596046448 0.14374999701976776
0 0.6742187738418579 0.21666668355464935 0.16718749701976776 0.1875
0 0.3578124940395355 0.3281250298023224 0.15312500298023224 0.16718749701976776
0 0.16718749701976776 0.4072916805744171 0.15312500298023224 0.16718749701976776
0 0.06875000149011612 0.4072916805744171 0.13437500596046448 0.22343750298023224
0 0.512499988079071 0.6031250357627869 0.15312500298023224 0.16718749701976776
0 0.5171875357627869 0.3760416805744171 0.15312500298023224 0.16718749701976776
0 0.4867187440395355 0.12083333730697632 0.20468750596046448 0.17812500894069672
0 0.3179687559604645 0.08229167014360428 0.15781250596046448 0.12031250447034836
0 0.8179687857627869 0.11354167014360428 0.22031250596046448 0.16718749701976776
0 0.05390625074505806 0.6166666746139526 0.10468750447034836 0.171875
0 0.140625 0.11354167014360428 0.15312500298023224 0.16718749701976776
1 0.3499999940395355 0.6364583373069763 0.21250000596046448 0.1796875
2 0.25859376788139343 0.47083336114883423 0.07968749850988388 0.07500000298023224
0 0.84765625 0.28854167461395264 0.17656250298023224 0.1796875
0 0.7265625 0.6468750238418579 0.13125000894069672 0.14218750596046448
0 0.93359375 0.8177083730697632 0.12968750298023224 0.14218750596046448
0 0.6742187738418579 0.7760416865348816 0.19843749701976776 0.1796875
0 0.507031261920929 0.8114583492279053 0.19843749701976776 0.1796875
0 0.663281261920929 0.4520833492279053 0.17343750596046448 0.14374999701976776
0 0.6742187738418579 0.21666668355464935 0.16718749701976776 0.1875
0 0.3578124940395355 0.3281250298023224 0.15312500298023224 0.16718749701976776
0 0.16718749701976776 0.4072916805744171 0.15312500298023224 0.16718749701976776
0 0.06875000149011612 0.4072916805744171 0.13437500596046448 0.22343750298023224
0 0.512499988079071 0.6031250357627869 0.15312500298023224 0.16718749701976776
0 0.5171875357627869 0.3760416805744171 0.15312500298023224 0.16718749701976776
0 0.4867187440395355 0.12083333730697632 0.20468750596046448 0.17812500894069672
0 0.3179687559604645 0.08229167014360428 0.15781250596046448 0.12031250447034836
0 0.8179687857627869 0.11354167014360428 0.22031250596046448 0.16718749701976776
0 0.05390625074505806 0.6166666746139526 0.10468750447034836 0.171875
0 0.140625 0.11354167014360428 0.15312500298023224 0.16718749701976776
1 0.3499999940395355 0.6364583373069763 0.21250000596046448 0.1796875
2 0.25859376788139343 0.47083336114883423 0.07968749850988388 0.07500000298023224
0 0.84765625 0.28854167461395264 0.17656250298023224 0.1796875
0 0.7265625 0.6468750238418579 0.13125000894069672 0.14218750596046448
0 0.93359375 0.8177083730697632 0.12968750298023224 0.14218750596046448
0 0.6742187738418579 0.7760416865348816 0.19843749701976776 0.1796875
0 0.507031261920929 0.8114583492279053 0.19843749701976776 0.1796875
0 0.663281261920929 0.4520833492279053 0.17343750596046448 0.14374999701976776
0 0.6742187738418579 0.21666668355464935 0.16718749701976776 0.1875
0 0.3578124940395355 0.3281250298023224 0.15312500298023224 0.16718749701976776
0 0.16718749701976776 0.4072916805744171 0.15312500298023224 0.16718749701976776
0 0.06875000149011612 0.4072916805744171 0.13437500596046448 0.22343750298023224
0 0.512499988079071 0.6031250357627869 0.15312500298023224 0.16718749701976776
0 0.5171875357627869 0.3760416805744171 0.15312500298023224 0.16718749701976776
0 0.4867187440395355 0.12083333730697632 0.20468750596046448 0.17812500894069672
0 0.3179687559604645 0.08229167014360428 0.15781250596046448 0.12031250447034836
0 0.8179687857627869 0.11354167014360428 0.22031250596046448 0.16718749701976776
0 0.05390625074505806 0.6166666746139526 0.10468750447034836 0.171875
0 0.140625 0.11354167014360428 0.15312500298023224 0.16718749701976776
1 0.3499999940395355 0.6364583373069763 0.21250000596046448 0.1796875
2 0.25859376788139343 0.47083336114883423 0.07968749850988388 0.07500000298023224
0 0.84765625 0.28854167461395264 0.17656250298023224 0.1796875
0 0.7265625 0.6468750238418579 0.13125000894069672 0.14218750596046448
0 0.93359375 0.8177083730697632 0.12968750298023224 0.14218750596046448
0 0.6742187738418579 0.7760416865348816 0.19843749701976776 0.1796875
0 0.507031261920929 0.8114583492279053 0.19843749701976776 0.1796875
0 0.663281261920929 0.4520833492279053 0.17343750596046448 0.14374999701976776
0 0.6742187738418579 0.21666668355464935 0.16718749701976776 0.1875
0 0.3578124940395355 0.3281250298023224 0.15312500298023224 0.16718749701976776
0 0.16718749701976776 0.4072916805744171 0.15312500298023224 0.16718749701976776
0 0.06875000149011612 0.4072916805744171 0.13437500596046448 0.22343750298023224
0 0.512499988079071 0.6031250357627869 0.15312500298023224 0.16718749701976776
0 0.5171875357627869 0.3760416805744171 0.15312500298023224 0.16718749701976776
0 0.4867187440395355 0.12083333730697632 0.20468750596046448 0.17812500894069672
0 0.3179687559604645 0.08229167014360428 0.15781250596046448 0.12031250447034836
0 0.8179687857627869 0.11354167014360428 0.22031250596046448 0.16718749701976776
0 0.05390625074505806 0.6166666746139526 0.10468750447034836 0.171875
0 0.140625 0.11354167014360428 0.15312500298023224 0.16718749701976776
1 0.3499999940395355 0.6364583373069763 0.21250000596046448 0.1796875
2 0.25859376788139343 0.47083336114883423 0.07968749850988388 0.07500000298023224
0 0.84765625 0.28854167461395264 0.17656250298023224 0.1796875
0 0.7265625 0.6468750238418579 0.13125000894069672 0.14218750596046448
0 0.93359375 0.8177083730697632 0.12968750298023224 0.14218750596046448
0 0.6742187738418579 0.7760416865348816 0.19843749701976776 0.1796875
0 0.507031261920929 0.8114583492279053 0.19843749701976776 0.1796875
0 0.663281261920929 0.4520833492279053 0.17343750596046448 0.14374999701976776
0 0.6742187738418579 0.21666668355464935 0.16718749701976776 0.1875
0 0.3578124940395355 0.3281250298023224 0.15312500298023224 0.16718749701976776
0 0.16718749701976776 0.4072916805744171 0.15312500298023224 0.16718749701976776
0 0.06875000149011612 0.4072916805744171 0.13437500596046448 0.22343750298023224
0 0.512499988079071 0.6031250357627869 0.15312500298023224 0.16718749701976776
0 0.5171875357627869 0.3760416805744171 0.15312500298023224 0.16718749701976776
0 0.4867187440395355 0.12083333730697632 0.20468750596046448 0.17812500894069672
0 0.3179687559604645 0.08229167014360428 0.15781250596046448 0.12031250447034836
0 0.8179687857627869 0.11354167014360428 0.22031250596046448 0.16718749701976776
0 0.05390625074505806 0.6166666746139526 0.10468750447034836 0.171875
0 0.140625 0.11354167014360428 0.15312500298023224 0.16718749701976776
