0 0.692968760326039 0.26770834729541093 0.18281250272411853 0.19531250291038305
0 0.4906250073108822 0.23958334582857788 0.16562500246800482 0.1312500019557774
0 0.8359375124564394 0.47812502493616194 0.1625000024214387 0.22968750342261046
0 0.6718750100117177 0.6677083681570366 0.15625000232830644 0.16093750239815563
0 0.21250000316649675 0.08541667112149298 0.1750000026077032 0.12500000186264515
0 0.7570312612806447 0.927083381684497 0.11718750174622983 0.1093750016298145
0 0.4195312562515028 0.8395833771210164 0.20468750305008143 0.16562500246800482
0 0.5656250084284693 0.8031250418862328 0.13750000204890966 0.14843750221189111
0 0.07890625117579475 0.41145835479255766 0.15468750230502337 0.17343750258442014
0 0.8687500129453838 0.15937500831205398 0.15625000232830644 0.17343750258442014
0 0.9421875140396878 0.9083333807066083 0.11562500172294676 0.13750000204890966
1 0.449218756693881 0.5260416941018775 0.3109375046333298 0.27343750407453626
0 0.23906250356230885 0.5000000260770321 0.16562500246800482 0.1312500019557774
0 0.315625004703179 0.7468750389525667 0.1968750029336661 0.17031250253785402
0 0.692968760326039 0.26770834729541093 0.18281250272411853 0.19531250291038305
0 0.4906250073108822 0.23958334582857788 0.16562500246800482 0.1312500019557774
0 0.8359375124564394 0.47812502493616194 0.1625000024214387 0.22968750342261046
0 0.6718750100117177 0.6677083681570366 0.15625000232830644 0.16093750239815563
0 0.21250000316649675 0.08541667112149298 0.1750000026077032 0.12500000186264515
0 0.7570312612806447 0.927083381684497 0.11718750174622983 0.1093750016298145
0 0.4195312562515028 0.8395833771210164 0.20468750305008143 0.16562500246800482
0 0.5656250084284693 0.8031250418862328 0.13750000204890966 0.14843750221189111
0 0.07890625117579475 0.41145835479255766 0.15468750230502337 0.17343750258442014
0 0.8687500129453838 0.15937500831205398 0.15625000232830644 0.17343750258442014
0 0.9421875140396878 0.9083333807066083 0.11562500172294676 0.13750000204890966
1 0.449218756693881 0.5260416941018775 0.3109375046333298 0.27343750407453626
0 0.23906250356230885 0.5000000260770321 0.16562500246800482 0.1312500019557774
0 0.315625004703179 0.7468750389525667 0.1968750029336661 0.17031250253785402
0 0.692968760326039 0.26770834729541093 0.18281250272411853 0.19531250291038305
0 0.4906250073108822 0.23958334582857788 0.16562500246800482 0.1312500019557774
0 0.8359375124564394 0.47812502493616194 0.1625000024214387 0.22968750342261046
0 0.6718750100117177 0.6677083681570366 0.15625000232830644 0.16093750239815563
0 0.21250000316649675 0.08541667112149298 0.1750000026077032 0.12500000186264515
0 0.7570312612806447 0.927083381684497 0.11718750174622983 0.1093750016298145
0 0.4195312562515028 0.8395833771210164 0.20468750305008143 0.16562500246800482
0 0.5656250084284693 0.8031250418862328 0.13750000204890966 0.14843750221189111
0 0.07890625117579475 0.41145835479255766 0.15468750230502337 0.17343750258442014
0 0.8687500129453838 0.15937500831205398 0.15625000232830644 0.17343750258442014
0 0.9421875140396878 0.9083333807066083 0.11562500172294676 0.13750000204890966
1 0.449218756693881 0.5260416941018775 0.3109375046333298 0.27343750407453626
0 0.23906250356230885 0.5000000260770321 0.16562500246800482 0.1312500019557774
0 0.315625004703179 0.7468750389525667 0.1968750029336661 0.17031250253785402
0 0.692968760326039 0.26770834729541093 0.18281250272411853 0.19531250291038305
0 0.4906250073108822 0.23958334582857788 0.16562500246800482 0.1312500019557774
0 0.8359375124564394 0.47812502493616194 0.1625000024214387 0.22968750342261046
0 0.6718750100117177 0.6677083681570366 0.15625000232830644 0.16093750239815563
0 0.21250000316649675 0.08541667112149298 0.1750000026077032 0.12500000186264515
0 0.7570312612806447 0.927083381684497 0.11718750174622983 0.1093750016298145
0 0.4195312562515028 0.8395833771210164 0.20468750305008143 0.16562500246800482
0 0.5656250084284693 0.8031250418862328 0.13750000204890966 0.14843750221189111
0 0.07890625117579475 0.41145835479255766 0.15468750230502337 0.17343750258442014
0 0.8687500129453838 0.15937500831205398 0.15625000232830644 0.17343750258442014
0 0.9421875140396878 0.9083333807066083 0.11562500172294676 0.13750000204890966
1 0.449218756693881 0.5260416941018775 0.3109375046333298 0.27343750407453626
0 0.23906250356230885 0.5000000260770321 0.16562500246800482 0.1312500019557774
0 0.315625004703179 0.7468750389525667 0.1968750029336661 0.17031250253785402
0 0.692968760326039 0.26770834729541093 0.18281250272411853 0.19531250291038305
0 0.4906250073108822 0.23958334582857788 0.16562500246800482 0.1312500019557774
0 0.8359375124564394 0.47812502493616194 0.1625000024214387 0.22968750342261046
0 0.6718750100117177 0.6677083681570366 0.15625000232830644 0.16093750239815563
0 0.21250000316649675 0.08541667112149298 0.1750000026077032 0.12500000186264515
0 0.7570312612806447 0.927083381684497 0.11718750174622983 0.1093750016298145
0 0.4195312562515028 0.8395833771210164 0.20468750305008143 0.16562500246800482
0 0.5656250084284693 0.8031250418862328 0.13750000204890966 0.14843750221189111
0 0.07890625117579475 0.41145835479255766 0.15468750230502337 0.17343750258442014
0 0.8687500129453838 0.15937500831205398 0.15625000232830644 0.17343750258442014
0 0.9421875140396878 0.9083333807066083 0.11562500172294676 0.13750000204890966
1 0.449218756693881 0.5260416941018775 0.3109375046333298 0.27343750407453626
0 0.23906250356230885 0.5000000260770321 0.16562500246800482 0.1312500019557774
0 0.315625004703179 0.7468750389525667 0.1968750029336661 0.17031250253785402
0 0.692968760326039 0.26770834729541093 0.18281250272411853 0.19531250291038305
0 0.4906250073108822 0.23958334582857788 0.16562500246800482 0.1312500019557774
0 0.8359375124564394 0.47812502493616194 0.1625000024214387 0.22968750342261046
0 0.6718750100117177 0.6677083681570366 0.15625000232830644 0.16093750239815563
0 0.21250000316649675 0.08541667112149298 0.1750000026077032 0.12500000186264515
0 0.7570312612806447 0.927083381684497 0.11718750174622983 0.1093750016298145
0 0.4195312562515028 0.8395833771210164 0.20468750305008143 0.16562500246800482
0 0.5656250084284693 0.8031250418862328 0.13750000204890966 0.14843750221189111
0 0.07890625117579475 0.41145835479255766 0.15468750230502337 0.17343750258442014
0 0.8687500129453838 0.15937500831205398 0.15625000232830644 0.17343750258442014
0 0.9421875140396878 0.9083333807066083 0.11562500172294676 0.13750000204890966
1 0.449218756693881 0.5260416941018775 0.3109375046333298 0.27343750407453626
0 0.23906250356230885 0.5000000260770321 0.16562500246800482 0.1312500019557774
0 0.315625004703179 0.7468750389525667 0.1968750029336661 0.17031250253785402
0 0.692968760326039 0.26770834729541093 0.18281250272411853 0.19531250291038305
0 0.4906250073108822 0.23958334582857788 0.16562500246800482 0.1312500019557774
0 0.8359375124564394 0.47812502493616194 0.1625000024214387 0.22968750342261046
0 0.6718750100117177 0.6677083681570366 0.15625000232830644 0.16093750239815563
0 0.21250000316649675 0.08541667112149298 0.1750000026077032 0.12500000186264515
0 0.7570312612806447 0.927083381684497 0.11718750174622983 0.1093750016298145
0 0.4195312562515028 0.8395833771210164 0.20468750305008143 0.16562500246800482
0 0.5656250084284693 0.8031250418862328 0.13750000204890966 0.14843750221189111
0 0.07890625117579475 0.41145835479255766 0.15468750230502337 0.17343750258442014
0 0.8687500129453838 0.15937500831205398 0.15625000232830644 0.17343750258442014
0 0.9421875140396878 0.9083333807066083 0.11562500172294676 0.13750000204890966
1 0.449218756693881 0.5260416941018775 0.3109375046333298 0.27343750407453626
0 0.23906250356230885 0.5000000260770321 0.16562500246800482 0.1312500019557774
0 0.315625004703179 0.7468750389525667 0.1968750029336661 0.17031250253785402
0 0.692968760326039 0.26770834729541093 0.18281250272411853 0.19531250291038305
0 0.4906250073108822 0.23958334582857788 0.16562500246800482 0.1312500019557774
0 0.8359375124564394 0.47812502493616194 0.1625000024214387 0.22968750342261046
0 0.6718750100117177 0.6677083681570366 0.15625000232830644 0.16093750239815563
0 0.21250000316649675 0.08541667112149298 0.1750000026077032 0.12500000186264515
0 0.7570312612806447 0.927083381684497 0.11718750174622983 0.1093750016298145
0 0.4195312562515028 0.8395833771210164 0.20468750305008143 0.16562500246800482
0 0.5656250084284693 0.8031250418862328 0.13750000204890966 0.14843750221189111
0 0.07890625117579475 0.41145835479255766 0.15468750230502337 0.17343750258442014
0 0.8687500129453838 0.15937500831205398 0.15625000232830644 0.17343750258442014
0 0.9421875140396878 0.9083333807066083 0.11562500172294676 0.13750000204890966
1 0.449218756693881 0.5260416941018775 0.3109375046333298 0.27343750407453626
0 0.23906250356230885 0.5000000260770321 0.16562500246800482 0.1312500019557774
0 0.315625004703179 0.7468750389525667 0.1968750029336661 0.17031250253785402
0 0.692968760326039 0.26770834729541093 0.18281250272411853 0.19531250291038305
0 0.4906250073108822 0.23958334582857788 0.16562500246800482 0.1312500019557774
0 0.8359375124564394 0.47812502493616194 0.1625000024214387 0.22968750342261046
0 0.6718750100117177 0.6677083681570366 0.15625000232830644 0.16093750239815563
0 0.21250000316649675 0.08541667112149298 0.1750000026077032 0.12500000186264515
0 0.7570312612806447 0.927083381684497 0.11718750174622983 0.1093750016298145
0 0.4195312562515028 0.8395833771210164 0.20468750305008143 0.16562500246800482
0 0.5656250084284693 0.8031250418862328 0.13750000204890966 0.14843750221189111
0 0.07890625117579475 0.41145835479255766 0.15468750230502337 0.17343750258442014
0 0.8687500129453838 0.15937500831205398 0.15625000232830644 0.17343750258442014
0 0.9421875140396878 0.9083333807066083 0.11562500172294676 0.13750000204890966
1 0.449218756693881 0.5260416941018775 0.3109375046333298 0.27343750407453626
0 0.23906250356230885 0.5000000260770321 0.16562500246800482 0.1312500019557774
0 0.315625004703179 0.7468750389525667 0.1968750029336661 0.17031250253785402
0 0.692968760326039 0.26770834729541093 0.18281250272411853 0.19531250291038305
0 0.4906250073108822 0.23958334582857788 0.16562500246800482 0.1312500019557774
0 0.8359375124564394 0.47812502493616194 0.1625000024214387 0.22968750342261046
0 0.6718750100117177 0.6677083681570366 0.15625000232830644 0.16093750239815563
0 0.21250000316649675 0.08541667112149298 0.1750000026077032 0.12500000186264515
0 0.7570312612806447 0.927083381684497 0.11718750174622983 0.1093750016298145
0 0.4195312562515028 0.8395833771210164 0.20468750305008143 0.16562500246800482
0 0.5656250084284693 0.8031250418862328 0.13750000204890966 0.14843750221189111
0 0.07890625117579475 0.41145835479255766 0.15468750230502337 0.17343750258442014
0 0.8687500129453838 0.15937500831205398 0.15625000232830644 0.17343750258442014
0 0.9421875140396878 0.9083333807066083 0.11562500172294676 0.13750000204890966
1 0.449218756693881 0.5260416941018775 0.3109375046333298 0.27343750407453626
0 0.23906250356230885 0.5000000260770321 0.16562500246800482 0.1312500019557774
0 0.315625004703179 0.7468750389525667 0.1968750029336661 0.17031250253785402
0 0.692968760326039 0.26770834729541093 0.18281250272411853 0.19531250291038305
0 0.4906250073108822 0.23958334582857788 0.16562500246800482 0.1312500019557774
0 0.8359375124564394 0.47812502493616194 0.1625000024214387 0.22968750342261046
0 0.6718750100117177 0.6677083681570366 0.15625000232830644 0.16093750239815563
0 0.21250000316649675 0.08541667112149298 0.1750000026077032 0.12500000186264515
0 0.7570312612806447 0.927083381684497 0.11718750174622983 0.1093750016298145
0 0.4195312562515028 0.8395833771210164 0.20468750305008143 0.16562500246800482
0 0.5656250084284693 0.8031250418862328 0.13750000204890966 0.14843750221189111
0 0.07890625117579475 0.41145835479255766 0.15468750230502337 0.17343750258442014
0 0.8687500129453838 0.15937500831205398 0.15625000232830644 0.17343750258442014
0 0.9421875140396878 0.9083333807066083 0.11562500172294676 0.13750000204890966
1 0.449218756693881 0.5260416941018775 0.3109375046333298 0.27343750407453626
0 0.23906250356230885 0.5000000260770321 0.16562500246800482 0.1312500019557774
0 0.315625004703179 0.7468750389525667 0.1968750029336661 0.17031250253785402
0 0.692968760326039 0.26770834729541093 0.18281250272411853 0.19531250291038305
0 0.4906250073108822 0.23958334582857788 0.16562500246800482 0.1312500019557774
0 0.8359375124564394 0.47812502493616194 0.1625000024214387 0.22968750342261046
0 0.6718750100117177 0.6677083681570366 0.15625000232830644 0.16093750239815563
0 0.21250000316649675 0.08541667112149298 0.1750000026077032 0.12500000186264515
0 0.7570312612806447 0.927083381684497 0.11718750174622983 0.1093750016298145
0 0.4195312562515028 0.8395833771210164 0.20468750305008143 0.16562500246800482
0 0.5656250084284693 0.8031250418862328 0.13750000204890966 0.14843750221189111
0 0.07890625117579475 0.41145835479255766 0.15468750230502337 0.17343750258442014
0 0.8687500129453838 0.15937500831205398 0.15625000232830644 0.17343750258442014
0 0.9421875140396878 0.9083333807066083 0.11562500172294676 0.13750000204890966
1 0.449218756693881 0.5260416941018775 0.3109375046333298 0.27343750407453626
0 0.23906250356230885 0.5000000260770321 0.16562500246800482 0.1312500019557774
0 0.315625004703179 0.7468750389525667 0.1968750029336661 0.17031250253785402
0 0.692968760326039 0.26770834729541093 0.18281250272411853 0.19531250291038305
0 0.4906250073108822 0.23958334582857788 0.16562500246800482 0.1312500019557774
0 0.8359375124564394 0.47812502493616194 0.1625000024214387 0.22968750342261046
0 0.6718750100117177 0.6677083681570366 0.15625000232830644 0.16093750239815563
0 0.21250000316649675 0.08541667112149298 0.1750000026077032 0.12500000186264515
0 0.7570312612806447 0.927083381684497 0.11718750174622983 0.1093750016298145
0 0.4195312562515028 0.8395833771210164 0.20468750305008143 0.16562500246800482
0 0.5656250084284693 0.8031250418862328 0.13750000204890966 0.14843750221189111
0 0.07890625117579475 0.41145835479255766 0.15468750230502337 0.17343750258442014
0 0.8687500129453838 0.15937500831205398 0.15625000232830644 0.17343750258442014
0 0.9421875140396878 0.9083333807066083 0.11562500172294676 0.13750000204890966
1 0.449218756693881 0.5260416941018775 0.3109375046333298 0.27343750407453626
0 0.23906250356230885 0.5000000260770321 0.16562500246800482 0.1312500019557774
0 0.315625004703179 0.7468750389525667 0.1968750029336661 0.17031250253785402
0 0.692968760326039 0.26770834729541093 0.18281250272411853 0.19531250291038305
0 0.4906250073108822 0.23958334582857788 0.16562500246800482 0.1312500019557774
0 0.8359375124564394 0.47812502493616194 0.1625000024214387 0.22968750342261046
0 0.6718750100117177 0.6677083681570366 0.15625000232830644 0.16093750239815563
0 0.21250000316649675 0.08541667112149298 0.1750000026077032 0.12500000186264515
0 0.7570312612806447 0.927083381684497 0.11718750174622983 0.1093750016298145
0 0.4195312562515028 0.8395833771210164 0.20468750305008143 0.16562500246800482
0 0.5656250084284693 0.8031250418862328 0.13750000204890966 0.14843750221189111
0 0.07890625117579475 0.41145835479255766 0.15468750230502337 0.17343750258442014
0 0.8687500129453838 0.15937500831205398 0.15625000232830644 0.17343750258442014
0 0.9421875140396878 0.9083333807066083 0.11562500172294676 0.13750000204890966
1 0.449218756693881 0.5260416941018775 0.3109375046333298 0.27343750407453626
0 0.23906250356230885 0.5000000260770321 0.16562500246800482 0.1312500019557774
0 0.315625004703179 0.7468750389525667 0.1968750029336661 0.17031250253785402
0 0.692968760326039 0.26770834729541093 0.18281250272411853 0.19531250291038305
0 0.4906250073108822 0.23958334582857788 0.16562500246800482 0.1312500019557774
0 0.8359375124564394 0.47812502493616194 0.1625000024214387 0.22968750342261046
0 0.6718750100117177 0.6677083681570366 0.15625000232830644 0.16093750239815563
0 0.21250000316649675 0.08541667112149298 0.1750000026077032 0.12500000186264515
0 0.7570312612806447 0.927083381684497 0.11718750174622983 0.1093750016298145
0 0.4195312562515028 0.8395833771210164 0.20468750305008143 0.16562500246800482
0 0.5656250084284693 0.8031250418862328 0.13750000204890966 0.14843750221189111
0 0.07890625117579475 0.41145835479255766 0.15468750230502337 0.17343750258442014
0 0.8687500129453838 0.15937500831205398 0.15625000232830644 0.17343750258442014
0 0.9421875140396878 0.9083333807066083 0.11562500172294676 0.13750000204890966
1 0.449218756693881 0.5260416941018775 0.3109375046333298 0.27343750407453626
0 0.23906250356230885 0.5000000260770321 0.16562500246800482 0.1312500019557774
0 0.315625004703179 0.7468750389525667 0.1968750029336661 0.17031250253785402
0 0.6929687857627869 0.26770836114883423 0.18281249701976776 0.1953125
0 0.4906249940395355 0.2395833432674408 0.16562500596046448 0.13125000894069672
0 0.8359375 0.47812503576278687 0.16250000894069672 0.22968749701976776
0 0.671875 0.6677083969116211 0.15625 0.16093750298023224
0 0.21250000596046448 0.08541667461395264 0.17499999701976776 0.125
0 0.757031261920929 0.9270833730697632 0.1171875 0.109375
0 0.4195312559604645 0.8395833969116211 0.20468750596046448 0.16562500596046448
0 0.565625011920929 0.8031250238418579 0.13750000298023224 0.1484375
0 0.07890625298023224 0.4114583432674408 0.15468750894069672 0.17343750596046448
0 0.8687500357627869 0.15937501192092896 0.15625 0.17343750596046448
0 0.942187488079071 0.9083333611488342 0.11562500149011612 0.13750000298023224
1 0.44921875 0.5260416865348816 0.3109374940395355 0.2734375
0 0.23906250298023224 0.5 0.16562500596046448 0.13125000894069672
0 0.31562501192092896 0.7468750476837158 0.19687500596046448 0.17031250894069672
0 0.6929687857627869 0.26770836114883423 0.18281249701976776 0.1953125
0 0.4906249940395355 0.2395833432674408 0.16562500596046448 0.13125000894069672
0 0.8359375 0.47812503576278687 0.16250000894069672 0.22968749701976776
0 0.671875 0.6677083969116211 0.15625 0.16093750298023224
0 0.21250000596046448 0.08541667461395264 0.17499999701976776 0.125
0 0.757031261920929 0.9270833730697632 0.1171875 0.109375
0 0.4195312559604645 0.8395833969116211 0.20468750596046448 0.16562500596046448
0 0.565625011920929 0.8031250238418579 0.13750000298023224 0.1484375
0 0.07890625298023224 0.4114583432674408 0.15468750894069672 0.17343750596046448
0 0.8687500357627869 0.15937501192092896 0.15625 0.17343750596046448
0 0.942187488079071 0.9083333611488342 0.11562500149011612 0.13750000298023224
1 0.44921875 0.5260416865348816 0.3109374940395355 0.2734375
0 0.23906250298023224 0.5 0.16562500596046448 0.13125000894069672
0 0.31562501192092896 0.7468750476837158 0.19687500596046448 0.17031250894069672
0 0.6929687857627869 0.26770836114883423 0.18281249701976776 0.1953125
0 0.4906249940395355 0.2395833432674408 0.16562500596046448 0.13125000894069672
0 0.8359375 0.47812503576278687 0.16250000894069672 0.22968749701976776
0 0.671875 0.6677083969116211 0.15625 0.16093750298023224
0 0.21250000596046448 0.08541667461395264 0.17499999701976776 0.125
0 0.757031261920929 0.9270833730697632 0.1171875 0.109375
0 0.4195312559604645 0.8395833969116211 0.20468750596046448 0.16562500596046448
0 0.565625011920929 0.8031250238418579 0.13750000298023224 0.1484375
0 0.07890625298023224 0.4114583432674408 0.15468750894069672 0.17343750596046448
0 0.8687500357627869 0.15937501192092896 0.15625 0.17343750596046448
0 0.942187488079071 0.9083333611488342 0.11562500149011612 0.13750000298023224
1 0.44921875 0.5260416865348816 0.3109374940395355 0.2734375
0 0.23906250298023224 0.5 0.16562500596046448 0.13125000894069672
0 0.31562501192092896 0.7468750476837158 0.19687500596046448 0.17031250894069672
0 0.6929687857627869 0.26770836114883423 0.18281249701976776 0.1953125
0 0.4906249940395355 0.2395833432674408 0.16562500596046448 0.13125000894069672
0 0.8359375 0.47812503576278687 0.16250000894069672 0.22968749701976776
0 0.671875 0.6677083969116211 0.15625 0.16093750298023224
0 0.21250000596046448 0.08541667461395264 0.17499999701976776 0.125
0 0.757031261920929 0.9270833730697632 0.1171875 0.109375
0 0.4195312559604645 0.8395833969116211 0.20468750596046448 0.16562500596046448
0 0.565625011920929 0.8031250238418579 0.13750000298023224 0.1484375
0 0.07890625298023224 0.4114583432674408 0.15468750894069672 0.17343750596046448
0 0.8687500357627869 0.15937501192092896 0.15625 0.17343750596046448
0 0.942187488079071 0.9083333611488342 0.11562500149011612 0.13750000298023224
1 0.44921875 0.5260416865348816 0.3109374940395355 0.2734375
0 0.23906250298023224 0.5 0.16562500596046448 0.13125000894069672
0 0.31562501192092896 0.7468750476837158 0.19687500596046448 0.17031250894069672
0 0.6929687857627869 0.26770836114883423 0.18281249701976776 0.1953125
0 0.4906249940395355 0.2395833432674408 0.16562500596046448 0.13125000894069672
0 0.8359375 0.47812503576278687 0.16250000894069672 0.22968749701976776
0 0.671875 0.6677083969116211 0.15625 0.16093750298023224
0 0.21250000596046448 0.08541667461395264 0.17499999701976776 0.125
0 0.757031261920929 0.9270833730697632 0.1171875 0.109375
0 0.4195312559604645 0.8395833969116211 0.20468750596046448 0.16562500596046448
0 0.565625011920929 0.8031250238418579 0.13750000298023224 0.1484375
0 0.07890625298023224 0.4114583432674408 0.15468750894069672 0.17343750596046448
0 0.8687500357627869 0.15937501192092896 0.15625 0.17343750596046448
0 0.942187488079071 0.9083333611488342 0.11562500149011612 0.13750000298023224
1 0.44921875 0.5260416865348816 0.3109374940395355 0.2734375
0 0.23906250298023224 0.5 0.16562500596046448 0.13125000894069672
0 0.31562501192092896 0.7468750476837158 0.19687500596046448 0.17031250894069672
0 0.6929687857627869 0.26770836114883423 0.18281249701976776 0.1953125
0 0.4906249940395355 0.2395833432674408 0.16562500596046448 0.13125000894069672
0 0.8359375 0.47812503576278687 0.16250000894069672 0.22968749701976776
0 0.671875 0.6677083969116211 0.15625 0.16093750298023224
0 0.21250000596046448 0.08541667461395264 0.17499999701976776 0.125
0 0.757031261920929 0.9270833730697632 0.1171875 0.109375
0 0.4195312559604645 0.8395833969116211 0.20468750596046448 0.16562500596046448
0 0.565625011920929 0.8031250238418579 0.13750000298023224 0.1484375
0 0.07890625298023224 0.4114583432674408 0.15468750894069672 0.17343750596046448
0 0.8687500357627869 0.15937501192092896 0.15625 0.17343750596046448
0 0.942187488079071 0.9083333611488342 0.11562500149011612 0.13750000298023224
1 0.44921875 0.5260416865348816 0.3109374940395355 0.2734375
0 0.23906250298023224 0.5 0.16562500596046448 0.13125000894069672
0 0.31562501192092896 0.7468750476837158 0.19687500596046448 0.17031250894069672
0 0.6929687857627869 0.26770836114883423 0.18281249701976776 0.1953125
0 0.4906249940395355 0.2395833432674408 0.16562500596046448 0.13125000894069672
0 0.8359375 0.47812503576278687 0.16250000894069672 0.22968749701976776
0 0.671875 0.6677083969116211 0.15625 0.16093750298023224
0 0.21250000596046448 0.08541667461395264 0.17499999701976776 0.125
0 0.757031261920929 0.9270833730697632 0.1171875 0.109375
0 0.4195312559604645 0.8395833969116211 0.20468750596046448 0.16562500596046448
0 0.565625011920929 0.8031250238418579 0.13750000298023224 0.1484375
0 0.07890625298023224 0.4114583432674408 0.15468750894069672 0.17343750596046448
0 0.8687500357627869 0.15937501192092896 0.15625 0.17343750596046448
0 0.942187488079071 0.9083333611488342 0.11562500149011612 0.13750000298023224
1 0.44921875 0.5260416865348816 0.3109374940395355 0.2734375
0 0.23906250298023224 0.5 0.16562500596046448 0.13125000894069672
0 0.31562501192092896 0.7468750476837158 0.19687500596046448 0.17031250894069672
