0 0.5015625074738637 0.23958334582857788 0.19375000288709998 0.15937500237487257
0 0.3492187552037649 0.716666704043746 0.17343750258442014 0.16875000251457095
0 0.5062500075437129 0.5072916931239888 0.14375000214204192 0.17343750258442014
0 0.7914062617928721 0.26979168073739856 0.1671875024912879 0.16406250244472176
0 0.644531259604264 0.4500000234693289 0.14843750221189111 0.16562500246800482
0 0.20234375301515684 0.12500000651925802 0.14843750221189111 0.16562500246800482
0 0.05703125084983185 0.6281250327592716 0.11093750165309757 0.2015625030035153
0 0.9164062636555173 0.45520835707429796 0.1578125023515895 0.18281250272411853
0 0.5687500084750354 0.7000000365078449 0.13437500200234354 0.14687500218860805
0 0.15937500237487257 0.9177083811955526 0.1750000026077032 0.12343750183936208
1 0.76484376139706 0.7885417077923194 0.36093750537838787 0.31718750472646207
0 0.5015625074738637 0.23958334582857788 0.19375000288709998 0.15937500237487257
0 0.3492187552037649 0.716666704043746 0.17343750258442014 0.16875000251457095
0 0.5062500075437129 0.5072916931239888 0.14375000214204192 0.17343750258442014
0 0.7914062617928721 0.26979168073739856 0.1671875024912879 0.16406250244472176
0 0.644531259604264 0.4500000234693289 0.14843750221189111 0.16562500246800482
0 0.20234375301515684 0.12500000651925802 0.14843750221189111 0.16562500246800482
0 0.05703125084983185 0.6281250327592716 0.11093750165309757 0.2015625030035153
0 0.9164062636555173 0.45520835707429796 0.1578125023515895 0.18281250272411853
0 0.5687500084750354 0.7000000365078449 0.13437500200234354 0.14687500218860805
0 0.15937500237487257 0.9177083811955526 0.1750000026077032 0.12343750183936208
1 0.76484376139706 0.7885417077923194 0.36093750537838787 0.31718750472646207
0 0.5015625074738637 0.23958334582857788 0.19375000288709998 0.15937500237487257
0 0.3492187552037649 0.716666704043746 0.17343750258442014 0.16875000251457095
0 0.5062500075437129 0.5072916931239888 0.14375000214204192 0.17343750258442014
0 0.7914062617928721 0.26979168073739856 0.1671875024912879 0.16406250244472176
0 0.644531259604264 0.4500000234693289 0.14843750221189111 0.16562500246800482
0 0.20234375301515684 0.12500000651925802 0.14843750221189111 0.16562500246800482
0 0.05703125084983185 0.6281250327592716 0.11093750165309757 0.2015625030035153
0 0.9164062636555173 0.45520835707429796 0.1578125023515895 0.18281250272411853
0 0.5687500084750354 0.7000000365078449 0.13437500200234354 0.14687500218860805
0 0.15937500237487257 0.9177083811955526 0.1750000026077032 0.12343750183936208
1 0.76484376139706 0.7885417077923194 0.36093750537838787 0.31718750472646207
0 0.5015625074738637 0.23958334582857788 0.19375000288709998 0.15937500237487257
0 0.3492187552037649 0.716666704043746 0.17343750258442014 0.16875000251457095
0 0.5062500075437129 0.5072916931239888 0.14375000214204192 0.17343750258442014
0 0.7914062617928721 0.26979168073739856 0.1671875024912879 0.16406250244472176
0 0.644531259604264 0.4500000234693289 0.14843750221189111 0.16562500246800482
0 0.20234375301515684 0.12500000651925802 0.14843750221189111 0.16562500246800482
0 0.05703125084983185 0.6281250327592716 0.11093750165309757 0.2015625030035153
0 0.9164062636555173 0.45520835707429796 0.1578125023515895 0.18281250272411853
0 0.5687500084750354 0.7000000365078449 0.13437500200234354 0.14687500218860805
0 0.15937500237487257 0.9177083811955526 0.1750000026077032 0.12343750183936208
1 0.76484376139706 0.7885417077923194 0.36093750537838787 0.31718750472646207
0 0.5015625074738637 0.23958334582857788 0.19375000288709998 0.15937500237487257
0 0.3492187552037649 0.716666704043746 0.17343750258442014 0.16875000251457095
0 0.5062500075437129 0.5072916931239888 0.14375000214204192 0.17343750258442014
0 0.7914062617928721 0.26979168073739856 0.1671875024912879 0.16406250244472176
0 0.644531259604264 0.4500000234693289 0.14843750221189111 0.16562500246800482
0 0.20234375301515684 0.12500000651925802 0.14843750221189111 0.16562500246800482
0 0.05703125084983185 0.6281250327592716 0.11093750165309757 0.2015625030035153
0 0.9164062636555173 0.45520835707429796 0.1578125023515895 0.18281250272411853
0 0.5687500084750354 0.7000000365078449 0.13437500200234354 0.14687500218860805
0 0.15937500237487257 0.9177083811955526 0.1750000026077032 0.12343750183936208
1 0.76484376139706 0.7885417077923194 0.36093750537838787 0.31718750472646207
0 0.5015625074738637 0.23958334582857788 0.19375000288709998 0.15937500237487257
0 0.3492187552037649 0.716666704043746 0.17343750258442014 0.16875000251457095
0 0.5062500075437129 0.5072916931239888 0.14375000214204192 0.17343750258442014
0 0.7914062617928721 0.26979168073739856 0.1671875024912879 0.16406250244472176
0 0.644531259604264 0.4500000234693289 0.14843750221189111 0.16562500246800482
0 0.20234375301515684 0.12500000651925802 0.14843750221189111 0.16562500246800482
0 0.05703125084983185 0.6281250327592716 0.11093750165309757 0.2015625030035153
0 0.9164062636555173 0.45520835707429796 0.1578125023515895 0.18281250272411853
0 0.5687500084750354 0.7000000365078449 0.13437500200234354 0.14687500218860805
0 0.15937500237487257 0.9177083811955526 0.1750000026077032 0.12343750183936208
1 0.76484376139706 0.7885417077923194 0.36093750537838787 0.31718750472646207
0 0.5015625074738637 0.23958334582857788 0.19375000288709998 0.15937500237487257
0 0.3492187552037649 0.716666704043746 0.17343750258442014 0.16875000251457095
0 0.5062500075437129 0.5072916931239888 0.14375000214204192 0.17343750258442014
0 0.7914062617928721 0.26979168073739856 0.1671875024912879 0.16406250244472176
0 0.644531259604264 0.4500000234693289 0.14843750221189111 0.16562500246800482
0 0.20234375301515684 0.12500000651925802 0.14843750221189111 0.16562500246800482
0 0.05703125084983185 0.6281250327592716 0.11093750165309757 0.2015625030035153
0 0.9164062636555173 0.45520835707429796 0.1578125023515895 0.18281250272411853
0 0.5687500084750354 0.7000000365078449 0.13437500200234354 0.14687500218860805
0 0.15937500237487257 0.9177083811955526 0.1750000026077032 0.12343750183936208
1 0.76484376139706 0.7885417077923194 0.36093750537838787 0.31718750472646207
0 0.5015625074738637 0.23958334582857788 0.19375000288709998 0.15937500237487257
0 0.3492187552037649 0.716666704043746 0.17343750258442014 0.16875000251457095
0 0.5062500075437129 0.5072916931239888 0.14375000214204192 0.17343750258442014
0 0.7914062617928721 0.26979168073739856 0.1671875024912879 0.16406250244472176
0 0.644531259604264 0.4500000234693289 0.14843750221189111 0.16562500246800482
0 0.20234375301515684 0.12500000651925802 0.14843750221189111 0.16562500246800482
0 0.05703125084983185 0.6281250327592716 0.11093750165309757 0.2015625030035153
0 0.9164062636555173 0.45520835707429796 0.1578125023515895 0.18281250272411853
0 0.5687500084750354 0.7000000365078449 0.13437500200234354 0.14687500218860805
0 0.15937500237487257 0.9177083811955526 0.1750000026077032 0.12343750183936208
1 0.76484376139706 0.7885417077923194 0.36093750537838787 0.31718750472646207
0 0.5015625074738637 0.23958334582857788 0.19375000288709998 0.15937500237487257
0 0.3492187552037649 0.716666704043746 0.17343750258442014 0.16875000251457095
0 0.5062500075437129 0.5072916931239888 0.14375000214204192 0.17343750258442014
0 0.7914062617928721 0.26979168073739856 0.1671875024912879 0.16406250244472176
0 0.644531259604264 0.4500000234693289 0.14843750221189111 0.16562500246800482
0 0.20234375301515684 0.12500000651925802 0.14843750221189111 0.16562500246800482
0 0.05703125084983185 0.6281250327592716 0.11093750165309757 0.2015625030035153
0 0.9164062636555173 0.45520835707429796 0.1578125023515895 0.18281250272411853
0 0.5687500084750354 0.7000000365078449 0.13437500200234354 0.14687500218860805
0 0.15937500237487257 0.9177083811955526 0.1750000026077032 0.12343750183936208
1 0.76484376139706 0.7885417077923194 0.36093750537838787 0.31718750472646207
0 0.5015625074738637 0.23958334582857788 0.19375000288709998 0.15937500237487257
0 0.3492187552037649 0.716666704043746 0.17343750258442014 0.16875000251457095
0 0.5062500075437129 0.5072916931239888 0.14375000214204192 0.17343750258442014
0 0.7914062617928721 0.26979168073739856 0.1671875024912879 0.16406250244472176
0 0.644531259604264 0.4500000234693289 0.14843750221189111 0.16562500246800482
0 0.20234375301515684 0.12500000651925802 0.14843750221189111 0.16562500246800482
0 0.05703125084983185 0.6281250327592716 0.11093750165309757 0.2015625030035153
0 0.9164062636555173 0.45520835707429796 0.1578125023515895 0.18281250272411853
0 0.5687500084750354 0.7000000365078449 0.13437500200234354 0.14687500218860805
0 0.15937500237487257 0.9177083811955526 0.1750000026077032 0.12343750183936208
1 0.76484376139706 0.7885417077923194 0.36093750537838787 0.31718750472646207
0 0.5015625074738637 0.23958334582857788 0.19375000288709998 0.15937500237487257
0 0.3492187552037649 0.716666704043746 0.17343750258442014 0.16875000251457095
0 0.5062500075437129 0.5072916931239888 0.14375000214204192 0.17343750258442014
0 0.7914062617928721 0.26979168073739856 0.1671875024912879 0.16406250244472176
0 0.644531259604264 0.4500000234693289 0.14843750221189111 0.16562500246800482
0 0.20234375301515684 0.12500000651925802 0.14843750221189111 0.16562500246800482
0 0.05703125084983185 0.6281250327592716 0.11093750165309757 0.2015625030035153
0 0.9164062636555173 0.45520835707429796 0.1578125023515895 0.18281250272411853
0 0.5687500084750354 0.7000000365078449 0.13437500200234354 0.14687500218860805
0 0.15937500237487257 0.9177083811955526 0.1750000026077032 0.12343750183936208
1 0.76484376139706 0.7885417077923194 0.36093750537838787 0.31718750472646207
0 0.5015625074738637 0.23958334582857788 0.19375000288709998 0.15937500237487257
0 0.3492187552037649 0.716666704043746 0.17343750258442014 0.16875000251457095
0 0.5062500075437129 0.5072916931239888 0.14375000214204192 0.17343750258442014
0 0.7914062617928721 0.26979168073739856 0.1671875024912879 0.16406250244472176
0 0.644531259604264 0.4500000234693289 0.14843750221189111 0.16562500246800482
0 0.20234375301515684 0.12500000651925802 0.14843750221189111 0.16562500246800482
0 0.05703125084983185 0.6281250327592716 0.11093750165309757 0.2015625030035153
0 0.9164062636555173 0.45520835707429796 0.1578125023515895 0.18281250272411853
0 0.5687500084750354 0.7000000365078449 0.13437500200234354 0.14687500218860805
0 0.15937500237487257 0.9177083811955526 0.1750000026077032 0.12343750183936208
1 0.76484376139706 0.7885417077923194 0.36093750537838787 0.31718750472646207
0 0.5015625074738637 0.23958334582857788 0.19375000288709998 0.15937500237487257
0 0.3492187552037649 0.716666704043746 0.17343750258442014 0.16875000251457095
0 0.5062500075437129 0.5072916931239888 0.14375000214204192 0.17343750258442014
0 0.7914062617928721 0.26979168073739856 0.1671875024912879 0.16406250244472176
0 0.644531259604264 0.4500000234693289 0.14843750221189111 0.16562500246800482
0 0.20234375301515684 0.12500000651925802 0.14843750221189111 0.16562500246800482
0 0.05703125084983185 0.6281250327592716 0.11093750165309757 0.2015625030035153
0 0.9164062636555173 0.45520835707429796 0.1578125023515895 0.18281250272411853
0 0.5687500084750354 0.7000000365078449 0.13437500200234354 0.14687500218860805
0 0.15937500237487257 0.9177083811955526 0.1750000026077032 0.12343750183936208
1 0.76484376139706 0.7885417077923194 0.36093750537838787 0.31718750472646207
0 0.5015625074738637 0.23958334582857788 0.19375000288709998 0.15937500237487257
0 0.3492187552037649 0.716666704043746 0.17343750258442014 0.16875000251457095
0 0.5062500075437129 0.5072916931239888 0.14375000214204192 0.17343750258442014
0 0.7914062617928721 0.26979168073739856 0.1671875024912879 0.16406250244472176
0 0.644531259604264 0.4500000234693289 0.14843750221189111 0.16562500246800482
0 0.20234375301515684 0.12500000651925802 0.14843750221189111 0.16562500246800482
0 0.05703125084983185 0.6281250327592716 0.11093750165309757 0.2015625030035153
0 0.9164062636555173 0.45520835707429796 0.1578125023515895 0.18281250272411853
0 0.5687500084750354 0.7000000365078449 0.13437500200234354 0.14687500218860805
0 0.15937500237487257 0.9177083811955526 0.1750000026077032 0.12343750183936208
1 0.76484376139706 0.7885417077923194 0.36093750537838787 0.31718750472646207
0 0.5015625074738637 0.23958334582857788 0.19375000288709998 0.15937500237487257
0 0.3492187552037649 0.716666704043746 0.17343750258442014 0.16875000251457095
0 0.5062500075437129 0.5072916931239888 0.14375000214204192 0.17343750258442014
0 0.7914062617928721 0.26979168073739856 0.1671875024912879 0.16406250244472176
0 0.644531259604264 0.4500000234693289 0.14843750221189111 0.16562500246800482
0 0.20234375301515684 0.12500000651925802 0.14843750221189111 0.16562500246800482
0 0.05703125084983185 0.6281250327592716 0.11093750165309757 0.2015625030035153
0 0.9164062636555173 0.45520835707429796 0.1578125023515895 0.18281250272411853
0 0.5687500084750354 0.7000000365078449 0.13437500200234354 0.14687500218860805
0 0.15937500237487257 0.9177083811955526 0.1750000026077032 0.12343750183936208
1 0.76484376139706 0.7885417077923194 0.36093750537838787 0.31718750472646207
0 0.5015625357627869 0.2395833432674408 0.19375000894069672 0.15937499701976776
0 0.3492187559604645 0.7166666984558105 0.17343750596046448 0.16875000298023224
0 0.5062500238418579 0.5072916746139526 0.14374999701976776 0.17343750596046448
0 0.7914062738418579 0.26979169249534607 0.16718749701976776 0.1640625
0 0.64453125 0.45000001788139343 0.1484375 0.16562500596046448
0 0.20234374701976776 0.125 0.1484375 0.16562500596046448
0 0.05703125149011612 0.628125011920929 0.11093749850988388 0.20156250894069672
0 0.9164062738418579 0.45520836114883423 0.15781250596046448 0.18281249701976776
0 0.5687500238418579 0.7000000476837158 0.13437500596046448 0.14687500894069672
0 0.15937499701976776 0.9177083969116211 0.17499999701976776 0.12343750149011612
1 0.764843761920929 0.7885417342185974 0.3609375059604645 0.31718751788139343
0 0.5015625357627869 0.2395833432674408 0.19375000894069672 0.15937499701976776
0 0.3492187559604645 0.7166666984558105 0.17343750596046448 0.16875000298023224
0 0.5062500238418579 0.5072916746139526 0.14374999701976776 0.17343750596046448
0 0.7914062738418579 0.26979169249534607 0.16718749701976776 0.1640625
0 0.64453125 0.45000001788139343 0.1484375 0.16562500596046448
0 0.20234374701976776 0.125 0.1484375 0.16562500596046448
0 0.05703125149011612 0.628125011920929 0.11093749850988388 0.20156250894069672
0 0.9164062738418579 0.45520836114883423 0.15781250596046448 0.18281249701976776
0 0.5687500238418579 0.7000000476837158 0.13437500596046448 0.14687500894069672
0 0.15937499701976776 0.9177083969116211 0.17499999701976776 0.12343750149011612
1 0.764843761920929 0.7885417342185974 0.3609375059604645 0.31718751788139343
0 0.5015625357627869 0.2395833432674408 0.19375000894069672 0.15937499701976776
0 0.3492187559604645 0.7166666984558105 0.17343750596046448 0.16875000298023224
0 0.5062500238418579 0.5072916746139526 0.14374999701976776 0.17343750596046448
0 0.7914062738418579 0.26979169249534607 0.16718749701976776 0.1640625
0 0.64453125 0.45000001788139343 0.1484375 0.16562500596046448
0 0.20234374701976776 0.125 0.1484375 0.16562500596046448
0 0.05703125149011612 0.628125011920929 0.11093749850988388 0.20156250894069672
0 0.9164062738418579 0.45520836114883423 0.15781250596046448 0.18281249701976776
0 0.5687500238418579 0.7000000476837158 0.13437500596046448 0.14687500894069672
0 0.15937499701976776 0.9177083969116211 0.17499999701976776 0.12343750149011612
1 0.764843761920929 0.7885417342185974 0.3609375059604645 0.31718751788139343
0 0.5015625357627869 0.2395833432674408 0.19375000894069672 0.15937499701976776
0 0.3492187559604645 0.7166666984558105 0.17343750596046448 0.16875000298023224
0 0.5062500238418579 0.5072916746139526 0.14374999701976776 0.17343750596046448
0 0.7914062738418579 0.26979169249534607 0.16718749701976776 0.1640625
0 0.64453125 0.45000001788139343 0.1484375 0.16562500596046448
0 0.20234374701976776 0.125 0.1484375 0.16562500596046448
0 0.05703125149011612 0.628125011920929 0.11093749850988388 0.20156250894069672
0 0.9164062738418579 0.45520836114883423 0.15781250596046448 0.18281249701976776
0 0.5687500238418579 0.7000000476837158 0.13437500596046448 0.14687500894069672
0 0.15937499701976776 0.9177083969116211 0.17499999701976776 0.12343750149011612
1 0.764843761920929 0.7885417342185974 0.3609375059604645 0.31718751788139343
0 0.5015625357627869 0.2395833432674408 0.19375000894069672 0.15937499701976776
0 0.3492187559604645 0.7166666984558105 0.17343750596046448 0.16875000298023224
0 0.5062500238418579 0.5072916746139526 0.14374999701976776 0.17343750596046448
0 0.7914062738418579 0.26979169249534607 0.16718749701976776 0.1640625
0 0.64453125 0.45000001788139343 0.1484375 0.16562500596046448
0 0.20234374701976776 0.125 0.1484375 0.16562500596046448
0 0.05703125149011612 0.628125011920929 0.11093749850988388 0.20156250894069672
0 0.9164062738418579 0.45520836114883423 0.15781250596046448 0.18281249701976776
0 0.5687500238418579 0.7000000476837158 0.13437500596046448 0.14687500894069672
0 0.15937499701976776 0.9177083969116211 0.17499999701976776 0.12343750149011612
1 0.764843761920929 0.7885417342185974 0.3609375059604645 0.31718751788139343
0 0.5015625357627869 0.2395833432674408 0.19375000894069672 0.15937499701976776
0 0.3492187559604645 0.7166666984558105 0.17343750596046448 0.16875000298023224
0 0.5062500238418579 0.5072916746139526 0.14374999701976776 0.17343750596046448
0 0.7914062738418579 0.26979169249534607 0.16718749701976776 0.1640625
0 0.64453125 0.45000001788139343 0.1484375 0.16562500596046448
0 0.20234374701976776 0.125 0.1484375 0.16562500596046448
0 0.05703125149011612 0.628125011920929 0.11093749850988388 0.20156250894069672
0 0.9164062738418579 0.45520836114883423 0.15781250596046448 0.18281249701976776
0 0.5687500238418579 0.7000000476837158 0.13437500596046448 0.14687500894069672
0 0.15937499701976776 0.9177083969116211 0.17499999701976776 0.12343750149011612
1 0.764843761920929 0.7885417342185974 0.3609375059604645 0.31718751788139343
0 0.5015625357627869 0.2395833432674408 0.19375000894069672 0.15937499701976776
0 0.3492187559604645 0.7166666984558105 0.17343750596046448 0.16875000298023224
0 0.5062500238418579 0.5072916746139526 0.14374999701976776 0.17343750596046448
0 0.7914062738418579 0.26979169249534607 0.16718749701976776 0.1640625
0 0.64453125 0.45000001788139343 0.1484375 0.16562500596046448
0 0.20234374701976776 0.125 0.1484375 0.16562500596046448
0 0.05703125149011612 0.628125011920929 0.11093749850988388 0.20156250894069672
0 0.9164062738418579 0.45520836114883423 0.15781250596046448 0.18281249701976776
0 0.5687500238418579 0.7000000476837158 0.13437500596046448 0.14687500894069672
0 0.15937499701976776 0.9177083969116211 0.17499999701976776 0.12343750149011612
1 0.764843761920929 0.7885417342185974 0.3609375059604645 0.31718751788139343
