0 0.34609375515719876 0.506250026402995 0.15156250225845724 0.1531250022817403
0 0.6367187594878487 0.5479166952427477 0.15156250225845724 0.1531250022817403
0 0.7242187607917003 0.5812500303145498 0.15156250225845724 0.1531250022817403
0 0.6539062597439624 0.8166667092591524 0.17031250253785402 0.1750000026077032
0 0.46015625685686246 0.6687500348780304 0.17031250253785402 0.1750000026077032
0 0.3296875049127266 0.8677083785878494 0.1625000024214387 0.15156250225845724
0 0.17031250253785402 0.9208333813585341 0.1843750027474016 0.1093750016298145
0 0.29062500433064997 0.16875000880099833 0.1968750029336661 0.2062500030733645
0 0.07656250114087015 0.693750036181882 0.15000000223517418 0.1531250022817403
0 0.8757812630501576 0.4500000234693289 0.15156250225845724 0.1531250022817403
0 0.5718750085216016 0.9125000475905836 0.13750000204890966 0.1312500019557774
0 0.1625000024214387 0.568750029662624 0.1625000024214387 0.13437500200234354
0 0.09765625145519152 0.36145835218485445 0.1671875024912879 0.14531250216532499
0 0.133593751990702 0.07604167063254863 0.1671875024912879 0.11093750165309757
1 0.4804687571595423 0.2916666818782687 0.26093750388827175 0.2062500030733645
0 0.34609375515719876 0.506250026402995 0.15156250225845724 0.1531250022817403
0 0.6367187594878487 0.5479166952427477 0.15156250225845724 0.1531250022817403
0 0.7242187607917003 0.5812500303145498 0.15156250225845724 0.1531250022817403
0 0.6539062597439624 0.8166667092591524 0.17031250253785402 0.1750000026077032
0 0.46015625685686246 0.6687500348780304 0.17031250253785402 0.1750000026077032
0 0.3296875049127266 0.8677083785878494 0.1625000024214387 0.15156250225845724
0 0.17031250253785402 0.9208333813585341 0.1843750027474016 0.1093750016298145
0 0.29062500433064997 0.16875000880099833 0.1968750029336661 0.2062500030733645
0 0.07656250114087015 0.693750036181882 0.15000000223517418 0.1531250022817403
0 0.8757812630501576 0.4500000234693289 0.15156250225845724 0.1531250022817403
0 0.5718750085216016 0.9125000475905836 0.13750000204890966 0.1312500019557774
0 0.1625000024214387 0.568750029662624 0.1625000024214387 0.13437500200234354
0 0.09765625145519152 0.36145835218485445 0.1671875024912879 0.14531250216532499
0 0.133593751990702 0.07604167063254863 0.1671875024912879 0.11093750165309757
1 0.4804687571595423 0.2916666818782687 0.26093750388827175 0.2062500030733645
0 0.34609375515719876 0.506250026402995 0.15156250225845724 0.1531250022817403
0 0.6367187594878487 0.5479166952427477 0.15156250225845724 0.1531250022817403
0 0.7242187607917003 0.5812500303145498 0.15156250225845724 0.1531250022817403
0 0.6539062597439624 0.8166667092591524 0.17031250253785402 0.1750000026077032
0 0.46015625685686246 0.6687500348780304 0.17031250253785402 0.1750000026077032
0 0.3296875049127266 0.8677083785878494 0.1625000024214387 0.15156250225845724
0 0.17031250253785402 0.9208333813585341 0.1843750027474016 0.1093750016298145
0 0.29062500433064997 0.16875000880099833 0.1968750029336661 0.2062500030733645
0 0.07656250114087015 0.693750036181882 0.15000000223517418 0.1531250022817403
0 0.8757812630501576 0.4500000234693289 0.15156250225845724 0.1531250022817403
0 0.5718750085216016 0.9125000475905836 0.13750000204890966 0.1312500019557774
0 0.1625000024214387 0.568750029662624 0.1625000024214387 0.13437500200234354
0 0.09765625145519152 0.36145835218485445 0.1671875024912879 0.14531250216532499
0 0.133593751990702 0.07604167063254863 0.1671875024912879 0.11093750165309757
1 0.4804687571595423 0.2916666818782687 0.26093750388827175 0.2062500030733645
0 0.34609375515719876 0.506250026402995 0.15156250225845724 0.1531250022817403
0 0.6367187594878487 0.5479166952427477 0.15156250225845724 0.1531250022817403
0 0.7242187607917003 0.5812500303145498 0.15156250225845724 0.1531250022817403
0 0.6539062597439624 0.8166667092591524 0.17031250253785402 0.1750000026077032
0 0.46015625685686246 0.6687500348780304 0.17031250253785402 0.1750000026077032
0 0.3296875049127266 0.8677083785878494 0.1625000024214387 0.15156250225845724
0 0.17031250253785402 0.9208333813585341 0.1843750027474016 0.1093750016298145
0 0.29062500433064997 0.16875000880099833 0.1968750029336661 0.2062500030733645
0 0.07656250114087015 0.693750036181882 0.15000000223517418 0.1531250022817403
0 0.8757812630501576 0.4500000234693289 0.15156250225845724 0.1531250022817403
0 0.5718750085216016 0.9125000475905836 0.13750000204890966 0.1312500019557774
0 0.1625000024214387 0.568750029662624 0.1625000024214387 0.13437500200234354
0 0.09765625145519152 0.36145835218485445 0.1671875024912879 0.14531250216532499
0 0.133593751990702 0.07604167063254863 0.1671875024912879 0.11093750165309757
1 0.4804687571595423 0.2916666818782687 0.26093750388827175 0.2062500030733645
0 0.34609375515719876 0.506250026402995 0.15156250225845724 0.1531250022817403
0 0.6367187594878487 0.5479166952427477 0.15156250225845724 0.1531250022817403
0 0.7242187607917003 0.5812500303145498 0.15156250225845724 0.1531250022817403
0 0.6539062597439624 0.8166667092591524 0.17031250253785402 0.1750000026077032
0 0.46015625685686246 0.6687500348780304 0.17031250253785402 0.1750000026077032
0 0.3296875049127266 0.8677083785878494 0.1625000024214387 0.15156250225845724
0 0.17031250253785402 0.9208333813585341 0.1843750027474016 0.1093750016298145
0 0.29062500433064997 0.16875000880099833 0.1968750029336661 0.2062500030733645
0 0.07656250114087015 0.693750036181882 0.15000000223517418 0.1531250022817403
0 0.8757812630501576 0.4500000234693289 0.15156250225845724 0.1531250022817403
0 0.5718750085216016 0.9125000475905836 0.13750000204890966 0.1312500019557774
0 0.1625000024214387 0.568750029662624 0.1625000024214387 0.13437500200234354
0 0.09765625145519152 0.36145835218485445 0.1671875024912879 0.14531250216532499
0 0.133593751990702 0.07604167063254863 0.1671875024912879 0.11093750165309757
1 0.4804687571595423 0.2916666818782687 0.26093750388827175 0.2062500030733645
0 0.34609375515719876 0.506250026402995 0.15156250225845724 0.1531250022817403
0 0.6367187594878487 0.5479166952427477 0.15156250225845724 0.1531250022817403
0 0.7242187607917003 0.5812500303145498 0.15156250225845724 0.1531250022817403
0 0.6539062597439624 0.8166667092591524 0.17031250253785402 0.1750000026077032
0 0.46015625685686246 0.6687500348780304 0.17031250253785402 0.1750000026077032
0 0.3296875049127266 0.8677083785878494 0.1625000024214387 0.15156250225845724
0 0.17031250253785402 0.9208333813585341 0.1843750027474016 0.1093750016298145
0 0.29062500433064997 0.16875000880099833 0.1968750029336661 0.2062500030733645
0 0.07656250114087015 0.693750036181882 0.15000000223517418 0.1531250022817403
0 0.8757812630501576 0.4500000234693289 0.15156250225845724 0.1531250022817403
0 0.5718750085216016 0.9125000475905836 0.13750000204890966 0.1312500019557774
0 0.1625000024214387 0.568750029662624 0.1625000024214387 0.13437500200234354
0 0.09765625145519152 0.36145835218485445 0.1671875024912879 0.14531250216532499
0 0.133593751990702 0.07604167063254863 0.1671875024912879 0.11093750165309757
1 0.4804687571595423 0.2916666818782687 0.26093750388827175 0.2062500030733645
0 0.34609375515719876 0.506250026402995 0.15156250225845724 0.1531250022817403
0 0.6367187594878487 0.5479166952427477 0.15156250225845724 0.1531250022817403
0 0.7242187607917003 0.5812500303145498 0.15156250225845724 0.1531250022817403
0 0.6539062597439624 0.8166667092591524 0.17031250253785402 0.1750000026077032
0 0.46015625685686246 0.6687500348780304 0.17031250253785402 0.1750000026077032
0 0.3296875049127266 0.8677083785878494 0.1625000024214387 0.15156250225845724
0 0.17031250253785402 0.9208333813585341 0.1843750027474016 0.1093750016298145
0 0.29062500433064997 0.16875000880099833 0.1968750029336661 0.2062500030733645
0 0.07656250114087015 0.693750036181882 0.15000000223517418 0.1531250022817403
0 0.8757812630501576 0.4500000234693289 0.15156250225845724 0.1531250022817403
0 0.5718750085216016 0.9125000475905836 0.13750000204890966 0.1312500019557774
0 0.1625000024214387 0.568750029662624 0.1625000024214387 0.13437500200234354
0 0.09765625145519152 0.36145835218485445 0.1671875024912879 0.14531250216532499
0 0.133593751990702 0.07604167063254863 0.1671875024912879 0.11093750165309757
1 0.4804687571595423 0.2916666818782687 0.26093750388827175 0.2062500030733645
0 0.34609375515719876 0.506250026402995 0.15156250225845724 0.1531250022817403
0 0.6367187594878487 0.5479166952427477 0.15156250225845724 0.1531250022817403
0 0.7242187607917003 0.5812500303145498 0.15156250225845724 0.1531250022817403
0 0.6539062597439624 0.8166667092591524 0.17031250253785402 0.1750000026077032
0 0.46015625685686246 0.6687500348780304 0.17031250253785402 0.1750000026077032
0 0.3296875049127266 0.8677083785878494 0.1625000024214387 0.15156250225845724
0 0.17031250253785402 0.9208333813585341 0.1843750027474016 0.1093750016298145
0 0.29062500433064997 0.16875000880099833 0.1968750029336661 0.2062500030733645
0 0.07656250114087015 0.693750036181882 0.15000000223517418 0.1531250022817403
0 0.8757812630501576 0.4500000234693289 0.15156250225845724 0.1531250022817403
0 0.5718750085216016 0.9125000475905836 0.13750000204890966 0.1312500019557774
0 0.1625000024214387 0.568750029662624 0.1625000024214387 0.13437500200234354
0 0.09765625145519152 0.36145835218485445 0.1671875024912879 0.14531250216532499
0 0.133593751990702 0.07604167063254863 0.1671875024912879 0.11093750165309757
1 0.4804687571595423 0.2916666818782687 0.26093750388827175 0.2062500030733645
0 0.34609375515719876 0.506250026402995 0.15156250225845724 0.1531250022817403
0 0.6367187594878487 0.5479166952427477 0.15156250225845724 0.1531250022817403
0 0.7242187607917003 0.5812500303145498 0.15156250225845724 0.1531250022817403
0 0.6539062597439624 0.8166667092591524 0.17031250253785402 0.1750000026077032
0 0.46015625685686246 0.6687500348780304 0.17031250253785402 0.1750000026077032
0 0.3296875049127266 0.8677083785878494 0.1625000024214387 0.15156250225845724
0 0.17031250253785402 0.9208333813585341 0.1843750027474016 0.1093750016298145
0 0.29062500433064997 0.16875000880099833 0.1968750029336661 0.2062500030733645
0 0.07656250114087015 0.693750036181882 0.15000000223517418 0.1531250022817403
0 0.8757812630501576 0.4500000234693289 0.15156250225845724 0.1531250022817403
0 0.5718750085216016 0.9125000475905836 0.13750000204890966 0.1312500019557774
0 0.1625000024214387 0.568750029662624 0.1625000024214387 0.13437500200234354
0 0.09765625145519152 0.36145835218485445 0.1671875024912879 0.14531250216532499
0 0.133593751990702 0.07604167063254863 0.1671875024912879 0.11093750165309757
1 0.4804687571595423 0.2916666818782687 0.26093750388827175 0.2062500030733645
0 0.34609375515719876 0.506250026402995 0.15156250225845724 0.1531250022817403
0 0.6367187594878487 0.5479166952427477 0.15156250225845724 0.1531250022817403
0 0.7242187607917003 0.5812500303145498 0.15156250225845724 0.1531250022817403
0 0.6539062597439624 0.8166667092591524 0.17031250253785402 0.1750000026077032
0 0.46015625685686246 0.6687500348780304 0.17031250253785402 0.1750000026077032
0 0.3296875049127266 0.8677083785878494 0.1625000024214387 0.15156250225845724
0 0.17031250253785402 0.9208333813585341 0.1843750027474016 0.1093750016298145
0 0.29062500433064997 0.16875000880099833 0.1968750029336661 0.2062500030733645
0 0.07656250114087015 0.693750036181882 0.15000000223517418 0.1531250022817403
0 0.8757812630501576 0.4500000234693289 0.15156250225845724 0.1531250022817403
0 0.5718750085216016 0.9125000475905836 0.13750000204890966 0.1312500019557774
0 0.1625000024214387 0.568750029662624 0.1625000024214387 0.13437500200234354
0 0.09765625145519152 0.36145835218485445 0.1671875024912879 0.14531250216532499
0 0.133593751990702 0.07604167063254863 0.1671875024912879 0.11093750165309757
1 0.4804687571595423 0.2916666818782687 0.26093750388827175 0.2062500030733645
0 0.34609375515719876 0.506250026402995 0.15156250225845724 0.1531250022817403
0 0.6367187594878487 0.5479166952427477 0.15156250225845724 0.1531250022817403
0 0.7242187607917003 0.5812500303145498 0.15156250225845724 0.1531250022817403
0 0.6539062597439624 0.8166667092591524 0.17031250253785402 0.1750000026077032
0 0.46015625685686246 0.6687500348780304 0.17031250253785402 0.1750000026077032
0 0.3296875049127266 0.8677083785878494 0.1625000024214387 0.15156250225845724
0 0.17031250253785402 0.9208333813585341 0.1843750027474016 0.1093750016298145
0 0.29062500433064997 0.16875000880099833 0.1968750029336661 0.2062500030733645
0 0.07656250114087015 0.693750036181882 0.15000000223517418 0.1531250022817403
0 0.8757812630501576 0.4500000234693289 0.15156250225845724 0.1531250022817403
0 0.5718750085216016 0.9125000475905836 0.13750000204890966 0.1312500019557774
0 0.1625000024214387 0.568750029662624 0.1625000024214387 0.13437500200234354
0 0.09765625145519152 0.36145835218485445 0.1671875024912879 0.14531250216532499
0 0.133593751990702 0.07604167063254863 0.1671875024912879 0.11093750165309757
1 0.4804687571595423 0.2916666818782687 0.26093750388827175 0.2062500030733645
0 0.34609375515719876 0.506250026402995 0.15156250225845724 0.1531250022817403
0 0.6367187594878487 0.5479166952427477 0.15156250225845724 0.1531250022817403
0 0.7242187607917003 0.5812500303145498 0.15156250225845724 0.1531250022817403
0 0.6539062597439624 0.8166667092591524 0.17031250253785402 0.1750000026077032
0 0.46015625685686246 0.6687500348780304 0.17031250253785402 0.1750000026077032
0 0.3296875049127266 0.8677083785878494 0.1625000024214387 0.15156250225845724
0 0.17031250253785402 0.9208333813585341 0.1843750027474016 0.1093750016298145
0 0.29062500433064997 0.16875000880099833 0.1968750029336661 0.2062500030733645
0 0.07656250114087015 0.693750036181882 0.15000000223517418 0.1531250022817403
0 0.8757812630501576 0.4500000234693289 0.15156250225845724 0.1531250022817403
0 0.5718750085216016 0.9125000475905836 0.13750000204890966 0.1312500019557774
0 0.1625000024214387 0.568750029662624 0.1625000024214387 0.13437500200234354
0 0.09765625145519152 0.36145835218485445 0.1671875024912879 0.14531250216532499
0 0.133593751990702 0.07604167063254863 0.1671875024912879 0.11093750165309757
1 0.4804687571595423 0.2916666818782687 0.26093750388827175 0.2062500030733645
0 0.34609375515719876 0.506250026402995 0.15156250225845724 0.1531250022817403
0 0.6367187594878487 0.5479166952427477 0.15156250225845724 0.1531250022817403
0 0.7242187607917003 0.5812500303145498 0.15156250225845724 0.1531250022817403
0 0.6539062597439624 0.8166667092591524 0.17031250253785402 0.1750000026077032
0 0.46015625685686246 0.6687500348780304 0.17031250253785402 0.1750000026077032
0 0.3296875049127266 0.8677083785878494 0.1625000024214387 0.15156250225845724
0 0.17031250253785402 0.9208333813585341 0.1843750027474016 0.1093750016298145
0 0.29062500433064997 0.16875000880099833 0.1968750029336661 0.2062500030733645
0 0.07656250114087015 0.693750036181882 0.15000000223517418 0.1531250022817403
0 0.8757812630501576 0.4500000234693289 0.15156250225845724 0.1531250022817403
0 0.5718750085216016 0.9125000475905836 0.13750000204890966 0.1312500019557774
0 0.1625000024214387 0.568750029662624 0.1625000024214387 0.13437500200234354
0 0.09765625145519152 0.36145835218485445 0.1671875024912879 0.14531250216532499
0 0.133593751990702 0.07604167063254863 0.1671875024912879 0.11093750165309757
1 0.4804687571595423 0.2916666818782687 0.26093750388827175 0.2062500030733645
0 0.34609375515719876 0.506250026402995 0.15156250225845724 0.1531250022817403
0 0.6367187594878487 0.5479166952427477 0.15156250225845724 0.1531250022817403
0 0.7242187607917003 0.5812500303145498 0.15156250225845724 0.1531250022817403
0 0.6539062597439624 0.8166667092591524 0.17031250253785402 0.1750000026077032
0 0.46015625685686246 0.6687500348780304 0.17031250253785402 0.1750000026077032
0 0.3296875049127266 0.8677083785878494 0.1625000024214387 0.15156250225845724
0 0.17031250253785402 0.9208333813585341 0.1843750027474016 0.1093750016298145
0 0.29062500433064997 0.16875000880099833 0.1968750029336661 0.2062500030733645
0 0.07656250114087015 0.693750036181882 0.15000000223517418 0.1531250022817403
0 0.8757812630501576 0.4500000234693289 0.15156250225845724 0.1531250022817403
0 0.5718750085216016 0.9125000475905836 0.13750000204890966 0.1312500019557774
0 0.1625000024214387 0.568750029662624 0.1625000024214387 0.13437500200234354
0 0.09765625145519152 0.36145835218485445 0.1671875024912879 0.14531250216532499
0 0.133593751990702 0.07604167063254863 0.1671875024912879 0.11093750165309757
1 0.4804687571595423 0.2916666818782687 0.26093750388827175 0.2062500030733645
0 0.34609375515719876 0.506250026402995 0.15156250225845724 0.1531250022817403
0 0.6367187594878487 0.5479166952427477 0.15156250225845724 0.1531250022817403
0 0.7242187607917003 0.5812500303145498 0.15156250225845724 0.1531250022817403
0 0.6539062597439624 0.8166667092591524 0.17031250253785402 0.1750000026077032
0 0.46015625685686246 0.6687500348780304 0.17031250253785402 0.1750000026077032
0 0.3296875049127266 0.8677083785878494 0.1625000024214387 0.15156250225845724
0 0.17031250253785402 0.9208333813585341 0.1843750027474016 0.1093750016298145
0 0.29062500433064997 0.16875000880099833 0.1968750029336661 0.2062500030733645
0 0.07656250114087015 0.693750036181882 0.15000000223517418 0.1531250022817403
0 0.8757812630501576 0.4500000234693289 0.15156250225845724 0.1531250022817403
0 0.5718750085216016 0.9125000475905836 0.13750000204890966 0.1312500019557774
0 0.1625000024214387 0.568750029662624 0.1625000024214387 0.13437500200234354
0 0.09765625145519152 0.36145835218485445 0.1671875024912879 0.14531250216532499
0 0.133593751990702 0.07604167063254863 0.1671875024912879 0.11093750165309757
1 0.4804687571595423 0.2916666818782687 0.26093750388827175 0.2062500030733645
0 0.3460937440395355 0.5062500238418579 0.15156249701976776 0.15312500298023224
0 0.63671875 0.5479167103767395 0.15156249701976776 0.15312500298023224
0 0.7242187857627869 0.581250011920929 0.15156249701976776 0.15312500298023224
0 0.6539062857627869 0.8166667222976685 0.17031250894069672 0.17499999701976776
0 0.46015626192092896 0.6687500476837158 0.17031250894069672 0.17499999701976776
0 0.3296875059604645 0.8677083849906921 0.16250000894069672 0.15156249701976776
0 0.17031250894069672 0.92083340883255 0.18437500298023224 0.109375
0 0.2906250059604645 0.16875000298023224 0.19687500596046448 0.20624999701976776
0 0.07656250149011612 0.6937500238418579 0.15000000596046448 0.15312500298023224
0 0.875781238079071 0.45000001788139343 0.15156249701976776 0.15312500298023224
0 0.5718750357627869 0.9125000238418579 0.13750000298023224 0.13125000894069672
0 0.16250000894069672 0.5687500238418579 0.16250000894069672 0.13437500596046448
0 0.09765625 0.36145836114883423 0.16718749701976776 0.14531250298023224
0 0.13359375298023224 0.07604166865348816 0.16718749701976776 0.11093749850988388
1 0.48046875 0.2916666865348816 0.26093751192092896 0.20624999701976776
0 0.3460937440395355 0.5062500238418579 0.15156249701976776 0.15312500298023224
0 0.63671875 0.5479167103767395 0.15156249701976776 0.15312500298023224
0 0.7242187857627869 0.581250011920929 0.15156249701976776 0.15312500298023224
0 0.6539062857627869 0.8166667222976685 0.17031250894069672 0.17499999701976776
0 0.46015626192092896 0.6687500476837158 0.17031250894069672 0.17499999701976776
0 0.3296875059604645 0.8677083849906921 0.16250000894069672 0.15156249701976776
0 0.17031250894069672 0.92083340883255 0.18437500298023224 0.109375
0 0.2906250059604645 0.16875000298023224 0.19687500596046448 0.20624999701976776
0 0.07656250149011612 0.6937500238418579 0.15000000596046448 0.15312500298023224
0 0.875781238079071 0.45000001788139343 0.15156249701976776 0.15312500298023224
0 0.5718750357627869 0.9125000238418579 0.13750000298023224 0.13125000894069672
0 0.16250000894069672 0.5687500238418579 0.16250000894069672 0.13437500596046448
0 0.09765625 0.36145836114883423 0.16718749701976776 0.14531250298023224
0 0.13359375298023224 0.07604166865348816 0.16718749701976776 0.11093749850988388
1 0.48046875 0.2916666865348816 0.26093751192092896 0.20624999701976776
0 0.3460937440395355 0.5062500238418579 0.15156249701976776 0.15312500298023224
0 0.63671875 0.5479167103767395 0.15156249701976776 0.15312500298023224
0 0.7242187857627869 0.581250011920929 0.15156249701976776 0.15312500298023224
0 0.6539062857627869 0.8166667222976685 0.17031250894069672 0.17499999701976776
0 0.46015626192092896 0.6687500476837158 0.17031250894069672 0.17499999701976776
0 0.3296875059604645 0.8677083849906921 0.16250000894069672 0.15156249701976776
0 0.17031250894069672 0.92083340883255 0.18437500298023224 0.109375
0 0.2906250059604645 0.16875000298023224 0.19687500596046448 0.20624999701976776
0 0.07656250149011612 0.6937500238418579 0.15000000596046448 0.15312500298023224
0 0.875781238079071 0.45000001788139343 0.15156249701976776 0.15312500298023224
0 0.5718750357627869 0.9125000238418579 0.13750000298023224 0.13125000894069672
0 0.16250000894069672 0.5687500238418579 0.16250000894069672 0.13437500596046448
0 0.09765625 0.36145836114883423 0.16718749701976776 0.14531250298023224
0 0.13359375298023224 0.07604166865348816 0.16718749701976776 0.11093749850988388
1 0.48046875 0.2916666865348816 0.26093751192092896 0.20624999701976776
0 0.3460937440395355 0.5062500238418579 0.15156249701976776 0.15312500298023224
0 0.63671875 0.5479167103767395 0.15156249701976776 0.15312500298023224
0 0.7242187857627869 0.581250011920929 0.15156249701976776 0.15312500298023224
0 0.6539062857627869 0.8166667222976685 0.17031250894069672 0.17499999701976776
0 0.46015626192092896 0.6687500476837158 0.17031250894069672 0.17499999701976776
0 0.3296875059604645 0.8677083849906921 0.16250000894069672 0.15156249701976776
0 0.17031250894069672 0.92083340883255 0.18437500298023224 0.109375
0 0.2906250059604645 0.16875000298023224 0.19687500596046448 0.20624999701976776
0 0.07656250149011612 0.6937500238418579 0.15000000596046448 0.15312500298023224
0 0.875781238079071 0.45000001788139343 0.15156249701976776 0.15312500298023224
0 0.5718750357627869 0.9125000238418579 0.13750000298023224 0.13125000894069672
0 0.16250000894069672 0.5687500238418579 0.16250000894069672 0.13437500596046448
0 0.09765625 0.36145836114883423 0.16718749701976776 0.14531250298023224
0 0.13359375298023224 0.07604166865348816 0.16718749701976776 0.11093749850988388
1 0.48046875 0.2916666865348816 0.26093751192092896 0.20624999701976776
0 0.3460937440395355 0.5062500238418579 0.15156249701976776 0.15312500298023224
0 0.63671875 0.5479167103767395 0.15156249701976776 0.15312500298023224
0 0.7242187857627869 0.581250011920929 0.15156249701976776 0.15312500298023224
0 0.6539062857627869 0.8166667222976685 0.17031250894069672 0.17499999701976776
0 0.46015626192092896 0.6687500476837158 0.17031250894069672 0.17499999701976776
0 0.3296875059604645 0.8677083849906921 0.16250000894069672 0.15156249701976776
0 0.17031250894069672 0.92083340883255 0.18437500298023224 0.109375
0 0.2906250059604645 0.16875000298023224 0.19687500596046448 0.20624999701976776
0 0.07656250149011612 0.6937500238418579 0.15000000596046448 0.15312500298023224
0 0.875781238079071 0.45000001788139343 0.15156249701976776 0.15312500298023224
0 0.5718750357627869 0.9125000238418579 0.13750000298023224 0.13125000894069672
0 0.16250000894069672 0.5687500238418579 0.16250000894069672 0.13437500596046448
0 0.09765625 0.36145836114883423 0.16718749701976776 0.14531250298023224
0 0.13359375298023224 0.07604166865348816 0.16718749701976776 0.11093749850988388
1 0.48046875 0.2916666865348816 0.26093751192092896 0.20624999701976776
0 0.3460937440395355 0.5062500238418579 0.15156249701976776 0.15312500298023224
0 0.63671875 0.5479167103767395 0.15156249701976776 0.15312500298023224
0 0.7242187857627869 0.581250011920929 0.15156249701976776 0.15312500298023224
0 0.6539062857627869 0.8166667222976685 0.17031250894069672 0.17499999701976776
0 0.46015626192092896 0.6687500476837158 0.17031250894069672 0.17499999701976776
0 0.3296875059604645 0.8677083849906921 0.16250000894069672 0.15156249701976776
0 0.17031250894069672 0.92083340883255 0.18437500298023224 0.109375
0 0.2906250059604645 0.16875000298023224 0.19687500596046448 0.20624999701976776
0 0.07656250149011612 0.6937500238418579 0.15000000596046448 0.15312500298023224
0 0.875781238079071 0.45000001788139343 0.15156249701976776 0.15312500298023224
0 0.5718750357627869 0.9125000238418579 0.13750000298023224 0.13125000894069672
0 0.16250000894069672 0.5687500238418579 0.16250000894069672 0.13437500596046448
0 0.09765625 0.36145836114883423 0.16718749701976776 0.14531250298023224
0 0.13359375298023224 0.07604166865348816 0.16718749701976776 0.11093749850988388
1 0.48046875 0.2916666865348816 0.26093751192092896 0.20624999701976776
0 0.3460937440395355 0.5062500238418579 0.15156249701976776 0.15312500298023224
0 0.63671875 0.5479167103767395 0.15156249701976776 0.15312500298023224
0 0.7242187857627869 0.581250011920929 0.15156249701976776 0.15312500298023224
0 0.6539062857627869 0.8166667222976685 0.17031250894069672 0.17499999701976776
0 0.46015626192092896 0.6687500476837158 0.17031250894069672 0.17499999701976776
0 0.3296875059604645 0.8677083849906921 0.16250000894069672 0.15156249701976776
0 0.17031250894069672 0.92083340883255 0.18437500298023224 0.109375
0 0.2906250059604645 0.16875000298023224 0.19687500596046448 0.20624999701976776
0 0.07656250149011612 0.6937500238418579 0.15000000596046448 0.15312500298023224
0 0.875781238079071 0.45000001788139343 0.15156249701976776 0.15312500298023224
0 0.5718750357627869 0.9125000238418579 0.13750000298023224 0.13125000894069672
0 0.16250000894069672 0.5687500238418579 0.16250000894069672 0.13437500596046448
0 0.09765625 0.36145836114883423 0.16718749701976776 0.14531250298023224
0 0.13359375298023224 0.07604166865348816 0.16718749701976776 0.11093749850988388
1 0.48046875 0.2916666865348816 0.26093751192092896 0.20624999701976776
