0 0.3664062554598786 0.5166666936129332 0.20468750305008143 0.21562500321306288
0 0.7367187609779648 0.8218750428641215 0.15156250225845724 0.18281250272411853
0 0.9070312635158189 0.8677083785878494 0.15156250225845724 0.18281250272411853
0 0.6257812593248673 0.18125000945292413 0.14843750221189111 0.15000000223517418
0 0.6218750092666596 0.3843750200467184 0.16562500246800482 0.1890625028172508
0 0.5656250084284693 0.6114583652233705 0.16562500246800482 0.1890625028172508
0 0.9148437636322342 0.43645835609640926 0.1671875024912879 0.18281250272411853
0 0.8187500122003257 0.26354168041143566 0.21562500321306288 0.1796875026775524
0 0.1093750016298145 0.5250000273808837 0.2062500030733645 0.20000000298023224
0 0.25156250374857336 0.284375014831312 0.1843750027474016 0.18593750277068466
1 0.35859375534346327 0.8125000423751771 0.3296875049127266 0.2812500041909516
1 0.9492187641444616 0.3135416830191389 0.05781250086147338 0.051562500768341124
0 0.3664062554598786 0.5166666936129332 0.20468750305008143 0.21562500321306288
0 0.7367187609779648 0.8218750428641215 0.15156250225845724 0.18281250272411853
0 0.9070312635158189 0.8677083785878494 0.15156250225845724 0.18281250272411853
0 0.6257812593248673 0.18125000945292413 0.14843750221189111 0.15000000223517418
0 0.6218750092666596 0.3843750200467184 0.16562500246800482 0.1890625028172508
0 0.5656250084284693 0.6114583652233705 0.16562500246800482 0.1890625028172508
0 0.9148437636322342 0.43645835609640926 0.1671875024912879 0.18281250272411853
0 0.8187500122003257 0.26354168041143566 0.21562500321306288 0.1796875026775524
0 0.1093750016298145 0.5250000273808837 0.2062500030733645 0.20000000298023224
0 0.25156250374857336 0.284375014831312 0.1843750027474016 0.18593750277068466
1 0.35859375534346327 0.8125000423751771 0.3296875049127266 0.2812500041909516
1 0.9492187641444616 0.3135416830191389 0.05781250086147338 0.051562500768341124
0 0.3664062554598786 0.5166666936129332 0.20468750305008143 0.21562500321306288
0 0.7367187609779648 0.8218750428641215 0.15156250225845724 0.18281250272411853
0 0.9070312635158189 0.8677083785878494 0.15156250225845724 0.18281250272411853
0 0.6257812593248673 0.18125000945292413 0.14843750221189111 0.15000000223517418
0 0.6218750092666596 0.3843750200467184 0.16562500246800482 0.1890625028172508
0 0.5656250084284693 0.6114583652233705 0.16562500246800482 0.1890625028172508
0 0.9148437636322342 0.43645835609640926 0.1671875024912879 0.18281250272411853
0 0.8187500122003257 0.26354168041143566 0.21562500321306288 0.1796875026775524
0 0.1093750016298145 0.5250000273808837 0.2062500030733645 0.20000000298023224
0 0.25156250374857336 0.284375014831312 0.1843750027474016 0.18593750277068466
1 0.35859375534346327 0.8125000423751771 0.3296875049127266 0.2812500041909516
1 0.9492187641444616 0.3135416830191389 0.05781250086147338 0.051562500768341124
0 0.3664062554598786 0.5166666936129332 0.20468750305008143 0.21562500321306288
0 0.7367187609779648 0.8218750428641215 0.15156250225845724 0.18281250272411853
0 0.9070312635158189 0.8677083785878494 0.15156250225845724 0.18281250272411853
0 0.6257812593248673 0.18125000945292413 0.14843750221189111 0.15000000223517418
0 0.6218750092666596 0.3843750200467184 0.16562500246800482 0.1890625028172508
0 0.5656250084284693 0.6114583652233705 0.16562500246800482 0.1890625028172508
0 0.9148437636322342 0.43645835609640926 0.1671875024912879 0.18281250272411853
0 0.8187500122003257 0.26354168041143566 0.21562500321306288 0.1796875026775524
0 0.1093750016298145 0.5250000273808837 0.2062500030733645 0.20000000298023224
0 0.25156250374857336 0.284375014831312 0.1843750027474016 0.18593750277068466
1 0.35859375534346327 0.8125000423751771 0.3296875049127266 0.2812500041909516
1 0.9492187641444616 0.3135416830191389 0.05781250086147338 0.051562500768341124
0 0.3664062554598786 0.5166666936129332 0.20468750305008143 0.21562500321306288
0 0.7367187609779648 0.8218750428641215 0.15156250225845724 0.18281250272411853
0 0.9070312635158189 0.8677083785878494 0.15156250225845724 0.18281250272411853
0 0.6257812593248673 0.18125000945292413 0.14843750221189111 0.15000000223517418
0 0.6218750092666596 0.3843750200467184 0.16562500246800482 0.1890625028172508
0 0.5656250084284693 0.6114583652233705 0.16562500246800482 0.1890625028172508
0 0.9148437636322342 0.43645835609640926 0.1671875024912879 0.18281250272411853
0 0.8187500122003257 0.26354168041143566 0.21562500321306288 0.1796875026775524
0 0.1093750016298145 0.5250000273808837 0.2062500030733645 0.20000000298023224
0 0.25156250374857336 0.284375014831312 0.1843750027474016 0.18593750277068466
1 0.35859375534346327 0.8125000423751771 0.3296875049127266 0.2812500041909516
1 0.9492187641444616 0.3135416830191389 0.05781250086147338 0.051562500768341124
0 0.3664062554598786 0.5166666936129332 0.20468750305008143 0.21562500321306288
0 0.7367187609779648 0.8218750428641215 0.15156250225845724 0.18281250272411853
0 0.9070312635158189 0.8677083785878494 0.15156250225845724 0.18281250272411853
0 0.6257812593248673 0.18125000945292413 0.14843750221189111 0.15000000223517418
0 0.6218750092666596 0.3843750200467184 0.16562500246800482 0.1890625028172508
0 0.5656250084284693 0.6114583652233705 0.16562500246800482 0.1890625028172508
0 0.9148437636322342 0.43645835609640926 0.1671875024912879 0.18281250272411853
0 0.8187500122003257 0.26354168041143566 0.21562500321306288 0.1796875026775524
0 0.1093750016298145 0.5250000273808837 0.2062500030733645 0.20000000298023224
0 0.25156250374857336 0.284375014831312 0.1843750027474016 0.18593750277068466
1 0.35859375534346327 0.8125000423751771 0.3296875049127266 0.2812500041909516
1 0.9492187641444616 0.3135416830191389 0.05781250086147338 0.051562500768341124
0 0.3664062554598786 0.5166666936129332 0.20468750305008143 0.21562500321306288
0 0.7367187609779648 0.8218750428641215 0.15156250225845724 0.18281250272411853
0 0.9070312635158189 0.8677083785878494 0.15156250225845724 0.18281250272411853
0 0.6257812593248673 0.18125000945292413 0.14843750221189111 0.15000000223517418
0 0.6218750092666596 0.3843750200467184 0.16562500246800482 0.1890625028172508
0 0.5656250084284693 0.6114583652233705 0.16562500246800482 0.1890625028172508
0 0.9148437636322342 0.43645835609640926 0.1671875024912879 0.18281250272411853
0 0.8187500122003257 0.26354168041143566 0.21562500321306288 0.1796875026775524
0 0.1093750016298145 0.5250000273808837 0.2062500030733645 0.20000000298023224
0 0.25156250374857336 0.284375014831312 0.1843750027474016 0.18593750277068466
1 0.35859375534346327 0.8125000423751771 0.3296875049127266 0.2812500041909516
1 0.9492187641444616 0.3135416830191389 0.05781250086147338 0.051562500768341124
0 0.3664062554598786 0.5166666936129332 0.20468750305008143 0.21562500321306288
0 0.7367187609779648 0.8218750428641215 0.15156250225845724 0.18281250272411853
0 0.9070312635158189 0.8677083785878494 0.15156250225845724 0.18281250272411853
0 0.6257812593248673 0.18125000945292413 0.14843750221189111 0.15000000223517418
0 0.6218750092666596 0.3843750200467184 0.16562500246800482 0.1890625028172508
0 0.5656250084284693 0.6114583652233705 0.16562500246800482 0.1890625028172508
0 0.9148437636322342 0.43645835609640926 0.1671875024912879 0.18281250272411853
0 0.8187500122003257 0.26354168041143566 0.21562500321306288 0.1796875026775524
0 0.1093750016298145 0.5250000273808837 0.2062500030733645 0.20000000298023224
0 0.25156250374857336 0.284375014831312 0.1843750027474016 0.18593750277068466
1 0.35859375534346327 0.8125000423751771 0.3296875049127266 0.2812500041909516
1 0.9492187641444616 0.3135416830191389 0.05781250086147338 0.051562500768341124
0 0.3664062554598786 0.5166666936129332 0.20468750305008143 0.21562500321306288
0 0.7367187609779648 0.8218750428641215 0.15156250225845724 0.18281250272411853
0 0.9070312635158189 0.8677083785878494 0.15156250225845724 0.18281250272411853
0 0.6257812593248673 0.18125000945292413 0.14843750221189111 0.15000000223517418
0 0.6218750092666596 0.3843750200467184 0.16562500246800482 0.1890625028172508
0 0.5656250084284693 0.6114583652233705 0.16562500246800482 0.1890625028172508
0 0.9148437636322342 0.43645835609640926 0.1671875024912879 0.18281250272411853
0 0.8187500122003257 0.26354168041143566 0.21562500321306288 0.1796875026775524
0 0.1093750016298145 0.5250000273808837 0.2062500030733645 0.20000000298023224
0 0.25156250374857336 0.284375014831312 0.1843750027474016 0.18593750277068466
1 0.35859375534346327 0.8125000423751771 0.3296875049127266 0.2812500041909516
1 0.9492187641444616 0.3135416830191389 0.05781250086147338 0.051562500768341124
0 0.3664062554598786 0.5166666936129332 0.20468750305008143 0.21562500321306288
0 0.7367187609779648 0.8218750428641215 0.15156250225845724 0.18281250272411853
0 0.9070312635158189 0.8677083785878494 0.15156250225845724 0.18281250272411853
0 0.6257812593248673 0.18125000945292413 0.14843750221189111 0.15000000223517418
0 0.6218750092666596 0.3843750200467184 0.16562500246800482 0.1890625028172508
0 0.5656250084284693 0.6114583652233705 0.16562500246800482 0.1890625028172508
0 0.9148437636322342 0.43645835609640926 0.1671875024912879 0.18281250272411853
0 0.8187500122003257 0.26354168041143566 0.21562500321306288 0.1796875026775524
0 0.1093750016298145 0.5250000273808837 0.2062500030733645 0.20000000298023224
0 0.25156250374857336 0.284375014831312 0.1843750027474016 0.18593750277068466
1 0.35859375534346327 0.8125000423751771 0.3296875049127266 0.2812500041909516
1 0.9492187641444616 0.3135416830191389 0.05781250086147338 0.051562500768341124
0 0.3664062554598786 0.5166666936129332 0.20468750305008143 0.21562500321306288
0 0.7367187609779648 0.8218750428641215 0.15156250225845724 0.18281250272411853
0 0.9070312635158189 0.8677083785878494 0.15156250225845724 0.18281250272411853
0 0.6257812593248673 0.18125000945292413 0.14843750221189111 0.15000000223517418
0 0.6218750092666596 0.3843750200467184 0.16562500246800482 0.1890625028172508
0 0.5656250084284693 0.6114583652233705 0.16562500246800482 0.1890625028172508
0 0.9148437636322342 0.43645835609640926 0.1671875024912879 0.18281250272411853
0 0.8187500122003257 0.26354168041143566 0.21562500321306288 0.1796875026775524
0 0.1093750016298145 0.5250000273808837 0.2062500030733645 0.20000000298023224
0 0.25156250374857336 0.284375014831312 0.1843750027474016 0.18593750277068466
1 0.35859375534346327 0.8125000423751771 0.3296875049127266 0.2812500041909516
1 0.9492187641444616 0.3135416830191389 0.05781250086147338 0.051562500768341124
0 0.3664062554598786 0.5166666936129332 0.20468750305008143 0.21562500321306288
0 0.7367187609779648 0.8218750428641215 0.15156250225845724 0.18281250272411853
0 0.9070312635158189 0.8677083785878494 0.15156250225845724 0.18281250272411853
0 0.6257812593248673 0.18125000945292413 0.14843750221189111 0.15000000223517418
0 0.6218750092666596 0.3843750200467184 0.16562500246800482 0.1890625028172508
0 0.5656250084284693 0.6114583652233705 0.16562500246800482 0.1890625028172508
0 0.9148437636322342 0.43645835609640926 0.1671875024912879 0.18281250272411853
0 0.8187500122003257 0.26354168041143566 0.21562500321306288 0.1796875026775524
0 0.1093750016298145 0.5250000273808837 0.2062500030733645 0.20000000298023224
0 0.25156250374857336 0.284375014831312 0.1843750027474016 0.18593750277068466
1 0.35859375534346327 0.8125000423751771 0.3296875049127266 0.2812500041909516
1 0.9492187641444616 0.3135416830191389 0.05781250086147338 0.051562500768341124
0 0.3664062554598786 0.5166666936129332 0.20468750305008143 0.21562500321306288
0 0.7367187609779648 0.8218750428641215 0.15156250225845724 0.18281250272411853
0 0.9070312635158189 0.8677083785878494 0.15156250225845724 0.18281250272411853
0 0.6257812593248673 0.18125000945292413 0.14843750221189111 0.15000000223517418
0 0.6218750092666596 0.3843750200467184 0.16562500246800482 0.1890625028172508
0 0.5656250084284693 0.6114583652233705 0.16562500246800482 0.1890625028172508
0 0.9148437636322342 0.43645835609640926 0.1671875024912879 0.18281250272411853
0 0.8187500122003257 0.26354168041143566 0.21562500321306288 0.1796875026775524
0 0.1093750016298145 0.5250000273808837 0.2062500030733645 0.20000000298023224
0 0.25156250374857336 0.284375014831312 0.1843750027474016 0.18593750277068466
1 0.35859375534346327 0.8125000423751771 0.3296875049127266 0.2812500041909516
1 0.9492187641444616 0.3135416830191389 0.05781250086147338 0.051562500768341124
0 0.3664062554598786 0.5166666936129332 0.20468750305008143 0.21562500321306288
0 0.7367187609779648 0.8218750428641215 0.15156250225845724 0.18281250272411853
0 0.9070312635158189 0.8677083785878494 0.15156250225845724 0.18281250272411853
0 0.6257812593248673 0.18125000945292413 0.14843750221189111 0.15000000223517418
0 0.6218750092666596 0.3843750200467184 0.16562500246800482 0.1890625028172508
0 0.5656250084284693 0.6114583652233705 0.16562500246800482 0.1890625028172508
0 0.9148437636322342 0.43645835609640926 0.1671875024912879 0.18281250272411853
0 0.8187500122003257 0.26354168041143566 0.21562500321306288 0.1796875026775524
0 0.1093750016298145 0.5250000273808837 0.2062500030733645 0.20000000298023224
0 0.25156250374857336 0.284375014831312 0.1843750027474016 0.18593750277068466
1 0.35859375534346327 0.8125000423751771 0.3296875049127266 0.2812500041909516
2 0.9492187641444616 0.3135416830191389 0.05781250086147338 0.051562500768341124
0 0.3664062554598786 0.5166666936129332 0.20468750305008143 0.21562500321306288
0 0.7367187609779648 0.8218750428641215 0.15156250225845724 0.18281250272411853
0 0.9070312635158189 0.8677083785878494 0.15156250225845724 0.18281250272411853
0 0.6257812593248673 0.18125000945292413 0.14843750221189111 0.15000000223517418
0 0.6218750092666596 0.3843750200467184 0.16562500246800482 0.1890625028172508
0 0.5656250084284693 0.6114583652233705 0.16562500246800482 0.1890625028172508
0 0.9148437636322342 0.43645835609640926 0.1671875024912879 0.18281250272411853
0 0.8187500122003257 0.26354168041143566 0.21562500321306288 0.1796875026775524
0 0.1093750016298145 0.5250000273808837 0.2062500030733645 0.20000000298023224
0 0.25156250374857336 0.284375014831312 0.1843750027474016 0.18593750277068466
1 0.35859375534346327 0.8125000423751771 0.3296875049127266 0.2812500041909516
2 0.9492187641444616 0.3135416830191389 0.05781250086147338 0.051562500768341124
0 0.36640626192092896 0.5166667103767395 0.20468750596046448 0.21562500298023224
0 0.7367187738418579 0.8218750357627869 0.15156249701976776 0.18281249701976776
0 0.907031238079071 0.8677083849906921 0.15156249701976776 0.18281249701976776
0 0.625781238079071 0.18125000596046448 0.1484375 0.15000000596046448
0 0.621874988079071 0.3843750059604645 0.16562500596046448 0.18906250596046448
0 0.565625011920929 0.6114583611488342 0.16562500596046448 0.18906250596046448
0 0.914843738079071 0.4364583492279053 0.16718749701976776 0.18281249701976776
0 0.8187500238418579 0.26354166865348816 0.21562500298023224 0.1796875
0 0.109375 0.5250000357627869 0.20624999701976776 0.20000000298023224
0 0.2515625059604645 0.28437501192092896 0.18437500298023224 0.18593750894069672
1 0.35859376192092896 0.8125000596046448 0.3296875059604645 0.28125
2 0.94921875 0.3135416805744171 0.05781250074505806 0.05156249925494194
0 0.36640626192092896 0.5166667103767395 0.20468750596046448 0.21562500298023224
0 0.7367187738418579 0.8218750357627869 0.15156249701976776 0.18281249701976776
0 0.907031238079071 0.8677083849906921 0.15156249701976776 0.18281249701976776
0 0.625781238079071 0.18125000596046448 0.1484375 0.15000000596046448
0 0.621874988079071 0.3843750059604645 0.16562500596046448 0.18906250596046448
0 0.565625011920929 0.6114583611488342 0.16562500596046448 0.18906250596046448
0 0.914843738079071 0.4364583492279053 0.16718749701976776 0.18281249701976776
0 0.8187500238418579 0.26354166865348816 0.21562500298023224 0.1796875
0 0.109375 0.5250000357627869 0.20624999701976776 0.20000000298023224
0 0.2515625059604645 0.28437501192092896 0.18437500298023224 0.18593750894069672
1 0.35859376192092896 0.8125000596046448 0.3296875059604645 0.28125
2 0.94921875 0.3135416805744171 0.05781250074505806 0.05156249925494194
0 0.36640626192092896 0.5166667103767395 0.20468750596046448 0.21562500298023224
0 0.7367187738418579 0.8218750357627869 0.15156249701976776 0.18281249701976776
0 0.907031238079071 0.8677083849906921 0.15156249701976776 0.18281249701976776
0 0.625781238079071 0.18125000596046448 0.1484375 0.15000000596046448
0 0.621874988079071 0.3843750059604645 0.16562500596046448 0.18906250596046448
0 0.565625011920929 0.6114583611488342 0.16562500596046448 0.18906250596046448
0 0.914843738079071 0.4364583492279053 0.16718749701976776 0.18281249701976776
0 0.8187500238418579 0.26354166865348816 0.21562500298023224 0.1796875
0 0.109375 0.5250000357627869 0.20624999701976776 0.20000000298023224
0 0.2515625059604645 0.28437501192092896 0.18437500298023224 0.18593750894069672
1 0.35859376192092896 0.8125000596046448 0.3296875059604645 0.28125
2 0.94921875 0.3135416805744171 0.05781250074505806 0.05156249925494194
0 0.36640626192092896 0.5166667103767395 0.20468750596046448 0.21562500298023224
0 0.7367187738418579 0.8218750357627869 0.15156249701976776 0.18281249701976776
0 0.907031238079071 0.8677083849906921 0.15156249701976776 0.18281249701976776
0 0.625781238079071 0.18125000596046448 0.1484375 0.15000000596046448
0 0.621874988079071 0.3843750059604645 0.16562500596046448 0.18906250596046448
0 0.565625011920929 0.6114583611488342 0.16562500596046448 0.18906250596046448
0 0.914843738079071 0.4364583492279053 0.16718749701976776 0.18281249701976776
0 0.8187500238418579 0.26354166865348816 0.21562500298023224 0.1796875
0 0.109375 0.5250000357627869 0.20624999701976776 0.20000000298023224
0 0.2515625059604645 0.28437501192092896 0.18437500298023224 0.18593750894069672
1 0.35859376192092896 0.8125000596046448 0.3296875059604645 0.28125
2 0.94921875 0.3135416805744171 0.05781250074505806 0.05156249925494194
0 0.36640626192092896 0.5166667103767395 0.20468750596046448 0.21562500298023224
0 0.7367187738418579 0.8218750357627869 0.15156249701976776 0.18281249701976776
0 0.907031238079071 0.8677083849906921 0.15156249701976776 0.18281249701976776
0 0.625781238079071 0.18125000596046448 0.1484375 0.15000000596046448
0 0.621874988079071 0.3843750059604645 0.16562500596046448 0.18906250596046448
0 0.565625011920929 0.6114583611488342 0.16562500596046448 0.18906250596046448
0 0.914843738079071 0.4364583492279053 0.16718749701976776 0.18281249701976776
0 0.8187500238418579 0.26354166865348816 0.21562500298023224 0.1796875
0 0.109375 0.5250000357627869 0.20624999701976776 0.20000000298023224
0 0.2515625059604645 0.28437501192092896 0.18437500298023224 0.18593750894069672
1 0.35859376192092896 0.8125000596046448 0.3296875059604645 0.28125
2 0.94921875 0.3135416805744171 0.05781250074505806 0.05156249925494194
0 0.36640626192092896 0.5166667103767395 0.20468750596046448 0.21562500298023224
0 0.7367187738418579 0.8218750357627869 0.15156249701976776 0.18281249701976776
0 0.907031238079071 0.8677083849906921 0.15156249701976776 0.18281249701976776
0 0.625781238079071 0.18125000596046448 0.1484375 0.15000000596046448
0 0.621874988079071 0.3843750059604645 0.16562500596046448 0.18906250596046448
0 0.565625011920929 0.6114583611488342 0.16562500596046448 0.18906250596046448
0 0.914843738079071 0.4364583492279053 0.16718749701976776 0.18281249701976776
0 0.8187500238418579 0.26354166865348816 0.21562500298023224 0.1796875
0 0.109375 0.5250000357627869 0.20624999701976776 0.20000000298023224
0 0.2515625059604645 0.28437501192092896 0.18437500298023224 0.18593750894069672
1 0.35859376192092896 0.8125000596046448 0.3296875059604645 0.28125
2 0.94921875 0.3135416805744171 0.05781250074505806 0.05156249925494194
0 0.36640626192092896 0.5166667103767395 0.20468750596046448 0.21562500298023224
0 0.7367187738418579 0.8218750357627869 0.15156249701976776 0.18281249701976776
0 0.907031238079071 0.8677083849906921 0.15156249701976776 0.18281249701976776
0 0.625781238079071 0.18125000596046448 0.1484375 0.15000000596046448
0 0.621874988079071 0.3843750059604645 0.16562500596046448 0.18906250596046448
0 0.565625011920929 0.6114583611488342 0.16562500596046448 0.18906250596046448
0 0.914843738079071 0.4364583492279053 0.16718749701976776 0.18281249701976776
0 0.8187500238418579 0.26354166865348816 0.21562500298023224 0.1796875
0 0.109375 0.5250000357627869 0.20624999701976776 0.20000000298023224
0 0.2515625059604645 0.28437501192092896 0.18437500298023224 0.18593750894069672
1 0.35859376192092896 0.8125000596046448 0.3296875059604645 0.28125
2 0.94921875 0.3135416805744171 0.05781250074505806 0.05156249925494194
